% f evaluations | g evaluations | best noise-free fitness - Fopt (-6.211100000000e+02) + sum g_i+ | measured fitness | best measured fitness or single-digit g-values | x1 | x2...
1 0 +2.538036525e+08 +2.538030314e+08 +2.538030314e+08 +0.0000e+00 +0.0000e+00
3 0 +2.537181658e+08 +2.537175447e+08 +2.537175447e+08 +0.0000e+00 +2.5000e-04
15 0 +2.509785896e+08 +2.509779685e+08 +2.509779685e+08 -9.2344e-03 +8.2773e-03
20 0 +2.440411207e+08 +2.440404996e+08 +2.440404996e+08 -3.4566e-02 +2.8962e-02
22 0 +2.373920056e+08 +2.373913845e+08 +2.373913845e+08 -5.7924e-02 +4.9297e-02
23 0 +2.316952051e+08 +2.316945840e+08 +2.316945840e+08 -7.8608e-02 +6.7135e-02
24 0 +2.267859564e+08 +2.267853353e+08 +2.267853353e+08 -9.8595e-02 +8.2823e-02
25 0 +2.177796368e+08 +2.177790157e+08 +2.177790157e+08 -1.3427e-01 +1.1243e-01
26 0 +2.096108958e+08 +2.096102747e+08 +2.096102747e+08 -1.6565e-01 +1.4026e-01
27 0 +1.954973143e+08 +1.954966932e+08 +1.954966932e+08 -2.2485e-01 +1.9073e-01
28 0 +1.835688881e+08 +1.835682670e+08 +1.835682670e+08 -2.8051e-01 +2.3602e-01
29 0 +1.630699648e+08 +1.630693437e+08 +1.630693437e+08 -3.8146e-01 +3.2047e-01
30 0 +1.459316067e+08 +1.459309856e+08 +1.459309856e+08 -4.7205e-01 +3.9877e-01
31 0 +1.187281215e+08 +1.187275004e+08 +1.187275004e+08 -6.4093e-01 +5.4195e-01
32 0 +9.810360386e+07 +9.810298275e+07 +9.810298275e+07 -7.9755e-01 +6.7168e-01
33 0 +6.815278381e+07 +6.815216270e+07 +6.815216270e+07 -1.0839e+00 +9.1216e-01
34 0 +4.807165393e+07 +4.807103282e+07 +4.807103282e+07 -1.3434e+00 +1.1336e+00
35 0 +2.432431116e+07 +2.432369005e+07 +2.432369005e+07 -1.8243e+00 +1.5402e+00
36 0 +1.235349070e+07 +1.235286959e+07 +1.235286959e+07 -2.2673e+00 +1.9104e+00
37 0 +2.837744498e+06 +2.837123388e+06 +2.837123388e+06 -3.0804e+00 +2.5947e+00
38 0 +4.468540187e+05 +4.462329087e+05 +4.462329087e+05 -3.8209e+00 +3.2227e+00
39 0 +1.666360096e+05 +1.660148996e+05 +1.660148996e+05 -5.1894e+00 +4.3780e+00
42 0 +2.392484495e+04 +2.330373495e+04 +2.330373495e+04 -4.4489e+00 +3.7500e+00
48 0 +7.283259756e+03 +6.662149756e+03 +6.662149756e+03 -4.8101e+00 +4.0570e+00
51 0 +1.684079039e+03 +1.062969039e+03 +1.062969039e+03 -4.6386e+00 +3.9105e+00
54 0 +4.343482825e+01 -5.776751717e+02 -5.776751717e+02 -4.7152e+00 +3.9767e+00
62 0 +2.336341776e+01 -5.977465822e+02 -5.977465822e+02 -4.7033e+00 +3.9656e+00
66 0 +1.543501716e+01 -6.056749828e+02 -6.056749828e+02 -4.7087e+00 +3.9709e+00
73 0 +1.456129309e+01 -6.065487069e+02 -6.065487069e+02 -4.7075e+00 +3.9697e+00
97 0 +1.445052331e+01 -6.066594767e+02 -6.066594767e+02 -4.6931e+00 +3.9698e+00
104 0 +1.404333041e+01 -6.070666696e+02 -6.070666696e+02 -4.6394e+00 +3.9700e+00
107 0 +1.357390242e+01 -6.075360976e+02 -6.075360976e+02 -4.5737e+00 +3.9706e+00
108 0 +1.322488507e+01 -6.078851149e+02 -6.078851149e+02 -4.5254e+00 +3.9709e+00
109 0 +1.311708964e+01 -6.079929104e+02 -6.079929104e+02 -4.4908e+00 +3.9715e+00
110 0 +1.280175636e+01 -6.083082436e+02 -6.083082436e+02 -4.4164e+00 +3.9722e+00
111 0 +1.214072438e+01 -6.089692756e+02 -6.089692756e+02 -4.3371e+00 +3.9725e+00
112 0 +1.140236883e+01 -6.097076312e+02 -6.097076312e+02 -4.2033e+00 +3.9735e+00
114 0 +1.035038281e+01 -6.107596172e+02 -6.107596172e+02 -3.8812e+00 +3.9760e+00
115 0 +9.635304786e+00 -6.114746952e+02 -6.114746952e+02 -3.6135e+00 +3.9780e+00
116 0 +9.019960464e+00 -6.120900395e+02 -6.120900395e+02 -3.7225e+00 +3.9767e+00
117 0 +7.879537650e+00 -6.132304623e+02 -6.132304623e+02 -3.5366e+00 +3.9777e+00
118 0 +7.604354567e+00 -6.135056454e+02 -6.135056454e+02 -2.9468e+00 +3.9822e+00
120 0 +5.536921418e+00 -6.155730786e+02 -6.155730786e+02 -2.8698e+00 +3.9819e+00
121 0 +3.984192708e+00 -6.171258073e+02 -6.171258073e+02 -2.4980e+00 +3.9839e+00
123 0 +3.288314852e+00 -6.178216851e+02 -6.178216851e+02 -1.4594e+00 +3.9901e+00
125 0 +1.627424524e+00 -6.194825755e+02 -6.194825755e+02 -2.0492e+00 +3.9856e+00
126 0 +1.583768024e+00 -6.195262320e+02 -6.195262320e+02 -2.1197e+00 +3.9842e+00
127 0 +5.906087123e-02 -6.210509391e+02 -6.210509391e+02 -1.0811e+00 +3.9904e+00
138 0 +3.610883812e-02 -6.210738912e+02 -6.210738912e+02 -7.4970e-01 +3.9918e+00
140 0 +2.671136111e-02 -6.210832886e+02 -6.210832886e+02 -1.0465e+00 +3.9903e+00
142 0 +1.011473419e-02 -6.210998853e+02 -6.210998853e+02 -9.8960e-01 +3.9907e+00
144 0 +6.615726530e-03 -6.211033843e+02 -6.211033843e+02 -8.8388e-01 +3.9912e+00
145 0 +4.549149277e-03 -6.211054509e+02 -6.211054509e+02 -8.2696e-01 +3.9915e+00
148 0 +9.899837744e-04 -6.211090100e+02 -6.211090100e+02 -9.2251e-01 +3.9910e+00
152 0 +8.033057852e-04 -6.211091967e+02 -6.211091967e+02 -8.6393e-01 +3.9913e+00
155 0 +1.446309961e-04 -6.211098554e+02 -6.211098554e+02 -9.0402e-01 +3.9911e+00
157 0 +1.387117001e-04 -6.211098613e+02 -6.211098613e+02 -8.9556e-01 +3.9912e+00
159 0 +1.033014901e-04 -6.211098967e+02 -6.211098967e+02 -8.8186e-01 +3.9913e+00
161 0 +2.721435249e-05 -6.211099728e+02 -6.211099728e+02 -8.9637e-01 +3.9912e+00
165 0 +2.219721159e-05 -6.211099778e+02 -6.211099778e+02 -8.8811e-01 +3.9912e+00
166 0 +1.198075665e-06 -6.211099988e+02 -6.211099988e+02 -8.9214e-01 +3.9912e+00
173 0 +1.031629608e-06 -6.211099990e+02 -6.211099990e+02 -8.9154e-01 +3.9912e+00
175 0 +9.814285704e-07 -6.211099990e+02 -6.211099990e+02 -8.9254e-01 +3.9912e+00
177 0 +2.086608220e-08 -6.211100000e+02 -6.211100000e+02 -8.9209e-01 +3.9912e+00
188 0 +1.191835963e-08 -6.211100000e+02 -6.211100000e+02 -8.9191e-01 +3.9912e+00
190 0 +6.134314390e-09 -6.211100000e+02 -6.211100000e+02 -8.9208e-01 +3.9912e+00
% f evaluations | g evaluations | best noise-free fitness - Fopt (-2.548200000000e+02) + sum g_i+ | measured fitness | best measured fitness or single-digit g-values | x1 | x2...
1 0 +2.881702870e+08 +2.881700322e+08 +2.881700322e+08 +0.0000e+00 +0.0000e+00
2 0 +2.881043868e+08 +2.881041320e+08 +2.881041320e+08 +2.5000e-04 +0.0000e+00
19 0 +2.813211725e+08 +2.813209177e+08 +2.813209177e+08 +2.3616e-02 +3.8799e-03
22 0 +2.739208338e+08 +2.739205790e+08 +2.739205790e+08 +4.9297e-02 +8.8765e-03
23 0 +2.690005070e+08 +2.690002521e+08 +2.690002521e+08 +6.7135e-02 +1.1724e-02
25 0 +2.563834491e+08 +2.563831943e+08 +2.563831943e+08 +1.1243e-01 +2.2093e-02
26 0 +2.493718039e+08 +2.493715491e+08 +2.493715491e+08 +1.4026e-01 +2.5639e-02
27 0 +2.367891220e+08 +2.367888672e+08 +2.367888672e+08 +1.9073e-01 +3.4369e-02
28 0 +2.256673284e+08 +2.256670736e+08 +2.256670736e+08 +2.3602e-01 +4.4739e-02
29 0 +2.066741739e+08 +2.066739191e+08 +2.066739191e+08 +3.2047e-01 +6.1246e-02
30 0 +1.908677943e+08 +1.908675395e+08 +1.908675395e+08 +3.9877e-01 +7.3523e-02
31 0 +1.646845792e+08 +1.646843244e+08 +1.646843244e+08 +5.4195e-01 +9.9237e-02
32 0 +1.437514446e+08 +1.437511898e+08 +1.437511898e+08 +6.7168e-01 +1.2611e-01
33 0 +1.121164601e+08 +1.121162052e+08 +1.121162052e+08 +9.1216e-01 +1.7199e-01
34 0 +8.959288545e+07 +8.959263063e+07 +8.959263063e+07 +1.1336e+00 +2.0998e-01
35 0 +5.960414168e+07 +5.960388686e+07 +5.960388686e+07 +1.5402e+00 +2.8434e-01
36 0 +4.151230984e+07 +4.151205502e+07 +4.151205502e+07 +1.9104e+00 +3.5709e-01
37 0 +2.257113890e+07 +2.257088408e+07 +2.257088408e+07 +2.5947e+00 +4.8602e-01
38 0 +1.427674553e+07 +1.427649071e+07 +1.427649071e+07 +3.2227e+00 +5.9838e-01
39 0 +8.556794922e+06 +8.556540102e+06 +8.556540102e+06 +4.3780e+00 +8.1157e-01
40 0 +7.549052505e+06 +7.548797685e+06 +7.548797685e+06 +5.4325e+00 +1.0132e+00
41 0 +5.679185338e+06 +5.678930518e+06 +5.678930518e+06 +7.3786e+00 +1.3777e+00
42 0 +4.233545310e+06 +4.233290490e+06 +4.233290490e+06 +9.1620e+00 +1.7032e+00
43 0 +2.099491639e+06 +2.099236819e+06 +2.099236819e+06 +1.2446e+01 +2.3119e+00
44 0 +7.794856763e+05 +7.792308563e+05 +7.792308563e+05 +1.5446e+01 +2.8780e+00
45 0 +2.291862965e+04 +2.266380965e+04 +2.266380965e+04 +2.0980e+01 +3.9112e+00
54 0 +1.646672362e+04 +1.621190362e+04 +1.621190362e+04 +1.9515e+01 +3.6335e+00
57 0 +3.099627184e+02 +5.514271840e+01 +5.514271840e+01 +2.0212e+01 +3.7670e+00
66 0 +2.991383578e+02 +4.431835785e+01 +4.431835785e+01 +2.0162e+01 +3.7554e+00
68 0 +2.910353080e+02 +3.621530797e+01 +3.621530797e+01 +2.0154e+01 +3.7561e+00
70 0 +2.707687280e+02 +1.594872801e+01 +1.594872801e+01 +2.0185e+01 +3.7614e+00
86 0 +2.690482131e+02 +1.422821307e+01 +1.422821307e+01 +2.0142e+01 +3.7606e+00
95 0 +2.620673368e+02 +7.247336800e+00 +7.247336800e+00 +1.9865e+01 +3.7594e+00
97 0 +2.548322176e+02 +1.221758221e-02 +1.221758221e-02 +1.9704e+01 +3.7608e+00
100 0 +2.406737207e+02 -1.414627925e+01 -1.414627925e+01 +1.9167e+01 +3.7592e+00
101 0 +2.303740484e+02 -2.444595162e+01 -2.444595162e+01 +1.8818e+01 +3.7591e+00
103 0 +2.134540893e+02 -4.136591072e+01 -4.136591072e+01 +1.7931e+01 +3.7573e+00
104 0 +1.955955191e+02 -5.922448093e+01 -5.922448093e+01 +1.7233e+01 +3.7571e+00
105 0 +1.927545730e+02 -6.206542704e+01 -6.206542704e+01 +1.7610e+01 +3.7602e+00
106 0 +1.830667691e+02 -7.175323090e+01 -7.175323090e+01 +1.7194e+01 +3.7622e+00
107 0 +1.411068805e+02 -1.137131195e+02 -1.137131195e+02 +1.5609e+01 +3.7603e+00
108 0 +1.053788382e+02 -1.494411618e+02 -1.494411618e+02 +1.4005e+01 +3.7609e+00
110 0 +6.515899489e+01 -1.896610051e+02 -1.896610051e+02 +1.0777e+01 +3.7648e+00
111 0 +4.182727423e+01 -2.129927258e+02 -2.129927258e+02 +7.5690e+00 +3.7660e+00
112 0 +1.496500523e+01 -2.398549948e+02 -2.398549948e+02 +7.6082e+00 +3.7609e+00
113 0 +6.692365331e+00 -2.481276347e+02 -2.481276347e+02 +4.4292e+00 +3.7583e+00
125 0 +6.240593624e+00 -2.485794064e+02 -2.485794064e+02 +6.1996e+00 +3.7604e+00
127 0 +4.824813935e+00 -2.499951861e+02 -2.499951861e+02 +4.5797e+00 +3.7588e+00
131 0 +4.424285514e+00 -2.503957145e+02 -2.503957145e+02 +5.4721e+00 +3.7596e+00
132 0 +3.813474230e+00 -2.510065258e+02 -2.510065258e+02 +5.1424e+00 +3.7594e+00
133 0 +3.530582357e+00 -2.512894176e+02 -2.512894176e+02 +5.2588e+00 +3.7597e+00
136 0 +3.297207458e+00 -2.515227925e+02 -2.515227925e+02 +4.7593e+00 +3.7593e+00
137 0 +3.186121221e+00 -2.516338788e+02 -2.516338788e+02 +4.4030e+00 +3.7591e+00
138 0 +2.278810175e+00 -2.525411898e+02 -2.525411898e+02 +4.6892e+00 +3.7596e+00
139 0 +1.584780979e+00 -2.532352190e+02 -2.532352190e+02 +4.5475e+00 +3.7598e+00
143 0 +9.806696580e-01 -2.538393303e+02 -2.538393303e+02 +4.6921e+00 +3.7605e+00
144 0 +7.829632022e-01 -2.540370368e+02 -2.540370368e+02 +4.6046e+00 +3.7610e+00
145 0 +2.252974750e-01 -2.545947025e+02 -2.545947025e+02 +4.1405e+00 +3.7605e+00
149 0 +6.595018695e-03 -2.548134050e+02 -2.548134050e+02 +3.8210e+00 +3.7608e+00
165 0 +1.322809159e-03 -2.548186772e+02 -2.548186772e+02 +3.7770e+00 +3.7608e+00
169 0 +8.575285449e-04 -2.548191425e+02 -2.548191425e+02 +3.7409e+00 +3.7608e+00
173 0 +3.601267190e-05 -2.548199640e+02 -2.548199640e+02 +3.7460e+00 +3.7608e+00
183 0 +1.277487343e-07 -2.548199999e+02 -2.548199999e+02 +3.7410e+00 +3.7608e+00
207 0 +1.082993890e-07 -2.548199999e+02 -2.548199999e+02 +3.7410e+00 +3.7608e+00
208 0 +2.390532927e-08 -2.548200000e+02 -2.548200000e+02 +3.7409e+00 +3.7608e+00
214 0 +1.192941568e-08 -2.548200000e+02 -2.548200000e+02 +3.7408e+00 +3.7608e+00
216 0 +3.087052391e-09 -2.548200000e+02 -2.548200000e+02 +3.7408e+00 +3.7608e+00
% f evaluations | g evaluations | best noise-free fitness - Fopt (5.661000000000e+01) + sum g_i+ | measured fitness | best measured fitness or single-digit g-values | x1 | x2...
1 0 +1.170257328e+08 +1.170257894e+08 +1.170257894e+08 +0.0000e+00 +0.0000e+00
4 0 +1.170032971e+08 +1.170033537e+08 +1.170033537e+08 +2.5000e-04 -2.5000e-04
17 0 +1.148047872e+08 +1.148048438e+08 +1.148048438e+08 +3.1816e-03 -1.6555e-02
21 0 +1.107468635e+08 +1.107469201e+08 +1.107469201e+08 +8.1782e-03 -4.7232e-02
22 0 +1.093096588e+08 +1.093097154e+08 +1.093097154e+08 +8.8765e-03 -5.7924e-02
23 0 +1.066571131e+08 +1.066571697e+08 +1.066571697e+08 +1.1724e-02 -7.8608e-02
24 0 +1.042313704e+08 +1.042314270e+08 +1.042314270e+08 +1.6022e-02 -9.8595e-02
25 0 +9.995394553e+07 +9.995400214e+07 +9.995400214e+07 +2.2093e-02 -1.3427e-01
26 0 +9.624614989e+07 +9.624620650e+07 +9.624620650e+07 +2.5639e-02 -1.6565e-01
27 0 +8.969551242e+07 +8.969556903e+07 +8.969556903e+07 +3.4369e-02 -2.2485e-01
28 0 +8.401956064e+07 +8.401961725e+07 +8.401961725e+07 +4.4739e-02 -2.8051e-01
29 0 +7.450897570e+07 +7.450903231e+07 +7.450903231e+07 +6.1246e-02 -3.8146e-01
30 0 +6.677917616e+07 +6.677923277e+07 +6.677923277e+07 +7.3523e-02 -4.7205e-01
31 0 +5.446732342e+07 +5.446738003e+07 +5.446738003e+07 +9.9237e-02 -6.4093e-01
32 0 +4.511764807e+07 +4.511770468e+07 +4.511770468e+07 +1.2611e-01 -7.9755e-01
33 0 +3.187393667e+07 +3.187399328e+07 +3.187399328e+07 +1.7199e-01 -1.0839e+00
34 0 +2.321509643e+07 +2.321515304e+07 +2.321515304e+07 +2.0998e-01 -1.3434e+00
35 0 +1.302836084e+07 +1.302841745e+07 +1.302841745e+07 +2.8434e-01 -1.8243e+00
36 0 +7.859279499e+06 +7.859336109e+06 +7.859336109e+06 +3.5709e-01 -2.2673e+00
37 0 +3.552613579e+06 +3.552670189e+06 +3.552670189e+06 +4.8602e-01 -3.0804e+00
38 0 +2.141499250e+06 +2.141555860e+06 +2.141555860e+06 +5.9838e-01 -3.8209e+00
39 0 +2.522438561e+05 +2.523004661e+05 +2.523004661e+05 +8.1157e-01 -5.1894e+00
40 0 +1.417388242e+05 +1.417954342e+05 +1.417954342e+05 +1.0132e+00 -6.4455e+00
47 0 +2.799323830e+03 +2.855933830e+03 +2.855933830e+03 +9.1385e-01 -5.8315e+00
52 0 +1.573246752e+03 +1.629856752e+03 +1.629856752e+03 +9.3654e-01 -5.9639e+00
54 0 +1.397371523e+03 +1.453981523e+03 +1.453981523e+03 +9.3374e-01 -5.9589e+00
56 0 +8.864277266e+01 +1.452527727e+02 +1.452527727e+02 +9.2449e-01 -5.8964e+00
61 0 +4.445082422e+01 +1.010608242e+02 +1.010608242e+02 +9.2576e-01 -5.9102e+00
64 0 +3.851166654e+01 +9.512166654e+01 +9.512166654e+01 +9.2583e-01 -5.9046e+00
68 0 +3.638503918e+01 +9.299503918e+01 +9.299503918e+01 +9.2544e-01 -5.9071e+00
71 0 +3.618457991e+01 +9.279457991e+01 +9.279457991e+01 +9.2599e-01 -5.9061e+00
92 0 +3.545616307e+01 +9.206616307e+01 +9.206616307e+01 +8.8928e-01 -5.8786e+00
96 0 +3.458315838e+01 +9.119315838e+01 +9.119315838e+01 +8.2002e-01 -5.8257e+00
98 0 +3.341460432e+01 +9.002460432e+01 +9.002460432e+01 +7.4628e-01 -5.7699e+00
99 0 +3.246955806e+01 +8.907955806e+01 +8.907955806e+01 +6.8144e-01 -5.7207e+00
101 0 +3.056485186e+01 +8.717485186e+01 +8.717485186e+01 +5.2257e-01 -5.5997e+00
102 0 +2.875471732e+01 +8.536471732e+01 +8.536471732e+01 +3.9290e-01 -5.5013e+00
104 0 +2.541379839e+01 +8.202379839e+01 +8.202379839e+01 +1.6276e-01 -5.3272e+00
105 0 +2.222232553e+01 +7.883232553e+01 +7.883232553e+01 -9.6581e-02 -5.1305e+00
107 0 +1.629208288e+01 +7.290208288e+01 +7.290208288e+01 -6.4446e-01 -4.7143e+00
108 0 +1.140639354e+01 +6.801639354e+01 +6.801639354e+01 -1.1631e+00 -4.3209e+00
110 0 +4.764309962e+00 +6.137430996e+01 +6.137430996e+01 -2.1713e+00 -3.5565e+00
111 0 +1.417813714e+00 +5.802781371e+01 +5.802781371e+01 -3.2087e+00 -2.7696e+00
112 0 +5.492636227e-01 +5.715926362e+01 +5.715926362e+01 -3.2671e+00 -2.7243e+00
118 0 +4.342256873e-01 +5.704422569e+01 +5.704422569e+01 -3.7566e+00 -2.3534e+00
120 0 +1.658965660e-02 +5.662658966e+01 +5.662658966e+01 -3.8150e+00 -2.3082e+00
132 0 +7.648783114e-03 +5.661764878e+01 +5.661764878e+01 -3.7876e+00 -2.3292e+00
138 0 +1.102179412e-03 +5.661110218e+01 +5.661110218e+01 -3.8248e+00 -2.3008e+00
147 0 +4.417373990e-04 +5.661044174e+01 +5.661044174e+01 -3.8380e+00 -2.2908e+00
148 0 +5.565123482e-05 +5.661005565e+01 +5.661005565e+01 -3.8494e+00 -2.2822e+00
161 0 +4.703094388e-05 +5.661004703e+01 +5.661004703e+01 -3.8458e+00 -2.2849e+00
163 0 +2.458660445e-05 +5.661002459e+01 +5.661002459e+01 -3.8473e+00 -2.2837e+00
166 0 +1.883087110e-05 +5.661001883e+01 +5.661001883e+01 -3.8487e+00 -2.2827e+00
167 0 +1.065150279e-05 +5.661001065e+01 +5.661001065e+01 -3.8503e+00 -2.2815e+00
174 0 +1.009293518e-05 +5.661001009e+01 +5.661001009e+01 -3.8488e+00 -2.2826e+00
176 0 +5.224986886e-06 +5.661000522e+01 +5.661000522e+01 -3.8496e+00 -2.2820e+00
177 0 +4.014753266e-06 +5.661000401e+01 +5.661000401e+01 -3.8496e+00 -2.2820e+00
180 0 +1.282126341e-06 +5.661000128e+01 +5.661000128e+01 -3.8505e+00 -2.2813e+00
185 0 +1.679999286e-07 +5.661000017e+01 +5.661000017e+01 -3.8509e+00 -2.2810e+00
194 0 +7.489790477e-08 +5.661000007e+01 +5.661000007e+01 -3.8510e+00 -2.2809e+00
196 0 +1.345475198e-08 +5.661000001e+01 +5.661000001e+01 -3.8511e+00 -2.2809e+00
205 0 +9.932229261e-09 +5.661000001e+01 +5.661000001e+01 -3.8512e+00 -2.2808e+00
% f evaluations | g evaluations | best noise-free fitness - Fopt (-1.810000000000e+01) + sum g_i+ | measured fitness | best measured fitness or single-digit g-values | x1 | x2...
1 0 +3.264899073e+05 +3.264718073e+05 +3.264718073e+05 +0.0000e+00 +0.0000e+00
2 0 +3.264288956e+05 +3.264107956e+05 +3.264107956e+05 +2.5000e-04 +0.0000e+00
11 0 +3.232257626e+05 +3.232076626e+05 +3.232076626e+05 +3.2813e-04 +2.8594e-03
16 0 +3.148477750e+05 +3.148296750e+05 +3.148296750e+05 +2.2305e-03 +1.0035e-02
18 0 +3.067607761e+05 +3.067426761e+05 +3.067426761e+05 +3.0371e-03 +1.7283e-02
19 0 +2.997485950e+05 +2.997304950e+05 +2.997304950e+05 +3.8799e-03 +2.3616e-02
20 0 +2.936002695e+05 +2.935821695e+05 +2.935821695e+05 +5.8545e-03 +2.8962e-02
21 0 +2.822255023e+05 +2.822074023e+05 +2.822074023e+05 +8.1782e-03 +3.9304e-02
22 0 +2.717925602e+05 +2.717744602e+05 +2.717744602e+05 +8.8765e-03 +4.9297e-02
23 0 +2.533144705e+05 +2.532963705e+05 +2.532963705e+05 +1.1724e-02 +6.7135e-02
24 0 +2.372270083e+05 +2.372089083e+05 +2.372089083e+05 +1.6022e-02 +8.2823e-02
25 0 +2.087053726e+05 +2.086872726e+05 +2.086872726e+05 +2.2093e-02 +1.1243e-01
26 0 +1.839529765e+05 +1.839348765e+05 +1.839348765e+05 +2.5639e-02 +1.4026e-01
27 0 +1.426736204e+05 +1.426555204e+05 +1.426555204e+05 +3.4369e-02 +1.9073e-01
28 0 +1.097338095e+05 +1.097157095e+05 +1.097157095e+05 +4.4739e-02 +2.3602e-01
29 0 +6.014254879e+04 +6.012444879e+04 +6.012444879e+04 +6.1246e-02 +3.2047e-01
30 0 +2.759550966e+04 +2.757740966e+04 +2.757740966e+04 +7.3523e-02 +3.9877e-01
31 0 +4.313045308e+02 +4.132045308e+02 +4.132045308e+02 +9.9237e-02 +5.4195e-01
42 0 +4.098644987e+00 -1.400135501e+01 -1.400135501e+01 +1.0463e-01 +5.6394e-01
49 0 +4.040026921e+00 -1.405997308e+01 -1.405997308e+01 +1.0380e-01 +5.6411e-01
51 0 +7.961069331e-01 -1.730389307e+01 -1.730389307e+01 +1.0359e-01 +5.6172e-01
56 0 +5.465733297e-01 -1.755342667e+01 -1.755342667e+01 +1.0334e-01 +5.6238e-01
73 0 +5.365432766e-01 -1.756345672e+01 -1.756345672e+01 +1.0102e-01 +5.6282e-01
78 0 +5.237565944e-01 -1.757624341e+01 -1.757624341e+01 +9.2606e-02 +5.6465e-01
81 0 +5.078967829e-01 -1.759210322e+01 -1.759210322e+01 +8.0644e-02 +5.6721e-01
82 0 +4.966400901e-01 -1.760335991e+01 -1.760335991e+01 +7.2109e-02 +5.6907e-01
84 0 +4.767889704e-01 -1.762321103e+01 -1.762321103e+01 +5.1612e-02 +5.7349e-01
85 0 +4.589008990e-01 -1.764109910e+01 -1.764109910e+01 +3.4541e-02 +5.7720e-01
86 0 +4.550133103e-01 -1.764498669e+01 -1.764498669e+01 +4.1393e-02 +5.7577e-01
87 0 +4.359375702e-01 -1.766406243e+01 -1.766406243e+01 +2.9460e-02 +5.7841e-01
88 0 +3.994024139e-01 -1.770059759e+01 -1.770059759e+01 -8.1077e-03 +5.8654e-01
89 0 +3.591294525e-01 -1.774087055e+01 -1.774087055e+01 -4.8216e-02 +5.9527e-01
90 0 +3.333911741e-01 -1.776660883e+01 -1.776660883e+01 -5.3297e-02 +5.9648e-01
91 0 +2.807652383e-01 -1.781923476e+01 -1.781923476e+01 -9.7215e-02 +6.0612e-01
92 0 +2.206935622e-01 -1.787930644e+01 -1.787930644e+01 -1.7489e-01 +6.2298e-01
93 0 +1.527474949e-01 -1.794725251e+01 -1.794725251e+01 -2.7707e-01 +6.4527e-01
94 0 +8.992072201e-02 -1.801007928e+01 -1.801007928e+01 -3.2607e-01 +6.5611e-01
95 0 +2.340037085e-02 -1.807659963e+01 -1.807659963e+01 -4.6499e-01 +6.8653e-01
101 0 +6.201350653e-04 -1.809937986e+01 -1.809937986e+01 -5.9116e-01 +7.1411e-01
115 0 +1.162207148e-04 -1.809988378e+01 -1.809988378e+01 -6.0459e-01 +7.1706e-01
124 0 +9.461686850e-05 -1.809990538e+01 -1.809990538e+01 -6.0519e-01 +7.1718e-01
127 0 +7.030974782e-05 -1.809992969e+01 -1.809992969e+01 -6.0626e-01 +7.1742e-01
130 0 +4.316850035e-05 -1.809995683e+01 -1.809995683e+01 -6.0926e-01 +7.1807e-01
131 0 +3.226781687e-05 -1.809996773e+01 -1.809996773e+01 -6.1130e-01 +7.1852e-01
134 0 +1.662909944e-05 -1.809998337e+01 -1.809998337e+01 -6.1111e-01 +7.1848e-01
135 0 +4.078082558e-06 -1.809999592e+01 -1.809999592e+01 -6.1256e-01 +7.1880e-01
144 0 +9.647056842e-07 -1.809999904e+01 -1.809999904e+01 -6.1346e-01 +7.1899e-01
145 0 +8.798962163e-07 -1.809999912e+01 -1.809999912e+01 -6.1408e-01 +7.1913e-01
150 0 +4.856103075e-08 -1.809999995e+01 -1.809999995e+01 -6.1419e-01 +7.1915e-01
163 0 +1.296493579e-08 -1.809999999e+01 -1.809999999e+01 -6.1430e-01 +7.1918e-01
167 0 +3.858911413e-09 -1.810000000e+01 -1.810000000e+01 -6.1442e-01 +7.1920e-01
% f evaluations | g evaluations | best noise-free fitness - Fopt (3.777000000000e+01) + sum g_i+ | measured fitness | best measured fitness or single-digit g-values | x1 | x2...
1 0 +4.240305599e+06 +4.240343369e+06 +4.240343369e+06 +0.0000e+00 +0.0000e+00
3 0 +4.239276061e+06 +4.239313831e+06 +4.239313831e+06 +0.0000e+00 +2.5000e-04
19 0 +4.143602269e+06 +4.143640039e+06 +4.143640039e+06 -2.7246e-02 +2.3616e-02
22 0 +4.039709458e+06 +4.039747228e+06 +4.039747228e+06 -5.7924e-02 +4.9297e-02
23 0 +3.968325682e+06 +3.968363452e+06 +3.968363452e+06 -7.8608e-02 +6.7135e-02
25 0 +3.789931048e+06 +3.789968818e+06 +3.789968818e+06 -1.3427e-01 +1.1243e-01
26 0 +3.682346808e+06 +3.682384578e+06 +3.682384578e+06 -1.6565e-01 +1.4026e-01
27 0 +3.491173712e+06 +3.491211482e+06 +3.491211482e+06 -2.2485e-01 +1.9073e-01
28 0 +3.323974824e+06 +3.324012594e+06 +3.324012594e+06 -2.8051e-01 +2.3602e-01
29 0 +3.023191917e+06 +3.023229687e+06 +3.023229687e+06 -3.8146e-01 +3.2047e-01
30 0 +2.757016525e+06 +2.757054295e+06 +2.757054295e+06 -4.7205e-01 +3.9877e-01
31 0 +2.302055650e+06 +2.302093420e+06 +2.302093420e+06 -6.4093e-01 +5.4195e-01
32 0 +1.925204140e+06 +1.925241910e+06 +1.925241910e+06 -7.9755e-01 +6.7168e-01
33 0 +1.315704912e+06 +1.315742682e+06 +1.315742682e+06 -1.0839e+00 +9.1216e-01
34 0 +8.566645685e+05 +8.567023385e+05 +8.567023385e+05 -1.3434e+00 +1.1336e+00
35 0 +2.693369661e+05 +2.693747361e+05 +2.693747361e+05 -1.8243e+00 +1.5402e+00
36 0 +2.213278384e+04 +2.217055384e+04 +2.217055384e+04 -2.2673e+00 +1.9104e+00
44 0 +7.407690145e+03 +7.445460145e+03 +7.445460145e+03 -2.3394e+00 +1.9731e+00
46 0 +4.190635669e+02 +4.568335669e+02 +4.568335669e+02 -2.4659e+00 +2.0796e+00
49 0 +2.959624274e+02 +3.337324274e+02 +3.337324274e+02 -2.4206e+00 +2.0421e+00
55 0 +3.677670929e+00 +4.144767093e+01 +4.144767093e+01 -2.4430e+00 +2.0604e+00
62 0 +3.212347973e+00 +4.098234797e+01 +4.098234797e+01 -2.4422e+00 +2.0602e+00
64 0 +2.792550830e+00 +4.056255083e+01 +4.056255083e+01 -2.4402e+00 +2.0584e+00
67 0 +2.140646243e+00 +3.991064624e+01 +3.991064624e+01 -2.4410e+00 +2.0593e+00
78 0 +2.137291832e+00 +3.990729183e+01 +3.990729183e+01 -2.4411e+00 +2.0592e+00
101 0 +2.080939440e+00 +3.985093944e+01 +3.985093944e+01 -2.4216e+00 +2.0592e+00
104 0 +2.031588371e+00 +3.980158837e+01 +3.980158837e+01 -2.3984e+00 +2.0593e+00
105 0 +1.989953816e+00 +3.975995382e+01 +3.975995382e+01 -2.3869e+00 +2.0593e+00
106 0 +1.938785096e+00 +3.970878510e+01 +3.970878510e+01 -2.3672e+00 +2.0593e+00
109 0 +1.810165384e+00 +3.958016538e+01 +3.958016538e+01 -2.2882e+00 +2.0595e+00
110 0 +1.732573829e+00 +3.950257383e+01 +3.950257383e+01 -2.2331e+00 +2.0596e+00
114 0 +1.582252288e+00 +3.935225229e+01 +3.935225229e+01 -2.1468e+00 +2.0597e+00
115 0 +1.471116424e+00 +3.924111642e+01 +3.924111642e+01 -2.1276e+00 +2.0596e+00
117 0 +1.232112055e+00 +3.900211206e+01 +3.900211206e+01 -2.0222e+00 +2.0596e+00
118 0 +1.059586333e+00 +3.882958633e+01 +3.882958633e+01 -1.9838e+00 +2.0594e+00
120 0 +1.043545464e+00 +3.881354546e+01 +3.881354546e+01 -1.9741e+00 +2.0590e+00
122 0 +7.443615180e-01 +3.851436152e+01 +3.851436152e+01 -1.8400e+00 +2.0593e+00
123 0 +5.355982037e-01 +3.830559820e+01 +3.830559820e+01 -1.7010e+00 +2.0593e+00
125 0 +1.929772947e-01 +3.796297729e+01 +3.796297729e+01 -1.4181e+00 +2.0592e+00
126 0 +4.615141552e-02 +3.781615142e+01 +3.781615142e+01 -1.1401e+00 +2.0593e+00
136 0 +2.051071059e-02 +3.779051071e+01 +3.779051071e+01 -1.0347e+00 +2.0593e+00
140 0 +2.325257772e-03 +3.777232526e+01 +3.777232526e+01 -1.0227e+00 +2.0592e+00
146 0 +5.911209865e-04 +3.777059112e+01 +3.777059112e+01 -9.8688e-01 +2.0592e+00
154 0 +3.070670418e-04 +3.777030707e+01 +3.777030707e+01 -9.9078e-01 +2.0592e+00
158 0 +1.765959490e-04 +3.777017660e+01 +3.777017660e+01 -9.9031e-01 +2.0592e+00
159 0 +3.137710969e-05 +3.777003138e+01 +3.777003138e+01 -9.8441e-01 +2.0592e+00
166 0 +1.632498396e-06 +3.777000163e+01 +3.777000163e+01 -9.7975e-01 +2.0592e+00
179 0 +1.148024225e-06 +3.777000115e+01 +3.777000115e+01 -9.8019e-01 +2.0592e+00
180 0 +4.853754021e-07 +3.777000049e+01 +3.777000049e+01 -9.7926e-01 +2.0592e+00
184 0 +4.621227347e-07 +3.777000046e+01 +3.777000046e+01 -9.7983e-01 +2.0592e+00
186 0 +2.821432687e-07 +3.777000028e+01 +3.777000028e+01 -9.7962e-01 +2.0592e+00
188 0 +1.248433321e-07 +3.777000012e+01 +3.777000012e+01 -9.7949e-01 +2.0592e+00
189 0 +2.234715168e-08 +3.777000002e+01 +3.777000002e+01 -9.7928e-01 +2.0592e+00
191 0 +1.521209470e-08 +3.777000002e+01 +3.777000002e+01 -9.7915e-01 +2.0592e+00
% f evaluations | g evaluations | best noise-free fitness - Fopt (4.190400000000e+02) + sum g_i+ | measured fitness | best measured fitness or single-digit g-values | x1 | x2...
1 0 +1.011006935e+07 +1.011048839e+07 +1.011048839e+07 +0.0000e+00 +0.0000e+00
4 0 +1.010852559e+07 +1.010894463e+07 +1.010894463e+07 -2.5000e-04 +2.5000e-04
18 0 +9.983438849e+06 +9.983857889e+06 +9.983857889e+06 -2.0070e-02 +3.0371e-03
22 0 +9.746799778e+06 +9.747218818e+06 +9.747218818e+06 -5.7924e-02 +8.8765e-03
24 0 +9.495864296e+06 +9.496283336e+06 +9.496283336e+06 -9.8595e-02 +1.6022e-02
25 0 +9.278417181e+06 +9.278836221e+06 +9.278836221e+06 -1.3427e-01 +2.2093e-02
26 0 +9.088943019e+06 +9.089362059e+06 +9.089362059e+06 -1.6565e-01 +2.5639e-02
27 0 +8.737074458e+06 +8.737493498e+06 +8.737493498e+06 -2.2485e-01 +3.4369e-02
28 0 +8.412970528e+06 +8.413389568e+06 +8.413389568e+06 -2.8051e-01 +4.4739e-02
29 0 +7.840405343e+06 +7.840824383e+06 +7.840824383e+06 -3.8146e-01 +6.1246e-02
30 0 +7.343434566e+06 +7.343853606e+06 +7.343853606e+06 -4.7205e-01 +7.3523e-02
31 0 +6.460702203e+06 +6.461121243e+06 +6.461121243e+06 -6.4093e-01 +9.9237e-02
32 0 +5.693040362e+06 +5.693459402e+06 +5.693459402e+06 -7.9755e-01 +1.2611e-01
33 0 +4.414566211e+06 +4.414985251e+06 +4.414985251e+06 -1.0839e+00 +1.7199e-01
34 0 +3.395933425e+06 +3.396352465e+06 +3.396352465e+06 -1.3434e+00 +2.0998e-01
35 0 +1.860968499e+06 +1.861387539e+06 +1.861387539e+06 -1.8243e+00 +2.8434e-01
36 0 +8.527979716e+05 +8.532170116e+05 +8.532170116e+05 -2.2673e+00 +3.5709e-01
37 0 +1.307716331e+04 +1.349620331e+04 +1.349620331e+04 -3.0804e+00 +4.8602e-01
48 0 +1.447608551e+02 +5.638008551e+02 +5.638008551e+02 -3.2068e+00 +5.0403e-01
57 0 +1.522764574e+01 +4.342676457e+02 +4.342676457e+02 -3.1936e+00 +5.0282e-01
62 0 +1.479779675e+01 +4.338377968e+02 +4.338377968e+02 -3.1969e+00 +5.0267e-01
65 0 +1.231228677e+01 +4.313522868e+02 +4.313522868e+02 -3.1952e+00 +5.0305e-01
76 0 +1.229708728e+01 +4.313370873e+02 +4.313370873e+02 -3.1952e+00 +5.0124e-01
93 0 +1.187381830e+01 +4.309138183e+02 +4.309138183e+02 -3.1922e+00 +4.1114e-01
94 0 +1.173439735e+01 +4.307743974e+02 +4.307743974e+02 -3.1917e+00 +3.9354e-01
96 0 +1.145847483e+01 +4.304984748e+02 +4.304984748e+02 -3.1898e+00 +3.3065e-01
97 0 +1.117574694e+01 +4.302157469e+02 +4.302157469e+02 -3.1888e+00 +2.9546e-01
99 0 +1.067692561e+01 +4.297169256e+02 +4.297169256e+02 -3.1879e+00 +2.5277e-01
100 0 +1.018678695e+01 +4.292267869e+02 +4.292267869e+02 -3.1860e+00 +1.8239e-01
102 0 +9.674765814e+00 +4.287147658e+02 +4.287147658e+02 -3.1806e+00 +1.5058e-02
103 0 +8.591008689e+00 +4.276310087e+02 +4.276310087e+02 -3.1778e+00 -9.8011e-02
104 0 +7.433164046e+00 +4.264731640e+02 +4.264731640e+02 -3.1722e+00 -2.9475e-01
105 0 +7.239391689e+00 +4.262793917e+02 +4.262793917e+02 -3.1669e+00 -4.6208e-01
106 0 +6.465788546e+00 +4.255057885e+02 +4.255057885e+02 -3.1573e+00 -7.8431e-01
107 0 +4.275728675e+00 +4.233157287e+02 +4.233157287e+02 -3.1489e+00 -1.0941e+00
108 0 +2.501330221e+00 +4.215413302e+02 +4.215413302e+02 -3.1331e+00 -1.6487e+00
110 0 +1.777744324e+00 +4.208177443e+02 +4.208177443e+02 -3.0939e+00 -3.0027e+00
112 0 +3.930076077e-01 +4.194330076e+02 +4.194330076e+02 -3.1088e+00 -2.5131e+00
113 0 +1.789244995e-01 +4.192189245e+02 +4.192189245e+02 -3.1042e+00 -2.7005e+00
122 0 +1.210284210e-01 +4.191610284e+02 +4.191610284e+02 -3.0990e+00 -2.8814e+00
125 0 +7.896570897e-02 +4.191189657e+02 +4.191189657e+02 -3.1030e+00 -2.7284e+00
126 0 +9.513841598e-03 +4.190495138e+02 +4.190495138e+02 -3.0979e+00 -2.9093e+00
134 0 +3.693269247e-03 +4.190436933e+02 +4.190436933e+02 -3.0965e+00 -2.9587e+00
138 0 +1.300619198e-03 +4.190413006e+02 +4.190413006e+02 -3.0960e+00 -2.9743e+00
142 0 +7.912646178e-04 +4.190407913e+02 +4.190407913e+02 -3.0955e+00 -2.9950e+00
146 0 +2.814584722e-04 +4.190402815e+02 +4.190402815e+02 -3.0954e+00 -2.9977e+00
151 0 +1.728942909e-04 +4.190401729e+02 +4.190401729e+02 -3.0955e+00 -2.9933e+00
155 0 +1.388449923e-04 +4.190401388e+02 +4.190401388e+02 -3.0955e+00 -2.9947e+00
156 0 +7.664298499e-05 +4.190400766e+02 +4.190400766e+02 -3.0954e+00 -2.9976e+00
159 0 +2.345517561e-05 +4.190400235e+02 +4.190400235e+02 -3.0953e+00 -3.0020e+00
163 0 +1.187453006e-05 +4.190400119e+02 +4.190400119e+02 -3.0952e+00 -3.0038e+00
166 0 +8.458750870e-06 +4.190400085e+02 +4.190400085e+02 -3.0953e+00 -3.0012e+00
168 0 +4.483930184e-06 +4.190400045e+02 +4.190400045e+02 -3.0953e+00 -3.0022e+00
170 0 +4.101619311e-06 +4.190400041e+02 +4.190400041e+02 -3.0952e+00 -3.0028e+00
171 0 +9.734355899e-08 +4.190400001e+02 +4.190400001e+02 -3.0952e+00 -3.0038e+00
184 0 +2.285503342e-09 +4.190400000e+02 +4.190400000e+02 -3.0952e+00 -3.0040e+00
% f evaluations | g evaluations | best noise-free fitness - Fopt (-2.568000000000e+01) + sum g_i+ | measured fitness | best measured fitness or single-digit g-values | x1 | x2...
1 0 +6.290067304e+06 +6.290041624e+06 +6.290041624e+06 +0.0000e+00 +0.0000e+00
4 0 +6.288813367e+06 +6.288787687e+06 +6.288787687e+06 +2.5000e-04 -2.5000e-04
19 0 +6.154143261e+06 +6.154117581e+06 +6.154117581e+06 +3.8799e-03 -2.7246e-02
22 0 +6.002876584e+06 +6.002850904e+06 +6.002850904e+06 +8.8765e-03 -5.7924e-02
24 0 +5.805237134e+06 +5.805211454e+06 +5.805211454e+06 +1.6022e-02 -9.8595e-02
25 0 +5.634602041e+06 +5.634576361e+06 +5.634576361e+06 +2.2093e-02 -1.3427e-01
26 0 +5.486630252e+06 +5.486604572e+06 +5.486604572e+06 +2.5639e-02 -1.6565e-01
27 0 +5.212771332e+06 +5.212745652e+06 +5.212745652e+06 +3.4369e-02 -2.2485e-01
28 0 +4.961706424e+06 +4.961680744e+06 +4.961680744e+06 +4.4739e-02 -2.8051e-01
29 0 +4.522159973e+06 +4.522134293e+06 +4.522134293e+06 +6.1246e-02 -3.8146e-01
30 0 +4.145112183e+06 +4.145086503e+06 +4.145086503e+06 +7.3523e-02 -4.7205e-01
31 0 +3.485937221e+06 +3.485911541e+06 +3.485911541e+06 +9.9237e-02 -6.4093e-01
32 0 +2.925653462e+06 +2.925627782e+06 +2.925627782e+06 +1.2611e-01 -7.9755e-01
33 0 +2.028079736e+06 +2.028054056e+06 +2.028054056e+06 +1.7199e-01 -1.0839e+00
34 0 +1.356377609e+06 +1.356351929e+06 +1.356351929e+06 +2.0998e-01 -1.3434e+00
35 0 +4.674276954e+05 +4.674020154e+05 +4.674020154e+05 +2.8434e-01 -1.8243e+00
36 0 +5.795247179e+04 +5.792679179e+04 +5.792679179e+04 +3.5709e-01 -2.2673e+00
42 0 +1.449962814e+04 +1.447394814e+04 +1.447394814e+04 +4.1120e-01 -2.6284e+00
45 0 +2.613116474e+03 +2.587436474e+03 +2.587436474e+03 +3.8622e-01 -2.4569e+00
48 0 +6.586074749e+02 +6.329274749e+02 +6.329274749e+02 +3.9664e-01 -2.5336e+00
50 0 +6.098388486e+02 +5.841588486e+02 +5.841588486e+02 +3.9817e-01 -2.5326e+00
52 0 +1.737469127e+02 +1.480669127e+02 +1.480669127e+02 +3.9181e-01 -2.4950e+00
55 0 +3.577927123e+01 +1.009927123e+01 +1.009927123e+01 +3.9538e-01 -2.5136e+00
58 0 +1.696849878e+01 -8.711501222e+00 -8.711501222e+00 +3.9321e-01 -2.5045e+00
61 0 +5.530370958e+00 -2.014962904e+01 -2.014962904e+01 +3.9468e-01 -2.5088e+00
68 0 +4.911850951e+00 -2.076814905e+01 -2.076814905e+01 +3.9386e-01 -2.5079e+00
77 0 +4.891445031e+00 -2.078855497e+01 -2.078855497e+01 +3.9389e-01 -2.5080e+00
95 0 +4.764603287e+00 -2.091539671e+01 -2.091539671e+01 +3.6520e-01 -2.5080e+00
98 0 +4.616590107e+00 -2.106340989e+01 -2.106340989e+01 +3.2833e-01 -2.5079e+00
99 0 +4.538095165e+00 -2.114190483e+01 -2.114190483e+01 +3.1244e-01 -2.5080e+00
100 0 +4.413952061e+00 -2.126604794e+01 -2.126604794e+01 +2.8325e-01 -2.5080e+00
101 0 +4.323502792e+00 -2.135649721e+01 -2.135649721e+01 +2.5666e-01 -2.5079e+00
102 0 +4.152226611e+00 -2.152777339e+01 -2.152777339e+01 +2.0753e-01 -2.5078e+00
103 0 +3.939577178e+00 -2.174042282e+01 -2.174042282e+01 +1.6245e-01 -2.5079e+00
104 0 +3.622387955e+00 -2.205761204e+01 -2.205761204e+01 +7.9515e-02 -2.5078e+00
105 0 +3.446683437e+00 -2.223331656e+01 -2.223331656e+01 +3.7948e-03 -2.5076e+00
106 0 +3.108390657e+00 -2.257160934e+01 -2.257160934e+01 -1.3593e-01 -2.5075e+00
107 0 +2.622051348e+00 -2.305794865e+01 -2.305794865e+01 -2.6395e-01 -2.5075e+00
108 0 +2.063474614e+00 -2.361652539e+01 -2.361652539e+01 -4.9969e-01 -2.5074e+00
110 0 +1.526141237e+00 -2.415385876e+01 -2.415385876e+01 -1.0789e+00 -2.5070e+00
112 0 +1.286719226e+00 -2.439328077e+01 -2.439328077e+01 -8.6345e-01 -2.5074e+00
113 0 +9.733625272e-01 -2.470663747e+01 -2.470663747e+01 -9.3760e-01 -2.5076e+00
114 0 +8.382814495e-01 -2.484171855e+01 -2.484171855e+01 -1.5168e+00 -2.5071e+00
116 0 +2.982457679e-01 -2.538175423e+01 -2.538175423e+01 -1.3755e+00 -2.5077e+00
117 0 +8.650506282e-02 -2.559349494e+01 -2.559349494e+01 -1.5238e+00 -2.5080e+00
125 0 +3.826207089e-02 -2.564173793e+01 -2.564173793e+01 -1.7226e+00 -2.5078e+00
127 0 +2.289970064e-02 -2.565710030e+01 -2.565710030e+01 -1.7432e+00 -2.5081e+00
132 0 +1.569449239e-02 -2.566430551e+01 -2.566430551e+01 -1.7042e+00 -2.5079e+00
133 0 +4.640380585e-04 -2.567953596e+01 -2.567953596e+01 -1.8190e+00 -2.5081e+00
146 0 +3.505232917e-04 -2.567964948e+01 -2.567964948e+01 -1.8188e+00 -2.5081e+00
167 0 +7.303666944e-06 -2.567999270e+01 -2.567999270e+01 -1.8192e+00 -2.5081e+00
174 0 +2.560121146e-06 -2.567999744e+01 -2.567999744e+01 -1.8192e+00 -2.5081e+00
% f evaluations | g evaluations | best noise-free fitness - Fopt (-5.893000000000e+02) + sum g_i+ | measured fitness | best measured fitness or single-digit g-values | x1 | x2...
1 0 +3.735715905e+06 +3.735126605e+06 +3.735126605e+06 +0.0000e+00 +0.0000e+00
3 0 +3.734749567e+06 +3.734160267e+06 +3.734160267e+06 +0.0000e+00 +2.5000e-04
14 0 +3.712528195e+06 +3.711938895e+06 +3.711938895e+06 -6.7813e-03 +6.0078e-03
20 0 +3.624599506e+06 +3.624010206e+06 +3.624010206e+06 -3.4566e-02 +2.8962e-02
22 0 +3.547582221e+06 +3.546992921e+06 +3.546992921e+06 -5.7924e-02 +4.9297e-02
24 0 +3.422416739e+06 +3.421827439e+06 +3.421827439e+06 -9.8595e-02 +8.2823e-02
25 0 +3.313762755e+06 +3.313173455e+06 +3.313173455e+06 -1.3427e-01 +1.1243e-01
26 0 +3.213214066e+06 +3.212624766e+06 +3.212624766e+06 -1.6565e-01 +1.4026e-01
27 0 +3.034801362e+06 +3.034212062e+06 +3.034212062e+06 -2.2485e-01 +1.9073e-01
28 0 +2.879052154e+06 +2.878462854e+06 +2.878462854e+06 -2.8051e-01 +2.3602e-01
29 0 +2.599616898e+06 +2.599027598e+06 +2.599027598e+06 -3.8146e-01 +3.2047e-01
30 0 +2.353237448e+06 +2.352648148e+06 +2.352648148e+06 -4.7205e-01 +3.9877e-01
31 0 +1.934471181e+06 +1.933881881e+06 +1.933881881e+06 -6.4093e-01 +5.4195e-01
32 0 +1.590417002e+06 +1.589827702e+06 +1.589827702e+06 -7.9755e-01 +6.7168e-01
33 0 +1.041710381e+06 +1.041121081e+06 +1.041121081e+06 -1.0839e+00 +9.1216e-01
34 0 +6.386605873e+05 +6.380712873e+05 +6.380712873e+05 -1.3434e+00 +1.1336e+00
35 0 +1.956690579e+05 +1.950797579e+05 +1.950797579e+05 -1.8243e+00 +1.5402e+00
36 0 +1.368440616e+04 +1.309510616e+04 +1.309510616e+04 -2.2673e+00 +1.9104e+00
46 0 +3.902648777e+02 -1.990351223e+02 -1.990351223e+02 -2.3937e+00 +2.0188e+00
51 0 +1.427555333e+02 -4.465444667e+02 -4.465444667e+02 -2.3671e+00 +1.9953e+00
53 0 +1.122200674e+02 -4.770799326e+02 -4.770799326e+02 -2.3670e+00 +1.9964e+00
55 0 +2.171786471e+01 -5.675821353e+02 -5.675821353e+02 -2.3804e+00 +2.0073e+00
58 0 +1.218974959e+01 -5.771102504e+02 -5.771102504e+02 -2.3737e+00 +2.0021e+00
60 0 +7.468681786e+00 -5.818313182e+02 -5.818313182e+02 -2.3754e+00 +2.0029e+00
62 0 +5.274710020e+00 -5.840252900e+02 -5.840252900e+02 -2.3774e+00 +2.0049e+00
64 0 +5.014079498e+00 -5.842859205e+02 -5.842859205e+02 -2.3778e+00 +2.0048e+00
66 0 +4.593213042e+00 -5.847067870e+02 -5.847067870e+02 -2.3765e+00 +2.0039e+00
69 0 +4.412561461e+00 -5.848874385e+02 -5.848874385e+02 -2.3772e+00 +2.0043e+00
107 0 +4.353258373e+00 -5.849467416e+02 -5.849467416e+02 -2.3652e+00 +2.0051e+00
112 0 +4.254652734e+00 -5.850453473e+02 -5.850453473e+02 -2.3441e+00 +2.0065e+00
115 0 +4.109121596e+00 -5.851908784e+02 -5.851908784e+02 -2.3094e+00 +2.0087e+00
117 0 +4.017686910e+00 -5.852823131e+02 -5.852823131e+02 -2.2753e+00 +2.0111e+00
119 0 +3.973718148e+00 -5.853262819e+02 -5.853262819e+02 -2.2748e+00 +2.0110e+00
122 0 +3.853920419e+00 -5.854460796e+02 -5.854460796e+02 -2.2050e+00 +2.0155e+00
126 0 +3.767233158e+00 -5.855327668e+02 -5.855327668e+02 -2.1869e+00 +2.0165e+00
130 0 +3.703439187e+00 -5.855965608e+02 -5.855965608e+02 -2.1689e+00 +2.0175e+00
136 0 +3.627812057e+00 -5.856721879e+02 -5.856721879e+02 -2.1849e+00 +2.0162e+00
142 0 +3.517947404e+00 -5.857820526e+02 -5.857820526e+02 -2.1543e+00 +2.0181e+00
147 0 +3.437024272e+00 -5.858629757e+02 -5.858629757e+02 -2.1380e+00 +2.0189e+00
150 0 +3.321374634e+00 -5.859786254e+02 -5.859786254e+02 -2.1036e+00 +2.0207e+00
151 0 +3.260046609e+00 -5.860399534e+02 -5.860399534e+02 -2.0873e+00 +2.0215e+00
153 0 +3.159381026e+00 -5.861406190e+02 -5.861406190e+02 -2.0646e+00 +2.0225e+00
154 0 +3.066138287e+00 -5.862338617e+02 -5.862338617e+02 -2.0320e+00 +2.0241e+00
159 0 +2.994634622e+00 -5.863053654e+02 -5.863053654e+02 -2.0033e+00 +2.0254e+00
160 0 +2.936595286e+00 -5.863634047e+02 -5.863634047e+02 -1.9871e+00 +2.0261e+00
162 0 +2.829651914e+00 -5.864703481e+02 -5.864703481e+02 -1.9669e+00 +2.0268e+00
163 0 +2.765455204e+00 -5.865345448e+02 -5.865345448e+02 -1.9343e+00 +2.0282e+00
166 0 +2.709060668e+00 -5.865909393e+02 -5.865909393e+02 -1.9335e+00 +2.0281e+00
167 0 +2.625032676e+00 -5.866749673e+02 -5.866749673e+02 -1.9067e+00 +2.0290e+00
173 0 +2.525913796e+00 -5.867740862e+02 -5.867740862e+02 -1.8790e+00 +2.0299e+00
176 0 +2.438115813e+00 -5.868618842e+02 -5.868618842e+02 -1.8514e+00 +2.0307e+00
180 0 +2.337239179e+00 -5.869627608e+02 -5.869627608e+02 -1.8158e+00 +2.0318e+00
182 0 +2.227980416e+00 -5.870720196e+02 -5.870720196e+02 -1.7836e+00 +2.0325e+00
183 0 +2.141131482e+00 -5.871588685e+02 -5.871588685e+02 -1.7516e+00 +2.0333e+00
187 0 +2.037438400e+00 -5.872625616e+02 -5.872625616e+02 -1.7189e+00 +2.0339e+00
191 0 +1.915877453e+00 -5.873841225e+02 -5.873841225e+02 -1.6670e+00 +2.0348e+00
200 0 +1.875159757e+00 -5.874248402e+02 -5.874248402e+02 -1.6532e+00 +2.0350e+00
201 0 +1.860755927e+00 -5.874392441e+02 -5.874392441e+02 -1.6344e+00 +2.0353e+00
205 0 +1.813017978e+00 -5.874869820e+02 -5.874869820e+02 -1.6132e+00 +2.0355e+00
209 0 +1.766510170e+00 -5.875334898e+02 -5.875334898e+02 -1.6166e+00 +2.0353e+00
212 0 +1.703425958e+00 -5.875965740e+02 -5.875965740e+02 -1.5894e+00 +2.0355e+00
213 0 +1.663612585e+00 -5.876363874e+02 -5.876363874e+02 -1.5776e+00 +2.0355e+00
215 0 +1.619651187e+00 -5.876803488e+02 -5.876803488e+02 -1.5385e+00 +2.0357e+00
217 0 +1.578529380e+00 -5.877214706e+02 -5.877214706e+02 -1.5454e+00 +2.0354e+00
219 0 +1.530776569e+00 -5.877692234e+02 -5.877692234e+02 -1.4827e+00 +2.0357e+00
224 0 +1.453255893e+00 -5.878467441e+02 -5.878467441e+02 -1.4743e+00 +2.0355e+00
229 0 +1.421655150e+00 -5.878783449e+02 -5.878783449e+02 -1.4833e+00 +2.0354e+00
233 0 +1.393152527e+00 -5.879068475e+02 -5.879068475e+02 -1.4652e+00 +2.0353e+00
235 0 +1.374558175e+00 -5.879254418e+02 -5.879254418e+02 -1.4644e+00 +2.0352e+00
237 0 +1.341488833e+00 -5.879585112e+02 -5.879585112e+02 -1.4402e+00 +2.0351e+00
239 0 +1.297387171e+00 -5.880026128e+02 -5.880026128e+02 -1.4307e+00 +2.0349e+00
240 0 +1.258377671e+00 -5.880416223e+02 -5.880416223e+02 -1.4135e+00 +2.0347e+00
242 0 +1.228897414e+00 -5.880711026e+02 -5.880711026e+02 -1.3712e+00 +2.0342e+00
244 0 +1.200616570e+00 -5.880993834e+02 -5.880993834e+02 -1.3868e+00 +2.0342e+00
247 0 +1.142075753e+00 -5.881579242e+02 -5.881579242e+02 -1.3601e+00 +2.0337e+00
253 0 +1.093186902e+00 -5.882068131e+02 -5.882068131e+02 -1.3334e+00 +2.0333e+00
254 0 +1.067778295e+00 -5.882322217e+02 -5.882322217e+02 -1.3206e+00 +2.0330e+00
258 0 +1.037422697e+00 -5.882625773e+02 -5.882625773e+02 -1.3090e+00 +2.0326e+00
259 0 +1.002940988e+00 -5.882970590e+02 -5.882970590e+02 -1.2918e+00 +2.0321e+00
261 0 +9.673995279e-01 -5.883326005e+02 -5.883326005e+02 -1.2521e+00 +2.0312e+00
263 0 +9.494891514e-01 -5.883505108e+02 -5.883505108e+02 -1.2631e+00 +2.0312e+00
266 0 +8.911264171e-01 -5.884088736e+02 -5.884088736e+02 -1.2343e+00 +2.0303e+00
270 0 +8.617284251e-01 -5.884382716e+02 -5.884382716e+02 -1.1961e+00 +2.0291e+00
272 0 +8.094117937e-01 -5.884905882e+02 -5.884905882e+02 -1.1877e+00 +2.0286e+00
273 0 +7.813163082e-01 -5.885186837e+02 -5.885186837e+02 -1.1647e+00 +2.0277e+00
277 0 +7.387243237e-01 -5.885612757e+02 -5.885612757e+02 -1.1333e+00 +2.0263e+00
281 0 +7.096592411e-01 -5.885903408e+02 -5.885903408e+02 -1.1288e+00 +2.0260e+00
282 0 +6.843597681e-01 -5.886156402e+02 -5.886156402e+02 -1.1109e+00 +2.0252e+00
286 0 +6.468252513e-01 -5.886531747e+02 -5.886531747e+02 -1.0885e+00 +2.0240e+00
291 0 +6.217730349e-01 -5.886782270e+02 -5.886782270e+02 -1.0662e+00 +2.0228e+00
292 0 +6.065539464e-01 -5.886934461e+02 -5.886934461e+02 -1.0542e+00 +2.0221e+00
294 0 +5.774583077e-01 -5.887225417e+02 -5.887225417e+02 -1.0405e+00 +2.0213e+00
299 0 +5.548240167e-01 -5.887451760e+02 -5.887451760e+02 -1.0268e+00 +2.0204e+00
300 0 +5.485240021e-01 -5.887514760e+02 -5.887514760e+02 -1.0097e+00 +2.0194e+00
303 0 +5.319964414e-01 -5.887680036e+02 -5.887680036e+02 -1.0055e+00 +2.0191e+00
307 0 +5.125381133e-01 -5.887874619e+02 -5.887874619e+02 -9.9583e-01 +2.0184e+00
308 0 +4.991210301e-01 -5.888008790e+02 -5.888008790e+02 -9.8889e-01 +2.0179e+00
311 0 +4.799305622e-01 -5.888200694e+02 -5.888200694e+02 -9.7478e-01 +2.0169e+00
312 0 +4.668111133e-01 -5.888331889e+02 -5.888331889e+02 -9.6818e-01 +2.0164e+00
316 0 +4.473201709e-01 -5.888526798e+02 -5.888526798e+02 -9.4580e-01 +2.0146e+00
317 0 +4.211866738e-01 -5.888788133e+02 -5.888788133e+02 -9.3311e-01 +2.0138e+00
318 0 +4.106037179e-01 -5.888893963e+02 -5.888893963e+02 -9.0923e-01 +2.0121e+00
319 0 +3.985968184e-01 -5.889014032e+02 -5.889014032e+02 -8.8685e-01 +2.0103e+00
323 0 +3.798518219e-01 -5.889201482e+02 -5.889201482e+02 -8.9953e-01 +2.0112e+00
326 0 +3.427454286e-01 -5.889572546e+02 -5.889572546e+02 -8.6744e-01 +2.0085e+00
330 0 +3.254229581e-01 -5.889745770e+02 -5.889745770e+02 -8.3097e-01 +2.0054e+00
332 0 +2.926376586e-01 -5.890073623e+02 -5.890073623e+02 -8.2080e-01 +2.0043e+00
333 0 +2.805454496e-01 -5.890194546e+02 -5.890194546e+02 -7.9724e-01 +2.0022e+00
339 0 +2.617505559e-01 -5.890382494e+02 -5.890382494e+02 -7.8162e-01 +2.0006e+00
341 0 +2.498007283e-01 -5.890501993e+02 -5.890501993e+02 -7.6599e-01 +1.9991e+00
345 0 +2.362801548e-01 -5.890637198e+02 -5.890637198e+02 -7.6456e-01 +1.9988e+00
346 0 +2.283760926e-01 -5.890716239e+02 -5.890716239e+02 -7.5604e-01 +1.9979e+00
348 0 +2.088215582e-01 -5.890911784e+02 -5.890911784e+02 -7.3189e-01 +1.9954e+00
349 0 +1.968373062e-01 -5.891031627e+02 -5.891031627e+02 -7.1483e-01 +1.9936e+00
351 0 +1.776285059e-01 -5.891223715e+02 -5.891223715e+02 -6.8782e-01 +1.9906e+00
355 0 +1.708582781e-01 -5.891291417e+02 -5.891291417e+02 -6.8817e-01 +1.9905e+00
356 0 +1.614994281e-01 -5.891385006e+02 -5.891385006e+02 -6.7484e-01 +1.9889e+00
359 0 +1.425650860e-01 -5.891574349e+02 -5.891574349e+02 -6.5142e-01 +1.9862e+00
360 0 +1.307538531e-01 -5.891692461e+02 -5.891692461e+02 -6.3322e-01 +1.9840e+00
362 0 +1.151204630e-01 -5.891848795e+02 -5.891848795e+02 -6.0203e-01 +1.9802e+00
368 0 +1.074693750e-01 -5.891925306e+02 -5.891925306e+02 -5.9294e-01 +1.9790e+00
373 0 +1.013716297e-01 -5.891986284e+02 -5.891986284e+02 -5.8385e-01 +1.9778e+00
377 0 +9.952733943e-02 -5.892004727e+02 -5.892004727e+02 -5.8597e-01 +1.9780e+00
378 0 +9.711237909e-02 -5.892028876e+02 -5.892028876e+02 -5.8248e-01 +1.9776e+00
379 0 +9.273964004e-02 -5.892072604e+02 -5.892072604e+02 -5.7128e-01 +1.9761e+00
380 0 +9.024520651e-02 -5.892097548e+02 -5.892097548e+02 -5.5939e-01 +1.9746e+00
381 0 +8.366682904e-02 -5.892163332e+02 -5.892163332e+02 -5.5802e-01 +1.9743e+00
382 0 +7.718848454e-02 -5.892228115e+02 -5.892228115e+02 -5.4511e-01 +1.9726e+00
386 0 +6.892551063e-02 -5.892310745e+02 -5.892310745e+02 -5.3082e-01 +1.9706e+00
387 0 +6.233822767e-02 -5.892376618e+02 -5.892376618e+02 -5.1255e-01 +1.9681e+00
393 0 +5.935494503e-02 -5.892406451e+02 -5.892406451e+02 -4.9523e-01 +1.9657e+00
394 0 +5.740512085e-02 -5.892425949e+02 -5.892425949e+02 -4.8450e-01 +1.9642e+00
395 0 +5.360727972e-02 -5.892463927e+02 -5.892463927e+02 -4.9767e-01 +1.9660e+00
397 0 +5.160023122e-02 -5.892483998e+02 -5.892483998e+02 -4.6962e-01 +1.9621e+00
399 0 +4.707527781e-02 -5.892529247e+02 -5.892529247e+02 -4.8278e-01 +1.9638e+00
% f evaluations | g evaluations | best noise-free fitness - Fopt (-1.762500000000e+02) + sum g_i+ | measured fitness | best measured fitness or single-digit g-values | x1 | x2...
1 0 +4.329736601e+06 +4.329560351e+06 +4.329560351e+06 +0.0000e+00 +0.0000e+00
3 0 +4.328696264e+06 +4.328520014e+06 +4.328520014e+06 +0.0000e+00 +2.5000e-04
18 0 +4.258109420e+06 +4.257933170e+06 +4.257933170e+06 -2.0070e-02 +1.7283e-02
21 0 +4.167712802e+06 +4.167536552e+06 +4.167536552e+06 -4.7232e-02 +3.9304e-02
23 0 +4.054856183e+06 +4.054679933e+06 +4.054679933e+06 -7.8608e-02 +6.7135e-02
25 0 +3.874504767e+06 +3.874328517e+06 +3.874328517e+06 -1.3427e-01 +1.1243e-01
26 0 +3.765718142e+06 +3.765541892e+06 +3.765541892e+06 -1.6565e-01 +1.4026e-01
27 0 +3.572364269e+06 +3.572188019e+06 +3.572188019e+06 -2.2485e-01 +1.9073e-01
28 0 +3.403208599e+06 +3.403032349e+06 +3.403032349e+06 -2.8051e-01 +2.3602e-01
29 0 +3.098777329e+06 +3.098601079e+06 +3.098601079e+06 -3.8146e-01 +3.2047e-01
30 0 +2.829218775e+06 +2.829042525e+06 +2.829042525e+06 -4.7205e-01 +3.9877e-01
31 0 +2.368072165e+06 +2.367895915e+06 +2.367895915e+06 -6.4093e-01 +5.4195e-01
32 0 +1.985615508e+06 +1.985439258e+06 +1.985439258e+06 -7.9755e-01 +6.7168e-01
33 0 +1.365726687e+06 +1.365550437e+06 +1.365550437e+06 -1.0839e+00 +9.1216e-01
34 0 +8.971174459e+05 +8.969411959e+05 +8.969411959e+05 -1.3434e+00 +1.1336e+00
35 0 +2.931113253e+05 +2.929350753e+05 +2.929350753e+05 -1.8243e+00 +1.5402e+00
36 0 +4.076308461e+04 +4.058683461e+04 +4.058683461e+04 -2.2673e+00 +1.9104e+00
42 0 +6.505753642e+03 +6.329503642e+03 +6.329503642e+03 -2.6284e+00 +2.2174e+00
45 0 +2.981966506e+03 +2.805716506e+03 +2.805716506e+03 -2.4569e+00 +2.0710e+00
47 0 +1.159019511e+03 +9.827695105e+02 +9.827695105e+02 -2.4816e+00 +2.0935e+00
49 0 +3.257354691e+02 +1.494854691e+02 +1.494854691e+02 -2.5488e+00 +2.1498e+00
51 0 +2.350670492e+02 +5.881704923e+01 +5.881704923e+01 -2.5444e+00 +2.1471e+00
53 0 +7.569941027e+01 -1.005505897e+02 -1.005505897e+02 -2.5141e+00 +2.1210e+00
56 0 +7.005574038e+00 -1.692444260e+02 -1.692444260e+02 -2.5281e+00 +2.1333e+00
59 0 +5.613105555e+00 -1.706368944e+02 -1.706368944e+02 -2.5222e+00 +2.1279e+00
63 0 +8.509135167e-02 -1.761649086e+02 -1.761649086e+02 -2.5250e+00 +2.1306e+00
72 0 +8.290874847e-02 -1.761670913e+02 -1.761670913e+02 -2.5254e+00 +2.1305e+00
74 0 +7.294445526e-02 -1.761770555e+02 -1.761770555e+02 -2.5251e+00 +2.1304e+00
84 0 +7.224785533e-02 -1.761777521e+02 -1.761777521e+02 -2.5257e+00 +2.1303e+00
94 0 +7.026271978e-02 -1.761797373e+02 -1.761797373e+02 -2.5297e+00 +2.1297e+00
96 0 +6.912778840e-02 -1.761808722e+02 -1.761808722e+02 -2.5323e+00 +2.1294e+00
99 0 +6.702093484e-02 -1.761829791e+02 -1.761829791e+02 -2.5371e+00 +2.1286e+00
100 0 +6.435747782e-02 -1.761856425e+02 -1.761856425e+02 -2.5422e+00 +2.1278e+00
101 0 +6.179521141e-02 -1.761882048e+02 -1.761882048e+02 -2.5484e+00 +2.1269e+00
102 0 +6.047058230e-02 -1.761895294e+02 -1.761895294e+02 -2.5507e+00 +2.1265e+00
103 0 +5.690017842e-02 -1.761930998e+02 -1.761930998e+02 -2.5587e+00 +2.1252e+00
106 0 +5.577910717e-02 -1.761942209e+02 -1.761942209e+02 -2.5723e+00 +2.1231e+00
108 0 +5.315226814e-02 -1.761968477e+02 -1.761968477e+02 -2.5747e+00 +2.1227e+00
112 0 +5.225443547e-02 -1.761977456e+02 -1.761977456e+02 -2.5696e+00 +2.1235e+00
114 0 +5.098688534e-02 -1.761990131e+02 -1.761990131e+02 -2.5770e+00 +2.1223e+00
116 0 +4.929023857e-02 -1.762007098e+02 -1.762007098e+02 -2.5768e+00 +2.1223e+00
119 0 +4.652575873e-02 -1.762034742e+02 -1.762034742e+02 -2.5841e+00 +2.1211e+00
123 0 +4.364893167e-02 -1.762063511e+02 -1.762063511e+02 -2.5933e+00 +2.1196e+00
125 0 +3.994326324e-02 -1.762100567e+02 -1.762100567e+02 -2.6017e+00 +2.1182e+00
126 0 +3.725402746e-02 -1.762127460e+02 -1.762127460e+02 -2.6100e+00 +2.1168e+00
130 0 +3.400237410e-02 -1.762159976e+02 -1.762159976e+02 -2.6184e+00 +2.1153e+00
131 0 +3.066712349e-02 -1.762193329e+02 -1.762193329e+02 -2.6298e+00 +2.1134e+00
136 0 +2.822187530e-02 -1.762217781e+02 -1.762217781e+02 -2.6402e+00 +2.1116e+00
137 0 +2.621803345e-02 -1.762237820e+02 -1.762237820e+02 -2.6464e+00 +2.1105e+00
139 0 +2.302979550e-02 -1.762269702e+02 -1.762269702e+02 -2.6544e+00 +2.1090e+00
140 0 +2.029269623e-02 -1.762297073e+02 -1.762297073e+02 -2.6667e+00 +2.1068e+00
143 0 +1.975429521e-02 -1.762302457e+02 -1.762302457e+02 -2.6676e+00 +2.1066e+00
144 0 +1.731247572e-02 -1.762326875e+02 -1.762326875e+02 -2.6781e+00 +2.1047e+00
147 0 +1.293801704e-02 -1.762370620e+02 -1.762370620e+02 -2.7091e+00 +2.0991e+00
151 0 +1.185466141e-02 -1.762381453e+02 -1.762381453e+02 -2.7022e+00 +2.1003e+00
153 0 +9.546122597e-03 -1.762404539e+02 -1.762404539e+02 -2.7205e+00 +2.0970e+00
154 0 +7.503734243e-03 -1.762424963e+02 -1.762424963e+02 -2.7354e+00 +2.0942e+00
157 0 +5.629852301e-03 -1.762443701e+02 -1.762443701e+02 -2.7617e+00 +2.0894e+00
164 0 +4.877301721e-03 -1.762451227e+02 -1.762451227e+02 -2.7455e+00 +2.0924e+00
166 0 +4.760066883e-03 -1.762452399e+02 -1.762452399e+02 -2.7466e+00 +2.0921e+00
168 0 +4.249872976e-03 -1.762457501e+02 -1.762457501e+02 -2.7539e+00 +2.0908e+00
173 0 +4.105944438e-03 -1.762458941e+02 -1.762458941e+02 -2.7527e+00 +2.0910e+00
174 0 +3.958555310e-03 -1.762460414e+02 -1.762460414e+02 -2.7537e+00 +2.0908e+00
176 0 +3.679309014e-03 -1.762463207e+02 -1.762463207e+02 -2.7581e+00 +2.0901e+00
177 0 +3.467230930e-03 -1.762465328e+02 -1.762465328e+02 -2.7603e+00 +2.0897e+00
179 0 +3.035196074e-03 -1.762469648e+02 -1.762469648e+02 -2.7623e+00 +2.0893e+00
180 0 +2.786663727e-03 -1.762472133e+02 -1.762472133e+02 -2.7666e+00 +2.0886e+00
183 0 +2.641019998e-03 -1.762473590e+02 -1.762473590e+02 -2.7659e+00 +2.0887e+00
184 0 +2.419895911e-03 -1.762475801e+02 -1.762475801e+02 -2.7687e+00 +2.0882e+00
186 0 +1.972830865e-03 -1.762480272e+02 -1.762480272e+02 -2.7778e+00 +2.0866e+00
192 0 +1.803436628e-03 -1.762481966e+02 -1.762481966e+02 -2.7758e+00 +2.0870e+00
195 0 +1.480452329e-03 -1.762485195e+02 -1.762485195e+02 -2.7804e+00 +2.0862e+00
200 0 +1.234266189e-03 -1.762487657e+02 -1.762487657e+02 -2.7844e+00 +2.0856e+00
201 0 +1.168815060e-03 -1.762488312e+02 -1.762488312e+02 -2.7865e+00 +2.0852e+00
206 0 +1.125921683e-03 -1.762488741e+02 -1.762488741e+02 -2.7855e+00 +2.0854e+00
207 0 +1.082894331e-03 -1.762489171e+02 -1.762489171e+02 -2.7864e+00 +2.0853e+00
209 0 +8.771745889e-04 -1.762491228e+02 -1.762491228e+02 -2.7900e+00 +2.0847e+00
210 0 +7.884521630e-04 -1.762492115e+02 -1.762492115e+02 -2.7918e+00 +2.0844e+00
219 0 +6.914764968e-04 -1.762493085e+02 -1.762493085e+02 -2.7940e+00 +2.0841e+00
220 0 +6.365043490e-04 -1.762493635e+02 -1.762493635e+02 -2.7951e+00 +2.0839e+00
224 0 +5.688774691e-04 -1.762494311e+02 -1.762494311e+02 -2.7961e+00 +2.0837e+00
225 0 +5.054356939e-04 -1.762494946e+02 -1.762494946e+02 -2.7976e+00 +2.0835e+00
231 0 +4.772963354e-04 -1.762495227e+02 -1.762495227e+02 -2.7989e+00 +2.0833e+00
233 0 +4.198965146e-04 -1.762495801e+02 -1.762495801e+02 -2.7999e+00 +2.0832e+00
234 0 +3.816902129e-04 -1.762496183e+02 -1.762496183e+02 -2.8009e+00 +2.0830e+00
238 0 +3.504580740e-04 -1.762496495e+02 -1.762496495e+02 -2.8019e+00 +2.0829e+00
239 0 +2.983711270e-04 -1.762497016e+02 -1.762497016e+02 -2.8033e+00 +2.0827e+00
244 0 +2.629027560e-04 -1.762497371e+02 -1.762497371e+02 -2.8045e+00 +2.0826e+00
245 0 +2.423839420e-04 -1.762497576e+02 -1.762497576e+02 -2.8051e+00 +2.0825e+00
249 0 +2.339052647e-04 -1.762497661e+02 -1.762497661e+02 -2.8070e+00 +2.0822e+00
251 0 +2.202061453e-04 -1.762497798e+02 -1.762497798e+02 -2.8060e+00 +2.0824e+00
254 0 +2.107904699e-04 -1.762497892e+02 -1.762497892e+02 -2.8071e+00 +2.0822e+00
258 0 +2.018623050e-04 -1.762497981e+02 -1.762497981e+02 -2.8071e+00 +2.0822e+00
265 0 +1.994113215e-04 -1.762498006e+02 -1.762498006e+02 -2.8067e+00 +2.0823e+00
278 0 +1.945138488e-04 -1.762498055e+02 -1.762498055e+02 -2.8069e+00 +2.0822e+00
283 0 +1.878817102e-04 -1.762498121e+02 -1.762498121e+02 -2.8072e+00 +2.0822e+00
284 0 +1.850306928e-04 -1.762498150e+02 -1.762498150e+02 -2.8073e+00 +2.0822e+00
288 0 +1.748454232e-04 -1.762498252e+02 -1.762498252e+02 -2.8078e+00 +2.0821e+00
289 0 +1.690296421e-04 -1.762498310e+02 -1.762498310e+02 -2.8080e+00 +2.0821e+00
291 0 +1.573781254e-04 -1.762498426e+02 -1.762498426e+02 -2.8086e+00 +2.0820e+00
292 0 +1.482078100e-04 -1.762498518e+02 -1.762498518e+02 -2.8090e+00 +2.0820e+00
294 0 +1.370467299e-04 -1.762498630e+02 -1.762498630e+02 -2.8093e+00 +2.0819e+00
295 0 +1.228079683e-04 -1.762498772e+02 -1.762498772e+02 -2.8099e+00 +2.0819e+00
298 0 +1.161297964e-04 -1.762498839e+02 -1.762498839e+02 -2.8110e+00 +2.0817e+00
300 0 +1.033226449e-04 -1.762498967e+02 -1.762498967e+02 -2.8109e+00 +2.0817e+00
301 0 +9.466804022e-05 -1.762499053e+02 -1.762499053e+02 -2.8114e+00 +2.0817e+00
306 0 +9.266718232e-05 -1.762499073e+02 -1.762499073e+02 -2.8118e+00 +2.0816e+00
308 0 +8.213479879e-05 -1.762499179e+02 -1.762499179e+02 -2.8122e+00 +2.0816e+00
309 0 +7.832688900e-05 -1.762499217e+02 -1.762499217e+02 -2.8128e+00 +2.0815e+00
312 0 +7.141601554e-05 -1.762499286e+02 -1.762499286e+02 -2.8129e+00 +2.0815e+00
313 0 +6.612035355e-05 -1.762499339e+02 -1.762499339e+02 -2.8134e+00 +2.0815e+00
317 0 +5.971455778e-05 -1.762499403e+02 -1.762499403e+02 -2.8139e+00 +2.0814e+00
321 0 +5.507496113e-05 -1.762499449e+02 -1.762499449e+02 -2.8139e+00 +2.0814e+00
322 0 +5.114366022e-05 -1.762499489e+02 -1.762499489e+02 -2.8142e+00 +2.0814e+00
325 0 +4.660311188e-05 -1.762499534e+02 -1.762499534e+02 -2.8146e+00 +2.0813e+00
326 0 +4.309748962e-05 -1.762499569e+02 -1.762499569e+02 -2.8150e+00 +2.0813e+00
328 0 +3.813110513e-05 -1.762499619e+02 -1.762499619e+02 -2.8156e+00 +2.0812e+00
332 0 +3.376561665e-05 -1.762499662e+02 -1.762499662e+02 -2.8156e+00 +2.0812e+00
333 0 +3.085696599e-05 -1.762499691e+02 -1.762499691e+02 -2.8159e+00 +2.0812e+00
337 0 +2.659237481e-05 -1.762499734e+02 -1.762499734e+02 -2.8163e+00 +2.0812e+00
338 0 +2.527407781e-05 -1.762499747e+02 -1.762499747e+02 -2.8167e+00 +2.0811e+00
341 0 +2.235790589e-05 -1.762499776e+02 -1.762499776e+02 -2.8168e+00 +2.0811e+00
348 0 +2.071263503e-05 -1.762499793e+02 -1.762499793e+02 -2.8169e+00 +2.0811e+00
349 0 +1.932518268e-05 -1.762499807e+02 -1.762499807e+02 -2.8170e+00 +2.0811e+00
351 0 +1.794555678e-05 -1.762499821e+02 -1.762499821e+02 -2.8174e+00 +2.0811e+00
353 0 +1.728578243e-05 -1.762499827e+02 -1.762499827e+02 -2.8173e+00 +2.0811e+00
355 0 +1.663630297e-05 -1.762499834e+02 -1.762499834e+02 -2.8177e+00 +2.0810e+00
357 0 +1.532154582e-05 -1.762499847e+02 -1.762499847e+02 -2.8176e+00 +2.0811e+00
361 0 +1.488797625e-05 -1.762499851e+02 -1.762499851e+02 -2.8177e+00 +2.0810e+00
363 0 +1.423567261e-05 -1.762499858e+02 -1.762499858e+02 -2.8179e+00 +2.0810e+00
366 0 +1.335539005e-05 -1.762499866e+02 -1.762499866e+02 -2.8180e+00 +2.0810e+00
370 0 +1.258245516e-05 -1.762499874e+02 -1.762499874e+02 -2.8179e+00 +2.0810e+00
% f evaluations | g evaluations | best noise-free fitness - Fopt (-9.380000000000e+00) + sum g_i+ | measured fitness | best measured fitness or single-digit g-values | x1 | x2...
1 0 +2.237045469e+06 +2.237036089e+06 +2.237036089e+06 +0.0000e+00 +0.0000e+00
3 0 +2.235845735e+06 +2.235836355e+06 +2.235836355e+06 +0.0000e+00 +2.5000e-04
16 0 +2.184885299e+06 +2.184875919e+06 +2.184875919e+06 -1.2016e-02 +1.0035e-02
19 0 +2.116538265e+06 +2.116528885e+06 +2.116528885e+06 -2.7246e-02 +2.3616e-02
21 0 +2.039380039e+06 +2.039370659e+06 +2.039370659e+06 -4.7232e-02 +3.9304e-02
22 0 +1.992327733e+06 +1.992318353e+06 +1.992318353e+06 -5.7924e-02 +4.9297e-02
23 0 +1.910472501e+06 +1.910463121e+06 +1.910463121e+06 -7.8608e-02 +6.7135e-02
24 0 +1.840716869e+06 +1.840707489e+06 +1.840707489e+06 -9.8595e-02 +8.2823e-02
25 0 +1.716415180e+06 +1.716405800e+06 +1.716405800e+06 -1.3427e-01 +1.1243e-01
26 0 +1.607634602e+06 +1.607625222e+06 +1.607625222e+06 -1.6565e-01 +1.4026e-01
27 0 +1.427116610e+06 +1.427107230e+06 +1.427107230e+06 -2.2485e-01 +1.9073e-01
28 0 +1.282231584e+06 +1.282222204e+06 +1.282222204e+06 -2.8051e-01 +2.3602e-01
29 0 +1.051343776e+06 +1.051334396e+06 +1.051334396e+06 -3.8146e-01 +3.2047e-01
30 0 +8.760164951e+05 +8.760071151e+05 +8.760071151e+05 -4.7205e-01 +3.9877e-01
31 0 +6.315386744e+05 +6.315292944e+05 +6.315292944e+05 -6.4093e-01 +5.4195e-01
32 0 +4.749543108e+05 +4.749449308e+05 +4.749449308e+05 -7.9755e-01 +6.7168e-01
33 0 +2.777796373e+05 +2.777702573e+05 +2.777702573e+05 -1.0839e+00 +9.1216e-01
34 0 +9.337591578e+04 +9.336653578e+04 +9.336653578e+04 -1.3434e+00 +1.1336e+00
35 0 +1.021673528e+04 +1.020735528e+04 +1.020735528e+04 -1.8243e+00 +1.5402e+00
44 0 +6.400134688e+01 +5.462134688e+01 +5.462134688e+01 -1.6979e+00 +1.4319e+00
51 0 +4.864035184e+01 +3.926035184e+01 +3.926035184e+01 -1.6979e+00 +1.4330e+00
53 0 +3.233485737e+01 +2.295485737e+01 +2.295485737e+01 -1.7112e+00 +1.4439e+00
56 0 +1.035959566e+01 +9.795956577e-01 +9.795956577e-01 -1.7045e+00 +1.4387e+00
67 0 +1.014738845e+01 +7.673884474e-01 +7.673884474e-01 -1.7052e+00 +1.4392e+00
321 0 +9.999544512e+00 +6.195445117e-01 +6.195445117e-01 -1.6820e+00 +1.4392e+00
% f evaluations | g evaluations | best noise-free fitness - Fopt (-5.940000000000e+00) + sum g_i+ | measured fitness | best measured fitness or single-digit g-values | x1 | x2...
1 0 +9.319598421e+06 +9.319592481e+06 +9.319592481e+06 +0.0000e+00 +0.0000e+00
2 0 +9.319598419e+06 +9.319592479e+06 +9.319592479e+06 +2.5000e-04 +0.0000e+00
21 0 +9.081167469e+06 +9.081161529e+06 +9.081161529e+06 +8.1782e-03 +3.9304e-02
24 0 +8.820776769e+06 +8.820770829e+06 +8.820770829e+06 +1.6022e-02 +8.2823e-02
25 0 +8.645811702e+06 +8.645805762e+06 +8.645805762e+06 +2.2093e-02 +1.1243e-01
26 0 +8.482923075e+06 +8.482917135e+06 +8.482917135e+06 +2.5639e-02 +1.4026e-01
27 0 +8.191444324e+06 +8.191438384e+06 +8.191438384e+06 +3.4369e-02 +1.9073e-01
28 0 +7.934242902e+06 +7.934236962e+06 +7.934236962e+06 +4.4739e-02 +2.3602e-01
29 0 +7.465652417e+06 +7.465646477e+06 +7.465646477e+06 +6.1246e-02 +3.2047e-01
30 0 +7.043866940e+06 +7.043861000e+06 +7.043861000e+06 +7.3523e-02 +3.9877e-01
31 0 +6.304390862e+06 +6.304384922e+06 +6.304384922e+06 +9.9237e-02 +5.4195e-01
32 0 +5.669729113e+06 +5.669723173e+06 +5.669723173e+06 +1.2611e-01 +6.7168e-01
33 0 +4.582356827e+06 +4.582350887e+06 +4.582350887e+06 +1.7199e-01 +9.1216e-01
34 0 +3.683190838e+06 +3.683184898e+06 +3.683184898e+06 +2.0998e-01 +1.1336e+00
35 0 +2.287895444e+06 +2.287889504e+06 +2.287889504e+06 +2.8434e-01 +1.5402e+00
36 0 +1.305006942e+06 +1.305001002e+06 +1.305001002e+06 +3.5709e-01 +1.9104e+00
37 0 +2.098831358e+05 +2.098771958e+05 +2.098771958e+05 +4.8602e-01 +2.5947e+00
38 0 +2.888799532e+04 +2.888205532e+04 +2.888205532e+04 +5.9838e-01 +3.2227e+00
45 0 +1.879459287e+04 +1.878865287e+04 +1.878865287e+04 +5.4427e-01 +2.9157e+00
48 0 +9.587045310e+01 +8.993045310e+01 +8.993045310e+01 +5.6925e-01 +3.0622e+00
57 0 +5.149768806e+01 +4.555768806e+01 +4.555768806e+01 +5.7015e-01 +3.0595e+00
59 0 +2.584859693e+01 +1.990859693e+01 +1.990859693e+01 +5.6791e-01 +3.0485e+00
61 0 +1.593133697e+01 +9.991336969e+00 +9.991336969e+00 +5.6891e-01 +3.0498e+00
63 0 +9.481451982e+00 +3.541451982e+00 +3.541451982e+00 +5.6928e-01 +3.0543e+00
66 0 +7.346381372e+00 +1.406381372e+00 +1.406381372e+00 +5.6935e-01 +3.0524e+00
74 0 +7.210821357e+00 +1.270821357e+00 +1.270821357e+00 +5.6919e-01 +3.0529e+00
109 0 +7.053601413e+00 +1.113601413e+00 +1.113601413e+00 +5.9696e-01 +3.0528e+00
113 0 +6.819896528e+00 +8.798965280e-01 +8.798965280e-01 +6.4217e-01 +3.0529e+00
114 0 +6.682879992e+00 +7.428799925e-01 +7.428799925e-01 +6.6885e-01 +3.0529e+00
116 0 +6.521267226e+00 +5.812672262e-01 +5.812672262e-01 +7.2507e-01 +3.0532e+00
117 0 +6.258174215e+00 +3.181742150e-01 +3.181742150e-01 +7.6999e-01 +3.0531e+00
118 0 +5.960745619e+00 +2.074561888e-02 +2.074561888e-02 +8.4302e-01 +3.0532e+00
120 0 +5.496449030e+00 -4.435509700e-01 -4.435509700e-01 +1.0172e+00 +3.0535e+00
121 0 +5.136206800e+00 -8.037931998e-01 -8.037931998e-01 +1.1632e+00 +3.0537e+00
122 0 +4.955297869e+00 -9.847021306e-01 -9.847021306e-01 +1.1070e+00 +3.0534e+00
123 0 +4.471839878e+00 -1.468160122e+00 -1.468160122e+00 +1.2109e+00 +3.0533e+00
124 0 +4.036246366e+00 -1.903753634e+00 -1.903753634e+00 +1.5311e+00 +3.0538e+00
125 0 +3.739548115e+00 -2.200451885e+00 -2.200451885e+00 +1.8752e+00 +3.0542e+00
126 0 +2.828914628e+00 -3.111085372e+00 -3.111085372e+00 +1.9228e+00 +3.0538e+00
127 0 +2.125370094e+00 -3.814629906e+00 -3.814629906e+00 +2.3026e+00 +3.0539e+00
130 0 +1.832695252e+00 -4.107304748e+00 -4.107304748e+00 +2.9554e+00 +3.0541e+00
132 0 +1.003038093e+00 -4.936961907e+00 -4.936961907e+00 +2.7301e+00 +3.0537e+00
133 0 +4.231718353e-01 -5.516828165e+00 -5.516828165e+00 +2.8312e+00 +3.0533e+00
137 0 +4.067263178e-01 -5.533273682e+00 -5.533273682e+00 +2.7070e+00 +3.0525e+00
139 0 +3.574613306e-02 -5.904253867e+00 -5.904253867e+00 +3.0644e+00 +3.0528e+00
147 0 +1.721674222e-02 -5.922783258e+00 -5.922783258e+00 +3.1856e+00 +3.0529e+00
150 0 +1.617160129e-02 -5.923828399e+00 -5.923828399e+00 +3.1432e+00 +3.0527e+00
153 0 +3.433777170e-03 -5.936566223e+00 -5.936566223e+00 +3.2143e+00 +3.0528e+00
159 0 +2.727810695e-03 -5.937272189e+00 -5.937272189e+00 +3.2029e+00 +3.0528e+00
161 0 +1.419683485e-03 -5.938580317e+00 -5.938580317e+00 +3.2465e+00 +3.0528e+00
163 0 +8.192565799e-04 -5.939180743e+00 -5.939180743e+00 +3.2351e+00 +3.0528e+00
168 0 +3.768832324e-04 -5.939623117e+00 -5.939623117e+00 +3.2375e+00 +3.0528e+00
169 0 +4.645026895e-05 -5.939953550e+00 -5.939953550e+00 +3.2507e+00 +3.0528e+00
175 0 +2.783141394e-05 -5.939972169e+00 -5.939972169e+00 +3.2525e+00 +3.0528e+00
180 0 +1.045960668e-05 -5.939989540e+00 -5.939989540e+00 +3.2501e+00 +3.0528e+00
184 0 +9.528744010e-06 -5.939990471e+00 -5.939990471e+00 +3.2510e+00 +3.0528e+00
185 0 +5.904883622e-07 -5.939999410e+00 -5.939999410e+00 +3.2522e+00 +3.0528e+00
197 0 +3.879956996e-07 -5.939999612e+00 -5.939999612e+00 +3.2524e+00 +3.0528e+00
198 0 +3.143350691e-07 -5.939999686e+00 -5.939999686e+00 +3.2525e+00 +3.0528e+00
200 0 +2.587411547e-07 -5.939999741e+00 -5.939999741e+00 +3.2526e+00 +3.0528e+00
202 0 +1.823013962e-07 -5.939999818e+00 -5.939999818e+00 +3.2527e+00 +3.0528e+00
205 0 +9.396920841e-08 -5.939999906e+00 -5.939999906e+00 +3.2526e+00 +3.0528e+00
207 0 +3.016170602e-08 -5.939999970e+00 -5.939999970e+00 +3.2526e+00 +3.0528e+00
% f evaluations | g evaluations | best noise-free fitness - Fopt (-1.000000000000e+03) + sum g_i+ | measured fitness | best measured fitness or single-digit g-values | x1 | x2...
1 0 +6.568201471e+04 +6.468201471e+04 +6.468201471e+04 +0.0000e+00 +0.0000e+00
4 0 +6.555258266e+04 +6.455258266e+04 +6.455258266e+04 +2.5000e-04 -2.5000e-04
10 0 +6.454963993e+04 +6.354963993e+04 +6.354963993e+04 +3.4375e-04 -2.1250e-03
13 0 +6.266712110e+04 +6.166712110e+04 +6.166712110e+04 +1.3516e-03 -5.7187e-03
15 0 +6.083329340e+04 +5.983329340e+04 +5.983329340e+04 +1.2070e-03 -9.2344e-03
16 0 +5.942422537e+04 +5.842422537e+04 +5.842422537e+04 +2.2305e-03 -1.2016e-02
17 0 +5.714977943e+04 +5.614977943e+04 +5.614977943e+04 +3.1816e-03 -1.6555e-02
18 0 +5.540672673e+04 +5.440672673e+04 +5.440672673e+04 +3.0371e-03 -2.0070e-02
19 0 +5.195774952e+04 +5.095774952e+04 +5.095774952e+04 +3.8799e-03 -2.7246e-02
20 0 +4.857685406e+04 +4.757685406e+04 +4.757685406e+04 +5.8545e-03 -3.4566e-02
21 0 +4.299927014e+04 +4.199927014e+04 +4.199927014e+04 +8.1782e-03 -4.7232e-02
22 0 +3.856170618e+04 +3.756170618e+04 +3.756170618e+04 +8.8765e-03 -5.7924e-02
23 0 +3.071718018e+04 +2.971718018e+04 +2.971718018e+04 +1.1724e-02 -7.8608e-02
24 0 +2.403386833e+04 +2.303386833e+04 +2.303386833e+04 +1.6022e-02 -9.8595e-02
25 0 +1.421418682e+04 +1.321418682e+04 +1.321418682e+04 +2.2093e-02 -1.3427e-01
26 0 +7.762408563e+03 +6.762408563e+03 +6.762408563e+03 +2.5639e-02 -1.6565e-01
27 0 +9.177046641e+02 -8.229533586e+01 -8.229533586e+01 +3.4369e-02 -2.2485e-01
28 0 +5.340746401e+02 -4.659253599e+02 -4.659253599e+02 +4.4739e-02 -2.8051e-01
35 0 +9.675990948e+00 -9.903240091e+02 -9.903240091e+02 +3.9349e-02 -2.5312e-01
40 0 +8.614798391e+00 -9.913852016e+02 -9.913852016e+02 +4.1004e-02 -2.5931e-01
42 0 +5.250764112e+00 -9.947492359e+02 -9.947492359e+02 +4.0181e-02 -2.5865e-01
44 0 +3.720156467e-01 -9.996279844e+02 -9.996279844e+02 +3.9971e-02 -2.5605e-01
53 0 +3.311710577e-01 -9.996688289e+02 -9.996688289e+02 +3.9712e-02 -2.5617e-01
55 0 +3.089911343e-01 -9.996910089e+02 -9.996910089e+02 +3.9826e-02 -2.5636e-01
85 0 +3.014774294e-01 -9.996985226e+02 -9.996985226e+02 +3.3726e-02 -2.5657e-01
89 0 +2.936432863e-01 -9.997063567e+02 -9.997063567e+02 +2.3491e-02 -2.5698e-01
94 0 +2.849547191e-01 -9.997150453e+02 -9.997150453e+02 +1.6632e-02 -2.5732e-01
96 0 +2.778467391e-01 -9.997221533e+02 -9.997221533e+02 +6.3188e-03 -2.5780e-01
97 0 +2.733171748e-01 -9.997266828e+02 -9.997266828e+02 +3.7771e-04 -2.5810e-01
99 0 +2.641204970e-01 -9.997358795e+02 -9.997358795e+02 -7.1322e-03 -2.5852e-01
103 0 +2.622989660e-01 -9.997377010e+02 -9.997377010e+02 -4.6374e-03 -2.5845e-01
105 0 +2.520544017e-01 -9.997479456e+02 -9.997479456e+02 -1.7150e-02 -2.5912e-01
106 0 +2.501502711e-01 -9.997498497e+02 -9.997498497e+02 -2.7161e-02 -2.5967e-01
107 0 +2.407370621e-01 -9.997592629e+02 -9.997592629e+02 -2.7173e-02 -2.5977e-01
108 0 +2.318088921e-01 -9.997681911e+02 -9.997681911e+02 -3.7194e-02 -2.6039e-01
115 0 +2.233044658e-01 -9.997766955e+02 -9.997766955e+02 -4.6594e-02 -2.6102e-01
121 0 +2.165613279e-01 -9.997834387e+02 -9.997834387e+02 -5.5994e-02 -2.6164e-01
122 0 +2.126943412e-01 -9.997873057e+02 -9.997873057e+02 -5.9836e-02 -2.6193e-01
127 0 +2.076030918e-01 -9.997923969e+02 -9.997923969e+02 -6.6600e-02 -2.6251e-01
128 0 +2.026057693e-01 -9.997973942e+02 -9.997973942e+02 -7.1627e-02 -2.6280e-01
130 0 +1.960787423e-01 -9.998039213e+02 -9.998039213e+02 -7.8391e-02 -2.6339e-01
131 0 +1.881572353e-01 -9.998118428e+02 -9.998118428e+02 -8.7668e-02 -2.6412e-01
134 0 +1.754058887e-01 -9.998245941e+02 -9.998245941e+02 -1.0371e-01 -2.6544e-01
135 0 +1.712250840e-01 -9.998287749e+02 -9.998287749e+02 -1.0922e-01 -2.6596e-01
140 0 +1.622194909e-01 -9.998377805e+02 -9.998377805e+02 -1.2140e-01 -2.6702e-01
141 0 +1.568265289e-01 -9.998431735e+02 -9.998431735e+02 -1.3030e-01 -2.6783e-01
143 0 +1.498723513e-01 -9.998501276e+02 -9.998501276e+02 -1.4483e-01 -2.6922e-01
147 0 +1.446879234e-01 -9.998553121e+02 -9.998553121e+02 -1.4519e-01 -2.6933e-01
148 0 +1.398738813e-01 -9.998601261e+02 -9.998601261e+02 -1.5263e-01 -2.7007e-01
152 0 +1.341880888e-01 -9.998658119e+02 -9.998658119e+02 -1.6043e-01 -2.7092e-01
153 0 +1.283973885e-01 -9.998716026e+02 -9.998716026e+02 -1.7080e-01 -2.7198e-01
157 0 +1.200655388e-01 -9.998799345e+02 -9.998799345e+02 -1.8285e-01 -2.7333e-01
166 0 +1.167179478e-01 -9.998832821e+02 -9.998832821e+02 -1.8760e-01 -2.7389e-01
167 0 +1.142108734e-01 -9.998857891e+02 -9.998857891e+02 -1.9303e-01 -2.7449e-01
173 0 +1.115715189e-01 -9.998884285e+02 -9.998884285e+02 -1.9778e-01 -2.7505e-01
178 0 +1.085038901e-01 -9.998914961e+02 -9.998914961e+02 -2.0092e-01 -2.7545e-01
181 0 +1.045474210e-01 -9.998954526e+02 -9.998954526e+02 -2.0830e-01 -2.7632e-01
182 0 +1.017495336e-01 -9.998982505e+02 -9.998982505e+02 -2.1356e-01 -2.7696e-01
185 0 +9.724995570e-02 -9.999027500e+02 -9.999027500e+02 -2.2196e-01 -2.7801e-01
186 0 +9.523820940e-02 -9.999047618e+02 -9.999047618e+02 -2.2404e-01 -2.7829e-01
191 0 +9.003705221e-02 -9.999099629e+02 -9.999099629e+02 -2.3452e-01 -2.7963e-01
192 0 +8.698267644e-02 -9.999130173e+02 -9.999130173e+02 -2.4052e-01 -2.8042e-01
196 0 +8.242240058e-02 -9.999175776e+02 -9.999175776e+02 -2.4807e-01 -2.8145e-01
197 0 +7.934945823e-02 -9.999206505e+02 -9.999206505e+02 -2.5691e-01 -2.8262e-01
204 0 +7.559772350e-02 -9.999244023e+02 -9.999244023e+02 -2.6158e-01 -2.8331e-01
206 0 +7.175588233e-02 -9.999282441e+02 -9.999282441e+02 -2.7320e-01 -2.8491e-01
208 0 +6.949155218e-02 -9.999305084e+02 -9.999305084e+02 -2.7439e-01 -2.8514e-01
211 0 +6.636177457e-02 -9.999336382e+02 -9.999336382e+02 -2.8821e-01 -2.8709e-01
213 0 +6.314401312e-02 -9.999368560e+02 -9.999368560e+02 -2.9508e-01 -2.8812e-01
217 0 +6.032487528e-02 -9.999396751e+02 -9.999396751e+02 -2.9478e-01 -2.8815e-01
218 0 +6.000447354e-02 -9.999399955e+02 -9.999399955e+02 -2.9807e-01 -2.8868e-01
219 0 +5.792230931e-02 -9.999420777e+02 -9.999420777e+02 -3.0523e-01 -2.8968e-01
221 0 +5.579265832e-02 -9.999442073e+02 -9.999442073e+02 -3.0822e-01 -2.9024e-01
223 0 +5.176567509e-02 -9.999482343e+02 -9.999482343e+02 -3.2195e-01 -2.9230e-01
225 0 +4.564317525e-02 -9.999543568e+02 -9.999543568e+02 -3.3151e-01 -2.9392e-01
226 0 +4.172309505e-02 -9.999582769e+02 -9.999582769e+02 -3.4465e-01 -2.9604e-01
229 0 +4.142696610e-02 -9.999585730e+02 -9.999585730e+02 -3.4674e-01 -2.9647e-01
230 0 +3.629415261e-02 -9.999637058e+02 -9.999637058e+02 -3.5914e-01 -2.9856e-01
238 0 +3.354757668e-02 -9.999664524e+02 -9.999664524e+02 -3.6666e-01 -2.9982e-01
239 0 +3.181679487e-02 -9.999681832e+02 -9.999681832e+02 -3.7321e-01 -3.0095e-01
241 0 +2.906236726e-02 -9.999709376e+02 -9.999709376e+02 -3.8534e-01 -3.0309e-01
245 0 +2.730973422e-02 -9.999726903e+02 -9.999726903e+02 -3.8739e-01 -3.0349e-01
246 0 +2.564280826e-02 -9.999743572e+02 -9.999743572e+02 -3.9449e-01 -3.0476e-01
250 0 +2.333463774e-02 -9.999766654e+02 -9.999766654e+02 -4.0364e-01 -3.0644e-01
254 0 +2.262693915e-02 -9.999773731e+02 -9.999773731e+02 -4.0455e-01 -3.0663e-01
255 0 +2.135346043e-02 -9.999786465e+02 -9.999786465e+02 -4.0958e-01 -3.0757e-01
257 0 +2.011834997e-02 -9.999798817e+02 -9.999798817e+02 -4.2377e-01 -3.1018e-01
261 0 +1.902672035e-02 -9.999809733e+02 -9.999809733e+02 -4.2971e-01 -3.1131e-01
267 0 +1.757781823e-02 -9.999824222e+02 -9.999824222e+02 -4.2742e-01 -3.1096e-01
270 0 +1.737042940e-02 -9.999826296e+02 -9.999826296e+02 -4.2651e-01 -3.1076e-01
272 0 +1.673492148e-02 -9.999832651e+02 -9.999832651e+02 -4.3131e-01 -3.1165e-01
275 0 +1.634360450e-02 -9.999836564e+02 -9.999836564e+02 -4.3297e-01 -3.1197e-01
279 0 +1.621741278e-02 -9.999837826e+02 -9.999837826e+02 -4.3181e-01 -3.1176e-01
281 0 +1.568109018e-02 -9.999843189e+02 -9.999843189e+02 -4.3488e-01 -3.1234e-01
282 0 +1.530687329e-02 -9.999846931e+02 -9.999846931e+02 -4.3724e-01 -3.1279e-01
285 0 +1.384813819e-02 -9.999861519e+02 -9.999861519e+02 -4.4319e-01 -3.1396e-01
286 0 +1.298077449e-02 -9.999870192e+02 -9.999870192e+02 -4.4876e-01 -3.1503e-01
288 0 +1.223406318e-02 -9.999877659e+02 -9.999877659e+02 -4.5568e-01 -3.1643e-01
289 0 +1.066446720e-02 -9.999893355e+02 -9.999893355e+02 -4.6642e-01 -3.1847e-01
291 0 +8.501341844e-03 -9.999914987e+02 -9.999914987e+02 -4.7334e-01 -3.1988e-01
292 0 +6.991740967e-03 -9.999930083e+02 -9.999930083e+02 -4.8563e-01 -3.2231e-01
296 0 +4.425026740e-03 -9.999955750e+02 -9.999955750e+02 -5.0484e-01 -3.2614e-01
297 0 +2.507579440e-03 -9.999974924e+02 -9.999974924e+02 -5.2433e-01 -3.3001e-01
305 0 +2.235210344e-03 -9.999977648e+02 -9.999977648e+02 -5.2712e-01 -3.3053e-01
308 0 +1.780234262e-03 -9.999982198e+02 -9.999982198e+02 -5.3284e-01 -3.3164e-01
309 0 +1.624130593e-03 -9.999983759e+02 -9.999983759e+02 -5.3709e-01 -3.3246e-01
312 0 +1.453725131e-03 -9.999985463e+02 -9.999985463e+02 -5.3739e-01 -3.3250e-01
313 0 +1.222753249e-03 -9.999987772e+02 -9.999987772e+02 -5.4107e-01 -3.3319e-01
318 0 +1.009595567e-03 -9.999989904e+02 -9.999989904e+02 -5.4504e-01 -3.3392e-01
323 0 +9.613990773e-04 -9.999990386e+02 -9.999990386e+02 -5.4717e-01 -3.3432e-01
324 0 +9.146855465e-04 -9.999990853e+02 -9.999990853e+02 -5.4698e-01 -3.3427e-01
328 0 +8.041401733e-04 -9.999991959e+02 -9.999991959e+02 -5.4892e-01 -3.3462e-01
334 0 +7.720218204e-04 -9.999992280e+02 -9.999992280e+02 -5.4971e-01 -3.3477e-01
336 0 +7.149103774e-04 -9.999992851e+02 -9.999992851e+02 -5.5069e-01 -3.3494e-01
337 0 +6.759365492e-04 -9.999993241e+02 -9.999993241e+02 -5.5164e-01 -3.3511e-01
339 0 +5.833413685e-04 -9.999994167e+02 -9.999994167e+02 -5.5437e-01 -3.3559e-01
343 0 +5.497414301e-04 -9.999994503e+02 -9.999994503e+02 -5.5560e-01 -3.3580e-01
347 0 +5.242441966e-04 -9.999994758e+02 -9.999994758e+02 -5.5515e-01 -3.3572e-01
348 0 +5.103727917e-04 -9.999994896e+02 -9.999994896e+02 -5.5554e-01 -3.3578e-01
350 0 +4.474981762e-04 -9.999995525e+02 -9.999995525e+02 -5.5716e-01 -3.3606e-01
351 0 +4.224561014e-04 -9.999995775e+02 -9.999995775e+02 -5.5793e-01 -3.3619e-01
356 0 +3.686241618e-04 -9.999996314e+02 -9.999996314e+02 -5.6033e-01 -3.3659e-01
360 0 +3.543602742e-04 -9.999996456e+02 -9.999996456e+02 -5.5985e-01 -3.3651e-01
362 0 +3.374803948e-04 -9.999996625e+02 -9.999996625e+02 -5.6129e-01 -3.3675e-01
364 0 +3.253824453e-04 -9.999996746e+02 -9.999996746e+02 -5.6081e-01 -3.3666e-01
367 0 +2.945032123e-04 -9.999997055e+02 -9.999997055e+02 -5.6177e-01 -3.3682e-01
371 0 +2.877021483e-04 -9.999997123e+02 -9.999997123e+02 -5.6273e-01 -3.3698e-01
373 0 +2.673967027e-04 -9.999997326e+02 -9.999997326e+02 -5.6273e-01 -3.3697e-01
374 0 +2.538486540e-04 -9.999997462e+02 -9.999997462e+02 -5.6321e-01 -3.3705e-01
378 0 +2.417497270e-04 -9.999997583e+02 -9.999997583e+02 -5.6370e-01 -3.3712e-01
379 0 +2.241142348e-04 -9.999997759e+02 -9.999997759e+02 -5.6436e-01 -3.3722e-01
381 0 +2.005586423e-04 -9.999997994e+02 -9.999997994e+02 -5.6586e-01 -3.3746e-01
383 0 +1.967265977e-04 -9.999998033e+02 -9.999998033e+02 -5.6550e-01 -3.3740e-01
386 0 +1.861203640e-04 -9.999998139e+02 -9.999998139e+02 -5.6634e-01 -3.3753e-01
388 0 +1.760865407e-04 -9.999998239e+02 -9.999998239e+02 -5.6683e-01 -3.3761e-01
392 0 +1.629020501e-04 -9.999998371e+02 -9.999998371e+02 -5.6677e-01 -3.3759e-01
393 0 +1.593116721e-04 -9.999998407e+02 -9.999998407e+02 -5.6698e-01 -3.3762e-01
396 0 +1.491281296e-04 -9.999998509e+02 -9.999998509e+02 -5.6742e-01 -3.3769e-01
397 0 +1.419274814e-04 -9.999998581e+02 -9.999998581e+02 -5.6799e-01 -3.3778e-01
398 0 +1.313233919e-04 -9.999998687e+02 -9.999998687e+02 -5.6824e-01 -3.3781e-01
399 0 +1.200894779e-04 -9.999998799e+02 -9.999998799e+02 -5.6900e-01 -3.3792e-01
% f evaluations | g evaluations | best noise-free fitness - Fopt (1.282100000000e+02) + sum g_i+ | measured fitness | best measured fitness or single-digit g-values | x1 | x2...
1 0 +1.142186609e+06 +1.142314819e+06 +1.142314819e+06 +0.0000e+00 +0.0000e+00
2 0 +1.141687536e+06 +1.141815746e+06 +1.141815746e+06 +2.5000e-04 +0.0000e+00
12 0 +1.121308602e+06 +1.121436812e+06 +1.121436812e+06 +3.3906e-03 -4.0625e-03
15 0 +1.094006786e+06 +1.094134996e+06 +1.094134996e+06 +8.2773e-03 -9.2344e-03
17 0 +1.059137835e+06 +1.059266045e+06 +1.059266045e+06 +1.3623e-02 -1.6555e-02
18 0 +1.040612742e+06 +1.040740952e+06 +1.040740952e+06 +1.7283e-02 -2.0070e-02
19 0 +1.005583125e+06 +1.005711335e+06 +1.005711335e+06 +2.3616e-02 -2.7246e-02
20 0 +9.727004093e+05 +9.728286193e+05 +9.728286193e+05 +2.8962e-02 -3.4566e-02
21 0 +9.156762657e+05 +9.158044757e+05 +9.158044757e+05 +3.9304e-02 -4.7232e-02
22 0 +8.672402589e+05 +8.673684689e+05 +8.673684689e+05 +4.9297e-02 -5.7924e-02
23 0 +7.808573818e+05 +7.809855918e+05 +7.809855918e+05 +6.7135e-02 -7.8608e-02
24 0 +7.053772392e+05 +7.055054492e+05 +7.055054492e+05 +8.2823e-02 -9.8595e-02
25 0 +5.810211923e+05 +5.811494023e+05 +5.811494023e+05 +1.1243e-01 -1.3427e-01
26 0 +4.823531189e+05 +4.824813289e+05 +4.824813289e+05 +1.4026e-01 -1.6565e-01
27 0 +3.290029318e+05 +3.291311418e+05 +3.291311418e+05 +1.9073e-01 -2.2485e-01
28 0 +2.185546694e+05 +2.186828794e+05 +2.186828794e+05 +2.3602e-01 -2.8051e-01
29 0 +8.233784479e+04 +8.246605479e+04 +8.246605479e+04 +3.2047e-01 -3.8146e-01
30 0 +1.886230194e+04 +1.899051194e+04 +1.899051194e+04 +3.9877e-01 -4.7205e-01
31 0 +1.138928503e+04 +1.151749503e+04 +1.151749503e+04 +5.4195e-01 -6.4093e-01
35 0 +5.310888668e+03 +5.439098668e+03 +5.439098668e+03 +4.3358e-01 -5.1456e-01
38 0 +2.367220655e+02 +3.649320655e+02 +3.649320655e+02 +4.8539e-01 -5.7439e-01
43 0 +2.164701343e+02 +3.446801343e+02 +3.446801343e+02 +4.8426e-01 -5.7447e-01
45 0 +2.002470116e+01 +1.482347012e+02 +1.482347012e+02 +4.7334e-01 -5.6113e-01
50 0 +2.768337067e+00 +1.309783371e+02 +1.309783371e+02 +4.7565e-01 -5.6449e-01
59 0 +2.689222773e+00 +1.308992228e+02 +1.308992228e+02 +4.7570e-01 -5.6399e-01
85 0 +2.626671716e+00 +1.308366717e+02 +1.308366717e+02 +4.6277e-01 -5.7398e-01
89 0 +2.529449903e+00 +1.307394499e+02 +1.307394499e+02 +4.3888e-01 -5.9223e-01
90 0 +2.495984031e+00 +1.307059840e+02 +1.307059840e+02 +4.2915e-01 -5.9974e-01
91 0 +2.424611071e+00 +1.306346111e+02 +1.306346111e+02 +4.1234e-01 -6.1262e-01
92 0 +2.378780134e+00 +1.305887801e+02 +1.305887801e+02 +3.9818e-01 -6.2335e-01
94 0 +2.324264971e+00 +1.305342650e+02 +1.305342650e+02 +3.7165e-01 -6.4374e-01
99 0 +2.278638061e+00 +1.304886381e+02 +1.304886381e+02 +3.5905e-01 -6.5354e-01
104 0 +2.210946490e+00 +1.304209465e+02 +1.304209465e+02 +3.4532e-01 -6.6430e-01
106 0 +2.137725117e+00 +1.303477251e+02 +1.303477251e+02 +3.3619e-01 -6.7159e-01
107 0 +2.088755027e+00 +1.302987550e+02 +1.302987550e+02 +3.2476e-01 -6.8061e-01
114 0 +2.010625928e+00 +1.302206259e+02 +1.302206259e+02 +3.0246e-01 -6.9813e-01
115 0 +1.956820107e+00 +1.301668201e+02 +1.301668201e+02 +2.8797e-01 -7.0961e-01
117 0 +1.902907400e+00 +1.301129074e+02 +1.301129074e+02 +2.5118e-01 -7.3861e-01
121 0 +1.859920420e+00 +1.300699204e+02 +1.300699204e+02 +2.3000e-01 -7.5552e-01
123 0 +1.804703115e+00 +1.300147031e+02 +1.300147031e+02 +2.4562e-01 -7.4343e-01
129 0 +1.773810928e+00 +1.299838109e+02 +1.299838109e+02 +2.3280e-01 -7.5354e-01
133 0 +1.673320689e+00 +1.298833207e+02 +1.298833207e+02 +2.0146e-01 -7.7878e-01
136 0 +1.615842538e+00 +1.298258425e+02 +1.298258425e+02 +1.7987e-01 -7.9625e-01
140 0 +1.571751190e+00 +1.297817512e+02 +1.297817512e+02 +1.7497e-01 -8.0040e-01
141 0 +1.529706372e+00 +1.297397064e+02 +1.297397064e+02 +1.6173e-01 -8.1121e-01
145 0 +1.469018521e+00 +1.296790185e+02 +1.296790185e+02 +1.4358e-01 -8.2617e-01
148 0 +1.412852301e+00 +1.296228523e+02 +1.296228523e+02 +1.2544e-01 -8.4113e-01
152 0 +1.394079941e+00 +1.296040799e+02 +1.296040799e+02 +1.0348e-01 -8.5900e-01
154 0 +1.358996466e+00 +1.295689965e+02 +1.295689965e+02 +1.0729e-01 -8.5609e-01
155 0 +1.336061626e+00 +1.295460616e+02 +1.295460616e+02 +1.0012e-01 -8.6211e-01
157 0 +1.271637759e+00 +1.294816378e+02 +1.294816378e+02 +7.4803e-02 -8.8309e-01
158 0 +1.229380644e+00 +1.294393806e+02 +1.294393806e+02 +6.0462e-02 -8.9513e-01
161 0 +1.175932558e+00 +1.293859326e+02 +1.293859326e+02 +4.1695e-02 -9.1096e-01
167 0 +1.139392428e+00 +1.293493924e+02 +1.293493924e+02 +2.2927e-02 -9.2679e-01
168 0 +1.110561744e+00 +1.293205617e+02 +1.293205617e+02 +1.6420e-02 -9.3239e-01
171 0 +1.079430541e+00 +1.292894305e+02 +1.292894305e+02 +9.7245e-03 -9.3822e-01
172 0 +1.040190292e+00 +1.292501903e+02 +1.292501903e+02 -6.2606e-03 -9.5185e-01
179 0 +1.012580625e+00 +1.292225806e+02 +1.292225806e+02 -3.1075e-02 -9.7303e-01
180 0 +9.919885878e-01 +1.292019886e+02 +1.292019886e+02 -2.3460e-02 -9.6669e-01
182 0 +9.539065539e-01 +1.291639066e+02 +1.291639066e+02 -5.3066e-02 -9.9211e-01
184 0 +9.252703698e-01 +1.291352704e+02 +1.291352704e+02 -5.0242e-02 -9.9003e-01
186 0 +8.874365214e-01 +1.290974365e+02 +1.290974365e+02 -8.4640e-02 -1.0197e+00
188 0 +8.289196271e-01 +1.290389196e+02 +1.290389196e+02 -9.1400e-02 -1.0261e+00
189 0 +7.904886103e-01 +1.290004886e+02 +1.290004886e+02 -1.1057e-01 -1.0431e+00
194 0 +7.586069873e-01 +1.289686070e+02 +1.289686070e+02 -1.2149e-01 -1.0525e+00
196 0 +7.075443575e-01 +1.289175444e+02 +1.289175444e+02 -1.4242e-01 -1.0713e+00
201 0 +6.720821909e-01 +1.288820822e+02 +1.288820822e+02 -1.6335e-01 -1.0900e+00
202 0 +6.501182267e-01 +1.288601182e+02 +1.288601182e+02 -1.7369e-01 -1.0994e+00
204 0 +6.158754771e-01 +1.288258755e+02 +1.288258755e+02 -1.8381e-01 -1.1087e+00
205 0 +5.885925089e-01 +1.287985925e+02 +1.287985925e+02 -2.0450e-01 -1.1274e+00
209 0 +5.562649827e-01 +1.287662650e+02 +1.287662650e+02 -2.1560e-01 -1.1379e+00
214 0 +5.047161174e-01 +1.287147161e+02 +1.287147161e+02 -2.4076e-01 -1.1610e+00
215 0 +4.806811724e-01 +1.286906812e+02 +1.286906812e+02 -2.5888e-01 -1.1778e+00
218 0 +4.724207967e-01 +1.286824208e+02 +1.286824208e+02 -2.5915e-01 -1.1783e+00
219 0 +4.531082546e-01 +1.286631083e+02 +1.286631083e+02 -2.7390e-01 -1.1923e+00
221 0 +4.101442358e-01 +1.286201442e+02 +1.286201442e+02 -3.1786e-01 -1.2334e+00
227 0 +3.823800333e-01 +1.285923800e+02 +1.285923800e+02 -3.0975e-01 -1.2260e+00
228 0 +3.724248179e-01 +1.285824248e+02 +1.285824248e+02 -3.1495e-01 -1.2310e+00
233 0 +3.661866155e-01 +1.285761866e+02 +1.285761866e+02 -3.2474e-01 -1.2402e+00
235 0 +3.545160662e-01 +1.285645161e+02 +1.285645161e+02 -3.2606e-01 -1.2417e+00
237 0 +3.368079226e-01 +1.285468079e+02 +1.285468079e+02 -3.4208e-01 -1.2569e+00
239 0 +3.187701324e-01 +1.285287701e+02 +1.285287701e+02 -3.4962e-01 -1.2644e+00
240 0 +3.009676964e-01 +1.285109677e+02 +1.285109677e+02 -3.6206e-01 -1.2766e+00
242 0 +2.841463087e-01 +1.284941463e+02 +1.284941463e+02 -3.9184e-01 -1.3054e+00
244 0 +2.762874777e-01 +1.284862875e+02 +1.284862875e+02 -3.8204e-01 -1.2962e+00
247 0 +2.651130338e-01 +1.284751130e+02 +1.284751130e+02 -3.9938e-01 -1.3129e+00
249 0 +2.509946174e-01 +1.284609946e+02 +1.284609946e+02 -4.0692e-01 -1.3204e+00
253 0 +2.412804200e-01 +1.284512804e+02 +1.284512804e+02 -4.0391e-01 -1.3177e+00
257 0 +2.331750606e-01 +1.284431751e+02 +1.284431751e+02 -4.1107e-01 -1.3246e+00
258 0 +2.288575303e-01 +1.284388575e+02 +1.284388575e+02 -4.1842e-01 -1.3319e+00
259 0 +2.215216868e-01 +1.284315217e+02 +1.284315217e+02 -4.1880e-01 -1.3324e+00
260 0 +2.119064096e-01 +1.284219064e+02 +1.284219064e+02 -4.2644e-01 -1.3400e+00
263 0 +1.993000363e-01 +1.284093000e+02 +1.284093000e+02 -4.3971e-01 -1.3533e+00
264 0 +1.909007599e-01 +1.284009008e+02 +1.284009008e+02 -4.5035e-01 -1.3639e+00
265 0 +1.900008897e-01 +1.284000009e+02 +1.284000009e+02 -4.4510e-01 -1.3589e+00
267 0 +1.720968597e-01 +1.283820969e+02 +1.283820969e+02 -4.7572e-01 -1.3896e+00
269 0 +1.539132907e-01 +1.283639133e+02 +1.283639133e+02 -4.7717e-01 -1.3914e+00
270 0 +1.397748933e-01 +1.283497749e+02 +1.283497749e+02 -4.9057e-01 -1.4052e+00
276 0 +1.291579298e-01 +1.283391579e+02 +1.283391579e+02 -5.1367e-01 -1.4288e+00
278 0 +1.286059745e-01 +1.283386060e+02 +1.283386060e+02 -5.0378e-01 -1.4188e+00
282 0 +1.149990133e-01 +1.283249990e+02 +1.283249990e+02 -5.1698e-01 -1.4325e+00
287 0 +1.136528015e-01 +1.283236528e+02 +1.283236528e+02 -5.2090e-01 -1.4364e+00
288 0 +1.075953902e-01 +1.283175954e+02 +1.283175954e+02 -5.2502e-01 -1.4407e+00
289 0 +1.057753537e-01 +1.283157754e+02 +1.283157754e+02 -5.3111e-01 -1.4470e+00
292 0 +1.008168084e-01 +1.283108168e+02 +1.283108168e+02 -5.3170e-01 -1.4477e+00
293 0 +9.584981539e-02 +1.283058498e+02 +1.283058498e+02 -5.3711e-01 -1.4534e+00
295 0 +8.664663592e-02 +1.282966466e+02 +1.282966466e+02 -5.5273e-01 -1.4697e+00
296 0 +8.293632480e-02 +1.282929363e+02 +1.282929363e+02 -5.6353e-01 -1.4811e+00
299 0 +8.075716677e-02 +1.282907572e+02 +1.282907572e+02 -5.8034e-01 -1.4988e+00
301 0 +6.954437744e-02 +1.282795444e+02 +1.282795444e+02 -5.7072e-01 -1.4889e+00
307 0 +6.546256820e-02 +1.282754626e+02 +1.282754626e+02 -5.8003e-01 -1.4986e+00
310 0 +6.118380580e-02 +1.282711838e+02 +1.282711838e+02 -5.8603e-01 -1.5050e+00
314 0 +5.884040544e-02 +1.282688404e+02 +1.282688404e+02 -5.8588e-01 -1.5050e+00
315 0 +5.694114940e-02 +1.282669411e+02 +1.282669411e+02 -5.8880e-01 -1.5081e+00
316 0 +5.427554697e-02 +1.282642755e+02 +1.282642755e+02 -5.9495e-01 -1.5146e+00
317 0 +5.234283060e-02 +1.282623428e+02 +1.282623428e+02 -6.0249e-01 -1.5226e+00
318 0 +4.664685352e-02 +1.282566469e+02 +1.282566469e+02 -6.0526e-01 -1.5257e+00
319 0 +4.111717563e-02 +1.282511172e+02 +1.282511172e+02 -6.1487e-01 -1.5360e+00
322 0 +3.481695673e-02 +1.282448170e+02 +1.282448170e+02 -6.2725e-01 -1.5494e+00
326 0 +2.783178282e-02 +1.282378318e+02 +1.282378318e+02 -6.4339e-01 -1.5667e+00
327 0 +2.500513109e-02 +1.282350051e+02 +1.282350051e+02 -6.5764e-01 -1.5820e+00
328 0 +2.216454606e-02 +1.282321645e+02 +1.282321645e+02 -6.5389e-01 -1.5781e+00
329 0 +1.884439734e-02 +1.282288444e+02 +1.282288444e+02 -6.6534e-01 -1.5905e+00
330 0 +8.645398427e-03 +1.282186454e+02 +1.282186454e+02 -6.9572e-01 -1.6232e+00
337 0 +5.068728836e-03 +1.282150687e+02 +1.282150687e+02 -7.1186e-01 -1.6404e+00
345 0 +4.762476399e-03 +1.282147625e+02 +1.282147625e+02 -7.1152e-01 -1.6400e+00
346 0 +4.340774778e-03 +1.282143408e+02 +1.282143408e+02 -7.1430e-01 -1.6430e+00
348 0 +3.132063057e-03 +1.282131321e+02 +1.282131321e+02 -7.2299e-01 -1.6522e+00
356 0 +2.901452075e-03 +1.282129015e+02 +1.282129015e+02 -7.2294e-01 -1.6521e+00
357 0 +2.649927599e-03 +1.282126499e+02 +1.282126499e+02 -7.2461e-01 -1.6539e+00
360 0 +2.383332585e-03 +1.282123833e+02 +1.282123833e+02 -7.2755e-01 -1.6569e+00
361 0 +2.244961414e-03 +1.282122450e+02 +1.282122450e+02 -7.2983e-01 -1.6593e+00
362 0 +2.085809021e-03 +1.282120858e+02 +1.282120858e+02 -7.2851e-01 -1.6579e+00
363 0 +1.977457842e-03 +1.282119775e+02 +1.282119775e+02 -7.2980e-01 -1.6592e+00
365 0 +1.826817958e-03 +1.282118268e+02 +1.282118268e+02 -7.3242e-01 -1.6620e+00
366 0 +1.752331107e-03 +1.282117523e+02 +1.282117523e+02 -7.3239e-01 -1.6619e+00
368 0 +1.662238274e-03 +1.282116622e+02 +1.282116622e+02 -7.3501e-01 -1.6646e+00
370 0 +1.420487362e-03 +1.282114205e+02 +1.282114205e+02 -7.3498e-01 -1.6646e+00
376 0 +1.270958550e-03 +1.282112710e+02 +1.282112710e+02 -7.3596e-01 -1.6656e+00
377 0 +1.240261027e-03 +1.282112403e+02 +1.282112403e+02 -7.3710e-01 -1.6668e+00
380 0 +1.111186054e-03 +1.282111112e+02 +1.282111112e+02 -7.3785e-01 -1.6675e+00
381 0 +1.047829043e-03 +1.282110478e+02 +1.282110478e+02 -7.3945e-01 -1.6691e+00
384 0 +9.732240633e-04 +1.282109732e+02 +1.282109732e+02 -7.3920e-01 -1.6689e+00
385 0 +8.820141443e-04 +1.282108820e+02 +1.282108820e+02 -7.4026e-01 -1.6699e+00
388 0 +7.672468001e-04 +1.282107672e+02 +1.282107672e+02 -7.4216e-01 -1.6719e+00
389 0 +7.043829685e-04 +1.282107044e+02 +1.282107044e+02 -7.4352e-01 -1.6732e+00
391 0 +6.596549076e-04 +1.282106597e+02 +1.282106597e+02 -7.4568e-01 -1.6754e+00
394 0 +6.375642354e-04 +1.282106376e+02 +1.282106376e+02 -7.4351e-01 -1.6732e+00
395 0 +5.204665981e-04 +1.282105205e+02 +1.282105205e+02 -7.4568e-01 -1.6754e+00
396 0 +4.769124534e-04 +1.282104769e+02 +1.282104769e+02 -7.4676e-01 -1.6765e+00
% f evaluations | g evaluations | best noise-free fitness - Fopt (-2.689000000000e+01) + sum g_i+ | measured fitness | best measured fitness or single-digit g-values | x1 | x2...
1 0 +5.282837799e+05 +5.282568899e+05 +5.282568899e+05 +0.0000e+00 +0.0000e+00
4 0 +5.280417006e+05 +5.280148106e+05 +5.280148106e+05 -2.5000e-04 +2.5000e-04
11 0 +5.243732237e+05 +5.243463337e+05 +5.243463337e+05 -2.9375e-03 +3.2813e-04
16 0 +5.127767529e+05 +5.127498629e+05 +5.127498629e+05 -1.2016e-02 +2.2305e-03
19 0 +4.931019076e+05 +4.930750176e+05 +4.930750176e+05 -2.7246e-02 +3.8799e-03
20 0 +4.843112930e+05 +4.842844030e+05 +4.842844030e+05 -3.4566e-02 +5.8545e-03
21 0 +4.689285153e+05 +4.689016253e+05 +4.689016253e+05 -4.7232e-02 +8.1782e-03
22 0 +4.556989085e+05 +4.556720185e+05 +4.556720185e+05 -5.7924e-02 +8.8765e-03
23 0 +4.313993074e+05 +4.313724174e+05 +4.313724174e+05 -7.8608e-02 +1.1724e-02
24 0 +4.093786930e+05 +4.093518030e+05 +4.093518030e+05 -9.8595e-02 +1.6022e-02
25 0 +3.714104622e+05 +3.713835722e+05 +3.713835722e+05 -1.3427e-01 +2.2093e-02
26 0 +3.393502203e+05 +3.393233303e+05 +3.393233303e+05 -1.6565e-01 +2.5639e-02
27 0 +2.845727956e+05 +2.845459056e+05 +2.845459056e+05 -2.2485e-01 +3.4369e-02
28 0 +2.393513997e+05 +2.393245097e+05 +2.393245097e+05 -2.8051e-01 +4.4739e-02
29 0 +1.688312440e+05 +1.688043540e+05 +1.688043540e+05 -3.8146e-01 +6.1246e-02
30 0 +1.169382165e+05 +1.169113265e+05 +1.169113265e+05 -4.7205e-01 +7.3523e-02
31 0 +4.139239190e+04 +4.136550190e+04 +4.136550190e+04 -6.4093e-01 +9.9237e-02
32 0 +3.627984512e+03 +3.601094512e+03 +3.601094512e+03 -7.9755e-01 +1.2611e-01
38 0 +3.174960930e+03 +3.148070930e+03 +3.148070930e+03 -9.2392e-01 +1.4412e-01
40 0 +1.097152827e+03 +1.070262827e+03 +1.070262827e+03 -8.9905e-01 +1.4159e-01
42 0 +6.015173206e+01 +3.326173206e+01 +3.326173206e+01 -8.5452e-01 +1.3449e-01
45 0 +4.744293140e+01 +2.055293140e+01 +2.055293140e+01 -8.7056e-01 +1.3741e-01
51 0 +2.296982505e-01 -2.666030175e+01 -2.666030175e+01 -8.6259e-01 +1.3583e-01
60 0 +2.088665105e-01 -2.668113349e+01 -2.668113349e+01 -8.6272e-01 +1.3616e-01
62 0 +1.055358880e-01 -2.678446411e+01 -2.678446411e+01 -8.6308e-01 +1.3611e-01
71 0 +1.043748570e-01 -2.678562514e+01 -2.678562514e+01 -8.6307e-01 +1.3623e-01
90 0 +1.014625213e-01 -2.678853748e+01 -2.678853748e+01 -8.6169e-01 +1.3145e-01
93 0 +9.890613993e-02 -2.679109386e+01 -2.679109386e+01 -8.6073e-01 +1.2801e-01
94 0 +9.723295527e-02 -2.679276704e+01 -2.679276704e+01 -8.5997e-01 +1.2534e-01
96 0 +9.458676849e-02 -2.679541323e+01 -2.679541323e+01 -8.5862e-01 +1.2070e-01
97 0 +9.116018981e-02 -2.679883981e+01 -2.679883981e+01 -8.5728e-01 +1.1592e-01
98 0 +8.686252283e-02 -2.680313748e+01 -2.680313748e+01 -8.5526e-01 +1.0883e-01
99 0 +8.426277449e-02 -2.680573723e+01 -2.680573723e+01 -8.5391e-01 +1.0419e-01
100 0 +7.866494389e-02 -2.681133506e+01 -2.681133506e+01 -8.5087e-01 +9.3611e-02
101 0 +7.095446028e-02 -2.681904554e+01 -2.681904554e+01 -8.4752e-01 +8.1740e-02
102 0 +6.065424986e-02 -2.682934575e+01 -2.682934575e+01 -8.4197e-01 +6.2261e-02
103 0 +5.410485284e-02 -2.683589515e+01 -2.683589515e+01 -8.3758e-01 +4.7046e-02
104 0 +4.221764163e-02 -2.684778236e+01 -2.684778236e+01 -8.2874e-01 +1.6156e-02
105 0 +2.760577854e-02 -2.686239422e+01 -2.686239422e+01 -8.1983e-01 -1.5194e-02
106 0 +1.190601766e-02 -2.687809398e+01 -2.687809398e+01 -8.0431e-01 -6.9596e-02
107 0 +8.423501199e-03 -2.688157650e+01 -2.688157650e+01 -7.9108e-01 -1.1570e-01
111 0 +1.602352433e-03 -2.688839765e+01 -2.688839765e+01 -7.8218e-01 -1.4705e-01
118 0 +2.650873779e-04 -2.688973491e+01 -2.688973491e+01 -7.7882e-01 -1.5892e-01
127 0 +2.349000546e-04 -2.688976510e+01 -2.688976510e+01 -7.7714e-01 -1.6476e-01
129 0 +4.331863991e-05 -2.688995668e+01 -2.688995668e+01 -7.7619e-01 -1.6813e-01
130 0 +4.133077608e-05 -2.688995867e+01 -2.688995867e+01 -7.7440e-01 -1.7442e-01
138 0 +3.167874318e-05 -2.688996832e+01 -2.688996832e+01 -7.7594e-01 -1.6900e-01
140 0 +2.789065744e-05 -2.688997211e+01 -2.688997211e+01 -7.7577e-01 -1.6960e-01
142 0 +1.926758244e-05 -2.688998073e+01 -2.688998073e+01 -7.7513e-01 -1.7186e-01
145 0 +1.390525437e-05 -2.688998609e+01 -2.688998609e+01 -7.7505e-01 -1.7212e-01
146 0 +1.306650528e-05 -2.688998693e+01 -2.688998693e+01 -7.7469e-01 -1.7338e-01
149 0 +7.916454525e-06 -2.688999208e+01 -2.688999208e+01 -7.7487e-01 -1.7277e-01
150 0 +4.103412461e-06 -2.688999590e+01 -2.688999590e+01 -7.7474e-01 -1.7322e-01
154 0 +1.979472614e-06 -2.688999802e+01 -2.688999802e+01 -7.7478e-01 -1.7306e-01
156 0 +7.206155352e-07 -2.688999928e+01 -2.688999928e+01 -7.7447e-01 -1.7417e-01
162 0 +3.453378170e-07 -2.688999965e+01 -2.688999965e+01 -7.7453e-01 -1.7395e-01
166 0 +2.568961470e-07 -2.688999974e+01 -2.688999974e+01 -7.7451e-01 -1.7403e-01
167 0 +6.787762885e-08 -2.688999993e+01 -2.688999993e+01 -7.7447e-01 -1.7416e-01
168 0 +1.636155744e-08 -2.688999998e+01 -2.688999998e+01 -7.7442e-01 -1.7432e-01
% f evaluations | g evaluations | best noise-free fitness - Fopt (3.260000000000e+00) + sum g_i+ | measured fitness | best measured fitness or single-digit g-values | x1 | x2...
1 0 +1.476891809e+08 +1.476891841e+08 +1.476891841e+08 +0.0000e+00 +0.0000e+00
3 0 +1.476364399e+08 +1.476364432e+08 +1.476364432e+08 +0.0000e+00 +2.5000e-04
18 0 +1.439485657e+08 +1.439485690e+08 +1.439485690e+08 -2.0070e-02 +1.7283e-02
21 0 +1.392950064e+08 +1.392950096e+08 +1.392950096e+08 -4.7232e-02 +3.9304e-02
22 0 +1.372383770e+08 +1.372383803e+08 +1.372383803e+08 -5.7924e-02 +4.9297e-02
23 0 +1.336247042e+08 +1.336247074e+08 +1.336247074e+08 -7.8608e-02 +6.7135e-02
24 0 +1.305058778e+08 +1.305058811e+08 +1.305058811e+08 -9.8595e-02 +8.2823e-02
25 0 +1.248090273e+08 +1.248090306e+08 +1.248090306e+08 -1.3427e-01 +1.1243e-01
26 0 +1.196689123e+08 +1.196689156e+08 +1.196689156e+08 -1.6565e-01 +1.4026e-01
27 0 +1.108129471e+08 +1.108129504e+08 +1.108129504e+08 -2.2485e-01 +1.9073e-01
28 0 +1.033551271e+08 +1.033551303e+08 +1.033551303e+08 -2.8051e-01 +2.3602e-01
29 0 +9.064329571e+07 +9.064329897e+07 +9.064329897e+07 -3.8146e-01 +3.2047e-01
30 0 +8.012599177e+07 +8.012599503e+07 +8.012599503e+07 -4.7205e-01 +3.9877e-01
31 0 +6.363783902e+07 +6.363784228e+07 +6.363784228e+07 -6.4093e-01 +5.4195e-01
32 0 +5.134355663e+07 +5.134355989e+07 +5.134355989e+07 -7.9755e-01 +6.7168e-01
33 0 +3.394154870e+07 +3.394155196e+07 +3.394155196e+07 -1.0839e+00 +9.1216e-01
34 0 +2.269288709e+07 +2.269289035e+07 +2.269289035e+07 -1.3434e+00 +1.1336e+00
35 0 +1.010573605e+07 +1.010573931e+07 +1.010573931e+07 -1.8243e+00 +1.5402e+00
36 0 +4.326429969e+06 +4.326433229e+06 +4.326433229e+06 -2.2673e+00 +1.9104e+00
37 0 +5.022187171e+05 +5.022219771e+05 +5.022219771e+05 -3.0804e+00 +2.5947e+00
38 0 +1.666161949e+02 +1.698761949e+02 +1.698761949e+02 -3.8209e+00 +3.2227e+00
57 0 +5.446983975e+01 +5.772983975e+01 +5.772983975e+01 -3.8057e+00 +3.2091e+00
69 0 +5.356871521e+01 +5.682871521e+01 +5.682871521e+01 -3.8062e+00 +3.2101e+00
102 0 +5.219443184e+01 +5.545443184e+01 +5.545443184e+01 -3.7107e+00 +3.2163e+00
105 0 +5.071782767e+01 +5.397782767e+01 +5.397782767e+01 -3.6088e+00 +3.2231e+00
106 0 +4.973596442e+01 +5.299596442e+01 +5.299596442e+01 -3.5373e+00 +3.2276e+00
107 0 +4.883522400e+01 +5.209522400e+01 +5.209522400e+01 -3.4764e+00 +3.2320e+00
108 0 +4.722247508e+01 +5.048247508e+01 +5.048247508e+01 -3.3592e+00 +3.2398e+00
109 0 +4.572371542e+01 +4.898371542e+01 +4.898371542e+01 -3.2467e+00 +3.2468e+00
110 0 +4.319589313e+01 +4.645589313e+01 +4.645589313e+01 -3.0452e+00 +3.2599e+00
111 0 +4.071779769e+01 +4.397779769e+01 +4.397779769e+01 -2.8671e+00 +3.2721e+00
112 0 +3.664467788e+01 +3.990467788e+01 +3.990467788e+01 -2.5319e+00 +3.2943e+00
113 0 +3.424907928e+01 +3.750907928e+01 +3.750907928e+01 -2.2180e+00 +3.3144e+00
114 0 +3.192990398e+01 +3.518990398e+01 +3.518990398e+01 -1.6474e+00 +3.3517e+00
115 0 +2.995159949e+01 +3.321159949e+01 +3.321159949e+01 -1.1341e+00 +3.3861e+00
119 0 +2.773475394e+01 +3.099475394e+01 +3.099475394e+01 -1.4481e+00 +3.3661e+00
120 0 +2.593278941e+01 +2.919278941e+01 +2.919278941e+01 -1.3484e+00 +3.3732e+00
122 0 +2.237434998e+01 +2.563434998e+01 +2.563434998e+01 -7.3542e-01 +3.4149e+00
123 0 +1.941973236e+01 +2.267973236e+01 +2.267973236e+01 -5.3607e-01 +3.4292e+00
125 0 +1.646028129e+01 +1.972028129e+01 +1.972028129e+01 -5.5099e-01 +3.4307e+00
126 0 +1.370715289e+01 +1.696715289e+01 +1.696715289e+01 -1.5229e-01 +3.4595e+00
127 0 +1.330877309e+01 +1.656877309e+01 +1.656877309e+01 +6.7495e-01 +3.5140e+00
129 0 +6.147827621e+00 +9.407827621e+00 +9.407827621e+00 +1.0587e+00 +3.5442e+00
130 0 +2.858318652e+00 +6.118318652e+00 +6.118318652e+00 +1.8561e+00 +3.6017e+00
135 0 +1.409005312e-01 +3.400900531e+00 +3.400900531e+00 +3.1556e+00 +3.6948e+00
149 0 +1.204938063e-01 +3.380493806e+00 +3.380493806e+00 +3.2068e+00 +3.6987e+00
150 0 +4.609203813e-02 +3.306092038e+00 +3.306092038e+00 +3.3215e+00 +3.7064e+00
154 0 +3.848331749e-02 +3.298483317e+00 +3.298483317e+00 +3.3246e+00 +3.7063e+00
157 0 +2.278691821e-02 +3.282786918e+00 +3.282786918e+00 +3.3796e+00 +3.7102e+00
159 0 +2.045957330e-02 +3.280459573e+00 +3.280459573e+00 +3.4377e+00 +3.7140e+00
162 0 +1.062284928e-02 +3.270622849e+00 +3.270622849e+00 +3.3957e+00 +3.7111e+00
163 0 +3.626158205e-03 +3.263626158e+00 +3.263626158e+00 +3.4538e+00 +3.7149e+00
171 0 +1.892496670e-03 +3.261892497e+00 +3.261892497e+00 +3.4764e+00 +3.7164e+00
177 0 +1.302325087e-03 +3.261302325e+00 +3.261302325e+00 +3.4652e+00 +3.7156e+00
179 0 +1.194488801e-03 +3.261194489e+00 +3.261194489e+00 +3.4634e+00 +3.7155e+00
181 0 +9.020040525e-04 +3.260902004e+00 +3.260902004e+00 +3.4704e+00 +3.7159e+00
184 0 +7.523868515e-04 +3.260752387e+00 +3.260752387e+00 +3.4730e+00 +3.7161e+00
188 0 +6.866817260e-04 +3.260686682e+00 +3.260686682e+00 +3.4715e+00 +3.7160e+00
189 0 +6.627547041e-04 +3.260662755e+00 +3.260662755e+00 +3.4721e+00 +3.7160e+00
190 0 +5.050557041e-04 +3.260505056e+00 +3.260505056e+00 +3.4762e+00 +3.7163e+00
191 0 +4.183961482e-04 +3.260418396e+00 +3.260418396e+00 +3.4799e+00 +3.7165e+00
192 0 +3.790037797e-04 +3.260379004e+00 +3.260379004e+00 +3.4790e+00 +3.7165e+00
194 0 +2.603447406e-04 +3.260260345e+00 +3.260260345e+00 +3.4868e+00 +3.7170e+00
196 0 +1.597165401e-04 +3.260159717e+00 +3.260159717e+00 +3.4859e+00 +3.7169e+00
202 0 +8.203498701e-05 +3.260082035e+00 +3.260082035e+00 +3.4888e+00 +3.7171e+00
203 0 +6.400090655e-05 +3.260064001e+00 +3.260064001e+00 +3.4918e+00 +3.7173e+00
204 0 +4.100684113e-05 +3.260041007e+00 +3.260041007e+00 +3.4922e+00 +3.7173e+00
205 0 +2.857598834e-05 +3.260028576e+00 +3.260028576e+00 +3.4955e+00 +3.7175e+00
209 0 +2.687370618e-05 +3.260026874e+00 +3.260026874e+00 +3.5012e+00 +3.7178e+00
212 0 +7.567241725e-06 +3.260007567e+00 +3.260007567e+00 +3.4980e+00 +3.7176e+00
214 0 +4.560727423e-06 +3.260004561e+00 +3.260004561e+00 +3.4976e+00 +3.7176e+00
216 0 +2.518959737e-06 +3.260002519e+00 +3.260002519e+00 +3.4960e+00 +3.7175e+00
218 0 +3.527597445e-07 +3.260000353e+00 +3.260000353e+00 +3.4974e+00 +3.7176e+00
223 0 +1.532183163e-07 +3.260000153e+00 +3.260000153e+00 +3.4975e+00 +3.7176e+00
227 0 +4.469752568e-08 +3.260000045e+00 +3.260000045e+00 +3.4976e+00 +3.7176e+00
229 0 +3.226923573e-08 +3.260000032e+00 +3.260000032e+00 +3.4978e+00 +3.7176e+00
231 0 +1.690130347e-08 +3.260000017e+00 +3.260000017e+00 +3.4976e+00 +3.7176e+00
233 0 +8.525977258e-09 +3.260000009e+00 +3.260000009e+00 +3.4976e+00 +3.7176e+00
