% f evaluations | g evaluations | best noise-free fitness - Fopt (-5.494000000000e+01) + sum g_i+ | measured fitness | best measured fitness or single-digit g-values | x1 | x2...
1 0 +1.295649521e+07 +1.295644027e+07 +1.295644027e+07 +0.0000e+00 +0.0000e+00 +0.0000e+00 +0.0000e+00 +0.0000e+00 +0.0000e+00 +0.0000e+00 +0.0000e+00 +0.0000e+00 +0.0000e+00
3 0 +1.288735358e+07 +1.288729864e+07 +1.288729864e+07 +1.0000e-01 +0.0000e+00 +0.0000e+00 +0.0000e+00 +0.0000e+00 +0.0000e+00 +0.0000e+00 +0.0000e+00 +0.0000e+00 +0.0000e+00
5 0 +1.268830934e+07 +1.268825440e+07 +1.268825440e+07 +0.0000e+00 +0.0000e+00 +1.0000e-01 +0.0000e+00 +0.0000e+00 +0.0000e+00 +0.0000e+00 +0.0000e+00 +0.0000e+00 +0.0000e+00
13 0 +1.199160122e+07 +1.199154628e+07 +1.199154628e+07 +1.0171e-02 -2.3068e-02 +3.9449e-02 +1.8348e-02 +1.5278e-01 +1.3080e-02 -6.1421e-02 +2.2240e-02 -1.5234e-02 -3.8647e-03
14 0 +1.023220843e+07 +1.023215349e+07 +1.023215349e+07 +5.2355e-02 -1.1874e-01 +2.0307e-01 +9.4451e-02 +3.4226e-01 +6.7333e-02 -3.1618e-01 +1.1448e-01 -7.8419e-02 -1.9894e-02
15 0 +8.910832594e+06 +8.910777654e+06 +8.910777654e+06 +1.0001e-01 -2.2683e-01 +3.8792e-01 +1.8042e-01 +3.8250e-01 +1.2862e-01 -6.0398e-01 +2.1869e-01 -1.4980e-01 -3.8003e-02
16 0 +6.962224448e+06 +6.962169508e+06 +6.962169508e+06 +1.4732e-01 -3.3414e-01 +5.7144e-01 +2.6578e-01 +6.7468e-01 +1.8947e-01 -6.1667e-01 +3.2215e-01 -2.2067e-01 -5.5981e-02
17 0 +3.740778973e+06 +3.740724033e+06 +3.740724033e+06 +7.0603e-02 -8.8717e-01 +9.1429e-01 +3.0625e-01 +1.5001e+00 +1.5445e-01 -8.8759e-01 +4.1838e-01 -6.6144e-01 -3.3383e-01
18 0 +2.478341233e+06 +2.478286293e+06 +2.478286293e+06 +2.4348e-01 -9.3585e-01 +1.2823e+00 +5.3363e-01 +1.6831e+00 +3.4672e-01 -9.6788e-01 +6.7171e-01 -6.5790e-01 -2.5451e-01
19 0 +2.159889261e+06 +2.159834321e+06 +2.159834321e+06 +2.3047e-01 -1.1580e+00 +1.4536e+00 +5.7209e-01 +1.6952e+00 +3.5202e-01 -1.2916e+00 +7.3465e-01 -8.3079e-01 -3.5585e-01
20 0 +2.056804025e+06 +2.056749085e+06 +2.056749085e+06 +2.2073e-01 -1.0313e+00 +1.4724e+00 +5.7034e-01 +1.7898e+00 +3.4512e-01 -1.3529e+00 +7.3670e-01 -8.6532e-01 -3.7928e-01
22 0 +2.007941705e+06 +2.007886765e+06 +2.007886765e+06 +1.9957e-01 -1.0746e+00 +1.4776e+00 +5.5652e-01 +1.8751e+00 +3.2658e-01 -1.4066e+00 +7.2639e-01 -7.6835e-01 -3.1106e-01
24 0 +1.994591067e+06 +1.994536127e+06 +1.994536127e+06 +2.5300e-01 -1.0844e+00 +1.4586e+00 +5.3243e-01 +1.8951e+00 +3.7308e-01 -1.4163e+00 +7.0323e-01 -7.7616e-01 -3.1398e-01
28 0 +1.884759693e+06 +1.884704753e+06 +1.884704753e+06 +2.7018e-01 -1.0892e+00 +1.4666e+00 +6.9808e-01 +1.9503e+00 +4.2403e-01 -1.4375e+00 +6.9677e-01 -7.8522e-01 -3.0198e-01
29 0 +1.826966925e+06 +1.826911985e+06 +1.826911985e+06 +2.5255e-01 -1.0815e+00 +1.5017e+00 +7.2597e-01 +1.9869e+00 +4.6157e-01 -1.5038e+00 +6.8163e-01 -8.0060e-01 -3.0160e-01
30 0 +1.761241012e+06 +1.761186072e+06 +1.761186072e+06 +2.4712e-01 -1.0277e+00 +1.5201e+00 +7.5833e-01 +2.0313e+00 +5.0904e-01 -1.5045e+00 +6.6652e-01 -7.7808e-01 -2.7461e-01
31 0 +1.694913973e+06 +1.694859033e+06 +1.694859033e+06 +2.4209e-01 -1.0280e+00 +1.5562e+00 +8.0457e-01 +2.0567e+00 +5.7262e-01 -1.5205e+00 +6.5360e-01 -7.5678e-01 -2.4342e-01
32 0 +1.437187907e+06 +1.437132967e+06 +1.437132967e+06 +2.2611e-01 -1.1398e+00 +1.7136e+00 +9.8794e-01 +2.1022e+00 +8.1866e-01 -1.6052e+00 +6.1476e-01 -6.8788e-01 -1.3028e-01
33 0 +8.601440467e+05 +8.600891067e+05 +8.600891067e+05 -6.5726e-02 -9.5029e-01 +2.1539e+00 +1.5814e+00 +2.6895e+00 +1.6955e+00 -2.3268e+00 +2.1311e-01 -5.8433e-01 +1.6368e-01
34 0 +5.117999412e+05 +5.117450012e+05 +5.117450012e+05 -2.2351e-02 -8.2689e-01 +2.1467e+00 +1.6715e+00 +2.7283e+00 +1.8324e+00 -2.0931e+00 +1.9782e-01 -4.0268e-01 +3.1655e-01
36 0 +4.931846034e+05 +4.931296634e+05 +4.931296634e+05 -2.4028e-02 -8.2744e-01 +2.0894e+00 +1.6741e+00 +2.7038e+00 +1.8086e+00 -2.1081e+00 +1.9491e-01 -5.3624e-01 +5.2225e-01
37 0 +4.708592648e+05 +4.708043248e+05 +4.708043248e+05 -2.2909e-02 -8.2608e-01 +2.0117e+00 +1.7215e+00 +2.6666e+00 +1.8377e+00 -2.1370e+00 +2.1705e-01 -4.9061e-01 +5.2939e-01
39 0 +4.522272234e+05 +4.521722834e+05 +4.521722834e+05 -5.1106e-02 -8.3608e-01 +1.9949e+00 +1.7539e+00 +2.6785e+00 +1.8937e+00 -2.0800e+00 +2.2402e-01 -5.2343e-01 +5.1863e-01
40 0 +4.306109100e+05 +4.305559700e+05 +4.305559700e+05 -1.3806e-01 -8.2036e-01 +2.0300e+00 +1.8332e+00 +2.6466e+00 +1.8181e+00 -2.0652e+00 +2.1865e-01 -5.1094e-01 +5.2333e-01
42 0 +4.243657529e+05 +4.243108129e+05 +4.243108129e+05 -1.4017e-01 -8.9079e-01 +2.0589e+00 +1.8261e+00 +2.5996e+00 +1.8394e+00 -2.0585e+00 +1.9268e-01 -4.9016e-01 +5.4174e-01
43 0 +3.706541889e+05 +3.705992489e+05 +3.705992489e+05 -1.6853e-01 -8.4523e-01 +2.0428e+00 +1.8150e+00 +2.5881e+00 +1.8647e+00 -2.0348e+00 +1.3029e-01 -4.5934e-01 +5.6549e-01
44 0 +3.132482481e+05 +3.131933081e+05 +3.131933081e+05 -1.5545e-01 -8.3532e-01 +2.0099e+00 +1.7910e+00 +2.5479e+00 +1.8329e+00 -1.9633e+00 +1.4071e-01 -4.4476e-01 +5.6657e-01
45 0 +2.372155980e+05 +2.371606580e+05 +2.371606580e+05 -1.7242e-01 -8.0322e-01 +1.9726e+00 +1.7834e+00 +2.4974e+00 +1.8340e+00 -1.9044e+00 +1.1225e-01 -4.2780e-01 +5.7738e-01
46 0 +1.569900883e+05 +1.569351483e+05 +1.569351483e+05 -2.2481e-01 -7.0271e-01 +1.8551e+00 +1.7589e+00 +2.3381e+00 +1.8362e+00 -1.7176e+00 +2.3924e-02 -3.7428e-01 +6.1111e-01
% f evaluations | g evaluations | best noise-free fitness - Fopt (5.913000000000e+01) + sum g_i+ | measured fitness | best measured fitness or single-digit g-values | x1 | x2...
1 0 +1.068863699e+07 +1.068869612e+07 +1.068869612e+07 +0.0000e+00 +0.0000e+00 +0.0000e+00 +0.0000e+00 +0.0000e+00 +0.0000e+00 +0.0000e+00 +0.0000e+00 +0.0000e+00 +0.0000e+00
3 0 +1.058527438e+07 +1.058533351e+07 +1.058533351e+07 +1.0000e-01 +0.0000e+00 +0.0000e+00 +0.0000e+00 +0.0000e+00 +0.0000e+00 +0.0000e+00 +0.0000e+00 +0.0000e+00 +0.0000e+00
12 0 +1.046744909e+07 +1.046750822e+07 +1.046750822e+07 +0.0000e+00 +0.0000e+00 +0.0000e+00 +0.0000e+00 +0.0000e+00 +0.0000e+00 +0.0000e+00 +0.0000e+00 +0.0000e+00 +1.0000e-01
13 0 +1.009478839e+07 +1.009484752e+07 +1.009484752e+07 +2.5420e-02 +4.5037e-02 -2.4298e-02 +2.4899e-02 -1.4045e-02 -2.1397e-02 +2.4398e-02 +4.0330e-02 -1.6713e-02 +1.5440e-01
14 0 +8.601338272e+06 +8.601397402e+06 +8.601397402e+06 +1.3007e-01 +2.3044e-01 -1.2433e-01 +1.2740e-01 -7.1865e-02 -1.0949e-01 +1.2484e-01 +2.0636e-01 -8.5515e-02 +3.5606e-01
15 0 +2.036393069e+06 +2.036452199e+06 +2.036452199e+06 +4.6566e-01 +9.0234e-01 -6.4108e-01 +4.5406e-01 -4.1285e-01 -5.7651e-01 +4.4290e-01 +7.9757e-01 -4.7223e-01 +1.1853e+00
16 0 +1.485589088e+06 +1.485648218e+06 +1.485648218e+06 +5.0698e-01 +1.0160e+00 -9.4847e-01 +4.9347e-01 -5.1708e-01 -7.0787e-01 +4.8046e-01 +8.9389e-01 -5.8631e-01 +1.3344e+00
17 0 +1.215025877e+06 +1.215085007e+06 +1.215085007e+06 +5.9093e-01 +1.1325e+00 -8.7985e-01 +5.7654e-01 -4.9867e-01 -7.0167e-01 +5.6270e-01 +1.0026e+00 -5.7233e-01 +1.4307e+00
18 0 +1.162629762e+06 +1.162688892e+06 +1.162688892e+06 +5.7724e-01 +1.1236e+00 -8.4580e-01 +5.6273e-01 -5.2192e-01 -7.2669e-01 +5.4877e-01 +9.9252e-01 -5.9622e-01 +1.4906e+00
20 0 +1.134486043e+06 +1.134545173e+06 +1.134545173e+06 +6.0010e-01 +1.0752e+00 -8.3311e-01 +5.8559e-01 -4.9906e-01 -6.9619e-01 +5.7163e-01 +1.0154e+00 -7.2232e-01 +1.4672e+00
26 0 +1.121663193e+06 +1.121722323e+06 +1.121722323e+06 +6.0429e-01 +1.0745e+00 -8.3968e-01 +5.7767e-01 -5.1189e-01 -6.9755e-01 +5.7569e-01 +1.0237e+00 -7.2370e-01 +1.4664e+00
28 0 +1.065455426e+06 +1.065514556e+06 +1.065514556e+06 +6.0896e-01 +1.0790e+00 -8.5325e-01 +5.8252e-01 -5.2718e-01 -7.0385e-01 +5.8882e-01 +1.0425e+00 -7.3831e-01 +1.5011e+00
29 0 +9.468503976e+05 +9.469095276e+05 +9.469095276e+05 +6.0529e-01 +1.0676e+00 -9.1676e-01 +5.7852e-01 -5.8835e-01 -7.2972e-01 +6.1618e-01 +1.0843e+00 -7.9604e-01 +1.6068e+00
30 0 +8.874921094e+05 +8.875512394e+05 +8.875512394e+05 +6.6946e-01 +1.0940e+00 -8.6237e-01 +5.4063e-01 -5.9499e-01 -7.1592e-01 +6.9788e-01 +1.1420e+00 -8.0082e-01 +1.6851e+00
31 0 +8.581964245e+05 +8.582555545e+05 +8.582555545e+05 +7.0237e-01 +1.1451e+00 -9.5149e-01 +6.1645e-01 -5.9027e-01 -6.9738e-01 +7.4537e-01 +1.2165e+00 -7.9551e-01 +1.6805e+00
33 0 +8.353446728e+05 +8.354038028e+05 +8.354038028e+05 +6.9751e-01 +1.1474e+00 -9.9274e-01 +5.8207e-01 -6.2735e-01 -6.6325e-01 +7.6054e-01 +1.2259e+00 -8.2943e-01 +1.7267e+00
34 0 +8.141272617e+05 +8.141863917e+05 +8.141863917e+05 +6.7703e-01 +1.1499e+00 -9.6956e-01 +6.2833e-01 -6.4241e-01 -6.6262e-01 +7.4993e-01 +1.2414e+00 -8.4344e-01 +1.7769e+00
35 0 +8.089371705e+05 +8.089963005e+05 +8.089963005e+05 +6.7254e-01 +1.2044e+00 -9.6107e-01 +6.1994e-01 -6.6361e-01 -6.9930e-01 +7.4964e-01 +1.2448e+00 -8.8036e-01 +1.7669e+00
44 0 +7.932097641e+05 +7.932688941e+05 +7.932688941e+05 +6.9450e-01 +1.2167e+00 -9.7670e-01 +6.3128e-01 -6.4784e-01 -7.0680e-01 +7.2708e-01 +1.2104e+00 -9.0433e-01 +1.8192e+00
46 0 +7.416324175e+05 +7.416915475e+05 +7.416915475e+05 +6.5091e-01 +1.2150e+00 -1.0123e+00 +6.3929e-01 -7.0314e-01 -7.0622e-01 +6.7255e-01 +1.1800e+00 -1.0136e+00 +1.9517e+00
47 0 +7.385212706e+05 +7.385804006e+05 +7.385804006e+05 +4.7414e-01 +1.0243e+00 -1.0640e+00 +4.4548e-01 -6.7734e-01 -9.7195e-01 +2.9892e-01 +9.3643e-01 -1.1856e+00 +1.9961e+00
49 0 +6.575060549e+05 +6.575651849e+05 +6.575651849e+05 +4.0209e-01 +1.2479e+00 -1.0436e+00 +5.9290e-01 -7.4057e-01 -9.3709e-01 +2.0077e-01 +9.1878e-01 -1.3450e+00 +2.1021e+00
50 0 +6.345037646e+05 +6.345628946e+05 +6.345628946e+05 +3.9876e-01 +1.3726e+00 -1.2141e+00 +4.7107e-01 -8.0469e-01 -7.8253e-01 +1.8854e-01 +8.7694e-01 -1.4571e+00 +2.1232e+00
% f evaluations | g evaluations | best noise-free fitness - Fopt (-4.915300000000e+02) + sum g_i+ | measured fitness | best measured fitness or single-digit g-values | x1 | x2...
1 0 +3.035701260e+06 +3.035209730e+06 +3.035209730e+06 +0.0000e+00 +0.0000e+00 +0.0000e+00 +0.0000e+00 +0.0000e+00 +0.0000e+00 +0.0000e+00 +0.0000e+00 +0.0000e+00 +0.0000e+00
3 0 +3.014813450e+06 +3.014321920e+06 +3.014321920e+06 +1.0000e-01 +0.0000e+00 +0.0000e+00 +0.0000e+00 +0.0000e+00 +0.0000e+00 +0.0000e+00 +0.0000e+00 +0.0000e+00 +0.0000e+00
13 0 +2.934725631e+06 +2.934234101e+06 +2.934234101e+06 +1.1854e-01 -1.2421e-02 -2.2223e-03 -3.9606e-02 -3.9209e-03 -6.4534e-02 -5.3627e-02 -1.6564e-02 -1.7373e-02 -1.7210e-02
14 0 +2.351073266e+06 +2.350581736e+06 +2.350581736e+06 +2.8390e-01 -5.2170e-03 +5.7074e-02 -1.7125e-01 +4.6700e-02 -3.2350e-01 -2.5689e-01 -3.0518e-02 -3.5460e-02 -3.4464e-02
15 0 +5.121599187e+05 +5.116683887e+05 +5.116683887e+05 +2.5284e-01 -3.0382e-01 -1.5341e-01 -7.0474e-01 -1.7846e-01 -1.0724e+00 -9.1152e-01 -3.6491e-01 -3.7685e-01 -3.7444e-01
16 0 +3.552409969e+05 +3.547494669e+05 +3.547494669e+05 +3.4382e-01 -3.6687e-01 -1.8794e-01 -8.4382e-01 -2.1774e-01 -1.2812e+00 -1.0898e+00 -4.3955e-01 -4.5375e-01 -4.5089e-01
17 0 +2.976529597e+05 +2.971614297e+05 +2.971614297e+05 +4.6539e-01 -4.0146e-01 -1.9959e-01 -9.3955e-01 -2.3321e-01 -1.4329e+00 -1.2171e+00 -4.8346e-01 -4.9948e-01 -4.9625e-01
23 0 +2.879310304e+05 +2.874395004e+05 +2.874395004e+05 +4.2907e-01 -4.6189e-01 -8.5904e-02 -1.0721e+00 -1.1953e-01 -1.4106e+00 -1.1971e+00 -4.1785e-01 -5.9776e-01 -4.3114e-01
29 0 +2.790304267e+05 +2.785388967e+05 +2.785388967e+05 +4.3221e-01 -5.0393e-01 -1.1374e-01 -1.0847e+00 -1.3013e-01 -1.4192e+00 -1.2046e+00 -4.0372e-01 -6.1554e-01 -4.2333e-01
30 0 +2.619669444e+05 +2.614754144e+05 +2.614754144e+05 +4.3387e-01 -5.4107e-01 -1.4129e-01 -1.0818e+00 -1.3760e-01 -1.4869e+00 -1.0721e+00 -3.7638e-01 -6.2403e-01 -4.0296e-01
31 0 +2.557829324e+05 +2.552914024e+05 +2.552914024e+05 +4.4325e-01 -6.3363e-01 -2.0561e-01 -1.0738e+00 -1.4861e-01 -1.4675e+00 -1.0263e+00 -2.9739e-01 -6.4115e-01 -3.4279e-01
32 0 +2.358387715e+05 +2.353472415e+05 +2.353472415e+05 +5.2028e-01 -6.8728e-01 -2.2724e-01 -1.1214e+00 -1.3720e-01 -1.5733e+00 -1.0286e+00 -3.3435e-01 -6.7194e-01 -3.2223e-01
35 0 +2.259374321e+05 +2.254459021e+05 +2.254459021e+05 +5.3160e-01 -6.9653e-01 -2.2684e-01 -1.1804e+00 -1.2686e-01 -1.5874e+00 -1.0177e+00 -2.8908e-01 -6.7739e-01 -3.7667e-01
36 0 +2.205706327e+05 +2.200791027e+05 +2.200791027e+05 +5.6964e-01 -7.0190e-01 -2.2049e-01 -1.1826e+00 -9.8499e-02 -1.6283e+00 -9.7349e-01 -2.7091e-01 -6.7438e-01 -3.8724e-01
37 0 +2.180640355e+05 +2.175725055e+05 +2.175725055e+05 +5.6149e-01 -6.9697e-01 -1.9619e-01 -1.1938e+00 -1.5085e-01 -1.6711e+00 -9.7119e-01 -2.4294e-01 -6.6954e-01 -3.7274e-01
42 0 +2.126665017e+05 +2.121749717e+05 +2.121749717e+05 +5.8562e-01 -7.3779e-01 -1.5953e-01 -1.1971e+00 -1.4985e-01 -1.6646e+00 -9.7757e-01 -2.1924e-01 -7.0164e-01 -3.7972e-01
45 0 +2.076686334e+05 +2.071771034e+05 +2.071771034e+05 +6.0066e-01 -7.5547e-01 -1.5776e-01 -1.2050e+00 -1.4219e-01 -1.6693e+00 -9.7292e-01 -1.7934e-01 -7.0038e-01 -3.7457e-01
47 0 +1.955617673e+05 +1.950702373e+05 +1.950702373e+05 +6.0539e-01 -8.2711e-01 -1.8098e-01 -1.2092e+00 -1.4410e-01 -1.6918e+00 -9.7589e-01 -1.2744e-01 -7.2111e-01 -3.5513e-01
48 0 +1.512700545e+05 +1.507785245e+05 +1.507785245e+05 +6.5926e-01 -1.0370e+00 -2.2224e-01 -1.2236e+00 -1.0318e-01 -1.8181e+00 -9.2850e-01 +4.3817e-02 -7.7473e-01 -3.1687e-01
49 0 +4.707836797e+04 +4.658683797e+04 +4.658683797e+04 +8.6712e-01 -1.7008e+00 -3.3082e-01 -1.2569e+00 +9.7261e-02 -2.3328e+00 -6.5581e-01 +5.2354e-01 -9.4700e-01 -2.0927e-01
50 0 +4.272238364e+04 +4.223085364e+04 +4.223085364e+04 +8.3576e-01 -1.8529e+00 -4.0742e-01 -1.2654e+00 +4.1515e-02 -2.3105e+00 -7.2929e-01 +6.2418e-01 -9.9714e-01 -1.4917e-01
51 0 +4.195979917e+04 +4.146826917e+04 +4.146826917e+04 +8.6087e-01 -1.8461e+00 -4.0317e-01 -1.2385e+00 +4.3950e-02 -2.3051e+00 -7.3058e-01 +6.4228e-01 -9.8616e-01 -1.2801e-01
% f evaluations | g evaluations | best noise-free fitness - Fopt (-1.702000000000e+02) + sum g_i+ | measured fitness | best measured fitness or single-digit g-values | x1 | x2...
1 0 +2.053765432e+07 +2.053748412e+07 +2.053748412e+07 +0.0000e+00 +0.0000e+00 +0.0000e+00 +0.0000e+00 +0.0000e+00 +0.0000e+00 +0.0000e+00 +0.0000e+00 +0.0000e+00 +0.0000e+00
3 0 +2.031610424e+07 +2.031593404e+07 +2.031593404e+07 +1.0000e-01 +0.0000e+00 +0.0000e+00 +0.0000e+00 +0.0000e+00 +0.0000e+00 +0.0000e+00 +0.0000e+00 +0.0000e+00 +0.0000e+00
13 0 +1.927872072e+07 +1.927855052e+07 +1.927855052e+07 +2.8159e-02 +5.1296e-03 +2.0215e-02 +3.5934e-02 +1.5934e-01 +1.8231e-02 +1.4540e-02 +4.3532e-02 +2.0732e-03 +3.8936e-02
14 0 +1.607417268e+07 +1.607400248e+07 +1.607400248e+07 +1.4104e-01 +2.6507e-02 +1.0153e-01 +1.7971e-01 +3.9614e-01 +9.1668e-02 +7.3307e-02 +2.1750e-01 +1.1306e-02 +1.9464e-01
15 0 +5.580715040e+06 +5.580544840e+06 +5.580544840e+06 +5.9393e-01 +1.1670e-01 +4.2931e-01 +7.5503e-01 +1.3402e+00 +3.8820e-01 +3.1170e-01 +9.1248e-01 +5.3368e-02 +8.1725e-01
16 0 +3.143058150e+06 +3.142887950e+06 +3.142887950e+06 +8.0915e-01 +1.2157e-01 +5.7197e-01 +1.0413e+00 +1.8402e+00 +5.1275e-01 +4.0252e-01 +1.2681e+00 +3.0321e-02 +1.1309e+00
17 0 +1.425323973e+06 +1.425153773e+06 +1.425153773e+06 +9.3682e-01 +8.8810e-02 +6.4430e-01 +1.2231e+00 +2.1852e+00 +5.7126e-01 +4.3531e-01 +1.5029e+00 -2.3735e-02 +1.3337e+00
18 0 +8.422152295e+05 +8.420450295e+05 +8.420450295e+05 +9.9477e-01 +6.4726e-02 +6.7395e-01 +1.3087e+00 +2.3542e+00 +5.9384e-01 +4.4474e-01 +1.6156e+00 -5.8706e-02 +1.4300e+00
19 0 +6.542976349e+05 +6.541274349e+05 +6.541274349e+05 +1.0288e+00 +4.6944e-02 +6.9008e-01 +1.3602e+00 +2.4583e+00 +6.0551e-01 +4.4812e-01 +1.6841e+00 -8.3358e-02 +1.4882e+00
20 0 +6.451178503e+05 +6.449476503e+05 +6.449476503e+05 +1.0569e+00 +7.5067e-02 +7.1820e-01 +1.3883e+00 +2.3716e+00 +6.3363e-01 +4.7624e-01 +1.7123e+00 -1.9183e-01 +1.5163e+00
25 0 +6.252566564e+05 +6.250864564e+05 +6.250864564e+05 +1.1064e+00 -2.0889e-03 +6.1783e-01 +1.4393e+00 +2.2899e+00 +6.7698e-01 +5.2448e-01 +1.7646e+00 -9.6050e-02 +1.5678e+00
29 0 +6.156962541e+05 +6.155260541e+05 +6.155260541e+05 +1.1156e+00 -2.1787e-03 +6.1973e-01 +1.4453e+00 +2.2974e+00 +6.7950e-01 +5.2586e-01 +1.7585e+00 -9.6801e-02 +1.5758e+00
31 0 +5.916025889e+05 +5.914323889e+05 +5.914323889e+05 +1.1169e+00 -6.8355e-03 +6.1936e-01 +1.4516e+00 +2.3348e+00 +6.8237e-01 +5.2487e-01 +1.7647e+00 -7.3734e-02 +1.5828e+00
32 0 +5.721306680e+05 +5.719604680e+05 +5.719604680e+05 +1.1282e+00 -1.0823e-03 +6.2921e-01 +1.4674e+00 +2.3454e+00 +6.6248e-01 +5.3202e-01 +1.7805e+00 -6.9680e-02 +1.5991e+00
33 0 +5.438685859e+05 +5.436983859e+05 +5.436983859e+05 +1.1372e+00 +1.0961e-03 +6.3634e-01 +1.4828e+00 +2.3677e+00 +6.7704e-01 +5.3879e-01 +1.7952e+00 -7.1174e-02 +1.6151e+00
34 0 +4.255388918e+05 +4.253686918e+05 +4.253686918e+05 +1.1712e+00 +1.3295e-02 +6.6544e-01 +1.5436e+00 +2.4680e+00 +7.1272e-01 +5.6679e-01 +1.8500e+00 -4.3587e-02 +1.6774e+00
35 0 +3.156812285e+05 +3.155110285e+05 +3.155110285e+05 +1.2946e+00 +5.6541e-02 +7.7043e-01 +1.7633e+00 +2.8275e+00 +8.4689e-01 +6.6770e-01 +2.0489e+00 +4.8206e-02 +1.9028e+00
46 0 +3.072821559e+05 +3.071119559e+05 +3.071119559e+05 +1.2868e+00 +5.9180e-02 +7.3983e-01 +1.7686e+00 +2.8245e+00 +8.4167e-01 +7.1591e-01 +2.0052e+00 +3.1812e-02 +1.9309e+00
47 0 +2.911417820e+05 +2.909715820e+05 +2.909715820e+05 +1.2720e+00 +5.7539e-02 +7.3012e-01 +1.7581e+00 +2.8013e+00 +8.3934e-01 +7.1142e-01 +1.9846e+00 +2.6979e-02 +1.9180e+00
48 0 +2.684251286e+05 +2.682549286e+05 +2.682549286e+05 +1.2127e+00 +5.0935e-02 +6.9127e-01 +1.7164e+00 +2.7086e+00 +8.3023e-01 +6.9343e-01 +1.9024e+00 +7.4394e-03 +1.8663e+00
% f evaluations | g evaluations | best noise-free fitness - Fopt (-4.697500000000e+02) + sum g_i+ | measured fitness | best measured fitness or single-digit g-values | x1 | x2...
1 0 +1.945944411e+06 +1.945474661e+06 +1.945474661e+06 +0.0000e+00 +0.0000e+00 +0.0000e+00 +0.0000e+00 +0.0000e+00 +0.0000e+00 +0.0000e+00 +0.0000e+00 +0.0000e+00 +0.0000e+00
3 0 +1.860607076e+06 +1.860137326e+06 +1.860137326e+06 +1.0000e-01 +0.0000e+00 +0.0000e+00 +0.0000e+00 +0.0000e+00 +0.0000e+00 +0.0000e+00 +0.0000e+00 +0.0000e+00 +0.0000e+00
13 0 +1.704671813e+06 +1.704202063e+06 +1.704202063e+06 +1.5094e-01 -3.8184e-02 +4.3700e-02 +4.4310e-02 +2.2034e-02 +1.2613e-02 -3.5000e-02 +1.1255e-05 +9.7250e-03 -1.0469e-02
14 0 +1.318236509e+06 +1.317766759e+06 +1.317766759e+06 +3.4066e-01 -1.9444e-01 +2.2253e-01 +2.2564e-01 +1.1220e-01 +6.4228e-02 -1.7823e-01 +5.7315e-05 +4.9522e-02 -5.3309e-02
15 0 +1.287560991e+06 +1.287091241e+06 +1.287091241e+06 +3.9540e-01 -4.0490e-01 +1.8627e-01 +1.9068e-01 +2.9854e-02 -3.8166e-02 -3.8191e-01 -1.2914e-01 -5.9015e-02 -2.0480e-01
19 0 +1.255407575e+06 +1.254937825e+06 +1.254937825e+06 +4.9431e-01 -4.9524e-01 +2.1903e-01 +2.2442e-01 +2.7778e-02 -5.5392e-02 -3.6145e-01 -5.9264e-02 -8.0884e-02 -1.3729e-01
20 0 +1.216810173e+06 +1.216340423e+06 +1.216340423e+06 +4.6013e-01 -5.3092e-01 +2.6584e-01 +2.7167e-01 +5.9023e-02 -3.0917e-02 -3.9332e-01 -5.4585e-02 -5.8485e-02 -1.4159e-01
22 0 +1.181385133e+06 +1.180915383e+06 +1.180915383e+06 +4.9763e-01 -5.6299e-01 +2.4332e-01 +2.4955e-01 +2.2151e-02 +4.1435e-02 -4.2194e-01 -5.0274e-02 +3.9571e-02 -1.4532e-01
23 0 +1.174759462e+06 +1.174289712e+06 +1.174289712e+06 +5.1556e-01 -5.7952e-01 +2.1549e-01 +2.2196e-01 +1.0900e-01 +4.9920e-02 -4.3663e-01 -4.7727e-02 +4.5065e-02 -1.4686e-01
26 0 +1.052347003e+06 +1.051877253e+06 +1.051877253e+06 +5.1164e-01 -7.1583e-01 +2.5880e-01 +3.1202e-01 +1.2852e-01 +1.6146e-01 -5.5151e-01 +8.2221e-03 +1.0802e-01 -1.1847e-01
27 0 +7.723888242e+05 +7.719190742e+05 +7.719190742e+05 +5.0137e-01 -1.1522e+00 +3.8422e-01 +6.0442e-01 +2.0171e-01 +5.1789e-01 -9.1936e-01 +1.8681e-01 +3.0928e-01 -2.8213e-02
28 0 +6.145597579e+05 +6.140900079e+05 +6.140900079e+05 +8.1923e-01 -1.4186e+00 -2.0810e-01 +6.9512e-01 +4.2277e-01 +6.0304e-01 -1.1417e+00 +3.0865e-01 +7.6474e-01 +4.1961e-02
31 0 +5.957852786e+05 +5.953155286e+05 +5.953155286e+05 +7.6748e-01 -1.4270e+00 -1.8276e-01 +7.5415e-01 +6.4380e-01 +5.5926e-01 -1.1457e+00 +3.3990e-01 +7.3778e-01 +6.7146e-02
32 0 +5.330258337e+05 +5.325560837e+05 +5.325560837e+05 +6.5587e-01 -1.5386e+00 -2.3044e-01 +7.0552e-01 +6.3016e-01 +5.6041e-01 -1.0502e+00 +3.6085e-01 +7.4347e-01 +7.9892e-02
34 0 +5.067981648e+05 +5.063284148e+05 +5.063284148e+05 +6.9634e-01 -1.5624e+00 -2.2235e-01 +6.9954e-01 +6.3640e-01 +5.6991e-01 -1.0292e+00 +3.5004e-01 +7.1661e-01 +1.1085e-01
35 0 +5.002204934e+05 +4.997507434e+05 +4.997507434e+05 +6.8740e-01 -1.5586e+00 -2.4774e-01 +6.8087e-01 +6.4730e-01 +6.1289e-01 -1.0444e+00 +3.5457e-01 +6.7986e-01 +1.0624e-01
39 0 +4.872248662e+05 +4.867551162e+05 +4.867551162e+05 +6.8395e-01 -1.5716e+00 -2.6706e-01 +7.0352e-01 +6.4312e-01 +6.1303e-01 -1.0348e+00 +3.4703e-01 +6.6540e-01 +1.2469e-01
40 0 +4.697191878e+05 +4.692494378e+05 +4.692494378e+05 +6.7710e-01 -1.6007e+00 -2.6426e-01 +6.9511e-01 +6.4556e-01 +6.1649e-01 -1.0005e+00 +3.4963e-01 +6.3044e-01 +1.6046e-01
41 0 +4.601201249e+05 +4.596503749e+05 +4.596503749e+05 +6.8481e-01 -1.6462e+00 -2.7681e-01 +6.8282e-01 +6.4891e-01 +5.8872e-01 -1.0252e+00 +3.3215e-01 +6.1019e-01 +1.4891e-01
43 0 +4.460774942e+05 +4.456077442e+05 +4.456077442e+05 +6.9913e-01 -1.6572e+00 -2.8619e-01 +6.9531e-01 +6.8808e-01 +5.8712e-01 -1.0284e+00 +3.3882e-01 +6.0387e-01 +1.7037e-01
44 0 +4.335775197e+05 +4.331077697e+05 +4.331077697e+05 +7.1290e-01 -1.6687e+00 -2.8317e-01 +7.0801e-01 +6.8823e-01 +5.9328e-01 -1.0348e+00 +3.3603e-01 +5.8644e-01 +1.8725e-01
45 0 +3.928855943e+05 +3.924158443e+05 +3.924158443e+05 +7.2142e-01 -1.7269e+00 -3.0888e-01 +7.3773e-01 +6.9723e-01 +6.0199e-01 -1.0697e+00 +3.4231e-01 +5.4134e-01 +2.8852e-01
46 0 +3.535811852e+05 +3.531114352e+05 +3.531114352e+05 +7.6935e-01 -1.8102e+00 -3.2636e-01 +7.9616e-01 +7.2069e-01 +6.3890e-01 -1.0481e+00 +3.4747e-01 +4.8894e-01 +3.1321e-01
49 0 +3.452770201e+05 +3.448072701e+05 +3.448072701e+05 +7.4696e-01 -1.8540e+00 -3.5295e-01 +8.1561e-01 +7.2952e-01 +6.3757e-01 -1.0451e+00 +3.6354e-01 +5.0619e-01 +3.3611e-01
% f evaluations | g evaluations | best noise-free fitness - Fopt (-5.704700000000e+02) + sum g_i+ | measured fitness | best measured fitness or single-digit g-values | x1 | x2...
1 0 +4.970674911e+06 +4.970104441e+06 +4.970104441e+06 +0.0000e+00 +0.0000e+00 +0.0000e+00 +0.0000e+00 +0.0000e+00 +0.0000e+00 +0.0000e+00 +0.0000e+00 +0.0000e+00 +0.0000e+00
3 0 +4.959384139e+06 +4.958813669e+06 +4.958813669e+06 +1.0000e-01 +0.0000e+00 +0.0000e+00 +0.0000e+00 +0.0000e+00 +0.0000e+00 +0.0000e+00 +0.0000e+00 +0.0000e+00 +0.0000e+00
9 0 +4.893620371e+06 +4.893049901e+06 +4.893049901e+06 +0.0000e+00 +0.0000e+00 +0.0000e+00 +0.0000e+00 +0.0000e+00 +0.0000e+00 +1.0000e-01 +0.0000e+00 +0.0000e+00 +0.0000e+00
13 0 +4.263873482e+06 +4.263303012e+06 +4.263303012e+06 +1.6565e-03 -7.9414e-02 -6.8631e-03 -3.3186e-02 +6.3686e-03 -3.1828e-02 +1.1130e-01 +1.1820e-03 -3.3611e-02 -1.5156e-02
14 0 +2.927510061e+06 +2.926939591e+06 +2.926939591e+06 +2.6999e-02 -4.0259e-01 -1.8145e-02 -1.5763e-01 +5.1969e-02 -1.5043e-01 +1.7812e-01 +2.4485e-02 -1.5988e-01 -6.2088e-02
15 0 +2.797029447e+06 +2.796458977e+06 +2.796458977e+06 +1.5894e-01 -6.4215e-01 +7.4757e-02 -1.8535e-01 +2.0551e-01 -1.7193e-01 +3.5428e-01 +1.5425e-01 -1.8955e-01 -7.1869e-03
16 0 +2.371111750e+06 +2.370541280e+06 +2.370541280e+06 +1.3810e-01 -6.8508e-01 +3.3674e-02 -2.8896e-01 +1.9586e-01 -2.7232e-01 +3.5636e-01 +1.3228e-01 -2.9418e-01 -6.7970e-02
17 0 +2.106971302e+06 +2.106400832e+06 +2.106400832e+06 +1.1480e-01 -7.6690e-01 +1.6815e-03 -3.4782e-01 +1.7737e-01 -3.2979e-01 +3.4290e-01 +1.0850e-01 -1.6099e-01 -1.0843e-01
18 0 +1.829764487e+06 +1.829194017e+06 +1.829194017e+06 +8.7646e-02 -8.6084e-01 -3.5456e-02 -2.2445e-01 +1.5573e-01 -3.9618e-01 +3.2705e-01 +8.0791e-02 -1.9620e-01 -1.5528e-01
19 0 +1.577034028e+06 +1.576463558e+06 +1.576463558e+06 +5.5721e-02 -9.6680e-01 -7.8640e-02 -2.6641e-01 +1.3004e-01 -2.8217e-01 +3.0788e-01 +4.8239e-02 -2.3590e-01 -2.0942e-01
20 0 +1.531381803e+06 +1.530811333e+06 +1.530811333e+06 +3.7006e-02 -9.9884e-01 -1.0076e-01 -2.7910e-01 +1.1320e-01 -2.9629e-01 +2.9302e-01 +2.9334e-02 -2.4791e-01 -1.3189e-01
22 0 +1.478922779e+06 +1.478352309e+06 +1.478352309e+06 -2.8244e-03 -1.0132e+00 -7.3643e-02 -2.8498e-01 +7.6633e-02 -3.0538e-01 +3.5842e-01 -1.0824e-02 -2.5237e-01 -1.4224e-01
24 0 +1.413892576e+06 +1.413322106e+06 +1.413322106e+06 +3.2165e-02 -1.0361e+00 -8.0464e-02 -2.9417e-01 -4.4532e-03 -3.1757e-01 +3.5660e-01 +2.3837e-02 -2.6022e-01 -1.5376e-01
25 0 +1.322735945e+06 +1.322165475e+06 +1.322165475e+06 +1.8508e-02 -1.1013e+00 -1.0498e-01 -3.2064e-01 -1.2080e-02 -3.5557e-01 +3.4101e-01 +2.3393e-03 -2.8159e-01 -1.9360e-01
29 0 +1.312326140e+06 +1.311755670e+06 +1.311755670e+06 +1.8004e-02 -1.1096e+00 -1.0521e-01 -3.3733e-01 -1.9269e-02 -3.4863e-01 +3.4179e-01 -6.6019e-04 -2.9447e-01 -1.9521e-01
31 0 +1.288092481e+06 +1.287522011e+06 +1.287522011e+06 +2.2653e-02 -1.1173e+00 -9.8916e-02 -3.5106e-01 -2.9503e-02 -3.7200e-01 +3.4800e-01 -1.2890e-03 -2.9784e-01 -2.1809e-01
37 0 +1.250644511e+06 +1.250074041e+06 +1.250074041e+06 +4.6770e-02 -1.1356e+00 -1.1557e-01 -3.7950e-01 -4.5582e-02 -4.0047e-01 +3.6042e-01 -1.0923e-02 -3.2229e-01 -2.4606e-01
38 0 +1.134851899e+06 +1.134281429e+06 +1.134281429e+06 +9.0091e-02 -1.1538e+00 -8.7655e-02 -5.0056e-01 -1.0330e-01 -4.4234e-01 +3.8297e-01 -1.6080e-02 -2.9688e-01 -2.8718e-01
39 0 +4.170465870e+05 +4.164761170e+05 +4.164761170e+05 +2.0532e-01 -1.2798e+00 -1.6040e-02 -9.7687e-01 -3.2746e-01 -6.5532e-01 +4.0597e-01 +7.8662e-02 -2.7289e-01 -4.9396e-01
40 0 +3.522009264e+05 +3.516304564e+05 +3.516304564e+05 +2.3001e-01 -1.3123e+00 -5.1664e-02 -1.0463e+00 -3.8540e-01 -6.8982e-01 +3.2310e-01 +2.3582e-01 -2.7349e-01 -5.2588e-01
41 0 +3.313316645e+05 +3.307611945e+05 +3.307611945e+05 +1.8070e-01 -1.3252e+00 -9.1745e-03 -1.0664e+00 -3.6175e-01 -7.0143e-01 +3.1516e-01 +2.4342e-01 -2.7177e-01 -5.7159e-01
42 0 +3.248191013e+05 +3.242486313e+05 +3.242486313e+05 +1.6507e-01 -1.3349e+00 -1.0939e-02 -1.0746e+00 -3.6394e-01 -7.2620e-01 +3.1300e-01 +2.3938e-01 -2.7256e-01 -5.4743e-01
44 0 +3.036922624e+05 +3.031217924e+05 +3.031217924e+05 +1.7391e-01 -1.3396e+00 +1.6512e-03 -1.1032e+00 -3.7662e-01 -7.3385e-01 +3.1779e-01 +2.3635e-01 -2.5558e-01 -5.5196e-01
45 0 +2.964397741e+05 +2.958693041e+05 +2.958693041e+05 +1.5900e-01 -1.3501e+00 -1.3035e-02 -1.1236e+00 -3.8694e-01 -7.1371e-01 +3.1813e-01 +2.2801e-01 -2.6456e-01 -5.5360e-01
47 0 +2.886884656e+05 +2.881179956e+05 +2.881179956e+05 +1.6364e-01 -1.3555e+00 -2.9566e-03 -1.1273e+00 -3.9415e-01 -7.1598e-01 +3.1992e-01 +2.2813e-01 -2.7808e-01 -5.5411e-01
48 0 +2.795075344e+05 +2.789370644e+05 +2.789370644e+05 +1.6332e-01 -1.3594e+00 -8.9320e-03 -1.1298e+00 -3.9993e-01 -7.2606e-01 +3.3037e-01 +2.2841e-01 -2.7999e-01 -5.6425e-01
49 0 +2.726230060e+05 +2.720525360e+05 +2.720525360e+05 +1.7120e-01 -1.3664e+00 -1.2751e-02 -1.1361e+00 -3.9350e-01 -7.3208e-01 +3.2248e-01 +2.2081e-01 -2.8320e-01 -5.7009e-01
50 0 +2.601590271e+05 +2.595885571e+05 +2.595885571e+05 +1.7352e-01 -1.3755e+00 -1.0324e-02 -1.1479e+00 -4.0061e-01 -7.4022e-01 +3.2344e-01 +2.2021e-01 -2.8455e-01 -5.7748e-01
51 0 +2.208882131e+05 +2.203177431e+05 +2.203177431e+05 +1.7844e-01 -1.4014e+00 +1.0588e-02 -1.1827e+00 -4.1516e-01 -7.6481e-01 +3.5151e-01 +1.7474e-01 -2.8855e-01 -6.0001e-01
% f evaluations | g evaluations | best noise-free fitness - Fopt (-1.385000000000e+01) + sum g_i+ | measured fitness | best measured fitness or single-digit g-values | x1 | x2...
1 0 +2.051510903e+06 +2.051497053e+06 +2.051497053e+06 +0.0000e+00 +0.0000e+00 +0.0000e+00 +0.0000e+00 +0.0000e+00 +0.0000e+00 +0.0000e+00 +0.0000e+00 +0.0000e+00 +0.0000e+00
4 0 +2.012031016e+06 +2.012017166e+06 +2.012017166e+06 +0.0000e+00 +1.0000e-01 +0.0000e+00 +0.0000e+00 +0.0000e+00 +0.0000e+00 +0.0000e+00 +0.0000e+00 +0.0000e+00 +0.0000e+00
6 0 +1.969590886e+06 +1.969577036e+06 +1.969577036e+06 +0.0000e+00 +0.0000e+00 +0.0000e+00 +1.0000e-01 +0.0000e+00 +0.0000e+00 +0.0000e+00 +0.0000e+00 +0.0000e+00 +0.0000e+00
13 0 +1.824792937e+06 +1.824779087e+06 +1.824779087e+06 -1.7045e-02 +2.5127e-02 -4.4949e-02 +1.5214e-01 -1.8390e-03 -3.1168e-02 -3.1834e-03 +1.1487e-02 -3.6283e-02 -4.3658e-02
14 0 +1.360860643e+06 +1.360846793e+06 +1.360846793e+06 -8.7039e-02 +1.2831e-01 -2.2952e-01 +3.4506e-01 -9.3903e-03 -1.5915e-01 -1.6255e-02 +5.8657e-02 -1.8527e-01 -2.2293e-01
15 0 +1.108648416e+06 +1.108634566e+06 +1.108634566e+06 -5.9717e-03 +4.0705e-01 -2.7925e-01 +8.2082e-01 +1.4296e-01 -1.4428e-01 +1.2979e-01 +2.7347e-01 -1.9438e-01 -2.6661e-01
16 0 +9.792729411e+05 +9.792590911e+05 +9.792590911e+05 -1.7323e-01 +6.0220e-01 -6.8628e-01 +9.3998e-01 +1.0638e-01 -4.3289e-01 +8.1656e-02 +3.5141e-01 -5.2694e-01 -6.6256e-01
17 0 +8.846169257e+05 +8.846030757e+05 +8.846030757e+05 -2.0785e-01 +5.8852e-01 -5.5515e-01 +1.0068e+00 +7.9305e-02 -4.7452e-01 +5.3919e-02 +3.3095e-01 -5.7111e-01 -7.1039e-01
19 0 +7.985411796e+05 +7.985273296e+05 +7.985273296e+05 -2.0513e-01 +5.9123e-01 -5.5589e-01 +1.0079e+00 +8.2022e-02 -6.0390e-01 +5.6635e-02 +3.3367e-01 -4.5651e-01 -7.1111e-01
20 0 +7.560590809e+05 +7.560452309e+05 +7.560452309e+05 -2.5799e-01 +5.6469e-01 -5.8414e-01 +1.0881e+00 +3.8649e-02 -5.5142e-01 +1.2424e-02 +2.9861e-01 -3.6401e-01 -7.7512e-01
21 0 +6.993036877e+05 +6.992898377e+05 +6.992898377e+05 -1.7517e-01 +5.4843e-01 -5.9095e-01 +1.1103e+00 +1.7073e-02 -5.6447e-01 -9.4183e-03 +2.7966e-01 -3.6978e-01 -7.9329e-01
22 0 +6.798590326e+05 +6.798451826e+05 +6.798451826e+05 -1.7359e-01 +5.2888e-01 -5.9329e-01 +1.1220e+00 -6.1062e-03 -5.7177e-01 +5.6237e-02 +2.5828e-01 -3.7185e-01 -8.0345e-01
23 0 +6.651213519e+05 +6.651075019e+05 +6.651075019e+05 -1.7499e-01 +5.4248e-01 -5.9698e-01 +1.1275e+00 +5.7234e-02 -5.7433e-01 +5.5975e-02 +1.8259e-01 -3.7483e-01 -8.0704e-01
24 0 +6.203108754e+05 +6.202970254e+05 +6.202970254e+05 -1.6862e-01 +4.6899e-01 -5.9841e-01 +1.1524e+00 +1.0613e-01 -5.9121e-01 +5.6923e-02 +2.0918e-01 -3.7651e-01 -8.3049e-01
25 0 +5.457284478e+05 +5.457145978e+05 +5.457145978e+05 -1.3070e-01 +4.6171e-01 -5.6922e-01 +1.1970e+00 +1.1613e-01 -6.3275e-01 +6.3069e-02 +2.0250e-01 -3.5499e-01 -8.8791e-01
26 0 +4.115392411e+05 +4.115253911e+05 +4.115253911e+05 -7.9832e-02 +2.6933e-01 -4.9908e-01 +1.1264e+00 +5.0300e-02 -8.1588e-01 -1.2953e-02 +5.9761e-02 -3.2455e-01 -1.1013e+00
27 0 +3.105365259e+05 +3.105226759e+05 +3.105226759e+05 +5.7594e-02 +3.7009e-01 -3.9405e-01 +1.3016e+00 +5.3662e-02 -9.2305e-01 +3.0738e-02 +3.8368e-02 -2.4102e-01 -1.2594e+00
28 0 +2.821465994e+05 +2.821327494e+05 +2.821327494e+05 +1.4436e-01 +3.1116e-01 -5.4682e-01 +1.3223e+00 +1.0810e-01 -9.6989e-01 +5.8998e-02 +5.1728e-02 -1.7759e-01 -1.3304e+00
29 0 +2.679526927e+05 +2.679388427e+05 +2.679388427e+05 +3.1537e-02 +2.7133e-01 -5.2489e-01 +1.3717e+00 +1.4462e-01 -9.7746e-01 +7.8624e-02 +6.0237e-02 -1.0621e-01 -1.4036e+00
30 0 +2.205026943e+05 +2.204888443e+05 +2.204888443e+05 -1.1536e-03 +2.8266e-01 -5.6021e-01 +1.4151e+00 +1.2780e-01 -1.0249e+00 +6.0404e-02 +5.7331e-02 -1.5898e-01 -1.4008e+00
32 0 +2.155814420e+05 +2.155675920e+05 +2.155675920e+05 +8.9050e-03 +2.6544e-01 -5.7303e-01 +1.4530e+00 +1.0228e-01 -9.5419e-01 +3.4466e-02 +3.5910e-02 -1.7600e-01 -1.4313e+00
33 0 +1.960118270e+05 +1.959979770e+05 +1.959979770e+05 +1.4317e-02 +2.5289e-01 -5.6134e-01 +1.4622e+00 +1.3273e-01 -9.7256e-01 +5.3435e-02 +5.1518e-02 -2.4758e-01 -1.4823e+00
34 0 +1.861512202e+05 +1.861373702e+05 +1.861373702e+05 +1.0608e-03 +2.8779e-01 -5.8033e-01 +1.4628e+00 +1.6115e-01 -9.8652e-01 +5.7244e-02 -3.0507e-02 -2.5979e-01 -1.5011e+00
35 0 +1.814339873e+05 +1.814201373e+05 +1.814201373e+05 +2.6716e-03 +2.9928e-01 -5.7972e-01 +1.4635e+00 +1.8306e-01 -9.9456e-01 +6.6682e-03 -1.9367e-02 -2.5844e-01 -1.5120e+00
36 0 +1.627862459e+05 +1.627723959e+05 +1.627723959e+05 -9.1092e-03 +3.2441e-01 -6.0329e-01 +1.4716e+00 +1.2681e-01 -1.0372e+00 -3.0741e-03 -1.2785e-02 -2.7133e-01 -1.5696e+00
37 0 +1.314996552e+05 +1.314858052e+05 +1.314858052e+05 -2.0574e-02 +3.8464e-01 -6.3619e-01 +1.5259e+00 +1.4684e-01 -1.0287e+00 +1.7022e-02 +2.0894e-02 -2.8547e-01 -1.5702e+00
38 0 +1.128805498e+05 +1.128666998e+05 +1.128666998e+05 -7.4215e-02 +3.8473e-01 -7.0476e-01 +1.5234e+00 +1.5745e-01 -1.0274e+00 +1.0074e-02 +3.9789e-02 -3.2898e-01 -1.5720e+00
39 0 +1.010884621e+05 +1.010746121e+05 +1.010746121e+05 -1.1078e-01 +4.1660e-01 -7.2564e-01 +1.5564e+00 +1.8672e-01 -1.0241e+00 +2.8408e-02 +6.3923e-02 -3.2561e-01 -1.6378e+00
40 0 +9.431203248e+04 +9.429818248e+04 +9.429818248e+04 -4.4391e-02 +4.3235e-01 -7.9188e-01 +1.5522e+00 +1.9981e-01 -1.0316e+00 +3.6690e-02 +7.5180e-02 -3.3752e-01 -1.6544e+00
41 0 +9.288213538e+04 +9.286828538e+04 +9.286828538e+04 -5.0563e-02 +5.0072e-01 -7.9151e-01 +1.5631e+00 +1.8583e-01 -1.0272e+00 +2.8765e-02 +8.7117e-02 -4.0640e-01 -1.6527e+00
42 0 +8.229982357e+04 +8.228597357e+04 +8.228597357e+04 -5.3006e-02 +4.7986e-01 -8.0981e-01 +1.6367e+00 +1.8979e-01 -1.0706e+00 +2.0418e-02 +8.0164e-02 -4.2073e-01 -1.6412e+00
45 0 +7.732260018e+04 +7.730875018e+04 +7.730875018e+04 -6.2674e-02 +4.7746e-01 -8.4145e-01 +1.6508e+00 +1.4204e-01 -1.0610e+00 -8.5295e-03 +6.3089e-02 -4.1217e-01 -1.6712e+00
46 0 +7.564528378e+04 +7.563143378e+04 +7.563143378e+04 -6.2407e-02 +4.7656e-01 -8.4228e-01 +1.6487e+00 +1.6603e-01 -1.0658e+00 -5.0944e-02 +6.7305e-02 -4.1405e-01 -1.6798e+00
48 0 +7.344653884e+04 +7.343268884e+04 +7.343268884e+04 -7.1319e-02 +4.7108e-01 -8.5801e-01 +1.6519e+00 +1.7880e-01 -1.0689e+00 -4.6468e-02 +4.3961e-02 -4.2790e-01 -1.6910e+00
49 0 +6.863687730e+04 +6.862302730e+04 +6.862302730e+04 -6.2271e-02 +4.7348e-01 -8.5443e-01 +1.6653e+00 +1.7944e-01 -1.0758e+00 -4.6731e-02 +3.9758e-02 -4.2780e-01 -1.7077e+00
50 0 +5.750850605e+04 +5.749465605e+04 +5.749465605e+04 -1.4392e-02 +4.6805e-01 -8.4862e-01 +1.7147e+00 +1.7017e-01 -1.1129e+00 -6.0755e-02 +1.1409e-02 -4.4451e-01 -1.7574e+00
51 0 +5.474312352e+04 +5.472927352e+04 +5.472927352e+04 -7.1533e-02 +4.6785e-01 -7.9648e-01 +1.7589e+00 +1.6922e-01 -1.1218e+00 -6.5286e-02 +4.7865e-04 -4.3974e-01 -1.8001e+00
% f evaluations | g evaluations | best noise-free fitness - Fopt (1.222300000000e+02) + sum g_i+ | measured fitness | best measured fitness or single-digit g-values | x1 | x2...
1 0 +3.960572990e+06 +3.960695220e+06 +3.960695220e+06 +0.0000e+00 +0.0000e+00 +0.0000e+00 +0.0000e+00 +0.0000e+00 +0.0000e+00 +0.0000e+00 +0.0000e+00 +0.0000e+00 +0.0000e+00
3 0 +3.831129276e+06 +3.831251506e+06 +3.831251506e+06 +1.0000e-01 +0.0000e+00 +0.0000e+00 +0.0000e+00 +0.0000e+00 +0.0000e+00 +0.0000e+00 +0.0000e+00 +0.0000e+00 +0.0000e+00
13 0 +3.557278467e+06 +3.557400697e+06 +3.557400697e+06 +1.4700e-01 -4.3567e-02 +1.5081e-03 +4.1831e-02 -2.1267e-02 -1.6997e-03 -1.6424e-02 +3.7014e-02 +3.3270e-02 +3.0647e-02
14 0 +2.332209606e+06 +2.332331836e+06 +2.332331836e+06 +3.3376e-01 -2.1815e-01 +7.5518e-03 +2.0946e-01 -1.0649e-01 -8.5110e-03 -8.2241e-02 +1.8534e-01 +1.6660e-01 +1.5346e-01
15 0 +5.453233263e+05 +5.454455563e+05 +5.454455563e+05 +6.3181e-01 -3.8362e-01 +1.0722e-01 +5.4632e-01 -1.4079e-01 +7.2288e-02 -8.8054e-02 +4.9386e-01 +4.5310e-01 +4.2452e-01
16 0 +3.869084441e+05 +3.870306741e+05 +3.870306741e+05 +7.4136e-01 -4.6717e-01 +1.0201e-01 +6.1118e-01 -1.8558e-01 +6.1500e-02 -1.2443e-01 +5.5035e-01 +5.0308e-01 +4.6995e-01
17 0 +3.157598627e+05 +3.158820927e+05 +3.158820927e+05 +8.1405e-01 -5.3037e-01 +8.4243e-02 +6.3407e-01 -2.2631e-01 +4.0502e-02 -1.6027e-01 +5.6839e-01 +5.1734e-01 +4.8156e-01
26 0 +2.430320652e+05 +2.431542952e+05 +2.431542952e+05 +8.5128e-01 -4.4166e-01 +1.1988e-01 +6.9880e-01 -3.3093e-01 +7.3293e-02 -1.3952e-01 +6.2900e-01 +5.7588e-01 +5.3812e-01
27 0 +1.753985473e+05 +1.755207773e+05 +1.755207773e+05 +8.9481e-01 -4.8033e-01 +1.2720e-01 +7.4333e-01 -3.5080e-01 +7.6180e-02 -1.5414e-01 +6.6730e-01 +6.1247e-01 +5.7204e-01
28 0 +1.117035906e+05 +1.118258206e+05 +1.118258206e+05 +1.0020e+00 -5.7813e-01 +1.4101e-01 +8.4721e-01 -4.0319e-01 +7.9171e-02 -1.9380e-01 +7.5598e-01 +6.9715e-01 +6.5023e-01
29 0 +1.093642269e+05 +1.094864569e+05 +1.094864569e+05 +9.7960e-01 -5.5048e-01 +1.7607e-01 +8.8595e-01 -3.7482e-01 +1.1283e-01 -1.6442e-01 +7.9295e-01 +7.3508e-01 +6.8773e-01
43 0 +1.065322860e+05 +1.066545160e+05 +1.066545160e+05 +1.0038e+00 -5.1598e-01 +2.3180e-01 +8.8983e-01 -3.8233e-01 +1.1150e-01 -1.5084e-01 +8.0402e-01 +7.0591e-01 +7.1497e-01
51 0 +1.047126775e+05 +1.048349075e+05 +1.048349075e+05 +1.0167e+00 -4.7761e-01 +2.5639e-01 +9.2715e-01 -3.9291e-01 +1.1968e-01 -1.4282e-01 +8.3332e-01 +6.8358e-01 +7.5762e-01
% f evaluations | g evaluations | best noise-free fitness - Fopt (-4.114000000000e+02) + sum g_i+ | measured fitness | best measured fitness or single-digit g-values | x1 | x2...
1 0 +2.646115923e+07 +2.646074783e+07 +2.646074783e+07 +0.0000e+00 +0.0000e+00 +0.0000e+00 +0.0000e+00 +0.0000e+00 +0.0000e+00 +0.0000e+00 +0.0000e+00 +0.0000e+00 +0.0000e+00
5 0 +2.632370896e+07 +2.632329756e+07 +2.632329756e+07 +0.0000e+00 +0.0000e+00 +1.0000e-01 +0.0000e+00 +0.0000e+00 +0.0000e+00 +0.0000e+00 +0.0000e+00 +0.0000e+00 +0.0000e+00
7 0 +2.619773276e+07 +2.619732136e+07 +2.619732136e+07 +0.0000e+00 +0.0000e+00 +0.0000e+00 +0.0000e+00 +1.0000e-01 +0.0000e+00 +0.0000e+00 +0.0000e+00 +0.0000e+00 +0.0000e+00
13 0 +2.506463739e+07 +2.506422599e+07 +2.506422599e+07 -2.2592e-03 -1.0337e-02 +1.5497e-02 -1.8221e-02 +2.9700e-02 +1.6089e-01 -3.6105e-04 -3.4059e-02 +4.6127e-02 -3.7920e-02
14 0 +2.173781320e+07 +2.173740180e+07 +2.173740180e+07 -1.1414e-02 -5.2225e-02 +7.8293e-02 -9.2059e-02 +1.5005e-01 +3.9897e-01 -1.8241e-03 -1.7207e-01 +2.3304e-01 -1.9158e-01
15 0 +1.031030805e+07 +1.030989665e+07 +1.030989665e+07 -4.9127e-02 -2.2479e-01 +3.3699e-01 -3.9624e-01 +6.4585e-01 +1.2971e+00 -7.8513e-03 -7.4064e-01 +1.0031e+00 -8.2460e-01
16 0 +4.256928164e+06 +4.256516764e+06 +4.256516764e+06 -8.4094e-02 -3.8478e-01 +5.7684e-01 -6.7827e-01 +1.1055e+00 +1.8373e+00 -1.3439e-02 -1.2678e+00 +1.7170e+00 -1.4115e+00
18 0 +4.134210277e+06 +4.133798877e+06 +4.133798877e+06 +6.7116e-05 -3.0958e-01 +6.8071e-01 -6.1182e-01 +1.2252e+00 +2.0311e+00 +7.2828e-02 -1.2189e+00 +1.6009e+00 -1.4694e+00
22 0 +4.049133733e+06 +4.048722333e+06 +4.048722333e+06 -7.8481e-02 -2.5188e-01 +6.9430e-01 -6.1732e-01 +1.2439e+00 +2.0903e+00 +8.0709e-02 -1.2304e+00 +1.6550e+00 -1.3690e+00
26 0 +3.960113394e+06 +3.959701994e+06 +3.959701994e+06 -8.1412e-02 -2.6529e-01 +6.3520e-01 -6.4096e-01 +1.3102e+00 +2.1025e+00 +1.3775e-01 -1.2746e+00 +1.7148e+00 -1.4181e+00
27 0 +3.796633521e+06 +3.796222121e+06 +3.796222121e+06 -9.3515e-02 -2.4854e-01 +6.5472e-01 -6.3468e-01 +1.3723e+00 +2.1332e+00 +1.5308e-01 -1.3317e+00 +1.7441e+00 -1.4161e+00
28 0 +2.480608091e+06 +2.480196691e+06 +2.480196691e+06 -1.3603e-01 -2.0509e-01 +7.3686e-01 -6.3480e-01 +1.6173e+00 +2.2419e+00 +2.0323e-01 -1.5589e+00 +1.8932e+00 -1.4528e+00
29 0 +1.119346424e+06 +1.118935024e+06 +1.118935024e+06 -1.9565e-01 -2.2299e-01 +9.2145e-01 -7.4851e-01 +2.0978e+00 +2.3982e+00 +2.5469e-01 -2.0146e+00 +2.3405e+00 -1.7285e+00
30 0 +1.069145572e+06 +1.068734172e+06 +1.068734172e+06 -1.9848e-01 -2.1447e-01 +8.1157e-01 -7.4041e-01 +2.2302e+00 +2.3925e+00 +2.4627e-01 -2.0199e+00 +2.3335e+00 -1.7149e+00
32 0 +1.025349109e+06 +1.024937709e+06 +1.024937709e+06 -1.5280e-01 -2.3558e-01 +8.3094e-01 -7.1923e-01 +2.2472e+00 +2.4535e+00 +2.5506e-01 -2.0982e+00 +2.2868e+00 -1.6786e+00
33 0 +1.020998699e+06 +1.020587299e+06 +1.020587299e+06 -8.9734e-02 -1.9247e-01 +8.4019e-01 -6.9418e-01 +2.2590e+00 +2.4691e+00 +2.8993e-01 -2.0630e+00 +2.3003e+00 -1.6993e+00
35 0 +9.899402758e+05 +9.895288758e+05 +9.895288758e+05 -1.2978e-01 -1.7114e-01 +9.0658e-01 -6.8146e-01 +2.3115e+00 +2.5040e+00 +2.7408e-01 -2.0245e+00 +2.3331e+00 -1.6181e+00
36 0 +9.718717429e+05 +9.714603429e+05 +9.714603429e+05 -1.6145e-01 -1.7636e-01 +8.8695e-01 -6.8869e-01 +2.3074e+00 +2.5287e+00 +3.5474e-01 -2.0421e+00 +2.3632e+00 -1.6047e+00
38 0 +9.528271186e+05 +9.524157186e+05 +9.524157186e+05 -1.7524e-01 -9.5896e-02 +8.9328e-01 -7.1011e-01 +2.3140e+00 +2.5216e+00 +3.4932e-01 -2.0942e+00 +2.3652e+00 -1.6047e+00
39 0 +9.280290618e+05 +9.276176618e+05 +9.276176618e+05 -1.6765e-01 -1.2335e-01 +9.2071e-01 -7.2566e-01 +2.3463e+00 +2.5345e+00 +3.3319e-01 -2.1226e+00 +2.4246e+00 -1.6536e+00
40 0 +9.047022453e+05 +9.042908453e+05 +9.042908453e+05 -1.6022e-01 -1.1585e-01 +9.2439e-01 -7.2754e-01 +2.4144e+00 +2.5761e+00 +3.4418e-01 -2.1724e+00 +2.4469e+00 -1.6335e+00
42 0 +8.839785604e+05 +8.835671604e+05 +8.835671604e+05 -1.5986e-01 -9.2858e-02 +1.0061e+00 -7.3601e-01 +2.4180e+00 +2.5762e+00 +3.7564e-01 -2.2313e+00 +2.5482e+00 -1.6000e+00
% f evaluations | g evaluations | best noise-free fitness - Fopt (1.000000000000e+03) + sum g_i+ | measured fitness | best measured fitness or single-digit g-values | x1 | x2...
1 0 +1.275059722e+07 +1.275159722e+07 +1.275159722e+07 +0.0000e+00 +0.0000e+00 +0.0000e+00 +0.0000e+00 +0.0000e+00 +0.0000e+00 +0.0000e+00 +0.0000e+00 +0.0000e+00 +0.0000e+00
3 0 +1.254579289e+07 +1.254679289e+07 +1.254679289e+07 +1.0000e-01 +0.0000e+00 +0.0000e+00 +0.0000e+00 +0.0000e+00 +0.0000e+00 +0.0000e+00 +0.0000e+00 +0.0000e+00 +0.0000e+00
13 0 +1.165842003e+07 +1.165942003e+07 +1.165942003e+07 +2.6729e-02 -1.2244e-02 -5.4840e-02 +1.4229e-02 +3.5728e-02 +2.5608e-02 -1.6284e-02 +1.4489e-01 -9.0730e-03 +4.0384e-02
14 0 +8.933531579e+06 +8.934531579e+06 +8.934531579e+06 +1.3442e-01 -6.1574e-02 -2.7579e-01 +7.1554e-02 +1.7967e-01 +1.2878e-01 -8.1893e-02 +3.1921e-01 -4.5627e-02 +2.0309e-01
15 0 +4.430285384e+06 +4.431285384e+06 +4.431285384e+06 +2.6055e-01 -3.8627e-01 -1.0932e+00 +5.3082e-02 +4.0990e-01 +2.4195e-01 -4.5333e-01 +7.5685e-01 -3.3364e-01 +4.8718e-01
16 0 +3.455148800e+06 +3.456148800e+06 +3.456148800e+06 +4.3142e-01 -3.8380e-01 -1.0654e+00 +1.6994e-01 +6.1966e-01 +4.0797e-01 -4.6832e-01 +1.0421e+00 -3.1747e-01 +7.1705e-01
17 0 +2.936860286e+06 +2.937860286e+06 +2.937860286e+06 +3.9472e-01 -5.6539e-01 -1.0762e+00 +8.6765e-02 +6.1641e-01 +3.6710e-01 -6.6492e-01 +1.2808e+00 -4.8727e-01 +7.3111e-01
18 0 +1.702922685e+06 +1.703922685e+06 +1.703922685e+06 +4.9101e-01 -6.7957e-01 -1.3741e+00 +1.1555e-01 +7.6131e-01 +4.5734e-01 -8.0093e-01 +1.1846e+00 -5.8433e-01 +9.0116e-01
19 0 +1.451943803e+06 +1.452943803e+06 +1.452943803e+06 +4.9254e-01 -7.2523e-01 -1.4602e+00 +1.0194e-01 +7.7373e-01 +4.5751e-01 -6.9000e-01 +1.2365e+00 -6.2615e-01 +9.1921e-01
20 0 +1.274207312e+06 +1.275207312e+06 +1.275207312e+06 +4.9150e-01 -6.2686e-01 -1.5352e+00 +8.7682e-02 +7.8221e-01 +4.5529e-01 -7.1719e-01 +1.2817e+00 -6.6505e-01 +9.3262e-01
21 0 +1.187418892e+06 +1.188418892e+06 +1.188418892e+06 +4.8924e-01 -6.4633e-01 -1.5897e+00 +7.5784e-02 +7.8689e-01 +4.5217e-01 -7.3695e-01 +1.3145e+00 -5.9480e-01 +9.4089e-01
22 0 +1.137305960e+06 +1.138305960e+06 +1.138305960e+06 +4.8069e-01 -6.5178e-01 -1.6050e+00 +1.2966e-01 +7.8039e-01 +4.4336e-01 -7.4242e-01 +1.3236e+00 -6.0071e-01 +9.3545e-01
25 0 +1.114678264e+06 +1.115678264e+06 +1.115678264e+06 +4.3690e-01 -6.5718e-01 -1.6201e+00 +1.3150e-01 +8.3298e-01 +5.4415e-01 -7.4797e-01 +1.3328e+00 -6.0643e-01 +8.4772e-01
26 0 +9.464810267e+05 +9.474810267e+05 +9.474810267e+05 +4.5095e-01 -6.7808e-01 -1.6774e+00 +1.4782e-01 +8.7722e-01 +5.5758e-01 -7.6277e-01 +1.3569e+00 -6.3736e-01 +8.9151e-01
27 0 +9.014388827e+05 +9.024388827e+05 +9.024388827e+05 +4.2746e-01 -7.0288e-01 -1.7513e+00 +1.3248e-01 +8.6611e-01 +5.3429e-01 -7.8152e-01 +1.3273e+00 -6.7025e-01 +8.7879e-01
28 0 +8.675603616e+05 +8.685603616e+05 +8.685603616e+05 +4.4551e-01 -6.7045e-01 -1.7985e+00 +1.6145e-01 +8.8972e-01 +5.5293e-01 -7.4304e-01 +1.2813e+00 -6.4501e-01 +8.9939e-01
29 0 +7.771063091e+05 +7.781063091e+05 +7.781063091e+05 +4.4394e-01 -6.6957e-01 -1.8594e+00 +1.8016e-01 +9.1502e-01 +5.5198e-01 -7.2784e-01 +1.3469e+00 -6.6295e-01 +9.2039e-01
30 0 +7.291823660e+05 +7.301823660e+05 +7.301823660e+05 +4.5414e-01 -6.5454e-01 -1.8936e+00 +2.0808e-01 +9.4687e-01 +5.6278e-01 -8.0352e-01 +1.3558e+00 -6.6376e-01 +9.4835e-01
31 0 +6.857102142e+05 +6.867102142e+05 +6.867102142e+05 +4.6521e-01 -7.3676e-01 -1.9153e+00 +2.3750e-01 +9.7679e-01 +5.7457e-01 -7.9621e-01 +1.3578e+00 -6.5769e-01 +9.7395e-01
32 0 +6.520397340e+05 +6.530397340e+05 +6.530397340e+05 +4.7569e-01 -7.3045e-01 -1.9134e+00 +2.6563e-01 +9.9959e-01 +5.8590e-01 -7.8373e-01 +1.3482e+00 -7.4616e-01 +9.9214e-01
33 0 +6.216106209e+05 +6.226106209e+05 +6.226106209e+05 +4.6741e-01 -7.3362e-01 -1.9615e+00 +3.0737e-01 +1.0549e+00 +5.8040e-01 -7.8141e-01 +1.3712e+00 -7.5802e-01 +9.4616e-01
34 0 +5.792127706e+05 +5.802127706e+05 +5.802127706e+05 +4.8789e-01 -7.3778e-01 -1.9999e+00 +2.4577e-01 +1.1085e+00 +6.0210e-01 -7.7803e-01 +1.3842e+00 -7.7334e-01 +9.6913e-01
35 0 +5.402704492e+05 +5.412704492e+05 +5.412704492e+05 +5.3576e-01 -7.4656e-01 -2.0456e+00 +2.5482e-01 +1.0696e+00 +6.5675e-01 -7.8278e-01 +1.4066e+00 -7.8890e-01 +9.5515e-01
36 0 +5.032164135e+05 +5.042164135e+05 +5.042164135e+05 +4.7778e-01 -7.4985e-01 -2.0886e+00 +2.6510e-01 +1.0720e+00 +7.1003e-01 -7.7972e-01 +1.4248e+00 -8.0189e-01 +9.9149e-01
37 0 +4.578473139e+05 +4.588473139e+05 +4.588473139e+05 +5.0197e-01 -7.5569e-01 -2.1572e+00 +2.8162e-01 +1.0753e+00 +6.8840e-01 -7.7550e-01 +1.4538e+00 -8.2311e-01 +1.0426e+00
38 0 +4.419213124e+05 +4.429213124e+05 +4.429213124e+05 +5.2513e-01 -7.5094e-01 -2.2143e+00 +3.0194e-01 +1.1020e+00 +7.2219e-01 -7.7012e-01 +1.3952e+00 -8.2151e-01 +1.0636e+00
39 0 +4.199611063e+05 +4.209611063e+05 +4.209611063e+05 +5.5810e-01 -7.3504e-01 -2.2011e+00 +3.3336e-01 +1.1406e+00 +7.6310e-01 -7.5291e-01 +1.4471e+00 -8.0924e-01 +1.0980e+00
40 0 +4.046817519e+05 +4.056817519e+05 +4.056817519e+05 +5.6964e-01 -7.7450e-01 -2.2419e+00 +3.3533e-01 +1.1654e+00 +7.9103e-01 -7.9224e-01 +1.4844e+00 -8.5379e-01 +1.1160e+00
41 0 +3.957657543e+05 +3.967657543e+05 +3.967657543e+05 +5.7221e-01 -8.0040e-01 -2.2744e+00 +3.2586e-01 +1.1657e+00 +8.0320e-01 -7.0805e-01 +1.5051e+00 -8.7622e-01 +1.1134e+00
49 0 +3.889507637e+05 +3.899507637e+05 +3.899507637e+05 +5.7455e-01 -8.0567e-01 -2.2754e+00 +3.5146e-01 +1.1690e+00 +7.9466e-01 -7.0090e-01 +1.5149e+00 -8.9085e-01 +1.1466e+00
% f evaluations | g evaluations | best noise-free fitness - Fopt (6.730000000000e+00) + sum g_i+ | measured fitness | best measured fitness or single-digit g-values | x1 | x2...
1 0 +9.120256598e+06 +9.120263328e+06 +9.120263328e+06 +0.0000e+00 +0.0000e+00 +0.0000e+00 +0.0000e+00 +0.0000e+00 +0.0000e+00 +0.0000e+00 +0.0000e+00 +0.0000e+00 +0.0000e+00
4 0 +9.045466982e+06 +9.045473712e+06 +9.045473712e+06 +0.0000e+00 +1.0000e-01 +0.0000e+00 +0.0000e+00 +0.0000e+00 +0.0000e+00 +0.0000e+00 +0.0000e+00 +0.0000e+00 +0.0000e+00
13 0 +8.737086478e+06 +8.737093208e+06 +8.737093208e+06 -2.7176e-02 +2.6692e-02 -3.3090e-02 +2.0878e-02 +3.9886e-02 -2.5231e-02 +2.4485e-02 +4.0726e-02 +2.9367e-02 +1.4087e-01
14 0 +7.769287709e+06 +7.769294439e+06 +7.769294439e+06 -1.3715e-01 +1.3471e-01 -1.6700e-01 +1.0537e-01 +2.0130e-01 -1.2734e-01 +1.2357e-01 +2.0554e-01 +1.4821e-01 +2.9443e-01
15 0 +5.432109410e+06 +5.432116140e+06 +5.432116140e+06 -8.1887e-01 +3.7468e-01 -9.4991e-01 +2.4585e-01 +6.6701e-01 -7.7577e-01 +3.2576e-01 +6.8563e-01 +4.3393e-01 +9.3835e-01
16 0 +3.381168364e+06 +3.381175094e+06 +3.381175094e+06 -9.8019e-01 +7.4180e-01 -2.4387e-01 +5.5592e-01 +1.1636e+00 -9.1801e-01 +6.7123e-01 +1.1904e+00 +8.2729e-01 +1.5306e+00
17 0 +2.829630715e+06 +2.829637445e+06 +2.829637445e+06 -5.1111e-01 +8.7209e-01 -4.5709e-01 +6.6483e-01 +1.3424e+00 -9.7869e-01 +7.9340e-01 +1.3723e+00 +9.6741e-01 +1.7454e+00
18 0 +2.591795320e+06 +2.591802050e+06 +2.591802050e+06 -6.3138e-01 +9.4071e-01 -5.7215e-01 +7.2187e-01 +1.4373e+00 -6.2585e-01 +8.5763e-01 +1.4689e+00 +1.0414e+00 +1.8600e+00
19 0 +1.986675209e+06 +1.986681939e+06 +1.986681939e+06 -7.2746e-01 +9.9976e-01 -5.9073e-01 +7.4555e-01 +1.5766e+00 -7.4919e-01 +9.0324e-01 +1.6133e+00 +1.1167e+00 +2.2126e+00
20 0 +1.110672458e+06 +1.110679188e+06 +1.110679188e+06 -9.6130e-01 +1.2774e+00 -6.9311e-01 +9.5796e-01 +2.0021e+00 -1.0295e+00 +1.1561e+00 +2.0483e+00 +1.4243e+00 +2.2267e+00
23 0 +1.085239592e+06 +1.085246322e+06 +1.085246322e+06 -9.6861e-01 +1.2555e+00 -6.9762e-01 +9.6135e-01 +1.9819e+00 -1.0378e+00 +1.2895e+00 +2.0283e+00 +1.4011e+00 +2.2460e+00
26 0 +1.065427622e+06 +1.065434352e+06 +1.065434352e+06 -9.5299e-01 +1.2729e+00 -6.1107e-01 +9.7674e-01 +1.9167e+00 -1.0235e+00 +1.3074e+00 +2.0283e+00 +1.5283e+00 +2.2674e+00
27 0 +1.001136581e+06 +1.001143311e+06 +1.001143311e+06 -9.5846e-01 +1.2908e+00 -6.2141e-01 +9.7744e-01 +1.9545e+00 -1.0388e+00 +1.3289e+00 +2.0753e+00 +1.5510e+00 +2.3359e+00
28 0 +9.799159208e+05 +9.799226508e+05 +9.799226508e+05 -1.0522e+00 +1.2881e+00 -5.9387e-01 +9.6893e-01 +1.9580e+00 -1.0491e+00 +1.3278e+00 +2.0805e+00 +1.5498e+00 +2.3507e+00
30 0 +9.231929750e+05 +9.231997050e+05 +9.231997050e+05 -1.0732e+00 +1.3212e+00 -5.9973e-01 +9.8595e-01 +2.0003e+00 -1.0811e+00 +1.3692e+00 +2.1284e+00 +1.5858e+00 +2.3448e+00
31 0 +8.641343888e+05 +8.641411188e+05 +8.641411188e+05 -1.0946e+00 +1.3478e+00 -6.0198e-01 +9.9084e-01 +2.0365e+00 -1.1058e+00 +1.4085e+00 +2.1725e+00 +1.6158e+00 +2.3947e+00
32 0 +6.365074537e+05 +6.365141837e+05 +6.365141837e+05 -1.1761e+00 +1.4422e+00 -6.0697e-01 +9.9746e-01 +2.1678e+00 -1.1924e+00 +1.5560e+00 +2.3364e+00 +1.7240e+00 +2.6383e+00
33 0 +2.759909483e+05 +2.759976783e+05 +2.759976783e+05 -1.3983e+00 +1.7672e+00 -3.9360e-01 +1.1141e+00 +2.5309e+00 -1.4235e+00 +2.0328e+00 +2.7738e+00 +2.0735e+00 +2.9199e+00
34 0 +2.681773548e+05 +2.681840848e+05 +2.681840848e+05 -1.4203e+00 +1.7638e+00 -4.1948e-01 +1.0684e+00 +2.5473e+00 -1.4270e+00 +2.0539e+00 +2.8070e+00 +2.0771e+00 +3.1891e+00
36 0 +2.257529639e+05 +2.257596939e+05 +2.257596939e+05 -1.4440e+00 +1.7684e+00 -4.7071e-01 +1.0828e+00 +2.5547e+00 -1.4524e+00 +2.0608e+00 +2.7688e+00 +2.1319e+00 +3.1884e+00
37 0 +2.126628885e+05 +2.126696185e+05 +2.126696185e+05 -1.4569e+00 +1.7705e+00 -5.0064e-01 +1.0883e+00 +2.5137e+00 -1.4662e+00 +2.0648e+00 +2.8103e+00 +2.1406e+00 +3.1828e+00
41 0 +1.970553494e+05 +1.970620794e+05 +1.970620794e+05 -1.4629e+00 +1.7696e+00 -5.1420e-01 +1.0918e+00 +2.5295e+00 -1.4733e+00 +2.0626e+00 +2.8168e+00 +2.1342e+00 +3.1804e+00
42 0 +1.917246946e+05 +1.917314246e+05 +1.917314246e+05 -1.4492e+00 +1.7734e+00 -5.2280e-01 +1.0976e+00 +2.5357e+00 -1.4894e+00 +2.0645e+00 +2.8194e+00 +2.1364e+00 +3.1811e+00
43 0 +1.749976204e+05 +1.750043504e+05 +1.750043504e+05 -1.4587e+00 +1.7798e+00 -5.3709e-01 +1.1084e+00 +2.5471e+00 -1.4882e+00 +2.0669e+00 +2.8241e+00 +2.1403e+00 +3.1802e+00
44 0 +1.142941289e+05 +1.143008589e+05 +1.143008589e+05 -1.4827e+00 +1.7833e+00 -6.2167e-01 +1.1394e+00 +2.5735e+00 -1.4848e+00 +2.0443e+00 +2.8199e+00 +2.1326e+00 +3.1797e+00
45 0 +5.958264587e+04 +5.958937587e+04 +5.958937587e+04 -1.5045e+00 +1.8270e+00 -7.3497e-01 +1.2167e+00 +2.6298e+00 -1.4969e+00 +2.0511e+00 +2.8343e+00 +2.1634e+00 +3.1809e+00
46 0 +5.838317548e+04 +5.838990548e+04 +5.838990548e+04 -1.4901e+00 +1.8206e+00 -7.5857e-01 +1.2181e+00 +2.6207e+00 -1.5034e+00 +2.0356e+00 +2.8214e+00 +2.1570e+00 +3.1840e+00
48 0 +5.501088685e+04 +5.501761685e+04 +5.501761685e+04 -1.4989e+00 +1.8155e+00 -7.6350e-01 +1.2354e+00 +2.6318e+00 -1.4959e+00 +2.0235e+00 +2.8463e+00 +2.1218e+00 +3.1979e+00
49 0 +5.444662283e+04 +5.445335283e+04 +5.445335283e+04 -1.5073e+00 +1.8018e+00 -7.6671e-01 +1.2389e+00 +2.6337e+00 -1.5015e+00 +2.0300e+00 +2.8429e+00 +2.1213e+00 +3.1958e+00
% f evaluations | g evaluations | best noise-free fitness - Fopt (2.632300000000e+02) + sum g_i+ | measured fitness | best measured fitness or single-digit g-values | x1 | x2...
1 0 +2.389285181e+06 +2.389548411e+06 +2.389548411e+06 +0.0000e+00 +0.0000e+00 +0.0000e+00 +0.0000e+00 +0.0000e+00 +0.0000e+00 +0.0000e+00 +0.0000e+00 +0.0000e+00 +0.0000e+00
5 0 +2.381460285e+06 +2.381723515e+06 +2.381723515e+06 +0.0000e+00 +0.0000e+00 +1.0000e-01 +0.0000e+00 +0.0000e+00 +0.0000e+00 +0.0000e+00 +0.0000e+00 +0.0000e+00 +0.0000e+00
11 0 +2.339711714e+06 +2.339974944e+06 +2.339974944e+06 +0.0000e+00 +0.0000e+00 +0.0000e+00 +0.0000e+00 +0.0000e+00 +0.0000e+00 +0.0000e+00 +0.0000e+00 +1.0000e-01 +0.0000e+00
13 0 +2.205911221e+06 +2.206174451e+06 +2.206174451e+06 -6.3491e-02 -2.5487e-02 +5.2073e-03 -4.6251e-02 -2.3466e-02 -1.1776e-02 -3.1820e-02 +2.8450e-03 +1.3299e-01 -1.8836e-02
14 0 +1.827335279e+06 +1.827598509e+06 +1.827598509e+06 -3.1740e-01 -1.1130e-01 +5.5155e-02 -2.2390e-01 -1.0034e-01 -3.6945e-02 -1.4564e-01 +4.2344e-02 +3.0582e-01 -7.5235e-02
15 0 +6.645408642e+05 +6.648040942e+05 +6.648040942e+05 -1.0571e+00 -1.7982e-01 +5.2873e-01 -6.5914e-01 -1.3317e-01 +1.3669e-01 -3.2601e-01 +4.7419e-01 +1.2701e+00 -2.6304e-02
16 0 +5.910398196e+05 +5.913030496e+05 +5.913030496e+05 -1.4392e+00 -3.0858e-01 +6.0458e-01 -9.2632e-01 -2.4847e-01 +9.9322e-02 -4.9700e-01 +5.3430e-01 +1.2931e+00 -1.1074e-01
17 0 +5.514684874e+05 +5.517317174e+05 +5.517317174e+05 -1.3225e+00 -3.5910e-01 +6.0161e-01 -1.0090e+00 -2.9585e-01 +7.0045e-02 -5.5732e-01 +5.2767e-01 +1.4649e+00 -1.5095e-01
18 0 +4.787001134e+05 +4.789633434e+05 +4.789633434e+05 -1.3713e+00 -3.8422e-01 +5.9443e-01 -8.9843e-01 -3.1979e-01 +5.2939e-02 -5.8614e-01 +5.1911e-01 +1.5278e+00 -1.7218e-01
19 0 +4.460601874e+05 +4.463234174e+05 +4.463234174e+05 -1.3924e+00 -4.0123e-01 +5.8582e-01 -9.0444e-01 -3.3625e-01 +3.9678e-02 -5.0648e-01 +5.0985e-01 +1.5555e+00 -1.8738e-01
22 0 +4.097875763e+05 +4.100508063e+05 +4.100508063e+05 -1.4352e+00 -3.4048e-01 +5.4996e-01 -9.1436e-01 -3.0489e-01 -6.8067e-03 -5.1071e-01 +4.7252e-01 +1.6137e+00 -1.4782e-01
24 0 +4.010088201e+05 +4.012720501e+05 +4.012720501e+05 -1.4537e+00 -3.4600e-01 +4.4931e-01 -9.1738e-01 -3.1203e-01 +6.7646e-02 -5.1158e-01 +5.1251e-01 +1.6400e+00 -1.4026e-01
25 0 +3.495779936e+05 +3.498412236e+05 +3.498412236e+05 -1.4818e+00 -3.5179e-01 +4.7929e-01 -8.9510e-01 -3.2635e-01 +6.4130e-02 -4.9249e-01 +5.5009e-01 +1.7024e+00 -9.6751e-02
26 0 +2.873397931e+05 +2.876030231e+05 +2.876030231e+05 -1.5126e+00 -3.8185e-01 +4.6245e-01 -8.6721e-01 -3.7044e-01 +2.5930e-02 -4.8124e-01 +5.4455e-01 +1.7498e+00 -6.0995e-02
27 0 +2.268214729e+05 +2.270847029e+05 +2.270847029e+05 -1.5994e+00 -4.9634e-01 +3.5325e-01 -7.8393e-01 -5.3045e-01 -1.2478e-01 -4.6137e-01 +4.7102e-01 +1.8584e+00 +2.5511e-02
29 0 +1.962701023e+05 +1.965333323e+05 +1.965333323e+05 -1.6702e+00 -5.1960e-01 +3.6852e-01 -8.3338e-01 -5.3456e-01 -1.2927e-01 -4.9257e-01 +4.8353e-01 +1.8567e+00 -5.0711e-03
33 0 +1.949789433e+05 +1.952421733e+05 +1.952421733e+05 -1.6756e+00 -4.9384e-01 +3.7170e-01 -8.2492e-01 -5.4482e-01 -1.3092e-01 -5.3634e-01 +4.8834e-01 +1.8669e+00 +9.0424e-03
38 0 +1.901346362e+05 +1.903978662e+05 +1.903978662e+05 -1.6823e+00 -4.9689e-01 +3.5057e-01 -8.3741e-01 -5.3954e-01 -1.2233e-01 -5.4406e-01 +4.9592e-01 +1.8680e+00 +5.5036e-03
39 0 +1.766450400e+05 +1.769082700e+05 +1.769082700e+05 -1.6886e+00 -4.9585e-01 +3.5703e-01 -8.6048e-01 -5.2777e-01 -1.0531e-01 -5.6017e-01 +4.9193e-01 +1.8628e+00 -1.0457e-02
40 0 +1.668446345e+05 +1.671078645e+05 +1.671078645e+05 -1.7100e+00 -4.8918e-01 +3.8040e-01 -9.4753e-01 -4.7785e-01 -3.3659e-02 -6.2534e-01 +4.7553e-01 +1.8390e+00 -7.5793e-02
45 0 +1.616626731e+05 +1.619259031e+05 +1.619259031e+05 -1.7176e+00 -5.1210e-01 +3.8937e-01 -1.0239e+00 -5.0836e-01 -3.6187e-02 -6.5004e-01 +4.6039e-01 +1.8679e+00 -7.8411e-02
51 0 +1.576466644e+05 +1.579098944e+05 +1.579098944e+05 -1.7382e+00 -5.0976e-01 +3.8388e-01 -1.0356e+00 -4.9015e-01 -6.1675e-02 -6.6238e-01 +4.6852e-01 +1.8590e+00 -5.1896e-02
% f evaluations | g evaluations | best noise-free fitness - Fopt (1.803000000000e+02) + sum g_i+ | measured fitness | best measured fitness or single-digit g-values | x1 | x2...
1 0 +5.866518031e+05 +5.868321031e+05 +5.868321031e+05 +0.0000e+00 +0.0000e+00 +0.0000e+00 +0.0000e+00 +0.0000e+00 +0.0000e+00 +0.0000e+00 +0.0000e+00 +0.0000e+00 +0.0000e+00
3 0 +5.850838284e+05 +5.852641284e+05 +5.852641284e+05 +1.0000e-01 +0.0000e+00 +0.0000e+00 +0.0000e+00 +0.0000e+00 +0.0000e+00 +0.0000e+00 +0.0000e+00 +0.0000e+00 +0.0000e+00
11 0 +5.727475678e+05 +5.729278678e+05 +5.729278678e+05 +0.0000e+00 +0.0000e+00 +0.0000e+00 +0.0000e+00 +0.0000e+00 +0.0000e+00 +0.0000e+00 +0.0000e+00 +1.0000e-01 +0.0000e+00
13 0 +4.868156708e+05 +4.869959708e+05 +4.869959708e+05 +3.9900e-03 -1.6521e-02 -2.9651e-02 -3.8640e-02 +1.0293e-02 -4.7406e-03 -6.3163e-02 -2.9960e-02 +1.3538e-01 -3.2733e-02
14 0 +1.932388492e+05 +1.934191492e+05 +1.934191492e+05 -8.8769e-02 -1.3742e-01 -1.6857e-01 -1.8989e-01 -7.3817e-02 -1.0948e-01 -2.4806e-01 -1.6930e-01 +8.5693e-02 -1.7588e-01
15 0 +8.918674972e+04 +8.936704972e+04 +8.936704972e+04 -1.3238e-01 -2.0686e-01 -2.5454e-01 -2.8719e-01 -1.0948e-01 -1.6408e-01 -3.7624e-01 -2.5566e-01 +1.3249e-01 -2.6574e-01
16 0 +7.029003811e+04 +7.047033811e+04 +7.047033811e+04 -1.4948e-01 -2.3964e-01 -2.9735e-01 -3.3687e-01 -1.2177e-01 -1.8785e-01 -4.4466e-01 -2.9871e-01 +1.8169e-01 -3.1090e-01
28 0 +6.875780626e+04 +6.893810626e+04 +6.893810626e+04 -1.5311e-01 -2.4088e-01 -3.0116e-01 -3.6636e-01 -1.3221e-01 -1.7534e-01 -4.3853e-01 -2.9352e-01 +1.8619e-01 -3.0587e-01
29 0 +6.687963369e+04 +6.705993369e+04 +6.705993369e+04 -1.4518e-01 -2.4006e-01 -3.0954e-01 -3.9223e-01 -1.4088e-01 -1.6452e-01 -4.5689e-01 -2.9496e-01 +2.0198e-01 -3.0991e-01
35 0 +6.525501862e+04 +6.543531862e+04 +6.543531862e+04 -1.2961e-01 -2.3367e-01 -3.1513e-01 -4.2139e-01 -1.5553e-01 -1.4377e-01 -4.7193e-01 -2.8977e-01 +2.0967e-01 -3.0959e-01
40 0 +6.444701069e+04 +6.462731069e+04 +6.462731069e+04 -1.3517e-01 -2.3522e-01 -3.2590e-01 -4.2741e-01 -1.6607e-01 -1.3400e-01 -4.5877e-01 -2.7901e-01 +2.0878e-01 -3.2045e-01
46 0 +6.296261739e+04 +6.314291739e+04 +6.314291739e+04 -1.3655e-01 -2.3492e-01 -3.3120e-01 -4.5074e-01 -1.8375e-01 -1.2324e-01 -4.5438e-01 -2.5640e-01 +1.9628e-01 -3.1041e-01
% f evaluations | g evaluations | best noise-free fitness - Fopt (6.456000000000e+01) + sum g_i+ | measured fitness | best measured fitness or single-digit g-values | x1 | x2...
1 0 +1.043593882e+06 +1.043658442e+06 +1.043658442e+06 +0.0000e+00 +0.0000e+00 +0.0000e+00 +0.0000e+00 +0.0000e+00 +0.0000e+00 +0.0000e+00 +0.0000e+00 +0.0000e+00 +0.0000e+00
3 0 +9.832358441e+05 +9.833004041e+05 +9.833004041e+05 +1.0000e-01 +0.0000e+00 +0.0000e+00 +0.0000e+00 +0.0000e+00 +0.0000e+00 +0.0000e+00 +0.0000e+00 +0.0000e+00 +0.0000e+00
13 0 +8.783228168e+05 +8.783873768e+05 +8.783873768e+05 +1.5581e-01 -1.9439e-02 +1.3211e-02 -6.3395e-02 +2.1751e-02 +1.0709e-02 -8.1480e-03 +1.5292e-02 +3.7939e-03 +3.7575e-02
14 0 +4.605638163e+05 +4.606283763e+05 +4.606283763e+05 +3.7365e-01 -9.8029e-02 +6.6620e-02 -3.1969e-01 +1.0969e-01 +5.4004e-02 -4.1089e-02 +7.7117e-02 +1.9132e-02 +1.8949e-01
15 0 +2.504072398e+05 +2.504717998e+05 +2.504717998e+05 +6.0329e-01 -1.8498e-01 +1.2571e-01 -6.0326e-01 +2.0698e-01 +1.0191e-01 -7.7535e-02 +1.4552e-01 +3.6102e-02 +3.5756e-01
20 0 +2.294402538e+05 +2.295048138e+05 +2.295048138e+05 +6.2660e-01 -1.9247e-01 +1.0409e-01 -6.2771e-01 +1.8682e-01 +7.9861e-02 -6.7700e-02 +1.2426e-01 +1.2878e-02 +3.4010e-01
23 0 +2.245940061e+05 +2.246585661e+05 +2.246585661e+05 +6.3265e-01 -1.9443e-01 +1.1379e-01 -6.3411e-01 +1.7456e-01 +9.2044e-02 -6.7598e-02 +1.1166e-01 +3.2075e-02 +3.2869e-01
27 0 +2.211951093e+05 +2.212596693e+05 +2.212596693e+05 +6.3858e-01 -1.9779e-01 +1.1396e-01 -6.4506e-01 +1.8012e-01 +9.1480e-02 -6.3625e-02 +1.2009e-01 +3.0184e-02 +3.0749e-01
28 0 +2.134523601e+05 +2.135169201e+05 +2.135169201e+05 +6.7519e-01 -2.0002e-01 +1.1523e-01 -6.5242e-01 +1.7578e-01 +9.0752e-02 -5.4287e-02 +1.1159e-01 +2.5736e-02 +3.0816e-01
29 0 +2.052054613e+05 +2.052700213e+05 +2.052700213e+05 +6.8683e-01 -2.0741e-01 +1.1214e-01 -6.7660e-01 +1.6397e-01 +8.5676e-02 -7.0381e-02 +9.5916e-02 +1.7427e-02 +2.9938e-01
30 0 +1.947131178e+05 +1.947776778e+05 +1.947776778e+05 +6.9787e-01 -2.0795e-01 +1.1569e-01 -7.0707e-01 +1.5520e-01 +8.6601e-02 -5.5228e-02 +8.2093e-02 +1.4188e-02 +2.9415e-01
31 0 +1.684883427e+05 +1.685529027e+05 +1.685529027e+05 +7.8483e-01 -1.8539e-01 +1.4119e-01 -8.1957e-01 +1.2613e-01 +9.9930e-02 -4.1190e-02 +2.9350e-02 +7.7962e-03 +2.8071e-01
34 0 +1.551325062e+05 +1.551970662e+05 +1.551970662e+05 +8.0156e-01 -2.6156e-01 +1.2368e-01 -8.5997e-01 +6.3202e-02 +7.5501e-02 +3.3648e-02 -4.0832e-02 -2.4611e-02 +1.8878e-01
35 0 +1.425892088e+05 +1.426537688e+05 +1.426537688e+05 +8.6070e-01 -2.9178e-01 +1.4120e-01 -8.8149e-01 +5.8235e-02 +8.7238e-02 +5.7310e-03 -5.5803e-02 -2.2391e-02 +1.8185e-01
36 0 +1.348689240e+05 +1.349334840e+05 +1.349334840e+05 +8.8379e-01 -3.0452e-01 +1.4469e-01 -9.0952e-01 +7.0890e-02 +7.6383e-02 +6.6005e-03 -5.0425e-02 -8.7541e-02 +2.0069e-01
37 0 +1.245011878e+05 +1.245657478e+05 +1.245657478e+05 +9.2865e-01 -3.1355e-01 +1.7260e-01 -9.4198e-01 +7.7111e-02 +9.7204e-02 +4.8301e-02 -5.5666e-02 -8.2208e-02 +2.1503e-01
38 0 +1.218987966e+05 +1.219633566e+05 +1.219633566e+05 +9.1776e-01 -3.2119e-01 +1.9528e-01 -9.5710e-01 +1.1077e-01 +1.1419e-01 +3.8903e-02 -1.1787e-01 -9.0990e-02 +2.1992e-01
40 0 +1.183736530e+05 +1.184382130e+05 +1.184382130e+05 +9.2683e-01 -3.3213e-01 +1.8601e-01 -9.8225e-01 +9.5552e-02 +1.3005e-01 +3.4907e-02 -1.2278e-01 -9.2944e-02 +2.3227e-01
41 0 +1.155109514e+05 +1.155755114e+05 +1.155755114e+05 +9.3860e-01 -3.4065e-01 +1.9003e-01 -1.0022e+00 +9.7175e-02 +1.0285e-01 +3.3950e-02 -1.2861e-01 -8.2541e-02 +2.4172e-01
42 0 +1.133080864e+05 +1.133726464e+05 +1.133726464e+05 +9.6422e-01 -3.6805e-01 +1.9431e-01 -1.0110e+00 +1.0326e-01 +1.0751e-01 +3.7626e-02 -1.2969e-01 -8.7237e-02 +2.4294e-01
43 0 +1.119446512e+05 +1.120092112e+05 +1.120092112e+05 +9.7246e-01 -3.5670e-01 +1.9871e-01 -1.0390e+00 +1.1003e-01 +1.1099e-01 +3.2641e-02 -1.2364e-01 -8.9138e-02 +2.2104e-01
48 0 +1.096312997e+05 +1.096958597e+05 +1.096958597e+05 +9.9375e-01 -3.5081e-01 +1.9245e-01 -1.0523e+00 +9.8077e-02 +1.0781e-01 +4.2797e-02 -1.4422e-01 -9.2288e-02 +2.2282e-01
50 0 +1.052618634e+05 +1.053264234e+05 +1.053264234e+05 +1.0176e+00 -3.6633e-01 +1.8990e-01 -1.0963e+00 +1.1947e-01 +9.6034e-02 +5.1889e-02 -1.7958e-01 -8.3201e-02 +2.2850e-01
51 0 +1.042169391e+05 +1.042814991e+05 +1.042814991e+05 +1.0378e+00 -3.7420e-01 +1.7400e-01 -1.1198e+00 +1.1241e-01 +8.7442e-02 +5.9639e-02 -1.7216e-01 -7.4939e-02 +2.3290e-01
% f evaluations | g evaluations | best noise-free fitness - Fopt (-2.171400000000e+02) + sum g_i+ | measured fitness | best measured fitness or single-digit g-values | x1 | x2...
1 0 +1.106823907e+07 +1.106802193e+07 +1.106802193e+07 +0.0000e+00 +0.0000e+00 +0.0000e+00 +0.0000e+00 +0.0000e+00 +0.0000e+00 +0.0000e+00 +0.0000e+00 +0.0000e+00 +0.0000e+00
3 0 +1.094769570e+07 +1.094747856e+07 +1.094747856e+07 +1.0000e-01 +0.0000e+00 +0.0000e+00 +0.0000e+00 +0.0000e+00 +0.0000e+00 +0.0000e+00 +0.0000e+00 +0.0000e+00 +0.0000e+00
13 0 +1.006675387e+07 +1.006653673e+07 +1.006653673e+07 +1.6297e-02 +2.8416e-02 -4.2654e-02 +1.7737e-02 -2.2767e-02 -2.9549e-02 -1.1100e-02 +1.3870e-01 -6.1380e-02 +3.6208e-03
14 0 +7.523762410e+06 +7.523545270e+06 +7.523545270e+06 +8.2076e-02 +1.4311e-01 -2.1481e-01 +8.9326e-02 -1.1466e-01 -1.4881e-01 -5.5902e-02 +2.8529e-01 -3.0912e-01 +1.8235e-02
15 0 +3.525571297e+06 +3.525354157e+06 +3.525354157e+06 +2.6998e-01 +4.7075e-01 -7.0661e-01 +2.9383e-01 -3.7716e-01 -4.8951e-01 -1.8388e-01 +4.9145e-01 -1.0168e+00 +5.9982e-02
16 0 +3.339573984e+06 +3.339356844e+06 +3.339356844e+06 +3.3627e-01 +5.4685e-01 -6.8810e-01 +3.6128e-01 -3.4253e-01 -4.6038e-01 -1.3980e-01 +6.1954e-01 -1.0135e+00 +1.1599e-01
17 0 +3.041076454e+06 +3.040859314e+06 +3.040859314e+06 +3.1109e-01 +5.3943e-01 -7.9967e-01 +3.3821e-01 -4.2496e-01 -5.5274e-01 -2.0513e-01 +7.7688e-01 -9.3456e-01 +7.2238e-02
18 0 +2.931467350e+06 +2.931250210e+06 +2.931250210e+06 +2.9681e-01 +5.3162e-01 -7.0110e-01 +3.2470e-01 -4.6005e-01 -5.9145e-01 -2.3400e-01 +8.3147e-01 -1.0035e+00 +5.1207e-02
20 0 +2.851661452e+06 +2.851444312e+06 +2.851444312e+06 +2.8180e-01 +5.2120e-01 -7.3329e-01 +3.1024e-01 -4.9579e-01 -4.7903e-01 -2.5941e-01 +8.6786e-01 -1.0500e+00 +3.1384e-02
22 0 +2.791326045e+06 +2.791108905e+06 +2.791108905e+06 +2.5954e-01 +5.0278e-01 -7.5637e-01 +2.8843e-01 -5.0810e-01 -4.9493e-01 -1.3812e-01 +8.9323e-01 -1.0833e+00 -4.7469e-03
24 0 +2.719571487e+06 +2.719354347e+06 +2.719354347e+06 +3.0512e-01 +4.3166e-01 -7.7024e-01 +3.3299e-01 -5.1547e-01 -5.0441e-01 -1.4180e-01 +9.0440e-01 -1.1034e+00 -3.6508e-03
25 0 +2.461946684e+06 +2.461729544e+06 +2.461729544e+06 +3.2078e-01 +4.7994e-01 -8.1122e-01 +3.5003e-01 -5.3735e-01 -5.3280e-01 -1.5247e-01 +8.8061e-01 -1.1624e+00 -1.7205e-04
26 0 +2.117560426e+06 +2.117343286e+06 +2.117343286e+06 +3.3695e-01 +5.0864e-01 -8.5460e-01 +3.6839e-01 -5.6037e-01 -5.6220e-01 -1.6413e-01 +9.1471e-01 -1.2256e+00 +3.0757e-03
27 0 +8.729913822e+05 +8.727742422e+05 +8.727742422e+05 +4.0210e-01 +6.2792e-01 -1.0291e+00 +4.4220e-01 -6.5300e-01 -6.8055e-01 -2.1100e-01 +1.0417e+00 -1.4796e+00 +1.6215e-02
28 0 +4.742703426e+05 +4.740532026e+05 +4.740532026e+05 +4.4654e-01 +7.0686e-01 -1.1483e+00 +4.9264e-01 -7.1625e-01 -7.6130e-01 -2.4305e-01 +1.1351e+00 -1.6532e+00 +2.5139e-02
29 0 +3.462094449e+05 +3.459923049e+05 +3.459923049e+05 +4.7381e-01 +7.4658e-01 -1.2218e+00 +5.2390e-01 -7.5523e-01 -8.1087e-01 -2.6298e-01 +1.2165e+00 -1.7606e+00 +3.0472e-02
30 0 +2.352827689e+05 +2.350656289e+05 +2.350656289e+05 +4.9474e-01 +7.7098e-01 -1.2786e+00 +5.4811e-01 -7.8528e-01 -8.4895e-01 -2.7847e-01 +1.2959e+00 -1.8438e+00 +3.4467e-02
31 0 +1.833921620e+05 +1.831750220e+05 +1.831750220e+05 +5.0913e-01 +7.8433e-01 -1.3178e+00 +5.6488e-01 -8.0600e-01 -8.7513e-01 -2.8922e-01 +1.3600e+00 -1.9013e+00 +3.7157e-02
32 0 +1.817939727e+05 +1.815768327e+05 +1.815768327e+05 +4.5881e-01 +7.3478e-01 -1.3718e+00 +5.1465e-01 -8.5878e-01 -9.2834e-01 -3.4126e-01 +1.3415e+00 -1.8731e+00 -1.3960e-02
36 0 +1.769547323e+05 +1.767375923e+05 +1.767375923e+05 +4.3824e-01 +7.1391e-01 -1.4239e+00 +4.9429e-01 -8.0046e-01 -8.6046e-01 -3.6320e-01 +1.3065e+00 -1.9469e+00 -3.5171e-02
41 0 +1.728251892e+05 +1.726080492e+05 +1.726080492e+05 +4.3195e-01 +7.2636e-01 -1.4268e+00 +5.0232e-01 -8.0198e-01 -8.6235e-01 -3.7103e-01 +1.3124e+00 -1.9512e+00 -3.8885e-02
42 0 +1.695975770e+05 +1.693804370e+05 +1.693804370e+05 +4.3320e-01 +7.2891e-01 -1.4312e+00 +5.0413e-01 -8.0391e-01 -8.6501e-01 -3.7278e-01 +1.3168e+00 -1.9572e+00 -3.9020e-02
43 0 +1.561810306e+05 +1.559638906e+05 +1.559638906e+05 +4.3817e-01 +7.3916e-01 -1.4487e+00 +5.1137e-01 -8.1164e-01 -8.7567e-01 -3.7982e-01 +1.3344e+00 -1.9812e+00 -3.9574e-02
44 0 +1.352197291e+05 +1.350025891e+05 +1.350025891e+05 +4.5809e-01 +7.7969e-01 -1.5187e+00 +5.4026e-01 -8.4257e-01 -9.1825e-01 -4.0779e-01 +1.4058e+00 -2.0770e+00 -4.1684e-02
46 0 +1.346520950e+05 +1.344349550e+05 +1.344349550e+05 +4.3989e-01 +7.6729e-01 -1.5299e+00 +5.3311e-01 -8.5329e-01 -9.2914e-01 -4.1277e-01 +1.4030e+00 -2.0722e+00 -4.8726e-02
