% f evaluations | g evaluations | best noise-free fitness - Fopt (-5.494000000000e+01) + sum g_i+ | measured fitness | best measured fitness or single-digit g-values | x1 | x2...
1 0 +6.036920862e+06 +6.036865922e+06 +6.036865922e+06 +0.0000e+00 +0.0000e+00 +0.0000e+00 +0.0000e+00 +0.0000e+00
4 0 +5.834241465e+06 +5.834186525e+06 +5.834186525e+06 +0.0000e+00 +1.0000e-01 +0.0000e+00 +0.0000e+00 +0.0000e+00
8 0 +5.109305580e+06 +5.109250640e+06 +5.109250640e+06 -7.2319e-02 +3.3844e-02 -4.1382e-02 -6.3948e-03 +1.4326e-01
9 0 +2.821236647e+06 +2.821181707e+06 +2.821181707e+06 -3.5108e-01 +1.6430e-01 -2.0089e-01 -3.1044e-02 +3.4131e-01
10 0 +2.136650404e+06 +2.136595464e+06 +2.136595464e+06 -6.9632e-01 +3.2586e-01 -3.9844e-01 -6.1572e-02 +5.4040e-01
11 0 +1.136889058e+06 +1.136834118e+06 +1.136834118e+06 -9.9220e-01 +4.6433e-01 -5.6775e-01 -8.7735e-02 +4.4091e-01
12 0 +8.143832870e+05 +8.143283470e+05 +8.143283470e+05 -1.0721e+00 +6.1943e-01 -5.7919e-01 -2.1719e-02 +5.2513e-01
13 0 +7.488462287e+05 +7.487912887e+05 +7.487912887e+05 -1.1219e+00 +6.4851e-01 -7.1507e-01 -8.0872e-02 +5.9246e-01
14 0 +7.313241491e+05 +7.312692091e+05 +7.312692091e+05 -1.1957e+00 +6.4306e-01 -6.6969e-01 -1.1587e-01 +6.1305e-01
15 0 +7.117955040e+05 +7.117405640e+05 +7.117405640e+05 -1.2274e+00 +5.8344e-01 -6.8784e-01 -4.8768e-02 +6.3767e-01
16 0 +6.503570285e+05 +6.503020885e+05 +6.503020885e+05 -1.2849e+00 +6.3054e-01 -7.1277e-01 -1.2979e-02 +5.8697e-01
17 0 +5.371309147e+05 +5.370759747e+05 +5.370759747e+05 -1.3123e+00 +6.9779e-01 -7.1293e-01 +3.3057e-02 +6.3805e-01
18 0 +3.654742600e+05 +3.654193200e+05 +3.654193200e+05 -1.3327e+00 +8.5609e-01 -6.8484e-01 +1.3735e-01 +8.5753e-01
19 0 +2.357414921e+05 +2.356865521e+05 +2.356865521e+05 -1.5112e+00 +1.0339e+00 -7.5907e-01 +2.6369e-01 +8.7571e-01
20 0 +2.092456036e+05 +2.091906636e+05 +2.091906636e+05 -1.5666e+00 +9.6666e-01 -7.9414e-01 +3.4647e-01 +9.5962e-01
21 0 +2.089121705e+05 +2.088572305e+05 +2.088572305e+05 -1.6388e+00 +9.7887e-01 -7.5026e-01 +3.0132e-01 +1.0014e+00
23 0 +1.920036170e+05 +1.919486770e+05 +1.919486770e+05 -1.6344e+00 +1.0730e+00 -8.1329e-01 +3.3422e-01 +1.0849e+00
25 0 +1.857928180e+05 +1.857378780e+05 +1.857378780e+05 -1.6305e+00 +1.0674e+00 -8.1254e-01 +3.6287e-01 +1.1253e+00
26 0 +1.783950003e+05 +1.783400603e+05 +1.783400603e+05 -1.6191e+00 +1.0906e+00 -8.0543e-01 +3.8725e-01 +1.1597e+00
% f evaluations | g evaluations | best noise-free fitness - Fopt (5.913000000000e+01) + sum g_i+ | measured fitness | best measured fitness or single-digit g-values | x1 | x2...
1 0 +7.466699182e+06 +7.466758312e+06 +7.466758312e+06 +0.0000e+00 +0.0000e+00 +0.0000e+00 +0.0000e+00 +0.0000e+00
3 0 +7.351180407e+06 +7.351239537e+06 +7.351239537e+06 +1.0000e-01 +0.0000e+00 +0.0000e+00 +0.0000e+00 +0.0000e+00
4 0 +7.215720558e+06 +7.215779688e+06 +7.215779688e+06 +0.0000e+00 +1.0000e-01 +0.0000e+00 +0.0000e+00 +0.0000e+00
8 0 +6.740076990e+06 +6.740136120e+06 +6.740136120e+06 +2.9344e-02 +1.6375e-01 +1.9917e-02 +3.2824e-02 -6.0004e-02
9 0 +4.199977753e+06 +4.200036883e+06 +4.200036883e+06 +1.3747e-01 +4.4553e-01 +9.3309e-02 +1.5378e-01 -2.8112e-01
10 0 +2.260806274e+06 +2.260865404e+06 +2.260865404e+06 +2.8466e-01 +1.0667e+00 +1.9321e-01 +3.1842e-01 -5.8208e-01
11 0 +8.254054058e+05 +8.254645358e+05 +8.254645358e+05 +4.4020e-01 +1.4377e+00 +2.9878e-01 +4.9241e-01 -9.0014e-01
12 0 +6.291829334e+05 +6.292420634e+05 +6.292420634e+05 +5.0852e-01 +1.5667e+00 +3.4515e-01 +5.6883e-01 -1.0398e+00
13 0 +4.385871394e+05 +4.386462694e+05 +4.386462694e+05 +5.6730e-01 +1.6572e+00 +3.8505e-01 +6.3459e-01 -1.1600e+00
14 0 +4.353577138e+05 +4.354168438e+05 +4.354168438e+05 +5.7435e-01 +1.6977e+00 +3.8983e-01 +6.4247e-01 -1.1299e+00
15 0 +4.260847582e+05 +4.261438882e+05 +4.261438882e+05 +5.9978e-01 +1.7009e+00 +2.9660e-01 +6.6790e-01 -1.1321e+00
17 0 +4.165821113e+05 +4.166412413e+05 +4.166412413e+05 +5.8574e-01 +1.7204e+00 +2.8671e-01 +6.4321e-01 -1.1466e+00
18 0 +4.062213442e+05 +4.062804742e+05 +4.062804742e+05 +5.9359e-01 +1.7286e+00 +2.9203e-01 +6.5249e-01 -1.1626e+00
19 0 +3.899966572e+05 +3.900557872e+05 +3.900557872e+05 +5.9875e-01 +1.7446e+00 +2.9060e-01 +6.5551e-01 -1.1808e+00
20 0 +3.310578995e+05 +3.311170295e+05 +3.311170295e+05 +6.2124e-01 +1.8063e+00 +2.8802e-01 +6.7097e-01 -1.2545e+00
21 0 +2.913030364e+05 +2.913621664e+05 +2.913621664e+05 +7.1096e-01 +2.0537e+00 +2.7728e-01 +7.3239e-01 -1.5492e+00
% f evaluations | g evaluations | best noise-free fitness - Fopt (-4.915300000000e+02) + sum g_i+ | measured fitness | best measured fitness or single-digit g-values | x1 | x2...
1 0 +2.917801904e+04 +2.868648904e+04 +2.868648904e+04 +0.0000e+00 +0.0000e+00 +0.0000e+00 +0.0000e+00 +0.0000e+00
3 0 +1.853258800e+04 +1.804105800e+04 +1.804105800e+04 +1.0000e-01 +0.0000e+00 +0.0000e+00 +0.0000e+00 +0.0000e+00
11 0 +1.791310408e+04 +1.742157408e+04 +1.742157408e+04 +1.0679e-01 +2.0849e-02 -1.8792e-02 +5.2880e-04 -2.7786e-03
12 0 +1.763077130e+04 +1.713924130e+04 +1.713924130e+04 +1.1058e-01 +2.0849e-02 -1.8792e-02 +5.2880e-04 +6.4771e-03
15 0 +1.671386024e+04 +1.622233024e+04 +1.622233024e+04 +1.2985e-01 +2.7754e-02 -2.5832e-02 -5.9864e-03 +1.7030e-02
17 0 +1.526121595e+04 +1.476968595e+04 +1.476968595e+04 +1.2934e-01 +3.6313e-02 -3.1026e-02 -4.4214e-02 +2.3209e-02
18 0 +1.372663156e+04 +1.323510156e+04 +1.323510156e+04 +1.4804e-01 +4.9469e-02 -4.1937e-02 -7.1473e-02 +3.7878e-02
20 0 +1.286607597e+04 +1.237454597e+04 +1.237454597e+04 +1.2688e-01 +5.6293e-02 -4.3679e-02 -8.4980e-02 +3.4980e-02
21 0 +1.115933004e+04 +1.066780004e+04 +1.066780004e+04 +1.2151e-01 +7.3595e-02 -5.4260e-02 -1.1783e-01 +4.3961e-02
22 0 +7.954003060e+03 +7.462473060e+03 +7.462473060e+03 +1.1887e-01 +1.4266e-01 -9.8889e-02 -2.4841e-01 +8.6163e-02
24 0 +7.882126212e+03 +7.390596212e+03 +7.390596212e+03 +1.2237e-01 +1.4486e-01 -1.2301e-01 -2.4544e-01 +6.6459e-02
% f evaluations | g evaluations | best noise-free fitness - Fopt (-1.702000000000e+02) + sum g_i+ | measured fitness | best measured fitness or single-digit g-values | x1 | x2...
1 0 +1.702574989e+07 +1.702557969e+07 +1.702557969e+07 +0.0000e+00 +0.0000e+00 +0.0000e+00 +0.0000e+00 +0.0000e+00
3 0 +1.689681678e+07 +1.689664658e+07 +1.689664658e+07 +1.0000e-01 +0.0000e+00 +0.0000e+00 +0.0000e+00 +0.0000e+00
6 0 +1.644229358e+07 +1.644212338e+07 +1.644212338e+07 +0.0000e+00 +0.0000e+00 +0.0000e+00 +1.0000e-01 +0.0000e+00
8 0 +1.563756543e+07 +1.563739523e+07 +1.563739523e+07 +1.6028e-02 +6.0632e-03 -5.1292e-02 +1.7253e-01 +4.2600e-02
9 0 +1.247256488e+07 +1.247239468e+07 +1.247239468e+07 +8.0130e-02 +3.0312e-02 -2.5643e-01 +4.6269e-01 +2.1298e-01
10 0 +4.238455178e+06 +4.238284978e+06 +4.238284978e+06 +3.3377e-01 +1.2626e-01 -1.0681e+00 +1.5882e+00 +8.8712e-01
11 0 +2.337968418e+06 +2.337798218e+06 +2.337798218e+06 +4.7043e-01 +1.7796e-01 -1.5054e+00 +1.9118e+00 +1.2503e+00
12 0 +2.025899910e+06 +2.025729710e+06 +2.025729710e+06 +4.8923e-01 +1.8507e-01 -1.4104e+00 +2.0607e+00 +1.3003e+00
13 0 +1.887446349e+06 +1.887276149e+06 +1.887276149e+06 +4.3328e-01 +1.2336e-01 -1.4519e+00 +2.1258e+00 +1.2597e+00
14 0 +1.851038429e+06 +1.850868229e+06 +1.850868229e+06 +4.1255e-01 +1.7333e-01 -1.4624e+00 +2.1423e+00 +1.2431e+00
16 0 +1.506345689e+06 +1.506175489e+06 +1.506175489e+06 +4.9881e-01 +1.8053e-01 -1.5188e+00 +2.2418e+00 +1.2211e+00
17 0 +6.945045610e+05 +6.943343610e+05 +6.943343610e+05 +5.4832e-01 +2.0425e-01 -1.7027e+00 +2.5512e+00 +1.3866e+00
18 0 +4.732815089e+05 +4.731113089e+05 +4.731113089e+05 +5.5285e-01 +2.1443e-01 -1.7724e+00 +2.8209e+00 +1.4605e+00
19 0 +3.329674400e+05 +3.327972400e+05 +3.327972400e+05 +5.2964e-01 +2.1567e-01 -1.7677e+00 +3.0479e+00 +1.4735e+00
20 0 +3.127644819e+05 +3.125942819e+05 +3.125942819e+05 +5.2687e-01 +2.1802e-01 -1.8796e+00 +3.0741e+00 +1.4914e+00
21 0 +3.030453037e+05 +3.028751037e+05 +3.028751037e+05 +5.6291e-01 +2.5632e-01 -1.8731e+00 +3.0844e+00 +1.5342e+00
23 0 +2.983950545e+05 +2.982248545e+05 +2.982248545e+05 +5.8133e-01 +1.7029e-01 -1.8660e+00 +3.0831e+00 +1.5948e+00
24 0 +2.697066046e+05 +2.695364046e+05 +2.695364046e+05 +5.5390e-01 +1.7609e-01 -1.8689e+00 +3.2254e+00 +1.6330e+00
26 0 +2.620145679e+05 +2.618443679e+05 +2.618443679e+05 +5.5072e-01 +1.7988e-01 -1.8220e+00 +3.2404e+00 +1.6405e+00
% f evaluations | g evaluations | best noise-free fitness - Fopt (-4.697500000000e+02) + sum g_i+ | measured fitness | best measured fitness or single-digit g-values | x1 | x2...
1 0 +1.297321784e+07 +1.297274809e+07 +1.297274809e+07 +0.0000e+00 +0.0000e+00 +0.0000e+00 +0.0000e+00 +0.0000e+00
3 0 +1.248935259e+07 +1.248888284e+07 +1.248888284e+07 +1.0000e-01 +0.0000e+00 +0.0000e+00 +0.0000e+00 +0.0000e+00
8 0 +1.169306422e+07 +1.169259447e+07 +1.169259447e+07 +6.2043e-02 -2.9378e-02 +1.6583e-01 +2.0058e-02 +2.3481e-02
9 0 +8.854948265e+06 +8.854478515e+06 +8.854478515e+06 +3.1188e-01 -1.4768e-01 +4.2683e-01 +1.0083e-01 +1.1803e-01
10 0 +3.655971767e+06 +3.655502017e+06 +3.655502017e+06 +1.0039e+00 -6.6450e-01 +1.2655e+00 +2.3771e-01 +3.0018e-01
11 0 +3.191286485e+06 +3.190816735e+06 +3.190816735e+06 +1.0158e+00 -9.6659e-01 +1.4592e+00 +1.0539e-01 +1.7962e-01
12 0 +1.753675410e+06 +1.753205660e+06 +1.753205660e+06 +1.4242e+00 -1.1304e+00 +1.5747e+00 +2.5102e-01 +3.4667e-01
13 0 +1.224666263e+06 +1.224196513e+06 +1.224196513e+06 +1.5137e+00 -1.0447e+00 +1.7681e+00 +2.4183e-01 +3.4552e-01
14 0 +1.127867574e+06 +1.127397824e+06 +1.127397824e+06 +1.4810e+00 -1.0641e+00 +1.8093e+00 +2.8405e-01 +3.8924e-01
16 0 +7.314817930e+05 +7.310120430e+05 +7.310120430e+05 +1.5805e+00 -1.0990e+00 +1.9122e+00 +4.2232e-01 +3.2061e-01
17 0 +3.947061449e+05 +3.942363949e+05 +3.942363949e+05 +1.7208e+00 -1.1465e+00 +2.0561e+00 +4.3897e-01 +4.0366e-01
18 0 +3.812390781e+05 +3.807693281e+05 +3.807693281e+05 +1.7585e+00 -1.1431e+00 +2.0547e+00 +4.4022e-01 +3.7034e-01
19 0 +3.740617395e+05 +3.735919895e+05 +3.735919895e+05 +1.7288e+00 -1.2047e+00 +2.0934e+00 +3.9587e-01 +3.2719e-01
20 0 +3.221992208e+05 +3.217294708e+05 +3.217294708e+05 +1.7362e+00 -1.1780e+00 +2.1823e+00 +4.3165e-01 +3.2066e-01
21 0 +2.752170270e+05 +2.747472770e+05 +2.747472770e+05 +1.7704e+00 -1.2452e+00 +2.1987e+00 +4.9263e-01 +3.3866e-01
22 0 +2.167721436e+05 +2.163023936e+05 +2.163023936e+05 +1.8354e+00 -1.2595e+00 +2.2490e+00 +4.5987e-01 +3.8305e-01
23 0 +1.374858799e+05 +1.370161299e+05 +1.370161299e+05 +1.8970e+00 -1.2820e+00 +2.3208e+00 +4.8018e-01 +3.9427e-01
24 0 +4.558598486e+04 +4.511623486e+04 +4.511623486e+04 +2.0087e+00 -1.3220e+00 +2.4487e+00 +5.1175e-01 +4.1779e-01
25 0 +2.531462975e+04 +2.484487975e+04 +2.484487975e+04 +2.0441e+00 -1.3372e+00 +2.4957e+00 +5.3575e-01 +4.1681e-01
26 0 +1.999871412e+04 +1.952896412e+04 +1.952896412e+04 +2.0617e+00 -1.3456e+00 +2.5217e+00 +5.5305e-01 +4.1311e-01
% f evaluations | g evaluations | best noise-free fitness - Fopt (-5.704700000000e+02) + sum g_i+ | measured fitness | best measured fitness or single-digit g-values | x1 | x2...
1 0 +6.615658256e+06 +6.615087786e+06 +6.615087786e+06 +0.0000e+00 +0.0000e+00 +0.0000e+00 +0.0000e+00 +0.0000e+00
5 0 +6.355090345e+06 +6.354519875e+06 +6.354519875e+06 +0.0000e+00 +0.0000e+00 +1.0000e-01 +0.0000e+00 +0.0000e+00
6 0 +6.251381370e+06 +6.250810900e+06 +6.250810900e+06 +0.0000e+00 +0.0000e+00 +0.0000e+00 +1.0000e-01 +0.0000e+00
8 0 +5.635990884e+06 +5.635420414e+06 +5.635420414e+06 -1.8416e-02 -4.8569e-02 +4.9460e-02 +1.6915e-01 -8.6257e-03
9 0 +3.124460042e+06 +3.123889572e+06 +3.123889572e+06 -8.7189e-02 -2.2994e-01 +2.3416e-01 +4.6448e-01 -4.0837e-02
10 0 +2.152406220e+06 +2.151835750e+06 +2.151835750e+06 -1.6976e-01 -4.4771e-01 +4.5592e-01 +8.6566e-01 -7.9511e-02
11 0 +7.678863787e+05 +7.673159087e+05 +7.673159087e+05 -2.7710e-01 -7.3080e-01 +7.4421e-01 +1.1122e+00 -1.2979e-01
12 0 +7.161161591e+05 +7.155456891e+05 +7.155456891e+05 -2.9805e-01 -7.8605e-01 +6.9590e-01 +1.2154e+00 -1.3960e-01
13 0 +7.066953035e+05 +7.061248335e+05 +7.061248335e+05 -2.7038e-01 -7.6803e-01 +7.2760e-01 +1.2515e+00 -1.0879e-01
16 0 +6.618545183e+05 +6.612840483e+05 +6.612840483e+05 -3.0549e-01 -8.1416e-01 +8.1850e-01 +1.2759e+00 -1.6102e-01
17 0 +5.233260154e+05 +5.227555454e+05 +5.227555454e+05 -3.1658e-01 -8.8272e-01 +8.4894e-01 +1.3411e+00 -1.6366e-01
18 0 +2.061331453e+05 +2.055626753e+05 +2.055626753e+05 -3.9600e-01 -1.1830e+00 +1.0638e+00 +1.4727e+00 -1.6501e-01
19 0 +1.619749814e+05 +1.614045114e+05 +1.614045114e+05 -4.4107e-01 -1.3644e+00 +1.1860e+00 +1.5667e+00 -1.6679e-01
21 0 +1.552245369e+05 +1.546540669e+05 +1.546540669e+05 -4.4036e-01 -1.3641e+00 +1.2107e+00 +1.5442e+00 -1.6459e-01
22 0 +1.532339803e+05 +1.526635103e+05 +1.526635103e+05 -4.2465e-01 -1.3751e+00 +1.2053e+00 +1.5372e+00 -1.7806e-01
26 0 +1.492309175e+05 +1.486604475e+05 +1.486604475e+05 -4.1594e-01 -1.3714e+00 +1.2105e+00 +1.5221e+00 -1.7576e-01
% f evaluations | g evaluations | best noise-free fitness - Fopt (-1.385000000000e+01) + sum g_i+ | measured fitness | best measured fitness or single-digit g-values | x1 | x2...
1 0 +3.625600367e+06 +3.625586517e+06 +3.625586517e+06 +0.0000e+00 +0.0000e+00 +0.0000e+00 +0.0000e+00 +0.0000e+00
3 0 +3.494078427e+06 +3.494064577e+06 +3.494064577e+06 +1.0000e-01 +0.0000e+00 +0.0000e+00 +0.0000e+00 +0.0000e+00
4 0 +3.408915519e+06 +3.408901669e+06 +3.408901669e+06 +0.0000e+00 +1.0000e-01 +0.0000e+00 +0.0000e+00 +0.0000e+00
8 0 +3.116286851e+06 +3.116273001e+06 +3.116273001e+06 +4.7198e-02 +1.7776e-01 +3.6723e-02 +7.9994e-03 -1.7702e-02
9 0 +1.769927426e+06 +1.769913576e+06 +1.769913576e+06 +2.3191e-01 +4.9311e-01 +1.8044e-01 +3.9306e-02 -8.6979e-02
10 0 +6.588639158e+05 +6.588500658e+05 +6.588500658e+05 +5.0347e-01 +8.2141e-01 +4.1096e-01 +1.5727e-01 -6.9722e-02
11 0 +5.291450208e+05 +5.291311708e+05 +5.291311708e+05 +5.3111e-01 +9.9211e-01 +4.2254e-01 +1.2480e-01 -1.4161e-01
12 0 +4.615709287e+05 +4.615570787e+05 +4.615570787e+05 +6.1927e-01 +1.0193e+00 +5.0078e-01 +1.7588e-01 -1.1484e-01
13 0 +4.561340740e+05 +4.561202240e+05 +4.561202240e+05 +6.3717e-01 +1.0276e+00 +5.1869e-01 +7.3480e-02 -3.9162e-02
16 0 +3.312778487e+05 +3.312639987e+05 +3.312639987e+05 +6.7307e-01 +1.2258e+00 +4.8698e-01 +1.5388e-01 +6.0634e-02
17 0 +2.514292693e+05 +2.514154193e+05 +2.514154193e+05 +8.5330e-01 +1.5723e+00 +6.3125e-01 +1.7054e-01 +6.7920e-03
18 0 +2.336949831e+05 +2.336811331e+05 +2.336811331e+05 +8.1720e-01 +1.6323e+00 +7.4999e-01 +3.1293e-01 +1.9466e-01
23 0 +2.181968706e+05 +2.181830206e+05 +2.181830206e+05 +6.8225e-01 +1.7510e+00 +7.1037e-01 +2.4184e-01 +2.3504e-01
24 0 +1.897865021e+05 +1.897726521e+05 +1.897726521e+05 +6.3674e-01 +1.6915e+00 +6.8311e-01 +2.2848e-01 +2.9384e-01
% f evaluations | g evaluations | best noise-free fitness - Fopt (1.222300000000e+02) + sum g_i+ | measured fitness | best measured fitness or single-digit g-values | x1 | x2...
1 0 +6.114473648e+06 +6.114595878e+06 +6.114595878e+06 +0.0000e+00 +0.0000e+00 +0.0000e+00 +0.0000e+00 +0.0000e+00
6 0 +5.997801112e+06 +5.997923342e+06 +5.997923342e+06 +0.0000e+00 +0.0000e+00 +0.0000e+00 +1.0000e-01 +0.0000e+00
8 0 +5.572923787e+06 +5.573046017e+06 +5.573046017e+06 -2.8122e-02 -1.1648e-02 -8.0079e-02 +1.2498e-01 -4.5131e-02
9 0 +4.217011980e+06 +4.217134210e+06 +4.217134210e+06 -1.2269e-01 -3.4330e-02 -4.0138e-01 +2.6214e-01 -2.1393e-01
10 0 +1.062617669e+06 +1.062739899e+06 +1.062739899e+06 -2.5018e-01 +6.7429e-02 -1.2519e+00 +8.7361e-01 -5.7810e-01
11 0 +5.916580414e+05 +5.917802714e+05 +5.917802714e+05 -3.7020e-01 -7.0670e-03 -1.3715e+00 +9.0035e-01 -7.4514e-01
12 0 +4.235622710e+05 +4.236845010e+05 +4.236845010e+05 -3.8547e-01 +2.1605e-02 -1.4860e+00 +1.0267e+00 -8.0576e-01
13 0 +4.117249333e+05 +4.118471633e+05 +4.118471633e+05 -5.0774e-01 +4.1680e-02 -1.4860e+00 +1.0468e+00 -7.2364e-01
15 0 +3.882282217e+05 +3.883504517e+05 +3.883504517e+05 -4.8319e-01 +3.5825e-02 -1.6014e+00 +9.7333e-01 -6.6770e-01
16 0 +2.936801192e+05 +2.938023492e+05 +2.938023492e+05 -5.6161e-01 -1.4299e-02 -1.6743e+00 +9.7004e-01 -7.6002e-01
17 0 +2.180544040e+05 +2.181766340e+05 +2.181766340e+05 -5.8490e-01 -7.8973e-03 -1.7496e+00 +1.0211e+00 -7.9361e-01
18 0 +1.082395623e+05 +1.083617923e+05 +1.083617923e+05 -6.2327e-01 +2.2806e-02 -1.9247e+00 +1.1544e+00 -8.5479e-01
19 0 +8.099563473e+04 +8.111786473e+04 +8.111786473e+04 -6.9770e-01 -1.8917e-02 -2.0069e+00 +1.1489e+00 -9.2816e-01
21 0 +7.920374567e+04 +7.932597567e+04 +7.932597567e+04 -7.2625e-01 -3.8099e-02 -2.0302e+00 +1.1366e+00 -9.5314e-01
25 0 +7.694195786e+04 +7.706418786e+04 +7.706418786e+04 -7.5151e-01 -2.5619e-02 -2.0298e+00 +1.1304e+00 -9.3780e-01
26 0 +7.358914928e+04 +7.371137928e+04 +7.371137928e+04 -7.8803e-01 -2.6929e-02 -2.0154e+00 +1.1378e+00 -9.3904e-01
% f evaluations | g evaluations | best noise-free fitness - Fopt (-4.114000000000e+02) + sum g_i+ | measured fitness | best measured fitness or single-digit g-values | x1 | x2...
1 0 +3.465317724e+06 +3.464906324e+06 +3.464906324e+06 +0.0000e+00 +0.0000e+00 +0.0000e+00 +0.0000e+00 +0.0000e+00
3 0 +3.330695725e+06 +3.330284325e+06 +3.330284325e+06 +1.0000e-01 +0.0000e+00 +0.0000e+00 +0.0000e+00 +0.0000e+00
4 0 +2.996848038e+06 +2.996436638e+06 +2.996436638e+06 +0.0000e+00 +1.0000e-01 +0.0000e+00 +0.0000e+00 +0.0000e+00
8 0 +2.569629170e+06 +2.569217770e+06 +2.569217770e+06 +2.4385e-02 +1.8486e-01 +3.9331e-03 -1.4287e-02 +4.4551e-02
9 0 +1.971836379e+06 +1.971424979e+06 +1.971424979e+06 +1.3294e-01 +5.0817e-01 +2.1442e-02 -7.7891e-02 +2.4288e-01
10 0 +1.910795567e+06 +1.910384167e+06 +1.910384167e+06 +4.0976e-02 +6.0873e-01 -1.0742e-01 -2.3963e-01 +1.8729e-01
11 0 +1.817598398e+06 +1.817186998e+06 +1.817186998e+06 -3.7090e-03 +7.1409e-01 -1.8146e-01 -9.4119e-02 +1.7155e-01
12 0 +1.749985586e+06 +1.749574186e+06 +1.749574186e+06 -4.2825e-02 +7.6431e-01 -1.0767e-01 -9.7585e-02 +1.4939e-01
13 0 +1.647401990e+06 +1.646990590e+06 +1.646990590e+06 +2.5570e-02 +8.1256e-01 -1.0142e-01 -1.0074e-01 +9.5126e-02
14 0 +1.294379042e+06 +1.293967642e+06 +1.293967642e+06 +6.1700e-02 +9.0313e-01 -8.4351e-02 -1.0608e-01 +1.0823e-01
15 0 +5.729157411e+05 +5.725043411e+05 +5.725043411e+05 +3.1065e-01 +1.1838e+00 -3.9391e-02 -1.2350e-01 -2.1862e-02
16 0 +4.559414522e+05 +4.555300522e+05 +4.555300522e+05 +4.6429e-01 +1.4071e+00 -1.0605e-03 -1.3707e-01 -7.0028e-02
17 0 +1.422421776e+05 +1.418307776e+05 +1.418307776e+05 +5.7022e-01 +1.6524e+00 +4.4703e-02 -1.5158e-01 -4.4550e-02
18 0 +9.677126897e+04 +9.635986897e+04 +9.635986897e+04 +5.9871e-01 +1.7328e+00 +6.0059e-02 -1.5630e-01 -2.8453e-02
19 0 +9.218274979e+04 +9.177134979e+04 +9.177134979e+04 +5.4326e-01 +1.7692e+00 -1.0240e-02 -2.3983e-01 -6.9258e-02
23 0 +3.072207354e+04 +3.031067354e+04 +3.031067354e+04 +5.7631e-01 +1.8906e+00 -1.4292e-02 -2.5875e-01 +1.0027e-02
24 0 +1.977932833e+04 +1.936792833e+04 +1.936792833e+04 +5.9207e-01 +1.9412e+00 -7.0598e-03 -2.5189e-01 +2.8931e-02
25 0 +1.733037656e+04 +1.691897656e+04 +1.691897656e+04 +6.0233e-01 +1.9712e+00 +1.3754e-03 -2.4096e-01 +3.3547e-02
26 0 +1.574693900e+04 +1.533553900e+04 +1.533553900e+04 +6.0190e-01 +1.9819e+00 -1.0503e-02 -2.5506e-01 +6.1149e-02
% f evaluations | g evaluations | best noise-free fitness - Fopt (1.000000000000e+03) + sum g_i+ | measured fitness | best measured fitness or single-digit g-values | x1 | x2...
1 0 +6.113060544e+06 +6.114060544e+06 +6.114060544e+06 +0.0000e+00 +0.0000e+00 +0.0000e+00 +0.0000e+00 +0.0000e+00
3 0 +6.072715607e+06 +6.073715607e+06 +6.073715607e+06 +1.0000e-01 +0.0000e+00 +0.0000e+00 +0.0000e+00 +0.0000e+00
5 0 +5.941877880e+06 +5.942877880e+06 +5.942877880e+06 +0.0000e+00 +0.0000e+00 +1.0000e-01 +0.0000e+00 +0.0000e+00
8 0 +5.552889711e+06 +5.553889711e+06 +5.553889711e+06 +9.2422e-03 -5.8320e-03 +1.3921e-01 -4.0906e-03 -9.1247e-02
9 0 +4.291933519e+06 +4.292933519e+06 +4.292933519e+06 +4.7276e-02 -2.9832e-02 +2.6840e-01 -2.0925e-02 -4.6675e-01
10 0 +9.246070962e+05 +9.256070962e+05 +9.256070962e+05 +1.9203e-01 -1.2118e-01 +1.1128e+00 -8.4995e-02 -1.3577e+00
11 0 +7.686228549e+05 +7.696228549e+05 +7.696228549e+05 +1.2628e-01 -2.1643e-01 +1.1406e+00 -1.7684e-01 -1.4952e+00
12 0 +6.997412404e+05 +7.007412404e+05 +7.007412404e+05 +1.6077e-01 -2.1696e-01 +1.3360e+00 -1.7332e-01 -1.5346e+00
13 0 +6.385834100e+05 +6.395834100e+05 +6.395834100e+05 +2.0753e-01 -1.8355e-01 +1.3150e+00 -1.3837e-01 -1.6308e+00
16 0 +5.243421872e+05 +5.253421872e+05 +5.253421872e+05 +2.0968e-01 -2.3465e-01 +1.3461e+00 -1.5680e-01 -1.7671e+00
17 0 +4.994677762e+05 +5.004677762e+05 +5.004677762e+05 +1.4671e-01 -4.1349e-01 +1.4998e+00 -2.7904e-01 -2.3014e+00
20 0 +4.770050265e+05 +4.780050265e+05 +4.780050265e+05 +1.4796e-01 -4.5445e-01 +1.4717e+00 -2.8232e-01 -2.2967e+00
21 0 +4.677025196e+05 +4.687025196e+05 +4.687025196e+05 +1.7123e-01 -4.6871e-01 +1.4548e+00 -3.2051e-01 -2.2934e+00
22 0 +4.473983773e+05 +4.483983773e+05 +4.483983773e+05 +1.6062e-01 -5.0862e-01 +1.4273e+00 -3.2595e-01 -2.2904e+00
23 0 +3.797734603e+05 +3.807734603e+05 +3.807734603e+05 +1.3638e-01 -6.6199e-01 +1.3150e+00 -3.8189e-01 -2.2782e+00
24 0 +2.190358799e+05 +2.200358799e+05 +2.200358799e+05 +1.7216e-01 -1.1773e+00 +8.9064e-01 -8.1863e-01 -2.2302e+00
25 0 +1.945170171e+05 +1.955170171e+05 +1.955170171e+05 -2.2519e-03 -1.3644e+00 +7.9440e-01 -6.7686e-01 -2.2272e+00
% f evaluations | g evaluations | best noise-free fitness - Fopt (6.730000000000e+00) + sum g_i+ | measured fitness | best measured fitness or single-digit g-values | x1 | x2...
1 0 +6.420368074e+06 +6.420374804e+06 +6.420374804e+06 +0.0000e+00 +0.0000e+00 +0.0000e+00 +0.0000e+00 +0.0000e+00
3 0 +6.105177004e+06 +6.105183734e+06 +6.105183734e+06 +1.0000e-01 +0.0000e+00 +0.0000e+00 +0.0000e+00 +0.0000e+00
8 0 +5.663459429e+06 +5.663466159e+06 +5.663466159e+06 +1.6600e-01 -1.0224e-02 +4.7048e-02 +3.8713e-02 +4.2754e-02
9 0 +4.249441178e+06 +4.249447908e+06 +4.249447908e+06 +4.3337e-01 -7.1972e-02 +2.3261e-01 +1.8828e-01 +2.0977e-01
10 0 +8.623640230e+05 +8.623707530e+05 +8.623707530e+05 +1.2031e+00 -3.9734e-01 +7.3008e-01 +5.6600e-01 +6.4555e-01
11 0 +4.229208539e+05 +4.229275839e+05 +4.229275839e+05 +1.3805e+00 -5.0915e-01 +8.3557e-01 +6.3987e-01 +7.3475e-01
12 0 +3.127123464e+05 +3.127190764e+05 +3.127190764e+05 +1.4711e+00 -5.7626e-01 +8.8696e-01 +6.7401e-01 +7.7725e-01
13 0 +2.494581739e+05 +2.494649039e+05 +2.494649039e+05 +1.5394e+00 -6.3284e-01 +9.2423e-01 +6.9762e-01 +8.0748e-01
14 0 +1.965160692e+05 +1.965227992e+05 +1.965227992e+05 +1.5944e+00 -6.8244e-01 +9.5323e-01 +7.1518e-01 +8.3059e-01
17 0 +1.816350696e+05 +1.816417996e+05 +1.816417996e+05 +1.6406e+00 -6.3285e-01 +9.9532e-01 +5.9331e-01 +8.7727e-01
19 0 +1.747528926e+05 +1.747596226e+05 +1.747596226e+05 +1.6440e+00 -6.3977e-01 +1.0028e+00 +5.9544e-01 +8.8016e-01
20 0 +1.666093193e+05 +1.666160493e+05 +1.666160493e+05 +1.6506e+00 -6.4082e-01 +1.0075e+00 +5.9928e-01 +8.8450e-01
21 0 +1.342721933e+05 +1.342789233e+05 +1.342789233e+05 +1.6768e+00 -6.4516e-01 +1.0263e+00 +6.1460e-01 +9.0187e-01
22 0 +4.858338154e+04 +4.859011154e+04 +4.859011154e+04 +1.7819e+00 -6.6243e-01 +1.1017e+00 +6.7591e-01 +9.7135e-01
23 0 +2.402556357e+04 +2.403229357e+04 +2.403229357e+04 +1.8278e+00 -6.5330e-01 +1.1389e+00 +7.0870e-01 +1.0071e+00
24 0 +1.764850485e+04 +1.765523485e+04 +1.765523485e+04 +1.8507e+00 -6.4260e-01 +1.1591e+00 +7.2723e-01 +1.0269e+00
25 0 +1.543055130e+04 +1.543728130e+04 +1.543728130e+04 +1.8669e+00 -6.3088e-01 +1.1744e+00 +7.4182e-01 +1.0423e+00
26 0 +1.417305233e+04 +1.417978233e+04 +1.417978233e+04 +1.8800e+00 -6.1752e-01 +1.1878e+00 +7.5505e-01 +1.0560e+00
% f evaluations | g evaluations | best noise-free fitness - Fopt (2.632300000000e+02) + sum g_i+ | measured fitness | best measured fitness or single-digit g-values | x1 | x2...
1 0 +2.650000264e+07 +2.650026587e+07 +2.650026587e+07 +0.0000e+00 +0.0000e+00 +0.0000e+00 +0.0000e+00 +0.0000e+00
5 0 +2.647391937e+07 +2.647418260e+07 +2.647418260e+07 +0.0000e+00 +0.0000e+00 +1.0000e-01 +0.0000e+00 +0.0000e+00
8 0 +2.567624602e+07 +2.567650925e+07 +2.567650925e+07 -4.0117e-02 -2.0399e-02 +1.0324e-01 -3.7973e-02 -8.0760e-02
9 0 +2.254113190e+07 +2.254139513e+07 +2.254139513e+07 -1.9987e-01 -1.0044e-01 +1.1873e-01 -1.8906e-01 -4.0481e-01
10 0 +1.001816217e+07 +1.001842540e+07 +1.001842540e+07 -8.3493e-01 -4.1219e-01 +1.9452e-01 -7.8896e-01 -1.7063e+00
11 0 +3.951194080e+06 +3.951457310e+06 +3.951457310e+06 -1.3415e+00 -6.5941e-01 +2.5814e-01 -1.2673e+00 -2.7474e+00
12 0 +2.238425531e+06 +2.238688761e+06 +2.238688761e+06 -1.5530e+00 -7.3257e-01 +3.5077e-01 -1.4638e+00 -3.2440e+00
13 0 +1.073770416e+06 +1.074033646e+06 +1.074033646e+06 -1.6728e+00 -7.6162e-01 +4.3051e-01 -1.5737e+00 -3.5509e+00
14 0 +6.706154683e+05 +6.708786983e+05 +6.708786983e+05 -1.7297e+00 -7.7214e-01 +4.7562e-01 -1.6256e+00 -3.7034e+00
15 0 +5.038022695e+05 +5.040654995e+05 +5.040654995e+05 -1.7649e+00 -7.7725e-01 +5.0658e-01 -1.6575e+00 -3.8007e+00
18 0 +5.008772148e+05 +5.011404448e+05 +5.011404448e+05 -1.7616e+00 -8.9758e-01 +5.9045e-01 -1.6556e+00 -3.7695e+00
19 0 +4.505481422e+05 +4.508113722e+05 +4.508113722e+05 -1.8110e+00 -9.7340e-01 +4.8302e-01 -1.7080e+00 -3.7646e+00
20 0 +3.270995321e+05 +3.273627621e+05 +3.273627621e+05 -1.8649e+00 -1.0009e+00 +4.9797e-01 -1.7548e+00 -3.8928e+00
21 0 +2.557322774e+05 +2.559955074e+05 +2.559955074e+05 -1.9033e+00 -1.0301e+00 +4.9258e-01 -1.7872e+00 -3.9739e+00
22 0 +7.040495274e+04 +7.066818274e+04 +7.066818274e+04 -2.0283e+00 -1.1296e+00 +4.6815e-01 -1.8923e+00 -4.2338e+00
23 0 +5.706849887e+04 +5.733172887e+04 +5.733172887e+04 -2.0695e+00 -1.1666e+00 +4.5312e-01 -1.9265e+00 -4.3148e+00
26 0 +5.610901051e+04 +5.637224051e+04 +5.637224051e+04 -2.0593e+00 -1.1731e+00 +4.6251e-01 -1.9267e+00 -4.3191e+00
% f evaluations | g evaluations | best noise-free fitness - Fopt (1.803000000000e+02) + sum g_i+ | measured fitness | best measured fitness or single-digit g-values | x1 | x2...
1 0 +2.000919134e+06 +2.001099434e+06 +2.001099434e+06 +0.0000e+00 +0.0000e+00 +0.0000e+00 +0.0000e+00 +0.0000e+00
5 0 +1.950666664e+06 +1.950846964e+06 +1.950846964e+06 +0.0000e+00 +0.0000e+00 +1.0000e-01 +0.0000e+00 +0.0000e+00
8 0 +1.776590174e+06 +1.776770474e+06 +1.776770474e+06 -1.4935e-02 -4.9455e-02 +1.7644e-01 -2.7237e-02 -2.7328e-02
9 0 +6.310884100e+05 +6.312687100e+05 +6.312687100e+05 -4.7822e-02 -1.5835e-01 +5.5039e-01 -8.7211e-02 -8.7503e-02
10 0 +4.922587187e+05 +4.924390187e+05 +4.924390187e+05 -5.8875e-02 -1.9495e-01 +8.1266e-01 -1.0737e-01 -1.0773e-01
11 0 +1.890105209e+05 +1.891908209e+05 +1.891908209e+05 -7.4219e-02 -2.4576e-01 +1.0820e+00 -1.3535e-01 -1.3580e-01
12 0 +1.321429873e+05 +1.323232873e+05 +1.323232873e+05 -8.1421e-02 -2.6961e-01 +1.1957e+00 -1.4849e-01 -1.4898e-01
13 0 +9.074170407e+04 +9.092200407e+04 +9.092200407e+04 -8.7200e-02 -2.8874e-01 +1.2803e+00 -1.5902e-01 -1.5955e-01
14 0 +5.630489502e+04 +5.648519502e+04 +5.648519502e+04 -8.8096e-02 -4.2129e-01 +1.2501e+00 -1.5992e-01 -1.6045e-01
15 0 +4.455993814e+04 +4.474023814e+04 +4.474023814e+04 -8.8566e-02 -4.1675e-01 +1.2342e+00 -1.6039e-01 -2.9513e-01
16 0 +3.224907073e+04 +3.242937073e+04 +3.242937073e+04 -8.9027e-02 -4.1230e-01 +1.2186e+00 -2.9577e-01 -2.9267e-01
17 0 +2.710348810e+04 +2.728378810e+04 +2.728378810e+04 -2.2525e-01 -4.0951e-01 +1.2103e+00 -2.9423e-01 -2.9113e-01
18 0 +1.808179646e+04 +1.826209646e+04 +1.826209646e+04 -2.3164e-01 -4.4048e-01 +1.2439e+00 -3.0756e-01 -3.0396e-01
19 0 +1.247088697e+04 +1.265118697e+04 +1.265118697e+04 -2.3898e-01 -4.8346e-01 +1.2367e+00 -3.2412e-01 -3.1955e-01
20 0 +9.006726463e+03 +9.187026463e+03 +9.187026463e+03 -2.5067e-01 -4.9859e-01 +1.2653e+00 -3.5016e-01 -3.4425e-01
21 0 +8.819885891e+03 +9.000185891e+03 +9.000185891e+03 -2.5362e-01 -5.1104e-01 +1.2736e+00 -3.5676e-01 -3.2732e-01
% f evaluations | g evaluations | best noise-free fitness - Fopt (6.456000000000e+01) + sum g_i+ | measured fitness | best measured fitness or single-digit g-values | x1 | x2...
1 0 +3.319997246e+05 +3.320642846e+05 +3.320642846e+05 +0.0000e+00 +0.0000e+00 +0.0000e+00 +0.0000e+00 +0.0000e+00
3 0 +2.836466684e+05 +2.837112284e+05 +2.837112284e+05 +1.0000e-01 +0.0000e+00 +0.0000e+00 +0.0000e+00 +0.0000e+00
8 0 +2.091052589e+05 +2.091698189e+05 +2.091698189e+05 +1.6736e-01 -5.3924e-03 +1.9184e-03 +6.0538e-02 -4.2011e-02
9 0 +4.767757184e+04 +4.774213184e+04 +4.774213184e+04 +3.6415e-01 -2.0626e-02 +7.3378e-03 +2.3156e-01 -1.6069e-01
10 0 +3.446143188e+04 +3.452599188e+04 +3.452599188e+04 +4.0633e-01 -2.5052e-02 +8.9122e-03 +2.8125e-01 -1.9517e-01
11 0 +3.114143225e+04 +3.120599225e+04 +3.120599225e+04 +4.3340e-01 -2.8743e-02 +1.0225e-02 +3.2268e-01 -2.2393e-01
13 0 +3.045554519e+04 +3.052010519e+04 +3.052010519e+04 +4.4162e-01 -3.8968e-02 +9.7185e-03 +3.2507e-01 -2.1225e-01
16 0 +2.973605865e+04 +2.980061865e+04 +2.980061865e+04 +4.4108e-01 -4.3997e-02 +1.4472e-02 +3.3227e-01 -2.1213e-01
17 0 +2.885917546e+04 +2.892373546e+04 +2.892373546e+04 +4.3722e-01 -4.9548e-02 +1.9809e-02 +3.3552e-01 -2.0824e-01
18 0 +2.565882341e+04 +2.572338341e+04 +2.572338341e+04 +4.2355e-01 -7.1817e-02 +4.2019e-02 +3.5063e-01 -1.9425e-01
19 0 +1.603256555e+04 +1.609712555e+04 +1.609712555e+04 +3.8978e-01 -1.5861e-01 +1.3712e-01 +4.3135e-01 -1.5725e-01
26 0 +1.582779925e+04 +1.589235925e+04 +1.589235925e+04 +3.7604e-01 -1.4920e-01 +1.3434e-01 +4.4429e-01 -1.2845e-01
% f evaluations | g evaluations | best noise-free fitness - Fopt (-2.171400000000e+02) + sum g_i+ | measured fitness | best measured fitness or single-digit g-values | x1 | x2...
1 0 +2.628611505e+06 +2.628394365e+06 +2.628394365e+06 +0.0000e+00 +0.0000e+00 +0.0000e+00 +0.0000e+00 +0.0000e+00
3 0 +2.531231128e+06 +2.531013988e+06 +2.531013988e+06 +1.0000e-01 +0.0000e+00 +0.0000e+00 +0.0000e+00 +0.0000e+00
8 0 +2.467546546e+06 +2.467329406e+06 +2.467329406e+06 +1.6798e-01 +3.2703e-02 -6.5554e-02 +2.4461e-03 -2.5028e-03
9 0 +2.418388460e+06 +2.418171320e+06 +2.418171320e+06 +2.5523e-01 +7.4677e-02 -4.0941e-02 +5.5856e-03 -5.7152e-03
10 0 +2.316565173e+06 +2.316348033e+06 +2.316348033e+06 +3.2487e-01 +8.5634e-02 -7.5736e-02 -3.3799e-02 -5.3333e-02
11 0 +1.322892291e+06 +1.322675151e+06 +1.322675151e+06 +5.1320e-01 +9.1549e-02 -3.4183e-01 -1.8435e-01 -2.2948e-01
12 0 +9.490359473e+05 +9.488188073e+05 +9.488188073e+05 +5.5393e-01 +3.8944e-02 -7.9018e-01 -3.1701e-01 -3.7523e-01
14 0 +9.317238157e+05 +9.315066757e+05 +9.315066757e+05 +5.3932e-01 +8.1639e-02 -7.8376e-01 -2.7432e-01 -4.5333e-01
15 0 +8.919792756e+05 +8.917621356e+05 +8.917621356e+05 +6.3013e-01 +1.0617e-01 -8.1427e-01 -2.7022e-01 -4.6763e-01
16 0 +8.761140168e+05 +8.758968768e+05 +8.758968768e+05 +6.1930e-01 +1.7975e-01 -8.1825e-01 -3.3693e-01 -4.6576e-01
17 0 +7.941883932e+05 +7.939712532e+05 +7.939712532e+05 +6.3184e-01 +2.0012e-01 -9.1113e-01 -3.4079e-01 -4.9380e-01
18 0 +4.922231957e+05 +4.920060557e+05 +4.920060557e+05 +6.8193e-01 +2.8188e-01 -1.2826e+00 -3.5651e-01 -6.0594e-01
19 0 +3.385937260e+05 +3.383765860e+05 +3.383765860e+05 +7.7297e-01 +3.0131e-01 -1.8383e+00 -2.8586e-01 -7.7806e-01
20 0 +3.142649837e+05 +3.140478437e+05 +3.140478437e+05 +7.8772e-01 +5.0735e-01 -1.8961e+00 -4.2789e-01 -7.9409e-01
22 0 +3.024055993e+05 +3.021884593e+05 +3.021884593e+05 +7.6885e-01 +5.5871e-01 -1.9025e+00 -3.5784e-01 -7.4872e-01
23 0 +2.890457871e+05 +2.888286471e+05 +2.888286471e+05 +7.5206e-01 +5.8055e-01 -1.8862e+00 -3.3057e-01 -8.1489e-01
24 0 +2.750956206e+05 +2.748784806e+05 +2.748784806e+05 +7.0159e-01 +6.1225e-01 -1.9528e+00 -3.0452e-01 -8.5142e-01
25 0 +2.606624388e+05 +2.604452988e+05 +2.604452988e+05 +6.2646e-01 +6.6847e-01 -1.9245e+00 -2.9628e-01 -8.6949e-01
26 0 +2.420476916e+05 +2.418305516e+05 +2.418305516e+05 +6.1299e-01 +7.4626e-01 -1.9293e+00 -2.5381e-01 -9.1355e-01
