% f evaluations | g evaluations | best noise-free fitness - Fopt (1.000000000000e+03) + sum g_i+ | measured fitness | best measured fitness or single-digit g-values | x1 | x2...
1 0 +3.071729850e+02 +1.307172985e+03 +1.307172985e+03 +0.0000e+00 +0.0000e+00 +0.0000e+00 +0.0000e+00 +0.0000e+00 +0.0000e+00 +0.0000e+00 +0.0000e+00 +0.0000e+00 +0.0000e+00
3 0 +2.843688452e+02 +1.284368845e+03 +1.284368845e+03 +1.0000e+00 +0.0000e+00 +0.0000e+00 +0.0000e+00 +0.0000e+00 +0.0000e+00 +0.0000e+00 +0.0000e+00 +0.0000e+00 +0.0000e+00
5 0 +2.772522355e+02 +1.277252236e+03 +1.277252236e+03 +0.0000e+00 +0.0000e+00 +1.0000e+00 +0.0000e+00 +0.0000e+00 +0.0000e+00 +0.0000e+00 +0.0000e+00 +0.0000e+00 +0.0000e+00
6 0 +2.424156671e+02 +1.242415667e+03 +1.242415667e+03 +0.0000e+00 +0.0000e+00 +0.0000e+00 +1.0000e+00 +0.0000e+00 +0.0000e+00 +0.0000e+00 +0.0000e+00 +0.0000e+00 +0.0000e+00
13 0 +2.146739471e+02 +1.214673947e+03 +1.214673947e+03 +1.9324e-01 -4.9690e-02 +2.5355e-01 +1.5488e+00 +3.9148e-01 -3.2660e-01 -4.7440e-02 +4.3206e-01 +2.7013e-01 +2.7011e-01
14 0 +1.758800935e+02 +1.175880093e+03 +1.175880093e+03 -5.5557e-03 -4.8764e-01 +1.1412e-01 +1.6999e+00 +3.8782e-01 -1.0371e+00 -4.8317e-01 +4.6835e-01 +1.4701e-01 +1.4698e-01
15 0 +1.679582676e+02 +1.167958268e+03 +1.167958268e+03 -1.6249e-01 -1.0633e+00 +6.1128e-02 +2.1557e+00 +5.7255e-01 -9.5732e-01 -1.0549e+00 +7.2303e-01 +1.2260e-01 +1.2252e-01
16 0 +1.130527378e+02 +1.113052738e+03 +1.113052738e+03 -3.3398e-01 -4.5229e-01 -3.5063e-02 +2.4281e+00 +6.4858e-01 -1.4651e+00 -1.5269e+00 +8.4973e-01 +4.7103e-02 +4.7008e-02
22 0 +1.076874107e+02 +1.107687411e+03 +1.107687411e+03 -3.4658e-01 -4.5012e-01 -7.3287e-02 +2.4061e+00 +6.8077e-01 -1.4700e+00 -1.5454e+00 +8.2626e-01 +1.2397e-01 +5.2447e-02
26 0 +1.061256588e+02 +1.106125659e+03 +1.106125659e+03 -3.2624e-01 -3.9437e-01 -8.1236e-02 +2.4350e+00 +7.1234e-01 -1.4327e+00 -1.5081e+00 +8.5235e-01 +1.4035e-01 +8.1780e-02
27 0 +1.040462351e+02 +1.104046235e+03 +1.104046235e+03 -3.0330e-01 -4.3994e-01 -6.8358e-02 +2.3986e+00 +7.0221e-01 -1.3649e+00 -1.4813e+00 +8.3546e-01 +1.5046e-01 +9.1896e-02
31 0 +1.011588146e+02 +1.101158815e+03 +1.101158815e+03 -2.9343e-01 -4.3488e-01 -6.3346e-02 +2.3908e+00 +7.0126e-01 -1.3688e+00 -1.4911e+00 +8.3124e-01 +1.4946e-01 +1.0876e-01
36 0 +9.850014661e+01 +1.098500147e+03 +1.098500147e+03 -2.8901e-01 -4.2552e-01 -5.5226e-02 +2.4053e+00 +7.0052e-01 -1.3569e+00 -1.4947e+00 +8.2345e-01 +1.4565e-01 +1.2496e-01
37 0 +9.739944756e+01 +1.097399448e+03 +1.097399448e+03 -2.8925e-01 -4.2806e-01 -5.1237e-02 +2.4056e+00 +6.9545e-01 -1.3588e+00 -1.4966e+00 +8.1925e-01 +1.4047e-01 +1.2462e-01
39 0 +9.540847864e+01 +1.095408479e+03 +1.095408479e+03 -2.8988e-01 -4.2457e-01 -5.1437e-02 +2.4109e+00 +6.9468e-01 -1.3693e+00 -1.4964e+00 +8.1252e-01 +1.4049e-01 +1.2895e-01
42 0 +9.237488399e+01 +1.092374884e+03 +1.092374884e+03 -2.8927e-01 -4.1608e-01 -4.2652e-02 +2.4155e+00 +6.9199e-01 -1.3716e+00 -1.4994e+00 +7.9733e-01 +1.4451e-01 +1.2227e-01
46 0 +9.055262072e+01 +1.090552621e+03 +1.090552621e+03 -2.9344e-01 -4.1111e-01 -3.7311e-02 +2.4152e+00 +6.9044e-01 -1.3752e+00 -1.5029e+00 +7.8960e-01 +1.4304e-01 +1.2637e-01
49 0 +8.888378155e+01 +1.088883782e+03 +1.088883782e+03 -2.9761e-01 -4.0388e-01 -3.9133e-02 +2.4118e+00 +6.8888e-01 -1.3761e+00 -1.5035e+00 +7.8593e-01 +1.4603e-01 +1.2453e-01
61 0 +8.678039323e+01 +1.086780393e+03 +1.086780393e+03 -3.0050e-01 -3.9006e-01 -4.0269e-02 +2.4114e+00 +6.8625e-01 -1.3755e+00 -1.5047e+00 +7.7399e-01 +1.4735e-01 +1.2751e-01
63 0 +8.510280509e+01 +1.085102805e+03 +1.085102805e+03 -3.0712e-01 -3.6891e-01 -4.0145e-02 +2.4229e+00 +6.8737e-01 -1.3770e+00 -1.5050e+00 +7.6174e-01 +1.4168e-01 +1.3063e-01
68 0 +8.314696286e+01 +1.083146963e+03 +1.083146963e+03 -3.1211e-01 -3.6408e-01 -2.8307e-02 +2.4265e+00 +6.9474e-01 -1.3721e+00 -1.4993e+00 +7.5104e-01 +1.5435e-01 +1.3112e-01
85 0 +8.110806900e+01 +1.081108069e+03 +1.081108069e+03 -3.1467e-01 -3.6015e-01 -2.3839e-02 +2.4385e+00 +7.0523e-01 -1.3611e+00 -1.4983e+00 +7.3658e-01 +1.5610e-01 +1.2883e-01
109 0 +7.942922420e+01 +1.079429224e+03 +1.079429224e+03 -3.2193e-01 -3.4673e-01 -1.6819e-02 +2.4477e+00 +7.2092e-01 -1.3521e+00 -1.4965e+00 +7.2180e-01 +1.5762e-01 +1.2938e-01
148 0 +7.732892611e+01 +1.077328926e+03 +1.077328926e+03 -3.2613e-01 -3.2640e-01 +8.8293e-03 +2.4537e+00 +7.4641e-01 -1.3381e+00 -1.4784e+00 +6.9765e-01 +1.5341e-01 +1.2620e-01
180 0 +7.576807278e+01 +1.075768073e+03 +1.075768073e+03 -3.1896e-01 -3.0977e-01 +3.2560e-02 +2.4499e+00 +7.6900e-01 -1.3333e+00 -1.4532e+00 +6.8146e-01 +1.4287e-01 +1.2298e-01
220 0 +7.408962975e+01 +1.074089630e+03 +1.074089630e+03 -2.9417e-01 -3.0904e-01 +4.2649e-02 +2.4315e+00 +7.7572e-01 -1.3138e+00 -1.4346e+00 +6.7047e-01 +1.4399e-01 +1.2029e-01
% f evaluations | g evaluations | best noise-free fitness - Fopt (7.003000000000e+01) + sum g_i+ | measured fitness | best measured fitness or single-digit g-values | x1 | x2...
1 0 +3.532304115e+02 +4.232604115e+02 +4.232604115e+02 +0.0000e+00 +0.0000e+00 +0.0000e+00 +0.0000e+00 +0.0000e+00 +0.0000e+00 +0.0000e+00 +0.0000e+00 +0.0000e+00 +0.0000e+00
13 0 +2.836464948e+02 +3.536764948e+02 +3.536764948e+02 -4.4231e-02 -2.2672e-01 -7.5410e-01 -1.1550e-01 -1.8292e-01 -4.3592e-01 -9.1476e-02 -1.5096e-01 -2.8424e-01 -1.7086e-01
14 0 +1.951670558e+02 +2.651970558e+02 +2.651970558e+02 +2.0980e-01 -2.5726e-01 -1.6071e+00 +2.7387e-02 -1.4515e-01 -7.9270e-01 +8.8885e-02 -6.3352e-02 -4.0448e-01 -1.1428e-01
23 0 +1.921363249e+02 +2.621663249e+02 +2.621663249e+02 +1.3424e-01 -2.5940e-01 -1.6142e+00 +2.6294e-02 -1.4688e-01 -7.9683e-01 +1.5371e-01 -6.4779e-02 -4.0717e-01 -1.1590e-01
24 0 +1.850500121e+02 +2.550800121e+02 +2.550800121e+02 +1.8598e-01 -2.3675e-01 -1.6001e+00 +4.3825e-02 -1.5368e-01 -7.9230e-01 +2.2630e-01 -5.5322e-02 -4.0094e-01 -8.6933e-02
25 0 +1.793556096e+02 +2.493856096e+02 +2.493856096e+02 +1.8082e-01 -2.1571e-01 -1.5441e+00 +3.8707e-02 -2.1732e-01 -7.9734e-01 +2.4737e-01 -7.8421e-02 -4.1809e-01 -5.4953e-02
34 0 +1.775762856e+02 +2.476062856e+02 +2.476062856e+02 +1.8135e-01 -2.0310e-01 -1.5618e+00 +3.8423e-02 -2.3844e-01 -7.5817e-01 +2.5138e-01 -7.5259e-02 -4.1735e-01 -3.8188e-02
37 0 +1.736206023e+02 +2.436506023e+02 +2.436506023e+02 +1.6618e-01 -2.0376e-01 -1.5647e+00 +4.5515e-02 -2.4249e-01 -7.5667e-01 +2.3924e-01 -7.5751e-02 -4.0880e-01 -3.8032e-02
39 0 +1.687512281e+02 +2.387812281e+02 +2.387812281e+02 +1.4710e-01 -2.0183e-01 -1.5779e+00 +6.8029e-02 -2.5561e-01 -7.6027e-01 +2.1443e-01 -7.6300e-02 -3.8914e-01 -2.8347e-02
41 0 +1.642034112e+02 +2.342334112e+02 +2.342334112e+02 +1.0283e-01 -1.7484e-01 -1.5826e+00 +6.9607e-02 -2.7231e-01 -7.6813e-01 +2.2646e-01 -6.9598e-02 -3.7844e-01 -3.8762e-02
45 0 +1.616604699e+02 +2.316904699e+02 +2.316904699e+02 +8.1379e-02 -1.6569e-01 -1.5764e+00 +6.2743e-02 -2.5860e-01 -7.5892e-01 +1.9829e-01 -6.2852e-02 -3.5629e-01 -4.7578e-02
50 0 +1.577383758e+02 +2.277683758e+02 +2.277683758e+02 +5.5070e-02 -1.8301e-01 -1.5730e+00 +7.7634e-02 -2.4773e-01 -7.6391e-01 +2.0201e-01 -6.0266e-02 -3.5663e-01 -5.2416e-02
59 0 +1.546688312e+02 +2.246988312e+02 +2.246988312e+02 +4.0844e-02 -1.8397e-01 -1.5539e+00 +9.1329e-02 -2.4687e-01 -7.6308e-01 +2.0758e-01 -5.8817e-02 -3.5622e-01 -5.7262e-02
63 0 +1.511021201e+02 +2.211321201e+02 +2.211321201e+02 +2.5900e-02 -1.7291e-01 -1.5231e+00 +1.1017e-01 -2.4714e-01 -7.6015e-01 +2.1312e-01 -5.5078e-02 -3.5224e-01 -7.1514e-02
87 0 +1.478676401e+02 +2.178976401e+02 +2.178976401e+02 +2.9300e-03 -1.6878e-01 -1.5047e+00 +1.4193e-01 -2.5393e-01 -7.6213e-01 +2.0555e-01 -7.0537e-02 -3.4832e-01 -7.9014e-02
129 0 +1.445216420e+02 +2.145516420e+02 +2.145516420e+02 -3.0998e-02 -1.5574e-01 -1.4662e+00 +2.0008e-01 -2.7095e-01 -7.8254e-01 +2.0634e-01 -1.0344e-01 -3.1898e-01 -1.1725e-01
% f evaluations | g evaluations | best noise-free fitness - Fopt (-4.822000000000e+01) + sum g_i+ | measured fitness | best measured fitness or single-digit g-values | x1 | x2...
1 0 +6.524062290e+02 +6.041862290e+02 +6.041862290e+02 +0.0000e+00 +0.0000e+00 +0.0000e+00 +0.0000e+00 +0.0000e+00 +0.0000e+00 +0.0000e+00 +0.0000e+00 +0.0000e+00 +0.0000e+00
4 0 +6.340901374e+02 +5.858701374e+02 +5.858701374e+02 +0.0000e+00 +1.0000e+00 +0.0000e+00 +0.0000e+00 +0.0000e+00 +0.0000e+00 +0.0000e+00 +0.0000e+00 +0.0000e+00 +0.0000e+00
6 0 +5.848902485e+02 +5.366702485e+02 +5.366702485e+02 +0.0000e+00 +0.0000e+00 +0.0000e+00 +1.0000e+00 +0.0000e+00 +0.0000e+00 +0.0000e+00 +0.0000e+00 +0.0000e+00 +0.0000e+00
8 0 +5.209263862e+02 +4.727063862e+02 +4.727063862e+02 +0.0000e+00 +0.0000e+00 +0.0000e+00 +0.0000e+00 +0.0000e+00 +1.0000e+00 +0.0000e+00 +0.0000e+00 +0.0000e+00 +0.0000e+00
13 0 +3.780177796e+02 +3.297977796e+02 +3.297977796e+02 -1.0175e-01 +6.0320e-02 -1.5530e-01 +2.2235e-01 -3.3994e-01 +1.4330e+00 -5.8260e-02 -1.2730e-01 -7.5328e-01 +1.4960e-01
14 0 +3.210690470e+02 +2.728490470e+02 +2.728490470e+02 -2.5601e-01 +1.5176e-01 -3.9074e-01 +5.5942e-01 -8.5527e-01 +2.0894e+00 -1.4658e-01 -3.2029e-01 -8.2988e-01 +3.7639e-01
16 0 +2.942686392e+02 +2.460486392e+02 +2.460486392e+02 -4.1462e-01 +2.1751e-02 -5.5879e-01 +4.5800e-01 -9.1687e-01 +2.0252e+00 -2.9751e-01 -4.8340e-01 -9.1698e-01 +2.6213e-01
17 0 +2.838144125e+02 +2.355944125e+02 +2.355944125e+02 -5.1833e-01 -3.5477e-02 -2.5846e-01 +4.4724e-01 -1.0170e+00 +2.0748e+00 -3.8875e-01 -5.9444e-01 -1.0586e+00 +2.3051e-01
18 0 +2.743331399e+02 +2.261131399e+02 +2.261131399e+02 -6.6540e-01 -3.2874e-02 -2.5846e-01 +4.4984e-01 -1.0170e+00 +2.0774e+00 -3.8615e-01 -4.6038e-01 -1.0586e+00 +2.3311e-01
19 0 +2.468204223e+02 +1.986004223e+02 +1.986004223e+02 -6.2374e-01 -8.2536e-02 -2.9862e-01 +4.3466e-01 -1.0913e+00 +2.1071e+00 -4.6104e-01 -3.6238e-01 -1.1636e+00 +2.0245e-01
20 0 +2.433794801e+02 +1.951594801e+02 +1.951594801e+02 -6.4431e-01 -1.4586e-01 -3.4378e-01 +4.1010e-01 -1.1748e+00 +2.1329e+00 -3.7109e-01 -3.2896e-01 -1.2817e+00 +1.6048e-01
22 0 +2.370892962e+02 +1.888692962e+02 +1.888692962e+02 -6.5075e-01 -1.2674e-01 -3.5790e-01 +3.7507e-01 -1.2009e+00 +2.1136e+00 -4.0652e-01 -3.1851e-01 -1.3186e+00 +2.2669e-01
23 0 +2.304863528e+02 +1.822663528e+02 +1.822663528e+02 -6.5041e-01 -1.9835e-01 -3.6248e-01 +3.5105e-01 -1.2053e+00 +2.1498e+00 -4.4399e-01 -2.9614e-01 -1.3034e+00 +2.5520e-01
24 0 +2.201616879e+02 +1.719416879e+02 +1.719416879e+02 -6.5374e-01 -2.3746e-01 -3.7049e-01 +4.2227e-01 -1.2196e+00 +2.1082e+00 -4.6757e-01 -2.8768e-01 -1.3208e+00 +2.7677e-01
30 0 +2.181490774e+02 +1.699290774e+02 +1.699290774e+02 -6.3123e-01 -2.5311e-01 -3.6303e-01 +3.9983e-01 -1.2871e+00 +2.0597e+00 -4.5927e-01 -2.8876e-01 -1.2711e+00 +2.7089e-01
36 0 +2.089951532e+02 +1.607751532e+02 +1.607751532e+02 -6.0852e-01 -2.4398e-01 -3.8433e-01 +4.1593e-01 -1.2946e+00 +2.0476e+00 -4.4347e-01 -3.0066e-01 -1.2831e+00 +2.2601e-01
37 0 +1.977938195e+02 +1.495738195e+02 +1.495738195e+02 -5.3961e-01 -2.0251e-01 -4.3489e-01 +4.2344e-01 -1.2977e+00 +2.0266e+00 -3.9767e-01 -3.4373e-01 -1.2936e+00 +1.1645e-01
40 0 +1.878077830e+02 +1.395877830e+02 +1.395877830e+02 -5.3569e-01 -2.3502e-01 -4.1680e-01 +4.4818e-01 -1.3039e+00 +2.0084e+00 -3.6084e-01 -3.8397e-01 -1.3246e+00 +1.2562e-01
45 0 +1.853692011e+02 +1.371492011e+02 +1.371492011e+02 -5.3391e-01 -2.3926e-01 -4.2185e-01 +4.4932e-01 -1.2972e+00 +1.9999e+00 -3.4896e-01 -3.8849e-01 -1.3166e+00 +1.2884e-01
52 0 +1.817573410e+02 +1.335373410e+02 +1.335373410e+02 -5.4071e-01 -2.4077e-01 -4.1420e-01 +4.7106e-01 -1.2793e+00 +1.9882e+00 -3.3215e-01 -4.0166e-01 -1.3114e+00 +1.2661e-01
75 0 +1.775285831e+02 +1.293085831e+02 +1.293085831e+02 -5.3316e-01 -2.5805e-01 -4.3215e-01 +4.9075e-01 -1.2837e+00 +1.9635e+00 -3.1702e-01 -4.0170e-01 -1.3054e+00 +1.1257e-01
% f evaluations | g evaluations | best noise-free fitness - Fopt (2.547000000000e+01) + sum g_i+ | measured fitness | best measured fitness or single-digit g-values | x1 | x2...
1 0 +3.185738813e+02 +3.440438813e+02 +3.440438813e+02 +0.0000e+00 +0.0000e+00 +0.0000e+00 +0.0000e+00 +0.0000e+00 +0.0000e+00 +0.0000e+00 +0.0000e+00 +0.0000e+00 +0.0000e+00
8 0 +2.952027867e+02 +3.206727867e+02 +3.206727867e+02 +0.0000e+00 +0.0000e+00 +0.0000e+00 +0.0000e+00 +0.0000e+00 +1.0000e+00 +0.0000e+00 +0.0000e+00 +0.0000e+00 +0.0000e+00
13 0 +2.645574919e+02 +2.900274919e+02 +2.900274919e+02 -6.8770e-01 -2.2010e-01 -3.7145e-01 -3.3295e-01 -1.4507e-01 +1.1677e+00 -3.4096e-01 +4.1037e-02 +5.6335e-02 -2.4400e-01
19 0 +2.614505020e+02 +2.869205020e+02 +2.869205020e+02 -7.1351e-01 -2.4654e-01 -3.9653e-01 -2.0906e-01 -1.6808e-01 +1.1589e+00 -3.6157e-01 +2.6534e-02 +4.2531e-02 -2.8859e-01
23 0 +2.526797975e+02 +2.781497975e+02 +2.781497975e+02 -7.2080e-01 -1.9016e-01 -4.0362e-01 -2.0868e-01 -2.5435e-01 +1.0878e+00 -3.6739e-01 +7.4383e-02 +9.4417e-02 -2.8972e-01
25 0 +2.375710034e+02 +2.630410034e+02 +2.630410034e+02 -6.6234e-01 -1.9817e-01 -4.2220e-01 -1.9270e-01 -2.8222e-01 +1.0852e+00 -3.8114e-01 +4.6535e-02 +1.5881e-01 -2.8485e-01
26 0 +2.329705999e+02 +2.584405999e+02 +2.584405999e+02 -6.6015e-01 -1.8950e-01 -4.2844e-01 -1.6348e-01 -2.9110e-01 +1.1105e+00 -3.8169e-01 +4.3097e-02 +2.4749e-01 -2.6407e-01
31 0 +2.272237442e+02 +2.526937442e+02 +2.526937442e+02 -6.2255e-01 -1.9002e-01 -4.5479e-01 -1.4690e-01 -3.0187e-01 +1.1023e+00 -3.6748e-01 +8.0370e-02 +2.5224e-01 -2.5436e-01
36 0 +2.218836484e+02 +2.473536484e+02 +2.473536484e+02 -6.2294e-01 -2.0847e-01 -4.5736e-01 -1.3811e-01 -3.0040e-01 +1.1066e+00 -3.6620e-01 +8.3758e-02 +2.5131e-01 -2.4476e-01
37 0 +2.132900864e+02 +2.387600864e+02 +2.387600864e+02 -6.2769e-01 -2.3614e-01 -4.6594e-01 -1.3659e-01 -3.0935e-01 +1.0984e+00 -3.6971e-01 +9.7041e-02 +2.3156e-01 -2.4187e-01
38 0 +2.058379047e+02 +2.313079047e+02 +2.313079047e+02 -6.3894e-01 -2.6268e-01 -4.8065e-01 -1.2542e-01 -3.1746e-01 +1.0960e+00 -3.7589e-01 +1.1064e-01 +2.3396e-01 -2.3058e-01
39 0 +2.020708659e+02 +2.275408659e+02 +2.275408659e+02 -6.3482e-01 -2.9531e-01 -4.8454e-01 -1.1687e-01 -3.1441e-01 +1.0942e+00 -3.7238e-01 +1.2174e-01 +2.2071e-01 -2.2028e-01
42 0 +1.985274108e+02 +2.239974108e+02 +2.239974108e+02 -6.4140e-01 -2.8474e-01 -4.9022e-01 -1.1578e-01 -3.0426e-01 +1.0826e+00 -3.7702e-01 +1.2827e-01 +2.1142e-01 -2.0431e-01
47 0 +1.947072508e+02 +2.201772508e+02 +2.201772508e+02 -6.3819e-01 -2.8250e-01 -5.0917e-01 -1.0800e-01 -3.1075e-01 +1.0729e+00 -3.7865e-01 +1.4001e-01 +2.0548e-01 -2.1054e-01
50 0 +1.903020819e+02 +2.157720819e+02 +2.157720819e+02 -6.3060e-01 -2.7587e-01 -5.1908e-01 -9.4569e-02 -3.0961e-01 +1.0655e+00 -3.8139e-01 +1.5119e-01 +2.1112e-01 -1.9950e-01
55 0 +1.853190075e+02 +2.107890075e+02 +2.107890075e+02 -6.1750e-01 -2.8446e-01 -5.3393e-01 -7.0821e-02 -3.1840e-01 +1.0571e+00 -3.8358e-01 +1.6204e-01 +2.1116e-01 -1.9009e-01
64 0 +1.819209592e+02 +2.073909592e+02 +2.073909592e+02 -6.0328e-01 -2.9062e-01 -5.5694e-01 -4.5803e-02 -3.2527e-01 +1.0443e+00 -3.8249e-01 +1.7816e-01 +2.1686e-01 -1.7589e-01
191 0 +1.778275606e+02 +2.032975606e+02 +2.032975606e+02 -5.2392e-01 -2.7876e-01 -5.9954e-01 -6.3796e-02 -4.0912e-01 +1.0054e+00 -3.9842e-01 +1.6651e-01 +2.4969e-01 -1.0331e-01
% f evaluations | g evaluations | best noise-free fitness - Fopt (-1.008100000000e+02) + sum g_i+ | measured fitness | best measured fitness or single-digit g-values | x1 | x2...
1 0 +1.920731690e+02 +9.126316903e+01 +9.126316903e+01 +0.0000e+00 +0.0000e+00 +0.0000e+00 +0.0000e+00 +0.0000e+00 +0.0000e+00 +0.0000e+00 +0.0000e+00 +0.0000e+00 +0.0000e+00
3 0 +1.688406358e+02 +6.803063581e+01 +6.803063581e+01 +1.0000e+00 +0.0000e+00 +0.0000e+00 +0.0000e+00 +0.0000e+00 +0.0000e+00 +0.0000e+00 +0.0000e+00 +0.0000e+00 +0.0000e+00
7 0 +1.211148840e+02 +2.030488395e+01 +2.030488395e+01 +0.0000e+00 +0.0000e+00 +0.0000e+00 +0.0000e+00 +1.0000e+00 +0.0000e+00 +0.0000e+00 +0.0000e+00 +0.0000e+00 +0.0000e+00
13 0 +1.187255958e+02 +1.791559579e+01 +1.791559579e+01 +2.9601e-02 +2.9712e-02 -2.4267e-02 -8.6135e-02 +1.0904e+00 +3.1241e-02 +1.5758e-02 +7.8384e-02 +1.4164e-02 +1.9000e-02
23 0 +1.160068533e+02 +1.519685327e+01 +1.519685327e+01 +2.8783e-02 +3.0322e-02 -1.2612e-01 -1.0063e-01 +1.0706e+00 +1.3147e-02 +1.4579e-02 +9.8936e-02 +5.3787e-03 +2.7530e-02
24 0 +1.141869921e+02 +1.337699208e+01 +1.337699208e+01 +2.5836e-02 +2.8221e-02 -1.2562e-01 -9.8545e-02 +1.0545e+00 +2.7958e-02 +5.9072e-03 +1.0548e-01 +3.0787e-03 +2.5602e-02
30 0 +1.109610044e+02 +1.015100444e+01 +1.015100444e+01 +3.7333e-02 +3.1455e-02 -1.3195e-01 -8.9909e-02 +1.0613e+00 +4.2597e-02 -1.9998e-02 +1.2638e-01 +9.2457e-03 +3.6263e-02
31 0 +1.066053397e+02 +5.795339686e+00 +5.795339686e+00 +3.3480e-02 +2.1912e-02 -1.3070e-01 -1.0132e-01 +1.0659e+00 +4.4953e-02 -3.2233e-02 +1.3110e-01 -8.1276e-03 +4.0818e-02
32 0 +1.028121102e+02 +2.002110169e+00 +2.002110169e+00 +3.4256e-02 +1.4827e-02 -1.3117e-01 -9.9289e-02 +1.0633e+00 +4.9113e-02 -3.9329e-02 +1.3203e-01 -2.2612e-02 +5.7114e-02
33 0 +1.022831130e+02 +1.473113001e+00 +1.473113001e+00 +3.6770e-02 +1.4202e-02 -1.3189e-01 -1.0091e-01 +1.0644e+00 +5.3333e-02 -3.8993e-02 +1.3336e-01 -2.7369e-02 +5.8187e-02
% f evaluations | g evaluations | best noise-free fitness - Fopt (1.000000000000e+03) + sum g_i+ | measured fitness | best measured fitness or single-digit g-values | x1 | x2...
1 0 +4.159029309e+02 +1.415902931e+03 +1.415902931e+03 +0.0000e+00 +0.0000e+00 +0.0000e+00 +0.0000e+00 +0.0000e+00 +0.0000e+00 +0.0000e+00 +0.0000e+00 +0.0000e+00 +0.0000e+00
5 0 +3.932945123e+02 +1.393294512e+03 +1.393294512e+03 +0.0000e+00 +0.0000e+00 +1.0000e+00 +0.0000e+00 +0.0000e+00 +0.0000e+00 +0.0000e+00 +0.0000e+00 +0.0000e+00 +0.0000e+00
7 0 +3.535718452e+02 +1.353571845e+03 +1.353571845e+03 +0.0000e+00 +0.0000e+00 +0.0000e+00 +0.0000e+00 +1.0000e+00 +0.0000e+00 +0.0000e+00 +0.0000e+00 +0.0000e+00 +0.0000e+00
13 0 +3.302206713e+02 +1.330220671e+03 +1.330220671e+03 -3.7079e-01 -5.3787e-01 +1.4711e-01 -9.7754e-02 +1.4056e+00 -2.7590e-01 -4.7152e-01 -1.2515e-03 -2.5224e-01 -1.2427e-01
23 0 +3.060445898e+02 +1.306044590e+03 +1.306044590e+03 -4.2323e-01 -5.5322e-01 +1.4168e-01 -5.1580e-02 +1.3158e+00 -2.7875e-01 -4.8084e-01 +5.2260e-03 -3.4058e-01 -1.0281e-01
25 0 +2.999877446e+02 +1.299987745e+03 +1.299987745e+03 -4.4402e-01 -5.2536e-01 +1.5538e-01 -5.3136e-02 +1.3285e+00 -2.8965e-01 -5.0004e-01 +9.3136e-03 -3.6137e-01 -1.0485e-01
26 0 +2.950355571e+02 +1.295035557e+03 +1.295035557e+03 -4.4717e-01 -5.4588e-01 +1.7777e-01 -5.0611e-02 +1.3323e+00 -2.8147e-01 -5.1863e-01 +1.8817e-02 -3.9353e-01 -1.0179e-01
27 0 +2.875749145e+02 +1.287574915e+03 +1.287574915e+03 -4.7503e-01 -5.5342e-01 +1.9079e-01 -4.2979e-02 +1.3141e+00 -2.9235e-01 -5.3291e-01 +2.7773e-02 -3.9225e-01 -1.2827e-01
34 0 +2.816629365e+02 +1.281662936e+03 +1.281662936e+03 -4.8740e-01 -5.6421e-01 +2.0066e-01 -2.5678e-02 +1.3130e+00 -3.4023e-01 -5.4114e-01 +4.9504e-02 -4.0006e-01 -1.1490e-01
36 0 +2.724048558e+02 +1.272404856e+03 +1.272404856e+03 -4.9759e-01 -5.8295e-01 +2.2355e-01 +1.6017e-02 +1.3232e+00 -3.3782e-01 -5.3251e-01 +7.1590e-02 -3.9868e-01 -1.3908e-01
37 0 +2.686668563e+02 +1.268666856e+03 +1.268666856e+03 -5.1085e-01 -5.6945e-01 +2.1777e-01 +2.5954e-02 +1.3381e+00 -3.5314e-01 -5.2992e-01 +7.1511e-02 -3.7902e-01 -1.5521e-01
47 0 +2.629717642e+02 +1.262971764e+03 +1.262971764e+03 -5.2815e-01 -5.7806e-01 +2.1235e-01 +2.7428e-02 +1.3250e+00 -3.7256e-01 -5.3247e-01 +6.4324e-02 -3.8529e-01 -1.7913e-01
62 0 +2.554211644e+02 +1.255421164e+03 +1.255421164e+03 -5.9423e-01 -5.9818e-01 +1.9390e-01 +3.9613e-02 +1.3279e+00 -3.9026e-01 -5.4042e-01 +6.8646e-02 -3.6042e-01 -2.4016e-01
79 0 +2.501406160e+02 +1.250140616e+03 +1.250140616e+03 -6.5657e-01 -6.2980e-01 +2.4034e-01 +1.2775e-02 +1.2615e+00 -4.2010e-01 -5.3315e-01 +1.4872e-01 -3.5786e-01 -2.2774e-01
% f evaluations | g evaluations | best noise-free fitness - Fopt (-3.578600000000e+02) + sum g_i+ | measured fitness | best measured fitness or single-digit g-values | x1 | x2...
1 0 +4.899997956e+02 +1.321397956e+02 +1.321397956e+02 +0.0000e+00 +0.0000e+00 +0.0000e+00 +0.0000e+00 +0.0000e+00 +0.0000e+00 +0.0000e+00 +0.0000e+00 +0.0000e+00 +0.0000e+00
5 0 +4.339949859e+02 +7.613498591e+01 +7.613498591e+01 +0.0000e+00 +0.0000e+00 +1.0000e+00 +0.0000e+00 +0.0000e+00 +0.0000e+00 +0.0000e+00 +0.0000e+00 +0.0000e+00 +0.0000e+00
17 0 +4.263173163e+02 +6.845731626e+01 +6.845731626e+01 +1.0323e-02 +3.9159e-02 -8.3165e-02 -9.4764e-03 +4.0880e-03 +1.0188e+00 -1.4351e-02 -2.7549e-02 +2.6282e-03 +3.3265e-03
19 0 +4.163745570e+02 +5.851455700e+01 +5.851455700e+01 +2.1467e-02 +5.3935e-02 -7.8000e-02 +6.9861e-02 +8.5012e-03 +1.0391e+00 +3.0356e-02 -5.7289e-02 +5.4653e-03 +6.9175e-03
35 0 +4.067226651e+02 +4.886266507e+01 +4.886266507e+01 +3.8300e-02 +3.4773e-02 -9.6829e-02 +7.4036e-02 -1.7408e-02 +1.0156e+00 +6.2873e-02 -2.9588e-02 +5.1867e-03 -2.0566e-04
38 0 +3.973825835e+02 +3.952258354e+01 +3.952258354e+01 +3.0252e-02 -6.3386e-03 -9.5216e-02 +3.6818e-02 -6.9352e-02 +1.0520e+00 +8.8158e-02 -3.6443e-02 -6.1127e-03 -5.7576e-02
39 0 +3.834434848e+02 +2.558348483e+01 +2.558348483e+01 +5.1716e-02 -3.0746e-02 -1.0182e-01 +5.0926e-02 -1.1172e-01 +1.0223e+00 +1.1426e-01 -4.3313e-02 -3.5097e-02 -8.6841e-02
43 0 +3.756682204e+02 +1.780822045e+01 +1.780822045e+01 +8.7232e-02 -8.7536e-02 -1.1342e-01 +6.0882e-02 -2.1098e-01 +9.7997e-01 +1.6900e-01 -5.2834e-02 -6.0114e-02 -1.2818e-01
50 0 +3.708582789e+02 +1.299827886e+01 +1.299827886e+01 +9.7073e-02 -9.3697e-02 -1.1610e-01 +4.8024e-02 -2.1698e-01 +9.8372e-01 +1.6001e-01 -5.2775e-02 -4.4200e-02 -1.3835e-01
70 0 +3.624615734e+02 +4.601573442e+00 +4.601573442e+00 +1.2175e-01 -8.3865e-02 -1.3976e-01 +8.3409e-03 -2.2205e-01 +9.9794e-01 +1.6624e-01 -2.8173e-02 -2.9158e-02 -1.3407e-01
139 0 +3.475643439e+02 -1.029565610e+01 -1.029565610e+01 -4.2563e-01 -2.9632e+00 -1.4718e+00 -2.0301e+00 -9.1600e-02 +2.6812e+00 -1.3165e+00 +7.3096e-01 -1.5940e+00 +1.1421e-01
258 0 +3.071289950e+02 -5.073100497e+01 -5.073100497e+01 -2.8971e+00 -2.0633e+00 +2.3034e+00 +1.4472e+00 -1.8553e+00 +3.7817e+00 -8.9534e-02 -7.8707e-01 -4.6214e-01 +2.5920e+00
% f evaluations | g evaluations | best noise-free fitness - Fopt (6.270000000000e+01) + sum g_i+ | measured fitness | best measured fitness or single-digit g-values | x1 | x2...
1 0 +4.143060422e+02 +4.770060422e+02 +4.770060422e+02 +0.0000e+00 +0.0000e+00 +0.0000e+00 +0.0000e+00 +0.0000e+00 +0.0000e+00 +0.0000e+00 +0.0000e+00 +0.0000e+00 +0.0000e+00
11 0 +4.072631792e+02 +4.699631792e+02 +4.699631792e+02 +0.0000e+00 +0.0000e+00 +0.0000e+00 +0.0000e+00 +0.0000e+00 +0.0000e+00 +0.0000e+00 +0.0000e+00 +1.0000e+00 +0.0000e+00
13 0 +3.550774666e+02 +4.177774666e+02 +4.177774666e+02 -4.7983e-01 -5.6049e-02 -6.4534e-01 -2.5608e-01 -1.1815e-01 -5.0732e-02 -1.0884e-01 -1.3324e-01 +1.0310e+00 -4.8732e-01
14 0 +3.024643464e+02 +3.651643464e+02 +3.651643464e+02 -9.9005e-01 -1.1565e-01 -6.2060e-02 -5.2839e-01 -2.4378e-01 -1.0468e-01 -2.2456e-01 -2.7491e-01 +1.0639e+00 -1.0055e+00
22 0 +2.986658998e+02 +3.613658998e+02 +3.613658998e+02 -9.9746e-01 -1.0547e-01 -6.2224e-02 -5.3690e-01 -2.4469e-01 -1.5431e-01 -1.5591e-01 -2.8991e-01 +1.0156e+00 -1.0114e+00
27 0 +2.919861451e+02 +3.546861451e+02 +3.546861451e+02 -9.8980e-01 -1.1043e-01 -6.3566e-02 -5.5999e-01 -2.5307e-01 -1.6170e-01 -1.6819e-01 -3.0984e-01 +1.0139e+00 -1.0461e+00
33 0 +2.878466394e+02 +3.505466394e+02 +3.505466394e+02 -9.8408e-01 -1.1993e-01 -6.7762e-02 -5.9955e-01 -2.4726e-01 -1.5138e-01 -1.5195e-01 -3.0928e-01 +1.0185e+00 -1.0596e+00
37 0 +2.812799198e+02 +3.439799198e+02 +3.439799198e+02 -9.6543e-01 -1.1966e-01 -5.3342e-02 -6.1836e-01 -2.4272e-01 -1.5659e-01 -1.6272e-01 -3.1936e-01 +1.0248e+00 -1.0621e+00
38 0 +2.745243452e+02 +3.372243452e+02 +3.372243452e+02 -9.4593e-01 -1.1989e-01 -5.5052e-02 -6.4282e-01 -2.3734e-01 -1.6241e-01 -1.7823e-01 -3.3596e-01 +1.0294e+00 -1.0578e+00
39 0 +2.553763097e+02 +3.180763097e+02 +3.180763097e+02 -8.5839e-01 -1.1690e-01 -3.5057e-03 -7.3851e-01 -2.1319e-01 -1.7838e-01 -2.2862e-01 -3.7476e-01 +1.0623e+00 -1.0702e+00
46 0 +2.507442572e+02 +3.134442572e+02 +3.134442572e+02 -8.3684e-01 -1.3027e-01 -5.7071e-02 -7.5420e-01 -2.0493e-01 -1.8297e-01 -2.5071e-01 -3.3600e-01 +1.0999e+00 -1.1011e+00
58 0 +2.450315756e+02 +3.077315756e+02 +3.077315756e+02 -8.4319e-01 -1.3043e-01 -6.5265e-02 -7.7211e-01 -2.1719e-01 -1.8285e-01 -2.4708e-01 -3.5645e-01 +1.1005e+00 -1.0855e+00
77 0 +2.398481072e+02 +3.025481072e+02 +3.025481072e+02 -8.4469e-01 -1.4741e-01 -5.9160e-02 -8.0396e-01 -2.4489e-01 -1.8748e-01 -2.6164e-01 -3.9892e-01 +1.0892e+00 -1.0648e+00
% f evaluations | g evaluations | best noise-free fitness - Fopt (5.688000000000e+01) + sum g_i+ | measured fitness | best measured fitness or single-digit g-values | x1 | x2...
1 0 +3.491147962e+02 +4.059947962e+02 +4.059947962e+02 +0.0000e+00 +0.0000e+00 +0.0000e+00 +0.0000e+00 +0.0000e+00 +0.0000e+00 +0.0000e+00 +0.0000e+00 +0.0000e+00 +0.0000e+00
3 0 +3.136207880e+02 +3.705007880e+02 +3.705007880e+02 +1.0000e+00 +0.0000e+00 +0.0000e+00 +0.0000e+00 +0.0000e+00 +0.0000e+00 +0.0000e+00 +0.0000e+00 +0.0000e+00 +0.0000e+00
7 0 +2.854091977e+02 +3.422891977e+02 +3.422891977e+02 +0.0000e+00 +0.0000e+00 +0.0000e+00 +0.0000e+00 +1.0000e+00 +0.0000e+00 +0.0000e+00 +0.0000e+00 +0.0000e+00 +0.0000e+00
13 0 +2.646372346e+02 +3.215172346e+02 +3.215172346e+02 +3.4326e-01 -9.6067e-02 +3.2267e-01 +2.9766e-01 +1.6161e+00 -1.6772e-01 +2.3853e-01 -4.6387e-02 +2.2278e-01 +4.0477e-01
17 0 +2.508541015e+02 +3.077341015e+02 +3.077341015e+02 +3.5140e-01 -6.1104e-02 +3.2439e-01 +2.9158e-01 +1.7093e+00 -2.7245e-01 +2.1402e-01 +1.5186e-01 +1.9335e-01 +4.3209e-01
25 0 +2.428079268e+02 +2.996879268e+02 +2.996879268e+02 +2.8864e-01 -1.8974e-02 +2.5843e-01 +2.0812e-01 +1.7224e+00 -2.9309e-01 +1.4342e-01 +3.2874e-01 +3.6320e-01 +3.9254e-01
27 0 +2.356359109e+02 +2.925159109e+02 +2.925159109e+02 +2.8673e-01 +2.3287e-02 +2.5628e-01 +2.0092e-01 +1.7353e+00 -3.0770e-01 +1.4323e-01 +3.1285e-01 +3.6598e-01 +3.9611e-01
28 0 +2.318502965e+02 +2.887302965e+02 +2.887302965e+02 +2.7583e-01 +4.8497e-02 +2.4728e-01 +1.7952e-01 +1.7354e+00 -3.0997e-01 +1.5107e-01 +2.8501e-01 +3.8500e-01 +3.9431e-01
30 0 +2.259630676e+02 +2.828430676e+02 +2.828430676e+02 +2.5788e-01 +9.6048e-02 +2.4710e-01 +1.6175e-01 +1.7567e+00 -3.4123e-01 +1.7517e-01 +2.9619e-01 +3.6860e-01 +3.9514e-01
37 0 +2.230952047e+02 +2.799752047e+02 +2.799752047e+02 +2.7646e-01 +1.2831e-01 +2.0778e-01 +1.4506e-01 +1.7477e+00 -3.4908e-01 +1.8767e-01 +2.9335e-01 +3.5661e-01 +3.8867e-01
43 0 +2.171135017e+02 +2.739935017e+02 +2.739935017e+02 +2.8365e-01 +1.3135e-01 +1.8366e-01 +1.3230e-01 +1.7802e+00 -3.8648e-01 +1.9331e-01 +2.8440e-01 +3.3244e-01 +4.2352e-01
47 0 +2.136931389e+02 +2.705731389e+02 +2.705731389e+02 +2.8824e-01 +1.2946e-01 +1.8237e-01 +9.5881e-02 +1.7806e+00 -4.0296e-01 +1.7375e-01 +2.8537e-01 +3.1308e-01 +4.3255e-01
54 0 +2.028058856e+02 +2.596858856e+02 +2.596858856e+02 +2.9362e-01 +1.2917e-01 +1.8041e-01 +5.2071e-02 +1.7870e+00 -4.2243e-01 +1.7578e-01 +2.8925e-01 +3.5006e-01 +4.3789e-01
58 0 +1.972905188e+02 +2.541705188e+02 +2.541705188e+02 +2.6116e-01 +1.8897e-01 +1.8471e-01 -5.1141e-02 +1.8146e+00 -4.8710e-01 +1.9043e-01 +3.1911e-01 +4.5847e-01 +4.4608e-01
65 0 +1.946860995e+02 +2.515660995e+02 +2.515660995e+02 +2.5749e-01 +1.8983e-01 +1.7118e-01 -5.6788e-02 +1.8019e+00 -4.9570e-01 +1.9006e-01 +3.1209e-01 +4.5676e-01 +4.5000e-01
70 0 +1.902091921e+02 +2.470891921e+02 +2.470891921e+02 +2.6353e-01 +1.8675e-01 +1.6279e-01 -4.1511e-02 +1.7809e+00 -4.9983e-01 +1.8996e-01 +3.0673e-01 +4.3849e-01 +4.4914e-01
83 0 +1.860004264e+02 +2.428804264e+02 +2.428804264e+02 +2.5026e-01 +1.6859e-01 +1.5873e-01 -4.4092e-02 +1.7599e+00 -5.1262e-01 +1.9508e-01 +2.9881e-01 +4.1137e-01 +4.3477e-01
135 0 +1.819507249e+02 +2.388307249e+02 +2.388307249e+02 +2.7695e-01 +1.5198e-01 +1.3243e-01 -6.9415e-02 +1.7314e+00 -5.4266e-01 +2.2173e-01 +3.1154e-01 +3.9780e-01 +3.6589e-01
% f evaluations | g evaluations | best noise-free fitness - Fopt (1.620800000000e+02) + sum g_i+ | measured fitness | best measured fitness or single-digit g-values | x1 | x2...
1 0 +1.853543713e+02 +3.474343713e+02 +3.474343713e+02 +0.0000e+00 +0.0000e+00 +0.0000e+00 +0.0000e+00 +0.0000e+00 +0.0000e+00 +0.0000e+00 +0.0000e+00 +0.0000e+00 +0.0000e+00
5 0 +1.299810238e+02 +2.920610238e+02 +2.920610238e+02 +0.0000e+00 +0.0000e+00 +1.0000e+00 +0.0000e+00 +0.0000e+00 +0.0000e+00 +0.0000e+00 +0.0000e+00 +0.0000e+00 +0.0000e+00
14 0 +1.263880142e+02 +2.884680142e+02 +2.884680142e+02 -7.3928e-02 -5.0017e-02 +1.1577e+00 -5.8156e-02 -9.2204e-02 +2.0885e-02 +4.9659e-02 -9.5784e-02 +4.3520e-01 -6.1547e-02
17 0 +1.238344110e+02 +2.859144110e+02 +2.859144110e+02 -9.9470e-03 -5.0017e-02 +1.1577e+00 -5.8156e-02 -9.2204e-02 +2.0885e-02 +4.9659e-02 -9.5784e-02 +4.3520e-01 -1.3840e-01
18 0 +1.223553485e+02 +2.844353485e+02 +2.844353485e+02 +6.6201e-02 -5.7607e-02 +1.1817e+00 -6.6981e-02 -9.5686e-02 +2.4054e-02 +5.7195e-02 -1.2731e-01 +4.3922e-01 -8.9369e-02
20 0 +1.189205900e+02 +2.810005900e+02 +2.810005900e+02 +7.2090e-02 +3.1246e-02 +1.2010e+00 -3.6252e-02 -9.8494e-02 +2.6611e-02 +6.3274e-02 -1.5274e-01 +4.4247e-01 -9.6053e-02
23 0 +1.128287698e+02 +2.749087698e+02 +2.749087698e+02 +7.5601e-02 +4.6462e-02 +1.1574e+00 -6.1838e-02 -1.0017e-01 +4.9296e-02 +1.4350e-01 -1.6790e-01 +4.4440e-01 -1.0004e-01
25 0 +1.044986853e+02 +2.665786853e+02 +2.665786853e+02 +8.0946e-02 +5.5977e-02 +1.1720e+00 -7.0654e-02 -7.2709e-02 +2.9863e-02 +1.6406e-01 -1.4554e-01 +4.5022e-01 -9.8762e-02
26 0 +1.016121067e+02 +2.636921067e+02 +2.636921067e+02 +8.7179e-02 +5.6073e-02 +1.1662e+00 -5.2448e-02 -6.2752e-02 -6.4896e-03 +1.8879e-01 -1.4547e-01 +4.5819e-01 -9.8857e-02
33 0 +9.991107984e+01 +2.619910798e+02 +2.619910798e+02 +9.7424e-02 +5.7827e-02 +1.1637e+00 -6.2943e-02 -7.6188e-02 -1.5144e-02 +1.9133e-01 -1.3159e-01 +4.5384e-01 -8.6617e-02
36 0 +9.619971088e+01 +2.582797109e+02 +2.582797109e+02 +1.0529e-01 +6.3315e-02 +1.1694e+00 -6.0473e-02 -7.2213e-02 -2.7054e-02 +1.7849e-01 -1.3129e-01 +4.4960e-01 -8.5148e-02
37 0 +9.064690298e+01 +2.527269030e+02 +2.527269030e+02 +1.2734e-01 +8.1915e-02 +1.1624e+00 -6.0563e-02 -6.9621e-02 -4.5145e-02 +1.6783e-01 -1.4259e-01 +4.3790e-01 -8.2607e-02
38 0 +8.532138378e+01 +2.474013838e+02 +2.474013838e+02 +1.3114e-01 +8.5240e-02 +1.1657e+00 -6.9379e-02 -6.1103e-02 -7.4557e-02 +1.5475e-01 -1.4046e-01 +4.1885e-01 -8.5826e-02
39 0 +8.233717187e+01 +2.444171719e+02 +2.444171719e+02 +1.4397e-01 +9.7464e-02 +1.1837e+00 -7.7421e-02 -6.6628e-02 -9.9740e-02 +1.4433e-01 -1.4862e-01 +4.2598e-01 -8.7873e-02
40 0 +8.060149345e+01 +2.426814934e+02 +2.426814934e+02 +1.6771e-01 +9.1633e-02 +1.1967e+00 -6.5172e-02 -6.0789e-02 -1.0945e-01 +1.4037e-01 -1.4811e-01 +4.0374e-01 -8.1106e-02
41 0 +7.810280770e+01 +2.401828077e+02 +2.401828077e+02 +1.7707e-01 +9.3316e-02 +1.1791e+00 -6.1497e-02 -5.2707e-02 -1.2836e-01 +1.1546e-01 -1.3892e-01 +4.0987e-01 -7.6588e-02
43 0 +7.749717824e+01 +2.395771782e+02 +2.395771782e+02 +1.6895e-01 +9.6358e-02 +1.1788e+00 -5.2242e-02 -5.2057e-02 -1.3688e-01 +1.2226e-01 -1.4124e-01 +4.1117e-01 -6.5978e-02
48 0 +7.489522317e+01 +2.369752232e+02 +2.369752232e+02 +1.6084e-01 +1.1109e-01 +1.1894e+00 -5.2791e-02 -4.6066e-02 -1.3865e-01 +1.1008e-01 -1.3059e-01 +4.0383e-01 -6.1368e-02
50 0 +7.397258059e+01 +2.360525806e+02 +2.360525806e+02 +1.6062e-01 +1.1509e-01 +1.1911e+00 -4.9143e-02 -3.4546e-02 -1.4147e-01 +1.0731e-01 -1.2225e-01 +4.0246e-01 -5.8508e-02
77 0 +7.242899877e+01 +2.345089988e+02 +2.345089988e+02 +1.6438e-01 +1.3882e-01 +1.1987e+00 -5.9352e-02 -2.0437e-02 -1.5131e-01 +1.0746e-01 -1.2314e-01 +4.0079e-01 -6.2697e-02
% f evaluations | g evaluations | best noise-free fitness - Fopt (-6.182100000000e+02) + sum g_i+ | measured fitness | best measured fitness or single-digit g-values | x1 | x2...
1 0 +4.028624743e+02 -2.153475257e+02 -2.153475257e+02 +0.0000e+00 +0.0000e+00 +0.0000e+00 +0.0000e+00 +0.0000e+00 +0.0000e+00 +0.0000e+00 +0.0000e+00 +0.0000e+00 +0.0000e+00
3 0 +3.596478440e+02 -2.585621560e+02 -2.585621560e+02 +1.0000e+00 +0.0000e+00 +0.0000e+00 +0.0000e+00 +0.0000e+00 +0.0000e+00 +0.0000e+00 +0.0000e+00 +0.0000e+00 +0.0000e+00
5 0 +3.230459452e+02 -2.951640548e+02 -2.951640548e+02 +0.0000e+00 +0.0000e+00 +1.0000e+00 +0.0000e+00 +0.0000e+00 +0.0000e+00 +0.0000e+00 +0.0000e+00 +0.0000e+00 +0.0000e+00
% f evaluations | g evaluations | best noise-free fitness - Fopt (5.232400000000e+02) + sum g_i+ | measured fitness | best measured fitness or single-digit g-values | x1 | x2...
1 0 +2.532421997e+02 +7.764821997e+02 +7.764821997e+02 +0.0000e+00 +0.0000e+00 +0.0000e+00 +0.0000e+00 +0.0000e+00 +0.0000e+00 +0.0000e+00 +0.0000e+00 +0.0000e+00 +0.0000e+00
3 0 +2.501594209e+02 +7.733994209e+02 +7.733994209e+02 +1.0000e+00 +0.0000e+00 +0.0000e+00 +0.0000e+00 +0.0000e+00 +0.0000e+00 +0.0000e+00 +0.0000e+00 +0.0000e+00 +0.0000e+00
5 0 +2.432204727e+02 +7.664604727e+02 +7.664604727e+02 +0.0000e+00 +0.0000e+00 +1.0000e+00 +0.0000e+00 +0.0000e+00 +0.0000e+00 +0.0000e+00 +0.0000e+00 +0.0000e+00 +0.0000e+00
7 0 +2.302046403e+02 +7.534446403e+02 +7.534446403e+02 +0.0000e+00 +0.0000e+00 +0.0000e+00 +0.0000e+00 +1.0000e+00 +0.0000e+00 +0.0000e+00 +0.0000e+00 +0.0000e+00 +0.0000e+00
13 0 +1.546312790e+02 +6.778712790e+02 +6.778712790e+02 +3.6664e-02 -6.5268e-01 +1.1919e-01 -6.7678e-01 +1.2740e+00 -5.2233e-02 +1.3931e-01 -5.0389e-02 -2.2695e-02 +1.2821e-02
14 0 +1.376579814e+02 +6.608979814e+02 +6.608979814e+02 +1.8613e-01 -3.3134e+00 +6.0508e-01 -3.4357e+00 +2.0672e+00 -2.6517e-01 +7.0722e-01 -2.5580e-01 -1.1521e-01 +6.5089e-02
15 0 +1.210646727e+02 +6.443046727e+02 +6.443046727e+02 +2.3357e-01 -4.1580e+00 +7.5932e-01 -2.2505e+00 +3.4138e+00 -3.3276e-01 +8.8750e-01 -3.2101e-01 -1.4458e-01 +8.1680e-02
22 0 +1.193899213e+02 +6.426299213e+02 +6.426299213e+02 +1.6104e-01 -4.1596e+00 +7.6941e-01 -2.2522e+00 +3.4148e+00 -3.3289e-01 +8.9759e-01 -2.5859e-01 -2.2231e-01 +1.4944e-01
27 0 +1.172949383e+02 +6.405349383e+02 +6.405349383e+02 +1.6158e-01 -4.1195e+00 +7.6658e-01 -2.3017e+00 +3.4819e+00 -3.2220e-01 +9.2405e-01 -2.7811e-01 -2.3751e-01 +1.4907e-01
28 0 +1.132359756e+02 +6.364759756e+02 +6.364759756e+02 +1.3113e-01 -4.1607e+00 +7.2814e-01 -2.3046e+00 +3.4863e+00 -3.3616e-01 +9.2007e-01 -3.2868e-01 -2.8418e-01 +1.1866e-01
29 0 +1.053135485e+02 +6.285535485e+02 +6.285535485e+02 +1.4961e-01 -4.2191e+00 +7.3399e-01 -2.3139e+00 +3.4874e+00 -2.8751e-01 +9.7716e-01 -3.3946e-01 -2.8938e-01 +1.3739e-01
32 0 +1.025608398e+02 +6.258008398e+02 +6.258008398e+02 +1.4920e-01 -4.2086e+00 +7.2125e-01 -2.3023e+00 +3.4836e+00 -2.8577e-01 +9.8974e-01 -3.3994e-01 -2.8999e-01 +1.3730e-01
33 0 +1.015120281e+02 +6.247520281e+02 +6.247520281e+02 +1.4741e-01 -4.2079e+00 +7.2010e-01 -2.2871e+00 +3.4882e+00 -2.7709e-01 +1.0038e+00 -3.4712e-01 -2.9651e-01 +1.3637e-01
47 0 +9.969767003e+01 +6.229376700e+02 +6.229376700e+02 +1.5603e-01 -4.2325e+00 +7.3629e-01 -2.2679e+00 +3.4926e+00 -3.0336e-01 +1.0098e+00 -3.4285e-01 -3.0873e-01 +1.3839e-01
58 0 +9.657050929e+01 +6.198105093e+02 +6.198105093e+02 +1.6335e-01 -4.2248e+00 +7.1926e-01 -2.2558e+00 +3.5293e+00 -3.3432e-01 +1.0143e+00 -3.3788e-01 -3.3695e-01 +1.6413e-01
63 0 +9.455927990e+01 +6.177992799e+02 +6.177992799e+02 +1.6254e-01 -4.2213e+00 +7.2595e-01 -2.2449e+00 +3.5842e+00 -3.7263e-01 +9.9120e-01 -3.0763e-01 -3.5923e-01 +1.6737e-01
69 0 +9.323249601e+01 +6.164724960e+02 +6.164724960e+02 +1.5936e-01 -4.2238e+00 +7.3403e-01 -2.2454e+00 +3.5783e+00 -3.6562e-01 +9.9258e-01 -3.0285e-01 -3.7887e-01 +1.7450e-01
86 0 +9.119800913e+01 +6.144380091e+02 +6.144380091e+02 +1.4716e-01 -4.2316e+00 +7.3214e-01 -2.2312e+00 +3.5714e+00 -3.7488e-01 +9.9746e-01 -2.9341e-01 -3.8136e-01 +1.7491e-01
97 0 +8.665118108e+01 +6.098911811e+02 +6.098911811e+02 +1.4254e-01 -4.2801e+00 +7.5219e-01 -2.2043e+00 +3.6114e+00 -3.9286e-01 +9.9800e-01 -2.5451e-01 -4.0320e-01 +1.7859e-01
103 0 +8.481613706e+01 +6.080561371e+02 +6.080561371e+02 +1.3199e-01 -4.2892e+00 +7.6022e-01 -2.2003e+00 +3.5993e+00 -4.0876e-01 +9.9134e-01 -2.6128e-01 -4.1206e-01 +1.9198e-01
125 0 +8.284837123e+01 +6.060883712e+02 +6.060883712e+02 +1.0351e-01 -4.2920e+00 +7.6254e-01 -2.1946e+00 +3.6207e+00 -3.9581e-01 +1.0028e+00 -2.4690e-01 -4.1909e-01 +2.1359e-01
150 0 +8.126293712e+01 +6.045029371e+02 +6.045029371e+02 +8.2931e-02 -4.2949e+00 +7.7189e-01 -2.1823e+00 +3.6243e+00 -3.9625e-01 +1.0137e+00 -2.3066e-01 -4.3483e-01 +2.3559e-01
% f evaluations | g evaluations | best noise-free fitness - Fopt (-5.157900000000e+02) + sum g_i+ | measured fitness | best measured fitness or single-digit g-values | x1 | x2...
1 0 +3.286723056e+02 -1.871176944e+02 -1.871176944e+02 +0.0000e+00 +0.0000e+00 +0.0000e+00 +0.0000e+00 +0.0000e+00 +0.0000e+00 +0.0000e+00 +0.0000e+00 +0.0000e+00 +0.0000e+00
3 0 +3.122131712e+02 -2.035768288e+02 -2.035768288e+02 +1.0000e+00 +0.0000e+00 +0.0000e+00 +0.0000e+00 +0.0000e+00 +0.0000e+00 +0.0000e+00 +0.0000e+00 +0.0000e+00 +0.0000e+00
10 0 +3.082552635e+02 -2.075347365e+02 -2.075347365e+02 +0.0000e+00 +0.0000e+00 +0.0000e+00 +0.0000e+00 +0.0000e+00 +0.0000e+00 +0.0000e+00 +1.0000e+00 +0.0000e+00 +0.0000e+00
12 0 +2.897499336e+02 -2.260400664e+02 -2.260400664e+02 +0.0000e+00 +0.0000e+00 +0.0000e+00 +0.0000e+00 +0.0000e+00 +0.0000e+00 +0.0000e+00 +0.0000e+00 +0.0000e+00 +1.0000e+00
163 0 +2.086706282e+02 -3.071193718e+02 -3.071193718e+02 -3.9471e-01 -2.0393e+00 +1.6253e-01 +2.3746e+00 -5.0121e-01 -2.3775e+00 +8.8742e-01 +6.3468e-01 -3.7007e-01 +1.1770e+00
165 0 +1.691349748e+02 -3.466550252e+02 -3.466550252e+02 -3.9471e-01 -1.0393e+00 +1.6253e-01 +2.3746e+00 -5.0121e-01 -2.3775e+00 +8.8742e-01 +6.3468e-01 -3.7007e-01 +1.1770e+00
% f evaluations | g evaluations | best noise-free fitness - Fopt (-1.000000000000e+03) + sum g_i+ | measured fitness | best measured fitness or single-digit g-values | x1 | x2...
1 0 +1.867172388e+02 -8.132827612e+02 -8.132827612e+02 +0.0000e+00 +0.0000e+00 +0.0000e+00 +0.0000e+00 +0.0000e+00 +0.0000e+00 +0.0000e+00 +0.0000e+00 +0.0000e+00 +0.0000e+00
3 0 +1.832864956e+02 -8.167135044e+02 -8.167135044e+02 +1.0000e+00 +0.0000e+00 +0.0000e+00 +0.0000e+00 +0.0000e+00 +0.0000e+00 +0.0000e+00 +0.0000e+00 +0.0000e+00 +0.0000e+00
12 0 +1.363259295e+02 -8.636740705e+02 -8.636740705e+02 +0.0000e+00 +0.0000e+00 +0.0000e+00 +0.0000e+00 +0.0000e+00 +0.0000e+00 +0.0000e+00 +0.0000e+00 +0.0000e+00 +1.0000e+00
% f evaluations | g evaluations | best noise-free fitness - Fopt (-2.675600000000e+02) + sum g_i+ | measured fitness | best measured fitness or single-digit g-values | x1 | x2...
1 0 +3.301118586e+02 +6.255185856e+01 +6.255185856e+01 +0.0000e+00 +0.0000e+00 +0.0000e+00 +0.0000e+00 +0.0000e+00 +0.0000e+00 +0.0000e+00 +0.0000e+00 +0.0000e+00 +0.0000e+00
7 0 +3.141862131e+02 +4.662621312e+01 +4.662621312e+01 +0.0000e+00 +0.0000e+00 +0.0000e+00 +0.0000e+00 +1.0000e+00 +0.0000e+00 +0.0000e+00 +0.0000e+00 +0.0000e+00 +0.0000e+00
14 0 +2.833957345e+02 +1.583573455e+01 +1.583573455e+01 +4.3683e-02 -1.3451e-01 +0.0000e+00 +0.0000e+00 +1.0000e+00 +0.0000e+00 +0.0000e+00 +0.0000e+00 +0.0000e+00 +0.0000e+00
15 0 +2.778198581e+02 +1.025985806e+01 +1.025985806e+01 +8.5052e-02 -1.6209e-01 -1.1926e-02 -8.7732e-03 +1.0029e+00 -9.0043e-03 +3.0274e-04 -1.8907e-04 -7.0162e-03 +2.7518e-03
23 0 +2.720385822e+02 +4.478582239e+00 +4.478582239e+00 +8.5541e-02 -1.6859e-01 +7.4178e-02 -7.3582e-03 +1.0012e+00 -1.2404e-01 +7.6030e-03 +1.0079e-02 -1.0103e-03 +7.3478e-03
25 0 +2.681732696e+02 +6.132695858e-01 +6.132695858e-01 +8.2266e-02 -1.6521e-01 +6.4985e-02 -1.3706e-02 +1.0030e+00 -1.3105e-01 +9.6645e-03 +1.5434e-02 -4.8643e-03 +1.0598e-02
64 0 +2.628114731e+02 -4.748526931e+00 -4.748526931e+00 -5.2483e-01 +3.1668e+00 +2.1015e-01 -5.4031e-01 +2.3719e+00 +9.1088e-01 -1.2548e-01 +1.8712e+00 -1.1378e+00 -6.5232e-01
66 0 +2.554508528e+02 -1.210914718e+01 -1.210914718e+01 -5.3079e-01 +3.1498e+00 +1.9894e-01 -5.5267e-01 +2.3945e+00 +8.9560e-01 -1.0283e-01 +1.8939e+00 -9.9495e-01 -8.0134e-01
