% f evaluations | g evaluations | best noise-free fitness - Fopt (3.590000000000e+01) + sum g_i+ | measured fitness | best measured fitness or single-digit g-values | x1 | x2...
1 0 +2.283102266e+05 +2.283461266e+05 +2.283461266e+05 +0.0000e+00 +0.0000e+00
3 0 +2.133950053e+05 +2.134309053e+05 +2.134309053e+05 +1.0000e-01 +0.0000e+00
5 0 +1.999577436e+05 +1.999936436e+05 +1.999936436e+05 +1.9381e-01 +3.4639e-02
6 0 +1.511217962e+05 +1.511576962e+05 +1.511576962e+05 +5.6473e-01 +1.8435e-01
7 0 +4.814724648e+04 +4.818314648e+04 +4.818314648e+04 +1.6126e+00 +6.7052e-01
8 0 +3.424445878e+04 +3.428035878e+04 +3.428035878e+04 +1.8540e+00 +5.1403e-01
9 0 +1.847818817e+04 +1.851408817e+04 +1.851408817e+04 +2.1427e+00 +6.7570e-01
10 0 +1.601467734e+04 +1.605057734e+04 +1.605057734e+04 +2.1813e+00 +7.8356e-01
11 0 +1.036859621e+04 +1.040449621e+04 +1.040449621e+04 +2.3413e+00 +7.6327e-01
12 0 +2.968414498e+03 +3.004314498e+03 +3.004314498e+03 +2.6072e+00 +8.3434e-01
13 0 +1.225022328e+03 +1.260922328e+03 +1.260922328e+03 +2.6945e+00 +8.7146e-01
14 0 +7.573434468e+02 +7.932434468e+02 +7.932434468e+02 +2.7324e+00 +8.9053e-01
15 0 +7.259595294e+02 +7.618595294e+02 +7.618595294e+02 +2.7401e+00 +8.8033e-01
16 0 +6.352009912e+02 +6.711009912e+02 +6.711009912e+02 +2.7492e+00 +8.8439e-01
17 0 +2.791752468e+02 +3.150752468e+02 +3.150752468e+02 +2.7832e+00 +9.0545e-01
18 0 +1.221124404e+02 +1.580124404e+02 +1.580124404e+02 +2.8118e+00 +9.0335e-01
19 0 +9.052617848e+01 +1.264261785e+02 +1.264261785e+02 +2.8178e+00 +9.1399e-01
20 0 +5.173561195e+01 +8.763561195e+01 +8.763561195e+01 +2.8294e+00 +9.1087e-01
21 0 +2.482509325e+00 +3.838250933e+01 +3.838250933e+01 +2.8522e+00 +9.1694e-01
22 0 +6.274329181e-02 +3.596274329e+01 +3.596274329e+01 +2.8632e+00 +9.2426e-01
25 0 +5.737386359e-02 +3.595737386e+01 +3.595737386e+01 +2.8586e+00 +9.2629e-01
31 0 +5.485058874e-02 +3.595485059e+01 +3.595485059e+01 +2.8568e+00 +9.2798e-01
34 0 +5.256483983e-02 +3.595256484e+01 +3.595256484e+01 +2.8548e+00 +9.2957e-01
37 0 +5.053027380e-02 +3.595053027e+01 +3.595053027e+01 +2.8530e+00 +9.3126e-01
40 0 +4.934997312e-02 +3.594934997e+01 +3.594934997e+01 +2.8534e+00 +9.3372e-01
41 0 +4.866299696e-02 +3.594866300e+01 +3.594866300e+01 +2.8526e+00 +9.3436e-01
42 0 +4.634431957e-02 +3.594634432e+01 +3.594634432e+01 +2.8501e+00 +9.3750e-01
58 0 +4.553809858e-02 +3.594553810e+01 +3.594553810e+01 +2.8493e+00 +9.3906e-01
75 0 +4.385276773e-02 +3.594385277e+01 +3.594385277e+01 +2.8474e+00 +9.4418e-01
76 0 +4.263683435e-02 +3.594263683e+01 +3.594263683e+01 +2.8492e+00 +9.5685e-01
83 0 +4.154379139e-02 +3.594154379e+01 +3.594154379e+01 +2.8441e+00 +9.6123e-01
87 0 +4.054923433e-02 +3.594054923e+01 +3.594054923e+01 +2.8407e+00 +9.6278e-01
113 0 +3.978457746e-02 +3.593978458e+01 +3.593978458e+01 +2.8394e+00 +9.6435e-01
151 0 +3.648384825e-02 +3.593648385e+01 +3.593648385e+01 +2.8381e+00 +9.7152e-01
154 0 +3.615262373e-02 +3.593615262e+01 +3.593615262e+01 +2.8371e+00 +9.7136e-01
159 0 +3.513998818e-02 +3.593513999e+01 +3.593513999e+01 +2.8366e+00 +9.7301e-01
162 0 +3.431318695e-02 +3.593431319e+01 +3.593431319e+01 +2.8357e+00 +9.7394e-01
168 0 +3.360209753e-02 +3.593360210e+01 +3.593360210e+01 +2.8359e+00 +9.7553e-01
169 0 +3.192861093e-02 +3.593192861e+01 +3.593192861e+01 +2.8343e+00 +9.7750e-01
180 0 +3.161396225e-02 +3.593161396e+01 +3.593161396e+01 +2.8343e+00 +9.7814e-01
193 0 +3.086187836e-02 +3.593086188e+01 +3.593086188e+01 +2.8339e+00 +9.7932e-01
196 0 +2.984506340e-02 +3.592984506e+01 +3.592984506e+01 +2.8331e+00 +9.8083e-01
220 0 +2.951104407e-02 +3.592951104e+01 +3.592951104e+01 +2.8328e+00 +9.8135e-01
223 0 +2.873420580e-02 +3.592873421e+01 +3.592873421e+01 +2.8321e+00 +9.8290e-01
226 0 +2.753555884e-02 +3.592753556e+01 +3.592753556e+01 +2.8320e+00 +9.8558e-01
227 0 +2.412125716e-02 +3.592412126e+01 +3.592412126e+01 +2.8283e+00 +9.9510e-01
231 0 +2.382022713e-02 +3.592382023e+01 +3.592382023e+01 +2.8279e+00 +9.9632e-01
238 0 +2.342796262e-02 +3.592342796e+01 +3.592342796e+01 +2.8276e+00 +9.9820e-01
241 0 +2.256659783e-02 +3.592256660e+01 +3.592256660e+01 +2.8254e+00 +1.0008e+00
255 0 +2.233235144e-02 +3.592233235e+01 +3.592233235e+01 +2.8251e+00 +1.0016e+00
257 0 +2.149620108e-02 +3.592149620e+01 +3.592149620e+01 +2.8244e+00 +1.0048e+00
258 0 +1.830824377e-02 +3.591830824e+01 +3.591830824e+01 +2.8221e+00 +1.0147e+00
259 0 +8.923595872e-03 +3.590892360e+01 +3.590892360e+01 +2.8132e+00 +1.0547e+00
262 0 +8.735116560e-03 +3.590873512e+01 +3.590873512e+01 +2.8126e+00 +1.0576e+00
263 0 +8.267745136e-03 +3.590826775e+01 +3.590826775e+01 +2.8096e+00 +1.0576e+00
264 0 +7.298456326e-03 +3.590729846e+01 +3.590729846e+01 +2.8067e+00 +1.0582e+00
267 0 +6.992749024e-03 +3.590699275e+01 +3.590699275e+01 +2.8061e+00 +1.0585e+00
268 0 +5.900947549e-03 +3.590590095e+01 +3.590590095e+01 +2.8033e+00 +1.0594e+00
273 0 +5.705101625e-03 +3.590570510e+01 +3.590570510e+01 +2.8029e+00 +1.0598e+00
277 0 +5.590383773e-03 +3.590559038e+01 +3.590559038e+01 +2.8026e+00 +1.0601e+00
280 0 +5.380922855e-03 +3.590538092e+01 +3.590538092e+01 +2.8021e+00 +1.0607e+00
286 0 +5.341260108e-03 +3.590534126e+01 +3.590534126e+01 +2.8021e+00 +1.0608e+00
297 0 +5.240448911e-03 +3.590524045e+01 +3.590524045e+01 +2.8019e+00 +1.0612e+00
330 0 +5.124197665e-03 +3.590512420e+01 +3.590512420e+01 +2.8017e+00 +1.0617e+00
345 0 +4.908196330e-03 +3.590490820e+01 +3.590490820e+01 +2.8014e+00 +1.0630e+00
346 0 +4.679023171e-03 +3.590467902e+01 +3.590467902e+01 +2.8004e+00 +1.0658e+00
347 0 +4.663056067e-03 +3.590466306e+01 +3.590466306e+01 +2.8018e+00 +1.0683e+00
352 0 +4.568294214e-03 +3.590456829e+01 +3.590456829e+01 +2.8002e+00 +1.0700e+00
353 0 +4.386717994e-03 +3.590438672e+01 +3.590438672e+01 +2.7993e+00 +1.0711e+00
354 0 +3.001530035e-03 +3.590300153e+01 +3.590300153e+01 +2.7972e+00 +1.0767e+00
355 0 +1.210160248e-03 +3.590121016e+01 +3.590121016e+01 +2.7922e+00 +1.0997e+00
358 0 +1.126870108e-03 +3.590112687e+01 +3.590112687e+01 +2.7917e+00 +1.1020e+00
361 0 +1.057350882e-03 +3.590105735e+01 +3.590105735e+01 +2.7914e+00 +1.1020e+00
362 0 +8.124120528e-04 +3.590081241e+01 +3.590081241e+01 +2.7900e+00 +1.1019e+00
363 0 +5.352464504e-04 +3.590053525e+01 +3.590053525e+01 +2.7885e+00 +1.1019e+00
366 0 +5.127662589e-04 +3.590051277e+01 +3.590051277e+01 +2.7881e+00 +1.1021e+00
367 0 +4.792638274e-04 +3.590047926e+01 +3.590047926e+01 +2.7869e+00 +1.1013e+00
371 0 +4.513580337e-04 +3.590045136e+01 +3.590045136e+01 +2.7866e+00 +1.1015e+00
372 0 +3.337648768e-04 +3.590033376e+01 +3.590033376e+01 +2.7864e+00 +1.1030e+00
373 0 +2.317800185e-04 +3.590023178e+01 +3.590023178e+01 +2.7857e+00 +1.1088e+00
379 0 +1.461403185e-04 +3.590014614e+01 +3.590014614e+01 +2.7849e+00 +1.1087e+00
382 0 +1.021600841e-04 +3.590010216e+01 +3.590010216e+01 +2.7842e+00 +1.1087e+00
390 0 +9.869040281e-05 +3.590009869e+01 +3.590009869e+01 +2.7838e+00 +1.1081e+00
393 0 +9.552540251e-05 +3.590009553e+01 +3.590009553e+01 +2.7837e+00 +1.1081e+00
399 0 +9.537685771e-05 +3.590009538e+01 +3.590009538e+01 +2.7837e+00 +1.1081e+00
401 0 +9.193793013e-05 +3.590009194e+01 +3.590009194e+01 +2.7837e+00 +1.1083e+00
% f evaluations | g evaluations | best noise-free fitness - Fopt (3.137000000000e+01) + sum g_i+ | measured fitness | best measured fitness or single-digit g-values | x1 | x2...
1 0 +1.213706503e+04 +1.216843503e+04 +1.216843503e+04 +0.0000e+00 +0.0000e+00
3 0 +1.175330180e+04 +1.178467180e+04 +1.178467180e+04 +1.0000e-01 +0.0000e+00
4 0 +1.107191778e+04 +1.110328778e+04 +1.110328778e+04 +0.0000e+00 +1.0000e-01
5 0 +9.787598253e+03 +9.818968253e+03 +9.818968253e+03 +3.3896e-02 +1.9408e-01
6 0 +5.908617244e+03 +5.939987244e+03 +5.939987244e+03 +1.6116e-01 +5.7330e-01
7 0 +1.585278926e+03 +1.616648926e+03 +1.616648926e+03 +3.6748e-01 +1.0994e+00
8 0 +7.518260500e+02 +7.831960500e+02 +7.831960500e+02 +4.4146e-01 +1.2597e+00
9 0 +4.261072519e+02 +4.574772519e+02 +4.574772519e+02 +4.8212e-01 +1.3412e+00
10 0 +3.037371849e+02 +3.351071849e+02 +3.351071849e+02 +5.0765e-01 +1.3901e+00
11 0 +2.693734520e+02 +3.007434520e+02 +3.007434520e+02 +6.4966e-01 +1.3485e+00
12 0 +3.852491562e+01 +6.989491562e+01 +6.989491562e+01 +6.9063e-01 +1.4882e+00
13 0 +1.106340824e+01 +4.243340824e+01 +4.243340824e+01 +7.0885e-01 +1.5278e+00
14 0 +7.771623471e+00 +3.914162347e+01 +3.914162347e+01 +7.3850e-01 +1.5286e+00
15 0 +7.255599132e+00 +3.862559913e+01 +3.862559913e+01 +7.4278e-01 +1.5579e+00
17 0 +7.227320283e+00 +3.859732028e+01 +3.859732028e+01 +7.4006e-01 +1.5621e+00
19 0 +6.994744967e+00 +3.836474497e+01 +3.836474497e+01 +7.1582e-01 +1.5562e+00
20 0 +6.868352837e+00 +3.823835284e+01 +3.823835284e+01 +6.9769e-01 +1.5647e+00
21 0 +6.753281441e+00 +3.812328144e+01 +3.812328144e+01 +6.7891e-01 +1.5578e+00
28 0 +6.480220936e+00 +3.785022094e+01 +3.785022094e+01 +6.3668e-01 +1.5813e+00
29 0 +5.584489422e+00 +3.695448942e+01 +3.695448942e+01 +5.6113e-01 +1.6076e+00
30 0 +3.560900139e+00 +3.493090014e+01 +3.493090014e+01 +2.5409e-01 +1.6978e+00
31 0 +2.674677242e+00 +3.404467724e+01 +3.404467724e+01 +2.6982e-01 +2.0174e+00
32 0 +8.192808185e-01 +3.218928082e+01 +3.218928082e+01 -1.2208e-02 +2.1686e+00
36 0 +8.110969328e-01 +3.218109693e+01 +3.218109693e+01 -1.3682e-02 +2.1693e+00
37 0 +7.891844620e-01 +3.215918446e+01 +3.215918446e+01 -1.7575e-02 +2.1683e+00
38 0 +7.404523323e-01 +3.211045233e+01 +3.211045233e+01 -3.3572e-02 +2.1680e+00
40 0 +7.110739796e-01 +3.208107398e+01 +3.208107398e+01 -5.7682e-02 +2.1699e+00
41 0 +6.429347575e-01 +3.201293476e+01 +3.201293476e+01 -7.2963e-02 +2.1652e+00
42 0 +3.741365817e-01 +3.174413658e+01 +3.174413658e+01 -1.2712e-01 +2.1311e+00
44 0 +3.646237894e-01 +3.173462379e+01 +3.173462379e+01 -1.3653e-01 +2.1549e+00
45 0 +7.996917117e-02 +3.144996917e+01 +3.144996917e+01 -2.5974e-01 +2.1202e+00
47 0 +7.898342199e-02 +3.144898342e+01 +3.144898342e+01 -2.7238e-01 +2.1244e+00
52 0 +7.460260626e-02 +3.144460261e+01 +3.144460261e+01 -2.7750e-01 +2.1163e+00
55 0 +5.893571835e-02 +3.142893572e+01 +3.142893572e+01 -2.8290e-01 +2.1012e+00
58 0 +5.279321318e-02 +3.142279321e+01 +3.142279321e+01 -2.7278e-01 +2.0889e+00
59 0 +4.960404787e-02 +3.141960405e+01 +3.141960405e+01 -2.7540e-01 +2.0867e+00
60 0 +4.478947560e-02 +3.141478948e+01 +3.141478948e+01 -2.7922e-01 +2.0797e+00
63 0 +4.412612827e-02 +3.141412613e+01 +3.141412613e+01 -2.8020e-01 +2.0779e+00
64 0 +4.362378374e-02 +3.141362378e+01 +3.141362378e+01 -2.8119e-01 +2.0762e+00
82 0 +4.237006916e-02 +3.141237007e+01 +3.141237007e+01 -2.7648e-01 +2.0647e+00
83 0 +3.867768252e-02 +3.140867768e+01 +3.140867768e+01 -2.6539e-01 +2.0416e+00
89 0 +2.745454158e-02 +3.139745454e+01 +3.139745454e+01 -2.7389e-01 +2.0307e+00
96 0 +2.479558990e-02 +3.139479559e+01 +3.139479559e+01 -2.7799e-01 +2.0258e+00
100 0 +2.432820563e-02 +3.139432821e+01 +3.139432821e+01 -2.7863e-01 +2.0243e+00
116 0 +2.392082599e-02 +3.139392083e+01 +3.139392083e+01 -2.7866e-01 +2.0227e+00
165 0 +2.343680399e-02 +3.139343680e+01 +3.139343680e+01 -2.7860e-01 +2.0207e+00
224 0 +2.289444782e-02 +3.139289445e+01 +3.139289445e+01 -2.7843e-01 +2.0184e+00
278 0 +2.238117326e-02 +3.139238117e+01 +3.139238117e+01 -2.7828e-01 +2.0163e+00
326 0 +2.185483223e-02 +3.139185483e+01 +3.139185483e+01 -2.7826e-01 +2.0144e+00
370 0 +2.134906820e-02 +3.139134907e+01 +3.139134907e+01 -2.7817e-01 +2.0127e+00
% f evaluations | g evaluations | best noise-free fitness - Fopt (-1.000000000000e+03) + sum g_i+ | measured fitness | best measured fitness or single-digit g-values | x1 | x2...
1 0 +6.117604822e+04 +6.017604822e+04 +6.017604822e+04 +0.0000e+00 +0.0000e+00
3 0 +5.403316478e+04 +5.303316478e+04 +5.303316478e+04 +1.0000e-01 +0.0000e+00
5 0 +4.255887201e+04 +4.155887201e+04 +4.155887201e+04 +1.9775e-01 -2.1071e-02
6 0 +2.235160220e+04 +2.135160220e+04 +2.135160220e+04 +5.9233e-01 -8.6746e-02
7 0 +1.038567054e+04 +9.385670544e+03 +9.385670544e+03 +9.1083e-01 -1.6423e-01
8 0 +5.645909166e+03 +4.645909166e+03 +4.645909166e+03 +1.0742e+00 -2.1169e-01
9 0 +3.615692975e+03 +2.615692975e+03 +2.615692975e+03 +1.1610e+00 -2.3915e-01
10 0 +2.208556083e+03 +1.208556083e+03 +1.208556083e+03 +1.2117e+00 -2.5600e-01
11 0 +1.890551652e+03 +8.905516516e+02 +8.905516516e+02 +1.1856e+00 -3.7957e-01
12 0 +4.032503297e+02 -5.967496703e+02 -5.967496703e+02 +1.3074e+00 -4.0530e-01
52 0 +2.827390411e+01 -9.717260959e+02 -9.717260959e+02 +2.9483e+00 -9.7012e-02
54 0 +2.725753761e+01 -9.727424624e+02 -9.727424624e+02 +2.9483e+00 +1.9782e-01
296 0 +1.146186149e+01 -9.885381385e+02 -9.885381385e+02 +1.6227e+00 -1.1643e+00
% f evaluations | g evaluations | best noise-free fitness - Fopt (1.319200000000e+02) + sum g_i+ | measured fitness | best measured fitness or single-digit g-values | x1 | x2...
1 0 +1.849514788e+01 +1.504151479e+02 +1.504151479e+02 +0.0000e+00 +0.0000e+00
4 0 +1.655154204e+01 +1.484715420e+02 +1.484715420e+02 +0.0000e+00 +1.0000e-01
5 0 +1.488034543e+01 +1.468003454e+02 +1.468003454e+02 -2.6093e-02 +1.9654e-01
6 0 +1.260103102e+01 +1.445210310e+02 +1.445210310e+02 -1.3993e-01 +5.7999e-01
9 0 +1.257184865e+01 +1.444918486e+02 +1.444918486e+02 -1.3758e-01 +5.7027e-01
25 0 +1.223903017e+01 +1.441590302e+02 +1.441590302e+02 -9.9847e-01 +3.8841e-01
32 0 +1.155333635e+01 +1.434733364e+02 +1.434733364e+02 -1.0077e+00 +4.7545e-01
33 0 +8.553171509e+00 +1.404731715e+02 +1.404731715e+02 -9.7088e-01 +7.5333e-01
38 0 +8.491557492e+00 +1.404115575e+02 +1.404115575e+02 -9.7429e-01 +7.5862e-01
40 0 +7.821910602e+00 +1.397419106e+02 +1.397419106e+02 -1.0179e+00 +8.2571e-01
43 0 +7.145733382e+00 +1.390657334e+02 +1.390657334e+02 -1.1138e+00 +9.1615e-01
47 0 +7.058724676e+00 +1.389787247e+02 +1.389787247e+02 -1.1487e+00 +9.2875e-01
54 0 +6.732746289e+00 +1.386527463e+02 +1.386527463e+02 -1.3208e+00 +9.3542e-01
55 0 +5.343020276e+00 +1.372630203e+02 +1.372630203e+02 -1.8298e+00 +9.9044e-01
56 0 +3.007313470e+00 +1.349273135e+02 +1.349273135e+02 -3.8587e+00 +1.2696e+00
62 0 +2.816254583e+00 +1.347362546e+02 +1.347362546e+02 -3.8355e+00 +1.2851e+00
63 0 +2.356647756e+00 +1.342766478e+02 +1.342766478e+02 -3.8281e+00 +1.3619e+00
64 0 +1.800569966e+00 +1.337205700e+02 +1.337205700e+02 -3.7626e+00 +1.4028e+00
65 0 +4.162997632e-01 +1.323362998e+02 +1.323362998e+02 -3.5827e+00 +1.6538e+00
67 0 +4.057448710e-01 +1.323257449e+02 +1.323257449e+02 -3.5457e+00 +1.6627e+00
69 0 +3.354584046e-01 +1.322554584e+02 +1.322554584e+02 -3.5517e+00 +1.7030e+00
70 0 +2.599467197e-01 +1.321799467e+02 +1.321799467e+02 -3.5687e+00 +1.7402e+00
73 0 +2.513741580e-01 +1.321713742e+02 +1.321713742e+02 -3.5672e+00 +1.7488e+00
77 0 +2.490458175e-01 +1.321690458e+02 +1.321690458e+02 -3.5684e+00 +1.7505e+00
78 0 +2.378270395e-01 +1.321578270e+02 +1.321578270e+02 -3.5733e+00 +1.7594e+00
82 0 +2.254394873e-01 +1.321454395e+02 +1.321454395e+02 -3.5811e+00 +1.7675e+00
85 0 +2.228572756e-01 +1.321428573e+02 +1.321428573e+02 -3.5821e+00 +1.7696e+00
87 0 +2.187757928e-01 +1.321387758e+02 +1.321387758e+02 -3.5918e+00 +1.7661e+00
88 0 +2.122691241e-01 +1.321322691e+02 +1.321322691e+02 -3.5949e+00 +1.7701e+00
91 0 +1.993257916e-01 +1.321193258e+02 +1.321193258e+02 -3.6011e+00 +1.7782e+00
114 0 +1.937527833e-01 +1.321137528e+02 +1.321137528e+02 -3.6072e+00 +1.7783e+00
115 0 +1.806561225e-01 +1.321006561e+02 +1.321006561e+02 -3.6197e+00 +1.7811e+00
124 0 +1.768053582e-01 +1.320968054e+02 +1.320968054e+02 -3.6205e+00 +1.7848e+00
150 0 +1.729980152e-01 +1.320929980e+02 +1.320929980e+02 -3.6248e+00 +1.7855e+00
151 0 +1.689198811e-01 +1.320889199e+02 +1.320889199e+02 -3.6312e+00 +1.7850e+00
159 0 +1.654714322e-01 +1.320854714e+02 +1.320854714e+02 -3.6328e+00 +1.7883e+00
201 0 +1.619933811e-01 +1.320819934e+02 +1.320819934e+02 -3.6366e+00 +1.7903e+00
242 0 +1.584375392e-01 +1.320784375e+02 +1.320784375e+02 -3.6427e+00 +1.7910e+00
244 0 +1.533191826e-01 +1.320733192e+02 +1.320733192e+02 -3.6673e+00 +1.7837e+00
246 0 +1.481263517e-01 +1.320681264e+02 +1.320681264e+02 -3.6717e+00 +1.7930e+00
247 0 +1.431877977e-01 +1.320631878e+02 +1.320631878e+02 -3.6779e+00 +1.8012e+00
252 0 +1.400637125e-01 +1.320600637e+02 +1.320600637e+02 -3.6808e+00 +1.8054e+00
264 0 +1.379643887e-01 +1.320579644e+02 +1.320579644e+02 -3.6839e+00 +1.8064e+00
309 0 +1.347991188e-01 +1.320547991e+02 +1.320547991e+02 -3.6877e+00 +1.8080e+00
311 0 +1.292935213e-01 +1.320492935e+02 +1.320492935e+02 -3.6938e+00 +1.8098e+00
312 0 +1.070218868e-01 +1.320270219e+02 +1.320270219e+02 -3.7136e+00 +1.8151e+00
313 0 +6.763158274e-02 +1.319876316e+02 +1.319876316e+02 -3.7936e+00 +1.8327e+00
316 0 +6.089424403e-02 +1.319808942e+02 +1.319808942e+02 -3.8016e+00 +1.8344e+00
319 0 +5.415254269e-02 +1.319741525e+02 +1.319741525e+02 -3.8034e+00 +1.8392e+00
322 0 +4.573049838e-02 +1.319657305e+02 +1.319657305e+02 -3.8083e+00 +1.8482e+00
324 0 +4.560620107e-02 +1.319656062e+02 +1.319656062e+02 -3.8077e+00 +1.8491e+00
364 0 +4.466812068e-02 +1.319646681e+02 +1.319646681e+02 -3.8096e+00 +1.8505e+00
% f evaluations | g evaluations | best noise-free fitness - Fopt (5.908400000000e+02) + sum g_i+ | measured fitness | best measured fitness or single-digit g-values | x1 | x2...
1 0 +2.473902553e+04 +2.532986553e+04 +2.532986553e+04 +0.0000e+00 +0.0000e+00
5 0 +1.988176251e+04 +2.047260251e+04 +2.047260251e+04 -7.4371e-02 -6.6851e-02
6 0 +9.425618754e+03 +1.001645875e+04 +1.001645875e+04 -3.5247e-01 -3.1234e-01
7 0 +3.689913654e+03 +4.280753654e+03 +4.280753654e+03 -5.6253e-01 -4.8635e-01
8 0 +1.841609205e+03 +2.432449205e+03 +2.432449205e+03 -6.6859e-01 -5.7145e-01
9 0 +8.631083578e+02 +1.453948358e+03 +1.453948358e+03 -7.3468e-01 -6.2343e-01
10 0 +4.336496004e+02 +1.024489600e+03 +1.024489600e+03 -7.7639e-01 -6.5583e-01
11 0 +4.066031072e+02 +9.974431072e+02 +9.974431072e+02 -7.0992e-01 -7.4140e-01
12 0 +1.332372833e+01 +6.041637283e+02 +6.041637283e+02 -8.0439e-01 -8.1956e-01
14 0 +1.303160508e+01 +6.038716051e+02 +6.038716051e+02 -7.7063e-01 -8.5643e-01
85 0 +1.287113554e+01 +6.037111355e+02 +6.037111355e+02 -7.4593e-01 -8.8411e-01
168 0 +1.254389482e+01 +6.033838948e+02 +6.033838948e+02 -6.3724e-01 -9.9542e-01
328 0 +1.182149023e+01 +6.026614902e+02 +6.026614902e+02 -4.5986e-01 -1.2804e+00
336 0 +1.103069321e+01 +6.018706932e+02 +6.018706932e+02 -4.0180e-01 -1.3043e+00
339 0 +1.076057925e+01 +6.016005793e+02 +6.016005793e+02 -3.8668e-01 -1.3021e+00
340 0 +1.068311844e+01 +6.015231184e+02 +6.015231184e+02 -3.7615e-01 -1.3522e+00
342 0 +1.008323232e+01 +6.009232323e+02 +6.009232323e+02 -3.4543e-01 -1.3478e+00
349 0 +9.777014233e+00 +6.006170142e+02 +6.006170142e+02 -3.2936e-01 -1.3521e+00
354 0 +9.746160220e+00 +6.005861602e+02 +6.005861602e+02 -3.2775e-01 -1.3524e+00
376 0 +9.437693614e+00 +6.002776936e+02 +6.002776936e+02 -3.1053e-01 -1.3650e+00
% f evaluations | g evaluations | best noise-free fitness - Fopt (-1.330000000000e+00) + sum g_i+ | measured fitness | best measured fitness or single-digit g-values | x1 | x2...
1 0 +1.120452224e+05 +1.120438924e+05 +1.120438924e+05 +0.0000e+00 +0.0000e+00
4 0 +1.045891225e+05 +1.045877925e+05 +1.045877925e+05 +0.0000e+00 +1.0000e-01
5 0 +9.362952833e+04 +9.362819833e+04 +9.362819833e+04 -7.8508e-03 +1.9969e-01
6 0 +6.321260720e+04 +6.321127720e+04 +6.321127720e+04 -3.3331e-02 +5.9888e-01
7 0 +1.996814590e+04 +1.996681590e+04 +1.996681590e+04 -8.9313e-02 +1.3732e+00
8 0 +1.066813067e+04 +1.066680067e+04 +1.066680067e+04 -1.1548e-01 +1.6703e+00
9 0 +6.280923651e+03 +6.279593651e+03 +6.279593651e+03 -1.3256e-01 +1.8456e+00
10 0 +3.678115961e+03 +3.676785961e+03 +3.676785961e+03 -1.4383e-01 +1.9548e+00
11 0 +2.311002643e+03 +2.309672643e+03 +2.309672643e+03 -1.5089e-01 +2.0209e+00
12 0 +2.227577892e+03 +2.226247892e+03 +2.226247892e+03 -3.0047e-01 +2.0098e+00
13 0 +6.228979754e+02 +6.215679754e+02 +6.215679754e+02 -3.1164e-01 +2.1593e+00
14 0 +2.147717900e+02 +2.134417900e+02 +2.134417900e+02 -3.1896e-01 +2.2169e+00
15 0 +1.140380385e+02 +1.127080385e+02 +1.127080385e+02 -3.2186e-01 +2.2388e+00
16 0 +9.555446594e+01 +9.422446594e+01 +9.422446594e+01 -3.3330e-01 +2.2435e+00
17 0 +3.741797301e+01 +3.608797301e+01 +3.608797301e+01 -3.3189e-01 +2.2637e+00
18 0 +2.326906590e+01 +2.193906590e+01 +2.193906590e+01 -3.3770e-01 +2.2705e+00
19 0 +2.120133477e+01 +1.987133477e+01 +1.987133477e+01 -3.4166e-01 +2.2720e+00
20 0 +1.341161618e+01 +1.208161618e+01 +1.208161618e+01 -3.4079e-01 +2.2762e+00
21 0 +1.049040967e+01 +9.160409671e+00 +9.160409671e+00 -3.4006e-01 +2.2827e+00
22 0 +8.941679103e+00 +7.611679103e+00 +7.611679103e+00 -3.4105e-01 +2.2912e+00
26 0 +8.863039578e+00 +7.533039578e+00 +7.533039578e+00 -3.4365e-01 +2.2869e+00
60 0 +8.656226226e+00 +7.326226226e+00 +7.326226226e+00 -3.7856e-01 +2.2925e+00
67 0 +8.451346902e+00 +7.121346902e+00 +7.121346902e+00 -3.8838e-01 +2.2821e+00
83 0 +8.229413968e+00 +6.899413968e+00 +6.899413968e+00 -4.2326e-01 +2.2847e+00
84 0 +7.668187652e+00 +6.338187652e+00 +6.338187652e+00 -5.2544e-01 +2.2914e+00
90 0 +7.540774571e+00 +6.210774571e+00 +6.210774571e+00 -5.3107e-01 +2.2799e+00
103 0 +7.405599562e+00 +6.075599562e+00 +6.075599562e+00 -5.3914e-01 +2.2670e+00
246 0 +7.234419607e+00 +5.904419607e+00 +5.904419607e+00 -5.8704e-01 +2.2701e+00
307 0 +7.029905232e+00 +5.699905232e+00 +5.699905232e+00 -6.3353e-01 +2.2590e+00
% f evaluations | g evaluations | best noise-free fitness - Fopt (1.460000000000e+01) + sum g_i+ | measured fitness | best measured fitness or single-digit g-values | x1 | x2...
1 0 +3.312316748e+04 +3.313776748e+04 +3.313776748e+04 +0.0000e+00 +0.0000e+00
3 0 +3.269101329e+04 +3.270561329e+04 +3.270561329e+04 +1.0000e-01 +0.0000e+00
5 0 +2.882159920e+04 +2.883619920e+04 +2.883619920e+04 +1.4196e-01 -9.0769e-02
6 0 +1.898504576e+04 +1.899964576e+04 +1.899964576e+04 +5.1534e-01 -2.3426e-01
7 0 +7.993028585e+03 +8.007628585e+03 +8.007628585e+03 +1.2202e+00 -5.1845e-01
8 0 +3.583255181e+03 +3.597855181e+03 +3.597855181e+03 +1.5862e+00 -7.2426e-01
9 0 +1.545219599e+03 +1.559819599e+03 +1.559819599e+03 +1.7622e+00 -8.3887e-01
10 0 +8.869558704e+02 +9.015558704e+02 +9.015558704e+02 +1.8404e+00 -8.9312e-01
11 0 +5.902485858e+02 +6.048485858e+02 +6.048485858e+02 +1.8861e+00 -9.2606e-01
12 0 +6.767493387e+00 +2.136749339e+01 +2.136749339e+01 +1.7915e+00 -1.1188e+00
13 0 +6.739490714e+00 +2.133949071e+01 +2.133949071e+01 +1.9261e+00 -1.1849e+00
17 0 +6.438240121e+00 +2.103824012e+01 +2.103824012e+01 +1.9104e+00 -1.2416e+00
18 0 +4.920058350e+00 +1.952005835e+01 +1.952005835e+01 +1.8421e+00 -1.3863e+00
19 0 +2.816782502e+00 +1.741678250e+01 +1.741678250e+01 +1.5655e+00 -1.9635e+00
21 0 +2.601412205e+00 +1.720141220e+01 +1.720141220e+01 +1.4886e+00 -1.9273e+00
23 0 +2.525794323e+00 +1.712579432e+01 +1.712579432e+01 +1.4770e+00 -1.8787e+00
24 0 +2.472430756e+00 +1.707243076e+01 +1.707243076e+01 +1.4539e+00 -1.8564e+00
25 0 +2.214638071e+00 +1.681463807e+01 +1.681463807e+01 +1.3630e+00 -1.7664e+00
26 0 +1.995080628e+00 +1.659508063e+01 +1.659508063e+01 +9.8685e-01 -1.4190e+00
28 0 +1.550076141e+00 +1.615007614e+01 +1.615007614e+01 +9.2298e-01 -1.4486e+00
29 0 +1.477925841e+00 +1.607792584e+01 +1.607792584e+01 +9.3374e-01 -1.4718e+00
30 0 +1.403021803e+00 +1.600302180e+01 +1.600302180e+01 +9.1690e-01 -1.4911e+00
31 0 +1.374919531e+00 +1.597491953e+01 +1.597491953e+01 +9.1255e-01 -1.5163e+00
33 0 +1.331249819e+00 +1.593124982e+01 +1.593124982e+01 +8.7855e-01 -1.5432e+00
34 0 +9.764512383e-01 +1.557645124e+01 +1.557645124e+01 +8.3642e-01 -1.6366e+00
36 0 +6.861588320e-01 +1.528615883e+01 +1.528615883e+01 +6.3169e-01 -1.6313e+00
38 0 +6.096705065e-01 +1.520967051e+01 +1.520967051e+01 +5.5128e-01 -1.5679e+00
40 0 +5.738441957e-01 +1.517384420e+01 +1.517384420e+01 +5.4380e-01 -1.5749e+00
41 0 +4.492111942e-01 +1.504921119e+01 +1.504921119e+01 +5.1373e-01 -1.6163e+00
42 0 +4.152078735e-01 +1.501520787e+01 +1.501520787e+01 +4.8661e-01 -1.6597e+00
43 0 +3.808644197e-01 +1.498086442e+01 +1.498086442e+01 +4.4228e-01 -1.6341e+00
44 0 +3.580099689e-01 +1.495800997e+01 +1.495800997e+01 +4.1741e-01 -1.6402e+00
45 0 +2.659645471e-01 +1.486596455e+01 +1.486596455e+01 +3.1818e-01 -1.6654e+00
47 0 +2.444004941e-01 +1.484440049e+01 +1.484440049e+01 +3.1679e-01 -1.6245e+00
48 0 +1.495848652e-01 +1.474958487e+01 +1.474958487e+01 +1.3731e-01 -1.5259e+00
52 0 +8.098490250e-02 +1.468098490e+01 +1.468098490e+01 +1.0965e-01 -1.5689e+00
58 0 +7.501690095e-02 +1.467501690e+01 +1.467501690e+01 +8.9904e-02 -1.5852e+00
59 0 +6.594882338e-02 +1.466594882e+01 +1.466594882e+01 +7.1231e-02 -1.6028e+00
62 0 +5.128818762e-02 +1.465128819e+01 +1.465128819e+01 +5.6960e-02 -1.5981e+00
63 0 +2.626152386e-02 +1.462626152e+01 +1.462626152e+01 -1.0393e-04 -1.5796e+00
64 0 +9.270969031e-03 +1.460927097e+01 +1.460927097e+01 -5.8403e-02 -1.5654e+00
67 0 +8.609374904e-03 +1.460860937e+01 +1.460860937e+01 -6.6073e-02 -1.5718e+00
69 0 +7.784269365e-03 +1.460778427e+01 +1.460778427e+01 -7.0062e-02 -1.5688e+00
70 0 +6.186719814e-03 +1.460618672e+01 +1.460618672e+01 -7.4523e-02 -1.5666e+00
71 0 +4.633921545e-03 +1.460463392e+01 +1.460463392e+01 -9.1042e-02 -1.5553e+00
75 0 +3.182156067e-03 +1.460318216e+01 +1.460318216e+01 -9.3868e-02 -1.5594e+00
78 0 +2.891624059e-03 +1.460289162e+01 +1.460289162e+01 -9.5082e-02 -1.5595e+00
79 0 +2.472323015e-03 +1.460247232e+01 +1.460247232e+01 -9.8435e-02 -1.5632e+00
80 0 +1.971532057e-03 +1.460197153e+01 +1.460197153e+01 -1.0301e-01 -1.5612e+00
81 0 +1.382664961e-03 +1.460138266e+01 +1.460138266e+01 -1.0799e-01 -1.5616e+00
85 0 +1.256885152e-03 +1.460125689e+01 +1.460125689e+01 -1.0965e-01 -1.5597e+00
87 0 +1.157439842e-03 +1.460115744e+01 +1.460115744e+01 -1.1046e-01 -1.5603e+00
88 0 +1.078985057e-03 +1.460107899e+01 +1.460107899e+01 -1.1126e-01 -1.5609e+00
89 0 +1.009543773e-03 +1.460100954e+01 +1.460100954e+01 -1.1443e-01 -1.5634e+00
92 0 +9.609136550e-04 +1.460096091e+01 +1.460096091e+01 -1.1392e-01 -1.5625e+00
93 0 +8.871658954e-04 +1.460088717e+01 +1.460088717e+01 -1.1455e-01 -1.5617e+00
94 0 +8.287725527e-04 +1.460082877e+01 +1.460082877e+01 -1.1490e-01 -1.5608e+00
96 0 +6.980065878e-04 +1.460069801e+01 +1.460069801e+01 -1.1680e-01 -1.5614e+00
97 0 +5.242653656e-04 +1.460052427e+01 +1.460052427e+01 -1.1866e-01 -1.5607e+00
98 0 +1.578551615e-04 +1.460015786e+01 +1.460015786e+01 -1.2611e-01 -1.5578e+00
100 0 +1.273297045e-04 +1.460012733e+01 +1.460012733e+01 -1.2697e-01 -1.5585e+00
102 0 +7.675015915e-05 +1.460007675e+01 +1.460007675e+01 -1.2878e-01 -1.5577e+00
103 0 +2.885884036e-05 +1.460002886e+01 +1.460002886e+01 -1.3074e-01 -1.5580e+00
108 0 +2.780390895e-05 +1.460002780e+01 +1.460002780e+01 -1.3114e-01 -1.5583e+00
110 0 +1.876009946e-05 +1.460001876e+01 +1.460001876e+01 -1.3132e-01 -1.5582e+00
111 0 +1.062471120e-05 +1.460001062e+01 +1.460001062e+01 -1.3209e-01 -1.5575e+00
113 0 +8.378308447e-06 +1.460000838e+01 +1.460000838e+01 -1.3219e-01 -1.5576e+00
115 0 +5.508813787e-06 +1.460000551e+01 +1.460000551e+01 -1.3242e-01 -1.5577e+00
117 0 +5.024850010e-06 +1.460000502e+01 +1.460000502e+01 -1.3251e-01 -1.5577e+00
118 0 +4.962609713e-06 +1.460000496e+01 +1.460000496e+01 -1.3258e-01 -1.5576e+00
119 0 +3.701905209e-06 +1.460000370e+01 +1.460000370e+01 -1.3265e-01 -1.5577e+00
122 0 +3.248118151e-06 +1.460000325e+01 +1.460000325e+01 -1.3272e-01 -1.5577e+00
123 0 +2.776066308e-06 +1.460000278e+01 +1.460000278e+01 -1.3282e-01 -1.5577e+00
124 0 +2.143008777e-06 +1.460000214e+01 +1.460000214e+01 -1.3291e-01 -1.5578e+00
127 0 +1.774857779e-06 +1.460000177e+01 +1.460000177e+01 -1.3295e-01 -1.5577e+00
128 0 +1.569568351e-06 +1.460000157e+01 +1.460000157e+01 -1.3305e-01 -1.5576e+00
130 0 +1.250336295e-06 +1.460000125e+01 +1.460000125e+01 -1.3308e-01 -1.5577e+00
134 0 +9.828177205e-07 +1.460000098e+01 +1.460000098e+01 -1.3312e-01 -1.5577e+00
135 0 +7.167340179e-07 +1.460000072e+01 +1.460000072e+01 -1.3330e-01 -1.5576e+00
139 0 +4.376610789e-07 +1.460000044e+01 +1.460000044e+01 -1.3332e-01 -1.5576e+00
141 0 +3.797597046e-07 +1.460000038e+01 +1.460000038e+01 -1.3335e-01 -1.5577e+00
142 0 +3.369393120e-07 +1.460000034e+01 +1.460000034e+01 -1.3337e-01 -1.5577e+00
145 0 +2.725840442e-07 +1.460000027e+01 +1.460000027e+01 -1.3339e-01 -1.5577e+00
146 0 +2.128130152e-07 +1.460000021e+01 +1.460000021e+01 -1.3340e-01 -1.5576e+00
147 0 +1.917092849e-07 +1.460000019e+01 +1.460000019e+01 -1.3342e-01 -1.5576e+00
149 0 +1.831719825e-07 +1.460000018e+01 +1.460000018e+01 -1.3343e-01 -1.5576e+00
150 0 +1.681335355e-07 +1.460000017e+01 +1.460000017e+01 -1.3344e-01 -1.5576e+00
151 0 +9.947935808e-08 +1.460000010e+01 +1.460000010e+01 -1.3348e-01 -1.5576e+00
154 0 +2.043388747e-08 +1.460000002e+01 +1.460000002e+01 -1.3356e-01 -1.5576e+00
157 0 +1.941157812e-08 +1.460000002e+01 +1.460000002e+01 -1.3356e-01 -1.5576e+00
158 0 +1.123527049e-08 +1.460000001e+01 +1.460000001e+01 -1.3357e-01 -1.5576e+00
161 0 +4.568754264e-09 +1.460000000e+01 +1.460000000e+01 -1.3358e-01 -1.5576e+00
% f evaluations | g evaluations | best noise-free fitness - Fopt (-2.233600000000e+02) + sum g_i+ | measured fitness | best measured fitness or single-digit g-values | x1 | x2...
1 0 +2.482756811e+01 -1.985324319e+02 -1.985324319e+02 +0.0000e+00 +0.0000e+00
104 0 +5.376411403e+00 -2.179835886e+02 -2.179835886e+02 -2.8315e+00 -2.2203e-01
106 0 +2.710549123e+00 -2.206494509e+02 -2.206494509e+02 -2.8315e+00 +6.1113e-02
% f evaluations | g evaluations | best noise-free fitness - Fopt (4.846300000000e+02) + sum g_i+ | measured fitness | best measured fitness or single-digit g-values | x1 | x2...
1 0 +2.938316806e+05 +2.943163106e+05 +2.943163106e+05 +0.0000e+00 +0.0000e+00
4 0 +2.816690167e+05 +2.821536467e+05 +2.821536467e+05 +0.0000e+00 +1.0000e-01
5 0 +2.662216594e+05 +2.667062894e+05 +2.667062894e+05 -2.3661e-02 +1.9716e-01
6 0 +2.035084885e+05 +2.039931185e+05 +2.039931185e+05 -1.0849e-01 +5.8806e-01
7 0 +7.100445868e+04 +7.148908868e+04 +7.148908868e+04 -3.7327e-01 +1.9122e+00
8 0 +4.063372983e+04 +4.111835983e+04 +4.111835983e+04 -5.3439e-01 +2.5147e+00
9 0 +3.032028396e+04 +3.080491396e+04 +3.080491396e+04 -6.5882e-01 +2.9112e+00
11 0 +2.276048087e+04 +2.324511087e+04 +2.324511087e+04 -7.5820e-01 +3.0236e+00
12 0 +8.873780896e+03 +9.358410896e+03 +9.358410896e+03 -1.2611e+00 +3.3509e+00
13 0 +3.672975270e+03 +4.157605270e+03 +4.157605270e+03 -1.4899e+00 +3.5828e+00
14 0 +1.814630241e+03 +2.299260241e+03 +2.299260241e+03 -1.5896e+00 +3.7091e+00
15 0 +9.115278848e+02 +1.396157885e+03 +1.396157885e+03 -1.6429e+00 +3.7862e+00
16 0 +5.103859736e+02 +9.950159736e+02 +9.950159736e+02 -1.6742e+00 +3.8357e+00
17 0 +4.593822547e+02 +9.440122547e+02 +9.440122547e+02 -1.7971e+00 +3.7579e+00
18 0 +1.938821989e+01 +5.040182199e+02 +5.040182199e+02 -1.8766e+00 +3.8704e+00
19 0 +1.206095437e+01 +4.966909544e+02 +4.966909544e+02 -1.9749e+00 +3.9935e+00
21 0 +1.094156451e+01 +4.955715645e+02 +4.955715645e+02 -2.0431e+00 +3.9239e+00
22 0 +8.904908903e+00 +4.935349089e+02 +4.935349089e+02 -2.0910e+00 +3.8361e+00
26 0 +7.200951829e+00 +4.918309518e+02 +4.918309518e+02 -2.1947e+00 +3.7318e+00
33 0 +6.847988795e+00 +4.914779888e+02 +4.914779888e+02 -2.1987e+00 +3.6819e+00
50 0 +6.759334483e+00 +4.913893345e+02 +4.913893345e+02 -2.2014e+00 +3.6645e+00
99 0 +6.589259357e+00 +4.912192594e+02 +4.912192594e+02 -2.2454e+00 +3.6337e+00
188 0 +6.317134994e+00 +4.909471350e+02 +4.909471350e+02 -2.3206e+00 +3.5978e+00
195 0 +6.199843034e+00 +4.908298430e+02 +4.908298430e+02 -2.3209e+00 +3.5850e+00
208 0 +6.160382802e+00 +4.907903828e+02 +4.907903828e+02 -2.3210e+00 +3.5810e+00
276 0 +6.025538581e+00 +4.906555386e+02 +4.906555386e+02 -2.3382e+00 +3.5687e+00
282 0 +5.847487340e+00 +4.904774873e+02 +4.904774873e+02 -2.3690e+00 +3.5545e+00
295 0 +5.750581644e+00 +4.903805816e+02 +4.903805816e+02 -2.3707e+00 +3.5467e+00
333 0 +5.575299634e+00 +4.902052996e+02 +4.902052996e+02 -2.3891e+00 +3.5325e+00
387 0 +5.493023752e+00 +4.901230238e+02 +4.901230238e+02 -2.3978e+00 +3.5276e+00
390 0 +5.278969775e+00 +4.899089698e+02 +4.899089698e+02 -2.4241e+00 +3.5071e+00
397 0 +5.246832969e+00 +4.898768330e+02 +4.898768330e+02 -2.4308e+00 +3.5099e+00
% f evaluations | g evaluations | best noise-free fitness - Fopt (4.112500000000e+02) + sum g_i+ | measured fitness | best measured fitness or single-digit g-values | x1 | x2...
1 0 +2.580191268e+04 +2.621316268e+04 +2.621316268e+04 +0.0000e+00 +0.0000e+00
3 0 +2.495598650e+04 +2.536723650e+04 +2.536723650e+04 +1.0000e-01 +0.0000e+00
5 0 +2.112786233e+04 +2.153911233e+04 +2.153911233e+04 +1.1930e-01 -9.8119e-02
6 0 +1.294153066e+04 +1.335278066e+04 +1.335278066e+04 +1.5462e-01 -4.9656e-01
7 0 +7.267692960e+03 +7.678942960e+03 +7.678942960e+03 +4.7212e-01 -7.3985e-01
8 0 +2.604511531e+03 +3.015761531e+03 +3.015761531e+03 +5.1392e-01 -1.1126e+00
9 0 +1.697045066e+03 +2.108295066e+03 +2.108295066e+03 +4.6873e-01 -1.2385e+00
10 0 +7.816644617e+02 +1.192914462e+03 +1.192914462e+03 +5.6564e-01 -1.3421e+00
11 0 +1.426757806e+02 +5.539257806e+02 +5.539257806e+02 +5.9059e-01 -1.4937e+00
12 0 +4.469094784e+01 +4.559409478e+02 +4.559409478e+02 +5.7488e-01 -1.5729e+00
13 0 +4.412352391e+01 +4.553735239e+02 +4.553735239e+02 +5.4258e-01 -1.6308e+00
15 0 +4.326626694e+01 +4.545162669e+02 +4.545162669e+02 +4.9303e-01 -1.6241e+00
18 0 +4.235034243e+01 +4.536003424e+02 +4.536003424e+02 +4.4657e-01 -1.6056e+00
89 0 +4.165275210e+01 +4.529027521e+02 +4.529027521e+02 +3.9204e-01 -1.6142e+00
99 0 +4.049208270e+01 +4.517420827e+02 +4.517420827e+02 +3.0689e-01 -1.6304e+00
100 0 +3.663415222e+01 +4.478841522e+02 +4.478841522e+02 +5.4513e-02 -1.6733e+00
104 0 +3.575150265e+01 +4.470015027e+02 +4.470015027e+02 +3.3266e-02 -1.7000e+00
106 0 +3.531607221e+01 +4.465660722e+02 +4.465660722e+02 +2.3241e-02 -1.6921e+00
108 0 +3.340484832e+01 +4.446548483e+02 +4.446548483e+02 -8.2238e-02 -1.7394e+00
109 0 +3.138420632e+01 +4.426342063e+02 +4.426342063e+02 -2.8083e-01 -1.9010e+00
110 0 +2.521157347e+01 +4.364615735e+02 +4.364615735e+02 -5.3668e-01 -1.8923e+00
113 0 +2.475514813e+01 +4.360051481e+02 +4.360051481e+02 -5.8636e-01 -1.9123e+00
114 0 +2.370473414e+01 +4.349547341e+02 +4.349547341e+02 -6.5664e-01 -1.8381e+00
148 0 +2.334508833e+01 +4.345950883e+02 +4.345950883e+02 -7.3942e-01 -1.8279e+00
162 0 +2.271574587e+01 +4.339657459e+02 +4.339657459e+02 -8.7447e-01 -1.8833e+00
166 0 +2.178966528e+01 +4.330396653e+02 +4.330396653e+02 -9.3387e-01 -1.8662e+00
200 0 +2.115010937e+01 +4.324001094e+02 +4.324001094e+02 -9.7640e-01 -1.8768e+00
201 0 +1.926021139e+01 +4.305102114e+02 +4.305102114e+02 -1.0761e+00 -1.9000e+00
206 0 +1.897491460e+01 +4.302249146e+02 +4.302249146e+02 -1.0895e+00 -1.9030e+00
220 0 +1.859778453e+01 +4.298477845e+02 +4.298477845e+02 -1.1025e+00 -1.8976e+00
224 0 +1.717349932e+01 +4.284234993e+02 +4.284234993e+02 -1.1677e+00 -1.9171e+00
229 0 +1.697630909e+01 +4.282263091e+02 +4.282263091e+02 -1.1744e+00 -1.9163e+00
247 0 +1.612192578e+01 +4.273719258e+02 +4.273719258e+02 -1.2117e+00 -1.9216e+00
248 0 +1.430463294e+01 +4.255546329e+02 +4.255546329e+02 -1.3118e+00 -1.9432e+00
252 0 +1.410979973e+01 +4.253597997e+02 +4.253597997e+02 -1.3252e+00 -1.9461e+00
273 0 +1.379586950e+01 +4.250458695e+02 +4.250458695e+02 -1.3464e+00 -1.9438e+00
275 0 +1.344038652e+01 +4.246903865e+02 +4.246903865e+02 -1.3779e+00 -1.9496e+00
276 0 +1.272629970e+01 +4.239762997e+02 +4.239762997e+02 -1.4780e+00 -1.9710e+00
299 0 +1.254640986e+01 +4.237964099e+02 +4.237964099e+02 -1.5567e+00 -1.9893e+00
354 0 +1.199825675e+01 +4.232482568e+02 +4.232482568e+02 -1.7444e+00 -2.0596e+00
359 0 +1.110952132e+01 +4.223595213e+02 +4.223595213e+02 -1.8055e+00 -2.0499e+00
360 0 +7.831223232e+00 +4.190812232e+02 +4.190812232e+02 -2.0090e+00 -2.0730e+00
365 0 +7.742243953e+00 +4.189922440e+02 +4.189922440e+02 -2.0328e+00 -2.0944e+00
373 0 +7.500406327e+00 +4.187504063e+02 +4.187504063e+02 -2.0446e+00 -2.0828e+00
387 0 +7.411835244e+00 +4.186618352e+02 +4.186618352e+02 -2.0510e+00 -2.0798e+00
391 0 +7.087541449e+00 +4.183375414e+02 +4.183375414e+02 -2.1185e+00 -2.0887e+00
392 0 +6.804630042e+00 +4.180546300e+02 +4.180546300e+02 -2.1685e+00 -2.0994e+00
397 0 +6.741304244e+00 +4.179913042e+02 +4.179913042e+02 -2.1799e+00 -2.1056e+00
% f evaluations | g evaluations | best noise-free fitness - Fopt (-4.847400000000e+02) + sum g_i+ | measured fitness | best measured fitness or single-digit g-values | x1 | x2...
1 0 +6.163964787e+04 +6.115490787e+04 +6.115490787e+04 +0.0000e+00 +0.0000e+00
4 0 +5.671066751e+04 +5.622592751e+04 +5.622592751e+04 +0.0000e+00 +1.0000e-01
5 0 +4.809016758e+04 +4.760542758e+04 +4.760542758e+04 -1.3431e-02 +1.9909e-01
6 0 +3.174787226e+04 +3.126313226e+04 +3.126313226e+04 -5.2769e-02 +5.9715e-01
7 0 +1.814300164e+04 +1.765826164e+04 +1.765826164e+04 -1.0631e-01 +9.9356e-01
8 0 +1.637313322e+04 +1.588839322e+04 +1.588839322e+04 -1.6843e-01 +1.3940e+00
11 0 +1.587891692e+04 +1.539417692e+04 +1.539417692e+04 -3.0493e-01 +1.0180e+00
12 0 +1.265607948e+04 +1.217133948e+04 +1.217133948e+04 -4.9837e-01 +1.0688e+00
13 0 +4.196193010e+03 +3.711453010e+03 +3.711453010e+03 -1.2158e+00 +1.3011e+00
14 0 +2.564568550e+03 +2.079828550e+03 +2.079828550e+03 -1.5105e+00 +1.3674e+00
15 0 +1.832397990e+03 +1.347657990e+03 +1.347657990e+03 -1.7026e+00 +1.3988e+00
16 0 +1.171564500e+03 +6.868245000e+02 +6.868245000e+02 -1.8391e+00 +1.4152e+00
17 0 +1.001270443e+03 +5.165304425e+02 +5.165304425e+02 -1.9119e+00 +1.4223e+00
18 0 +8.412667211e+02 +3.565267211e+02 +3.565267211e+02 -1.9684e+00 +1.4268e+00
20 0 +6.191469409e+02 +1.344069409e+02 +1.344069409e+02 -1.9808e+00 +1.3941e+00
21 0 +5.285858593e+02 +4.384585928e+01 +4.384585928e+01 -1.9837e+00 +1.3797e+00
22 0 +5.030701466e+02 +1.833014660e+01 +1.833014660e+01 -1.9736e+00 +1.3627e+00
23 0 +4.883484506e+02 +3.608450573e+00 +3.608450573e+00 -1.9759e+00 +1.3605e+00
51 0 +2.643836916e+02 -2.203563084e+02 -2.203563084e+02 -3.3502e+00 +9.6087e-01
% f evaluations | g evaluations | best noise-free fitness - Fopt (1.731500000000e+02) + sum g_i+ | measured fitness | best measured fitness or single-digit g-values | x1 | x2...
1 0 +5.549071273e+04 +5.566386273e+04 +5.566386273e+04 +0.0000e+00 +0.0000e+00
3 0 +5.125073150e+04 +5.142388150e+04 +5.142388150e+04 +1.0000e-01 +0.0000e+00
4 0 +4.922885230e+04 +4.940200230e+04 +4.940200230e+04 +0.0000e+00 +1.0000e-01
5 0 +4.155438378e+04 +4.172753378e+04 +4.172753378e+04 +5.6067e-02 +1.8280e-01
6 0 +3.065198601e+04 +3.082513601e+04 +3.082513601e+04 +2.7884e-01 +5.1503e-01
7 0 +2.093885324e+04 +2.111200324e+04 +2.111200324e+04 +1.1004e-01 +8.7767e-01
8 0 +1.218780749e+04 +1.236095749e+04 +1.236095749e+04 +1.8147e-01 +1.2712e+00
9 0 +3.754647178e+03 +3.927797178e+03 +3.927797178e+03 +3.4919e-01 +1.6825e+00
10 0 +2.031535268e+03 +2.204685268e+03 +2.204685268e+03 +4.3378e-01 +1.7991e+00
11 0 +1.377241448e+03 +1.550391448e+03 +1.550391448e+03 +4.8890e-01 +1.8566e+00
12 0 +1.139546511e+03 +1.312696511e+03 +1.312696511e+03 +4.6157e-01 +1.9066e+00
13 0 +2.163289027e+02 +3.894789027e+02 +3.894789027e+02 +5.4346e-01 +2.0397e+00
14 0 +5.275618871e+01 +2.259061887e+02 +2.259061887e+02 +5.6332e-01 +2.1006e+00
15 0 +2.267371329e+01 +1.958237133e+02 +1.958237133e+02 +5.6985e-01 +2.1432e+00
18 0 +2.230170105e+01 +1.954517011e+02 +1.954517011e+02 +5.9509e-01 +2.1551e+00
19 0 +2.159524241e+01 +1.947452424e+02 +1.947452424e+02 +6.3134e-01 +2.1720e+00
20 0 +1.758732958e+01 +1.907373296e+02 +1.907373296e+02 +7.5373e-01 +2.2751e+00
21 0 +1.472725266e+01 +1.878772527e+02 +1.878772527e+02 +7.2920e-01 +2.9146e+00
22 0 +1.071174262e+01 +1.838617426e+02 +1.838617426e+02 +1.3534e+00 +3.0559e+00
24 0 +1.035433883e+01 +1.835043388e+02 +1.835043388e+02 +1.3675e+00 +2.9934e+00
25 0 +7.567941636e+00 +1.807179416e+02 +1.807179416e+02 +1.6476e+00 +2.8387e+00
28 0 +7.225571114e+00 +1.803755711e+02 +1.803755711e+02 +1.7384e+00 +2.8226e+00
29 0 +6.546678548e+00 +1.796966785e+02 +1.796966785e+02 +1.8450e+00 +2.5209e+00
30 0 +5.685030301e+00 +1.788350303e+02 +1.788350303e+02 +2.1537e+00 +2.4370e+00
32 0 +5.421500749e+00 +1.785715007e+02 +1.785715007e+02 +2.0667e+00 +2.3432e+00
33 0 +3.752209080e+00 +1.769022091e+02 +1.769022091e+02 +2.1776e+00 +1.7128e+00
39 0 +3.415243077e+00 +1.765652431e+02 +1.765652431e+02 +2.2370e+00 +1.6503e+00
40 0 +2.590546536e+00 +1.757405465e+02 +1.757405465e+02 +2.4644e+00 +1.6105e+00
43 0 +2.325306084e+00 +1.754753061e+02 +1.754753061e+02 +2.5908e+00 +1.5254e+00
44 0 +1.798774753e+00 +1.749487748e+02 +1.749487748e+02 +2.6605e+00 +1.3900e+00
45 0 +7.720106497e-01 +1.739220106e+02 +1.739220106e+02 +3.0825e+00 +9.5045e-01
48 0 +7.406727777e-01 +1.738906728e+02 +1.738906728e+02 +2.9136e+00 +9.2241e-01
49 0 +7.241596871e-01 +1.738741597e+02 +1.738741597e+02 +2.9241e+00 +8.5918e-01
51 0 +6.467779307e-01 +1.737967779e+02 +1.737967779e+02 +2.9801e+00 +8.2797e-01
54 0 +6.447217454e-01 +1.737947217e+02 +1.737947217e+02 +2.9906e+00 +8.3535e-01
55 0 +5.080810434e-01 +1.736580810e+02 +1.736580810e+02 +3.0369e+00 +7.9107e-01
57 0 +4.975250475e-01 +1.736475250e+02 +1.736475250e+02 +3.0182e+00 +7.7352e-01
58 0 +3.659241944e-01 +1.735159242e+02 +1.735159242e+02 +3.0734e+00 +6.5782e-01
64 0 +2.951920677e-01 +1.734451921e+02 +1.734451921e+02 +3.1311e+00 +6.2987e-01
65 0 +2.634728079e-01 +1.734134728e+02 +1.734134728e+02 +3.1898e+00 +6.0415e-01
68 0 +2.313145617e-01 +1.733813146e+02 +1.733813146e+02 +3.1754e+00 +5.7556e-01
69 0 +2.092534934e-01 +1.733592535e+02 +1.733592535e+02 +3.1618e+00 +5.4652e-01
71 0 +1.919219100e-01 +1.733419219e+02 +1.733419219e+02 +3.1742e+00 +5.3639e-01
72 0 +1.775646156e-01 +1.733275646e+02 +1.733275646e+02 +3.1881e+00 +5.2845e-01
73 0 +1.534441109e-01 +1.733034441e+02 +1.733034441e+02 +3.2447e+00 +4.9822e-01
75 0 +1.377058623e-01 +1.732877059e+02 +1.732877059e+02 +3.2285e+00 +4.7052e-01
77 0 +1.291344886e-01 +1.732791345e+02 +1.732791345e+02 +3.2303e+00 +4.6067e-01
78 0 +8.854965706e-02 +1.732385497e+02 +1.732385497e+02 +3.2391e+00 +4.2166e-01
79 0 +4.318275468e-02 +1.731931828e+02 +1.731931828e+02 +3.2858e+00 +2.6862e-01
81 0 +2.440004681e-02 +1.731744000e+02 +1.731744000e+02 +3.3080e+00 +2.6908e-01
83 0 +9.525681833e-03 +1.731595257e+02 +1.731595257e+02 +3.3467e+00 +2.5895e-01
87 0 +9.080247004e-03 +1.731590802e+02 +1.731590802e+02 +3.3510e+00 +2.5647e-01
88 0 +8.553138293e-03 +1.731585531e+02 +1.731585531e+02 +3.3494e+00 +2.5172e-01
89 0 +7.649003635e-03 +1.731576490e+02 +1.731576490e+02 +3.3507e+00 +2.4689e-01
90 0 +4.653748425e-03 +1.731546537e+02 +1.731546537e+02 +3.3530e+00 +2.2702e-01
95 0 +2.796677587e-03 +1.731527967e+02 +1.731527967e+02 +3.3632e+00 +2.2575e-01
96 0 +2.657312931e-03 +1.731526573e+02 +1.731526573e+02 +3.3634e+00 +2.2474e-01
97 0 +2.506581793e-03 +1.731525066e+02 +1.731525066e+02 +3.3678e+00 +2.2272e-01
98 0 +1.980820845e-03 +1.731519808e+02 +1.731519808e+02 +3.3668e+00 +2.1796e-01
101 0 +1.559946668e-03 +1.731515599e+02 +1.731515599e+02 +3.3663e+00 +2.0822e-01
102 0 +6.108023975e-04 +1.731506108e+02 +1.731506108e+02 +3.3728e+00 +2.0096e-01
106 0 +5.437709040e-04 +1.731505438e+02 +1.731505438e+02 +3.3737e+00 +1.9847e-01
108 0 +2.706372858e-04 +1.731502706e+02 +1.731502706e+02 +3.3783e+00 +2.0017e-01
111 0 +2.675842243e-04 +1.731502676e+02 +1.731502676e+02 +3.3778e+00 +2.0000e-01
113 0 +2.569639545e-04 +1.731502570e+02 +1.731502570e+02 +3.3779e+00 +1.9964e-01
114 0 +1.906880423e-04 +1.731501907e+02 +1.731501907e+02 +3.3780e+00 +1.9866e-01
115 0 +9.565968580e-05 +1.731500957e+02 +1.731500957e+02 +3.3790e+00 +1.9478e-01
117 0 +7.065999080e-05 +1.731500707e+02 +1.731500707e+02 +3.3795e+00 +1.9487e-01
119 0 +6.826318295e-05 +1.731500683e+02 +1.731500683e+02 +3.3796e+00 +1.9467e-01
120 0 +4.815253780e-05 +1.731500482e+02 +1.731500482e+02 +3.3806e+00 +1.9459e-01
122 0 +4.620286455e-05 +1.731500462e+02 +1.731500462e+02 +3.3807e+00 +1.9453e-01
123 0 +3.976437355e-05 +1.731500398e+02 +1.731500398e+02 +3.3804e+00 +1.9411e-01
124 0 +3.364200461e-05 +1.731500336e+02 +1.731500336e+02 +3.3805e+00 +1.9388e-01
125 0 +2.163916895e-05 +1.731500216e+02 +1.731500216e+02 +3.3809e+00 +1.9298e-01
127 0 +1.725007434e-05 +1.731500173e+02 +1.731500173e+02 +3.3810e+00 +1.9298e-01
129 0 +1.542676225e-05 +1.731500154e+02 +1.731500154e+02 +3.3813e+00 +1.9289e-01
131 0 +1.425464774e-05 +1.731500143e+02 +1.731500143e+02 +3.3813e+00 +1.9283e-01
132 0 +8.602469080e-06 +1.731500086e+02 +1.731500086e+02 +3.3816e+00 +1.9254e-01
136 0 +8.416707374e-06 +1.731500084e+02 +1.731500084e+02 +3.3818e+00 +1.9250e-01
138 0 +7.942332900e-06 +1.731500079e+02 +1.731500079e+02 +3.3818e+00 +1.9245e-01
139 0 +5.693461787e-06 +1.731500057e+02 +1.731500057e+02 +3.3818e+00 +1.9226e-01
142 0 +3.659640953e-06 +1.731500037e+02 +1.731500037e+02 +3.3818e+00 +1.9186e-01
143 0 +1.056847140e-06 +1.731500011e+02 +1.731500011e+02 +3.3821e+00 +1.9157e-01
149 0 +9.266740904e-07 +1.731500009e+02 +1.731500009e+02 +3.3821e+00 +1.9154e-01
151 0 +8.153452029e-07 +1.731500008e+02 +1.731500008e+02 +3.3822e+00 +1.9150e-01
152 0 +5.621402295e-07 +1.731500006e+02 +1.731500006e+02 +3.3822e+00 +1.9146e-01
153 0 +1.082526921e-07 +1.731500001e+02 +1.731500001e+02 +3.3823e+00 +1.9130e-01
159 0 +1.002395891e-07 +1.731500001e+02 +1.731500001e+02 +3.3823e+00 +1.9130e-01
160 0 +9.578718618e-08 +1.731500001e+02 +1.731500001e+02 +3.3823e+00 +1.9129e-01
161 0 +7.136222280e-08 +1.731500001e+02 +1.731500001e+02 +3.3823e+00 +1.9129e-01
162 0 +3.295667739e-08 +1.731500000e+02 +1.731500000e+02 +3.3824e+00 +1.9125e-01
165 0 +2.690808287e-08 +1.731500000e+02 +1.731500000e+02 +3.3824e+00 +1.9125e-01
167 0 +2.301584345e-08 +1.731500000e+02 +1.731500000e+02 +3.3824e+00 +1.9125e-01
168 0 +2.061079840e-08 +1.731500000e+02 +1.731500000e+02 +3.3824e+00 +1.9125e-01
169 0 +1.806120054e-08 +1.731500000e+02 +1.731500000e+02 +3.3824e+00 +1.9124e-01
170 0 +1.425036089e-08 +1.731500000e+02 +1.731500000e+02 +3.3824e+00 +1.9124e-01
171 0 +1.093141577e-08 +1.731500000e+02 +1.731500000e+02 +3.3824e+00 +1.9122e-01
172 0 +6.345430847e-10 +1.731500000e+02 +1.731500000e+02 +3.3824e+00 +1.9121e-01
% f evaluations | g evaluations | best noise-free fitness - Fopt (-5.333000000000e+01) + sum g_i+ | measured fitness | best measured fitness or single-digit g-values | x1 | x2...
1 0 +5.826523922e+01 +4.935239224e+00 +4.935239224e+00 +0.0000e+00 +0.0000e+00
3 0 +5.531704176e+01 +1.987041761e+00 +1.987041761e+00 +1.0000e-01 +0.0000e+00
5 0 +5.327904004e+01 -5.095996239e-02 -5.095996239e-02 +1.4617e-01 +3.1307e-02
24 0 +5.001097445e+01 -3.319025548e+00 -3.319025548e+00 +9.0643e-01 -8.7390e-01
25 0 +4.584598806e+01 -7.484011941e+00 -7.484011941e+00 +1.2993e+00 -1.1657e+00
122 0 +7.526382882e+00 -4.580361712e+01 -4.580361712e+01 +3.5547e+00 -1.2229e+00
123 0 +5.414551734e+00 -4.791544827e+01 -4.791544827e+01 +3.9102e+00 -1.2229e+00
124 0 +4.983545404e+00 -4.834645460e+01 -4.834645460e+01 +3.5547e+00 -8.6745e-01
352 0 +1.794633621e+00 -5.153536638e+01 -5.153536638e+01 +3.4795e+00 +3.6865e-01
% f evaluations | g evaluations | best noise-free fitness - Fopt (-5.550000000000e+01) + sum g_i+ | measured fitness | best measured fitness or single-digit g-values | x1 | x2...
1 0 +1.067640191e+02 +5.126401912e+01 +5.126401912e+01 +0.0000e+00 +0.0000e+00
3 0 +1.023643744e+02 +4.686437435e+01 +4.686437435e+01 +1.0000e-01 +0.0000e+00
5 0 +9.699845381e+01 +4.149845381e+01 +4.149845381e+01 +1.9811e-01 +1.9366e-02
6 0 +7.522242176e+01 +1.972242176e+01 +1.972242176e+01 +5.9183e-01 +8.9950e-02
7 0 +6.289949865e+01 +7.399498652e+00 +7.399498652e+00 +9.6098e-01 +1.5163e-01
8 0 +5.757790151e+01 +2.077901510e+00 +2.077901510e+00 +1.1219e+00 +1.8320e-01
9 0 +5.693973408e+01 +1.439734077e+00 +1.439734077e+00 +1.1135e+00 +2.9657e-01
10 0 +5.291479780e+01 -2.585202199e+00 -2.585202199e+00 +1.2263e+00 +3.0493e-01
66 0 +5.104401788e+01 -4.455982116e+00 -4.455982116e+00 +1.3808e+00 -9.4542e-02
126 0 +1.256802034e+01 -4.293197966e+01 -4.293197966e+01 +3.6115e+00 -7.9086e-01
127 0 +1.195450991e+01 -4.354549009e+01 -4.354549009e+01 +3.9726e+00 -7.9086e-01
128 0 +1.162657122e+01 -4.387342878e+01 -4.387342878e+01 +3.6115e+00 -4.2971e-01
% f evaluations | g evaluations | best noise-free fitness - Fopt (-1.903800000000e+02) + sum g_i+ | measured fitness | best measured fitness or single-digit g-values | x1 | x2...
1 0 +1.743345207e+05 +1.741441407e+05 +1.741441407e+05 +0.0000e+00 +0.0000e+00
4 0 +1.633180259e+05 +1.631276459e+05 +1.631276459e+05 +0.0000e+00 +1.0000e-01
5 0 +1.499075581e+05 +1.497171781e+05 +1.497171781e+05 -4.4285e-02 +1.8966e-01
6 0 +1.137642510e+05 +1.135738710e+05 +1.135738710e+05 -2.1405e-01 +5.5185e-01
7 0 +2.863259355e+04 +2.844221355e+04 +2.844221355e+04 -7.8520e-01 +1.4824e+00
8 0 +1.270445737e+04 +1.251407737e+04 +1.251407737e+04 -9.8396e-01 +1.7361e+00
9 0 +7.416648375e+03 +7.226268375e+03 +7.226268375e+03 -1.0836e+00 +1.8501e+00
10 0 +5.457375851e+03 +5.266995851e+03 +5.266995851e+03 -1.1453e+00 +1.9163e+00
11 0 +3.700042448e+03 +3.509662448e+03 +3.509662448e+03 -1.1927e+00 +1.9647e+00
12 0 +3.040121643e+03 +2.849741643e+03 +2.849741643e+03 -1.0855e+00 +2.0696e+00
13 0 +1.112088311e+03 +9.217083115e+02 +9.217083115e+02 -1.1472e+00 +2.1586e+00
14 0 +5.671478667e+02 +3.767678667e+02 +3.767678667e+02 -1.1731e+00 +2.2032e+00
15 0 +3.825182562e+02 +1.921382562e+02 +1.921382562e+02 -1.1844e+00 +2.2246e+00
16 0 +2.413959671e+02 +5.101596715e+01 +5.101596715e+01 -1.1904e+00 +2.2364e+00
17 0 +2.308696166e+02 +4.048961663e+01 +4.048961663e+01 -1.1734e+00 +2.2470e+00
18 0 +1.666419377e+02 -2.373806231e+01 -2.373806231e+01 -1.1814e+00 +2.2597e+00
248 0 +1.511011554e+02 -3.927884465e+01 -3.927884465e+01 -1.0782e+00 +2.3309e+00
274 0 +1.255301218e+02 -6.484987820e+01 -6.484987820e+01 -1.7441e+00 +1.9666e+00
373 0 +1.925931303e+01 -1.711206870e+02 -1.711206870e+02 -2.6120e+00 +3.3798e+00
