% f evaluations | g evaluations | best noise-free fitness - Fopt (-6.211100000000e+02) + sum g_i+ | measured fitness | best measured fitness or single-digit g-values | x1 | x2...
1 0 +4.288577618e+08 +4.288571407e+08 +4.288571407e+08 +0.0000e+00 +0.0000e+00 +0.0000e+00 +0.0000e+00 +0.0000e+00 +0.0000e+00 +0.0000e+00 +0.0000e+00 +0.0000e+00 +0.0000e+00 +0.0000e+00 +0.0000e+00 +0.0000e+00 +0.0000e+00 +0.0000e+00 +0.0000e+00 +0.0000e+00 +0.0000e+00 +0.0000e+00 +0.0000e+00
3 0 +4.208027027e+08 +4.208020816e+08 +4.208020816e+08 +1.0000e+00 +0.0000e+00 +0.0000e+00 +0.0000e+00 +0.0000e+00 +0.0000e+00 +0.0000e+00 +0.0000e+00 +0.0000e+00 +0.0000e+00 +0.0000e+00 +0.0000e+00 +0.0000e+00 +0.0000e+00 +0.0000e+00 +0.0000e+00 +0.0000e+00 +0.0000e+00 +0.0000e+00 +0.0000e+00
4 0 +3.012038920e+08 +3.012032709e+08 +3.012032709e+08 +0.0000e+00 +1.0000e+00 +0.0000e+00 +0.0000e+00 +0.0000e+00 +0.0000e+00 +0.0000e+00 +0.0000e+00 +0.0000e+00 +0.0000e+00 +0.0000e+00 +0.0000e+00 +0.0000e+00 +0.0000e+00 +0.0000e+00 +0.0000e+00 +0.0000e+00 +0.0000e+00 +0.0000e+00 +0.0000e+00
23 0 +1.762095349e+08 +1.762089138e+08 +1.762089138e+08 +2.1931e-02 +1.3476e+00 -1.2476e-01 -2.7356e-01 -2.6692e-01 -5.0406e-01 -1.4891e-01 +1.8100e-01 +1.3892e-01 +1.9176e-01 -5.8768e-02 +5.0218e-02 +2.8556e-01 +1.9106e-01 +1.8075e-01 +7.5066e-02 +3.6896e-02 -1.9625e-02 +8.8905e-02 -9.6769e-03
24 0 +1.361386086e+08 +1.361379875e+08 +1.361379875e+08 +3.5659e-02 +1.5651e+00 -2.0285e-01 -4.4478e-01 -4.3399e-01 -2.2380e-01 -2.4211e-01 +2.9430e-01 +2.2587e-01 +3.1179e-01 -9.5552e-02 +8.1650e-02 +4.6431e-01 +3.1065e-01 +2.9389e-01 +1.2205e-01 +5.9990e-02 -3.1909e-02 +1.4455e-01 -1.5734e-02
27 0 +1.273021664e+08 +1.273015453e+08 +1.273015453e+08 +2.4429e-02 +1.6771e+00 -2.6961e-01 -3.8595e-01 -3.6119e-01 -2.8983e-01 -3.1801e-01 +3.4328e-01 +2.5892e-01 +3.6484e-01 -1.3733e-01 +8.1129e-02 +5.5287e-01 +3.6344e-01 +3.4278e-01 +1.3094e-01 +5.4426e-02 -5.8869e-02 +1.5868e-01 -3.8928e-02
28 0 +1.190408297e+08 +1.190402086e+08 +1.190402086e+08 +1.2364e-02 +1.7420e+00 -3.1634e-01 -4.3254e-01 -3.9734e-01 -3.3104e-01 -1.1959e-01 +3.6881e-01 +2.7450e-01 +3.9291e-01 -1.6846e-01 +7.5748e-02 +6.0310e-01 +3.9134e-01 +3.6825e-01 +1.3143e-01 +4.5897e-02 -8.0753e-02 +1.6244e-01 -5.8462e-02
29 0 +1.116012622e+08 +1.116006410e+08 +1.116006410e+08 -1.9648e-03 +1.8093e+00 -1.1736e-01 -4.8198e-01 -4.3570e-01 -3.7479e-01 -1.3471e-01 +3.9437e-01 +2.8951e-01 +4.2117e-01 -2.0303e-01 +6.8512e-02 +6.5489e-01 +4.1943e-01 +3.9375e-01 +1.3042e-01 +3.5321e-02 -1.0550e-01 +1.6490e-01 -8.0718e-02
30 0 +1.084994974e+08 +1.084988763e+08 +1.084988763e+08 -1.8671e-02 +1.8615e+00 -1.3024e-01 -5.2370e-01 -4.6807e-01 -4.1169e-01 -1.4746e-01 +4.1131e-01 +2.9756e-01 +4.4039e-01 +1.3196e-02 +5.7790e-02 +6.9395e-01 +4.3850e-01 +4.1064e-01 +1.2496e-01 +2.1781e-02 -1.3100e-01 +1.6237e-01 -1.0411e-01
32 0 +1.035890622e+08 +1.035884410e+08 +1.035884410e+08 -2.9384e-02 +1.8858e+00 -1.3679e-01 -5.4491e-01 -4.8452e-01 -4.3045e-01 -1.5395e-01 +4.1771e-01 +2.9943e-01 +4.4795e-01 +7.4635e-03 +5.0120e-02 +7.1160e-01 +4.4598e-01 +4.1701e-01 +1.1996e-01 +1.2677e-02 +2.1894e-03 +1.5886e-01 -1.1986e-01
35 0 +1.001156520e+08 +1.001150309e+08 +1.001150309e+08 +6.5428e-02 +1.9188e+00 -1.4764e-01 -5.8006e-01 -5.1180e-01 -4.6155e-01 -1.6470e-01 +4.2093e-01 +2.9514e-01 +4.5308e-01 -2.0367e-03 +1.0370e-01 +7.3346e-01 +4.5099e-01 +4.2018e-01 +1.0429e-01 +7.1061e-02 +9.4952e-03 +1.4565e-01 -1.1831e-01
37 0 +9.862509262e+07 +9.862447151e+07 +9.862447151e+07 +6.5919e-02 +1.9316e+00 -1.5371e-01 -5.9972e-01 -5.2706e-01 -4.7895e-01 -1.7071e-01 +4.1713e-01 +2.8714e-01 +4.5035e-01 -7.3501e-03 +1.0771e-01 +7.4008e-01 +4.4819e-01 +4.1636e-01 +1.7216e-01 +7.4037e-02 +1.3581e-02 +2.0898e-01 -1.1745e-01
39 0 +9.651722089e+07 +9.651659978e+07 +9.651659978e+07 +6.4077e-02 +2.0185e+00 -1.5059e-01 -6.0713e-01 -5.2546e-01 -4.5032e-01 -1.6422e-01 +4.0236e-01 +3.0956e-01 +4.3799e-01 -1.1385e-02 +1.0995e-01 +7.4871e-01 +4.3568e-01 +4.0154e-01 +1.6999e-01 +7.5763e-02 +2.5384e-02 +2.1265e-01 -1.1420e-01
40 0 +9.508432408e+07 +9.508370297e+07 +9.508370297e+07 +6.3796e-02 +2.0304e+00 -1.5174e-01 -6.1496e-01 -5.2981e-01 -4.4898e-01 -1.6455e-01 +3.8522e-01 +3.1360e-01 +4.2175e-01 -1.3980e-02 +1.1172e-01 +7.4031e-01 +4.1938e-01 +4.9548e-01 +1.7057e-01 +7.7091e-02 +2.9425e-02 +2.1567e-01 -1.1317e-01
% f evaluations | g evaluations | best noise-free fitness - Fopt (-2.548200000000e+02) + sum g_i+ | measured fitness | best measured fitness or single-digit g-values | x1 | x2...
1 0 +6.098664382e+08 +6.098661834e+08 +6.098661834e+08 +0.0000e+00 +0.0000e+00 +0.0000e+00 +0.0000e+00 +0.0000e+00 +0.0000e+00 +0.0000e+00 +0.0000e+00 +0.0000e+00 +0.0000e+00 +0.0000e+00 +0.0000e+00 +0.0000e+00 +0.0000e+00 +0.0000e+00 +0.0000e+00 +0.0000e+00 +0.0000e+00 +0.0000e+00 +0.0000e+00
3 0 +4.767169645e+08 +4.767167097e+08 +4.767167097e+08 +1.0000e+00 +0.0000e+00 +0.0000e+00 +0.0000e+00 +0.0000e+00 +0.0000e+00 +0.0000e+00 +0.0000e+00 +0.0000e+00 +0.0000e+00 +0.0000e+00 +0.0000e+00 +0.0000e+00 +0.0000e+00 +0.0000e+00 +0.0000e+00 +0.0000e+00 +0.0000e+00 +0.0000e+00 +0.0000e+00
23 0 +3.002102087e+08 +3.002099538e+08 +3.002099538e+08 +1.3739e+00 +1.2017e-01 +1.8951e-01 +6.7941e-02 -4.5945e-01 -3.3796e-02 -1.9447e-01 +2.7322e-01 -9.6961e-02 +5.8248e-02 +2.3361e-01 +1.9464e-01 -3.0508e-02 +1.7395e-01 -2.4303e-01 -2.6371e-01 +1.3366e-01 -4.0921e-01 -1.6970e-01 +3.6445e-02
24 0 +2.584172437e+08 +2.584169888e+08 +2.584169888e+08 +1.6375e+00 +2.0487e-01 +3.2309e-01 +1.1583e-01 -9.6423e-03 -5.7617e-02 -3.3155e-01 +4.6581e-01 -1.6531e-01 +9.9307e-02 +3.9827e-01 +3.3183e-01 -5.2012e-02 +2.9657e-01 -4.1434e-01 -4.4960e-01 +2.2787e-01 -6.9765e-01 -2.8932e-01 +6.2134e-02
25 0 +2.141437749e+08 +2.141435201e+08 +2.141435201e+08 +1.8785e+00 +2.8231e-01 +4.4522e-01 +1.5962e-01 -2.0292e-01 -7.9396e-02 -4.5687e-01 +6.4188e-01 -2.2779e-01 +1.3684e-01 +5.4882e-01 +4.5726e-01 -7.1672e-02 +4.0867e-01 -5.7095e-01 -6.1954e-01 +3.1400e-01 -2.8261e-01 -3.9867e-01 +8.5620e-02
26 0 +2.079264653e+08 +2.079262104e+08 +2.079262104e+08 +1.8672e+00 +2.2785e-01 +4.0255e-01 +9.6275e-02 -2.5392e-01 -1.6003e-01 -5.6483e-01 +6.1345e-01 -3.1917e-01 +7.1856e-02 +5.1364e-01 +4.1546e-01 -1.5175e-01 +3.6335e-01 -6.8717e-01 -7.3927e-01 +2.6184e-01 -3.2376e-01 -5.0242e-01 +1.6925e-02
28 0 +1.953472485e+08 +1.953469937e+08 +1.953469937e+08 +1.9585e+00 +2.4202e-01 +4.3779e-01 +9.4582e-02 -3.4504e-01 -1.9264e-01 -6.4624e-01 +6.7412e-01 -3.7096e-01 +6.7218e-02 +5.6228e-01 +4.5226e-01 -1.8335e-01 +3.9387e-01 -6.0364e-01 -6.5932e-01 +2.8011e-01 -3.9730e-01 -5.7631e-01 +5.6634e-03
29 0 +1.915345574e+08 +1.915343025e+08 +1.915343025e+08 +2.0222e+00 +2.4956e-01 +4.6068e-01 +9.0570e-02 -4.1141e-01 -2.1916e-01 -4.5565e-01 +7.1554e-01 -4.1147e-01 +6.1061e-02 +5.9493e-01 +4.7629e-01 -2.0915e-01 +4.1332e-01 -6.4331e-01 -7.0880e-01 +2.9064e-01 -4.5086e-01 -6.3291e-01 -5.3184e-03
31 0 +1.875391118e+08 +1.875388570e+08 +1.875388570e+08 +2.0517e+00 +2.5138e-01 +4.7008e-01 +8.6672e-02 -4.4422e-01 -2.3419e-01 -4.7906e-01 +7.3409e-01 -3.6628e-01 +5.6103e-02 +6.0915e-01 +4.8625e-01 -2.2382e-01 +4.2101e-01 -6.6292e-01 -7.3325e-01 +2.9393e-01 -4.7733e-01 -5.8357e-01 -1.2662e-02
34 0 +1.841833846e+08 +1.841831298e+08 +1.841831298e+08 +2.0793e+00 +2.4464e-01 +4.7270e-01 +7.2877e-02 -4.8472e-01 -1.4850e-01 -5.0797e-01 +7.4802e-01 -3.7226e-01 +4.0998e-02 +6.1773e-01 +4.8956e-01 -1.6350e-01 +4.2153e-01 -6.8713e-01 -7.6345e-01 +2.8901e-01 -5.1002e-01 -6.0705e-01 +3.1582e-02
38 0 +1.803386834e+08 +1.803384286e+08 +1.803384286e+08 +2.1892e+00 +2.8123e-01 +4.5283e-01 +1.1006e-01 -4.8991e-01 -1.6457e-01 -5.3314e-01 +7.5022e-01 -3.6833e-01 +8.3957e-02 +6.0949e-01 +4.7104e-01 -1.6665e-01 +3.9756e-01 -6.9532e-01 -7.7999e-01 +2.5440e-01 -5.0803e-01 -6.2559e-01 +4.1756e-02
40 0 +1.765113209e+08 +1.765110660e+08 +1.765110660e+08 +2.2123e+00 +2.9225e-01 +4.3605e-01 +1.0718e-01 -5.0185e-01 -1.7159e-01 -5.4718e-01 +7.4208e-01 -3.6888e-01 +9.2272e-02 +5.9726e-01 +4.5479e-01 -1.6855e-01 +3.6671e-01 -7.0376e-01 -7.9215e-01 +3.8664e-01 -5.1607e-01 -6.3651e-01 +4.6524e-02
% f evaluations | g evaluations | best noise-free fitness - Fopt (5.661000000000e+01) + sum g_i+ | measured fitness | best measured fitness or single-digit g-values | x1 | x2...
1 0 +2.859133070e+08 +2.859133636e+08 +2.859133636e+08 +0.0000e+00 +0.0000e+00 +0.0000e+00 +0.0000e+00 +0.0000e+00 +0.0000e+00 +0.0000e+00 +0.0000e+00 +0.0000e+00 +0.0000e+00 +0.0000e+00 +0.0000e+00 +0.0000e+00 +0.0000e+00 +0.0000e+00 +0.0000e+00 +0.0000e+00 +0.0000e+00 +0.0000e+00 +0.0000e+00
4 0 +2.752515712e+08 +2.752516278e+08 +2.752516278e+08 +0.0000e+00 +1.0000e+00 +0.0000e+00 +0.0000e+00 +0.0000e+00 +0.0000e+00 +0.0000e+00 +0.0000e+00 +0.0000e+00 +0.0000e+00 +0.0000e+00 +0.0000e+00 +0.0000e+00 +0.0000e+00 +0.0000e+00 +0.0000e+00 +0.0000e+00 +0.0000e+00 +0.0000e+00 +0.0000e+00
12 0 +2.345254019e+08 +2.345254585e+08 +2.345254585e+08 +0.0000e+00 +0.0000e+00 +0.0000e+00 +0.0000e+00 +0.0000e+00 +0.0000e+00 +0.0000e+00 +0.0000e+00 +0.0000e+00 +1.0000e+00 +0.0000e+00 +0.0000e+00 +0.0000e+00 +0.0000e+00 +0.0000e+00 +0.0000e+00 +0.0000e+00 +0.0000e+00 +0.0000e+00 +0.0000e+00
23 0 +1.738132012e+08 +1.738132578e+08 +1.738132578e+08 -6.7286e-01 +5.4533e-02 -1.3664e-01 +6.5755e-02 -3.9601e-02 +1.7316e-02 -2.2492e-01 -2.6998e-01 -2.6925e-01 +1.2628e+00 +1.3158e-01 -3.6215e-02 -5.4224e-02 +1.7141e-01 -3.1058e-01 -6.1878e-03 -1.1693e-01 -7.4721e-02 +5.1977e-02 -2.9147e-01
24 0 +1.546710619e+08 +1.546711185e+08 +1.546711185e+08 -2.4339e-01 +1.2110e-01 -3.0345e-01 +1.4603e-01 -8.7944e-02 +3.8455e-02 -4.9950e-01 -5.9955e-01 -5.9794e-01 +1.5837e+00 +2.9222e-01 -8.0424e-02 -1.2042e-01 +3.8065e-01 -6.8973e-01 -1.3742e-02 -2.5967e-01 -1.6594e-01 +1.1543e-01 -6.4729e-01
26 0 +1.508822702e+08 +1.508823268e+08 +1.508823268e+08 -4.2476e-01 +2.6996e-01 -3.0885e-01 +3.0394e-01 -1.5041e-02 +1.5728e-01 -5.7614e-01 -7.1254e-01 -7.1034e-01 +1.9006e+00 +5.0325e-01 -4.7891e-03 -5.9314e-02 +6.2382e-01 -1.9055e-01 +8.6123e-02 -2.4917e-01 -1.2137e-01 +2.6223e-01 -7.7763e-01
30 0 +1.438832195e+08 +1.438832761e+08 +1.438832761e+08 -5.0528e-01 +2.6818e-01 -3.7911e-01 +3.0618e-01 -5.0542e-02 +1.4217e-01 -4.8007e-01 -7.6498e-01 -6.0228e-01 +1.9735e+00 +5.2907e-01 -3.9076e-02 -1.0005e-01 +6.6390e-01 -2.4576e-01 +6.2591e-02 -3.1237e-01 -1.6945e-01 +2.5953e-01 -8.5246e-01
35 0 +1.405062585e+08 +1.405063151e+08 +1.405063151e+08 -5.5574e-01 +2.5055e-01 -4.1101e-01 +2.9106e-01 -9.5831e-02 +1.1618e-01 -4.8596e-01 -7.9784e-01 -6.1448e-01 +2.0026e+00 +5.2874e-01 -7.7084e-02 +1.2153e-02 +6.7251e-01 -2.8036e-01 +3.1325e-02 -2.6054e-01 -1.2318e-01 +2.4132e-01 -8.9937e-01
40 0 +1.376622903e+08 +1.376623469e+08 +1.376623469e+08 -5.6001e-01 +2.0299e-01 -4.4013e-01 +2.4679e-01 -1.1277e-01 +8.7795e-02 -4.7308e-01 -8.1602e-01 -6.0575e-01 +2.0792e+00 +5.0375e-01 +5.6900e-02 +2.3186e-02 +6.5918e-01 -2.9709e-01 +4.8174e-03 -2.7127e-01 -1.1994e-01 +2.6344e-01 -9.3390e-01
% f evaluations | g evaluations | best noise-free fitness - Fopt (-1.810000000000e+01) + sum g_i+ | measured fitness | best measured fitness or single-digit g-values | x1 | x2...
1 0 +1.629154048e+08 +1.629153867e+08 +1.629153867e+08 +0.0000e+00 +0.0000e+00 +0.0000e+00 +0.0000e+00 +0.0000e+00 +0.0000e+00 +0.0000e+00 +0.0000e+00 +0.0000e+00 +0.0000e+00 +0.0000e+00 +0.0000e+00 +0.0000e+00 +0.0000e+00 +0.0000e+00 +0.0000e+00 +0.0000e+00 +0.0000e+00 +0.0000e+00 +0.0000e+00
4 0 +1.616574668e+08 +1.616574487e+08 +1.616574487e+08 +0.0000e+00 +1.0000e+00 +0.0000e+00 +0.0000e+00 +0.0000e+00 +0.0000e+00 +0.0000e+00 +0.0000e+00 +0.0000e+00 +0.0000e+00 +0.0000e+00 +0.0000e+00 +0.0000e+00 +0.0000e+00 +0.0000e+00 +0.0000e+00 +0.0000e+00 +0.0000e+00 +0.0000e+00 +0.0000e+00
8 0 +1.554295326e+08 +1.554295145e+08 +1.554295145e+08 +0.0000e+00 +0.0000e+00 +0.0000e+00 +0.0000e+00 +0.0000e+00 +1.0000e+00 +0.0000e+00 +0.0000e+00 +0.0000e+00 +0.0000e+00 +0.0000e+00 +0.0000e+00 +0.0000e+00 +0.0000e+00 +0.0000e+00 +0.0000e+00 +0.0000e+00 +0.0000e+00 +0.0000e+00 +0.0000e+00
11 0 +1.526610318e+08 +1.526610137e+08 +1.526610137e+08 +0.0000e+00 +0.0000e+00 +0.0000e+00 +0.0000e+00 +0.0000e+00 +0.0000e+00 +0.0000e+00 +0.0000e+00 +1.0000e+00 +0.0000e+00 +0.0000e+00 +0.0000e+00 +0.0000e+00 +0.0000e+00 +0.0000e+00 +0.0000e+00 +0.0000e+00 +0.0000e+00 +0.0000e+00 +0.0000e+00
12 0 +1.482837246e+08 +1.482837065e+08 +1.482837065e+08 +0.0000e+00 +0.0000e+00 +0.0000e+00 +0.0000e+00 +0.0000e+00 +0.0000e+00 +0.0000e+00 +0.0000e+00 +0.0000e+00 +1.0000e+00 +0.0000e+00 +0.0000e+00 +0.0000e+00 +0.0000e+00 +0.0000e+00 +0.0000e+00 +0.0000e+00 +0.0000e+00 +0.0000e+00 +0.0000e+00
21 0 +1.408175648e+08 +1.408175467e+08 +1.408175467e+08 +0.0000e+00 +0.0000e+00 +0.0000e+00 +0.0000e+00 +0.0000e+00 +0.0000e+00 +0.0000e+00 +0.0000e+00 +0.0000e+00 +0.0000e+00 +0.0000e+00 +0.0000e+00 +0.0000e+00 +0.0000e+00 +0.0000e+00 +0.0000e+00 +0.0000e+00 +0.0000e+00 +1.0000e+00 +0.0000e+00
23 0 +1.016251959e+08 +1.016251778e+08 +1.016251778e+08 -1.1319e-01 +1.3388e-02 -1.5369e-01 +1.6550e-02 -2.2356e-01 +7.9672e-02 +6.1455e-03 -1.8987e-01 +1.0914e-01 +1.5573e-01 -3.1093e-01 -3.8812e-01 +1.0460e-01 +2.2063e-03 -1.5351e-01 +1.0485e-01 -4.9737e-01 -4.7623e-01 +1.2352e+00 +1.1058e-01
24 0 +9.188423823e+07 +9.188422013e+07 +9.188422013e+07 -2.1457e-01 +2.5379e-02 -2.9133e-01 +3.1373e-02 -4.2379e-01 +1.5103e-01 +1.1650e-02 -3.5992e-01 +2.0688e-01 +2.9520e-01 -5.8941e-01 -7.3574e-01 +1.9828e-01 +4.1824e-03 -2.9101e-01 +1.9876e-01 +1.0678e-01 -9.0275e-01 +1.4458e+00 +2.0962e-01
25 0 +8.678839935e+07 +8.678838125e+07 +8.678838125e+07 -3.3816e-01 +3.9997e-02 -4.5914e-01 +4.9443e-02 -6.6789e-01 +2.3802e-01 +1.8360e-02 -5.6724e-01 +3.2605e-01 +4.6523e-01 -9.2890e-01 -1.1595e+00 +3.1249e-01 +6.5914e-03 -4.5862e-01 +3.1325e-01 -1.7400e-01 -3.6028e-01 +1.7026e+00 +3.3036e-01
27 0 +8.458662451e+07 +8.458660641e+07 +8.458660641e+07 -3.8901e-01 +4.6011e-02 -5.2817e-01 +5.6878e-02 -7.6832e-01 +2.7381e-01 +2.1120e-02 -6.5253e-01 +3.7507e-01 +5.3518e-01 -5.5348e-01 -1.2995e+00 +3.5947e-01 +7.5825e-03 -5.2758e-01 +3.6035e-01 -2.8952e-01 -5.0139e-01 +1.8083e+00 +3.8003e-01
29 0 +8.046482812e+07 +8.046481002e+07 +8.046481002e+07 -4.1548e-01 +4.9142e-02 -5.6412e-01 +6.0748e-02 -4.5568e-01 +2.9244e-01 +2.2558e-02 -7.3024e-01 +4.0059e-01 +5.7160e-01 -6.0007e-01 -1.3724e+00 +3.8393e-01 +8.0985e-03 -5.6348e-01 +3.8487e-01 -3.4966e-01 -5.7486e-01 +1.8633e+00 +4.0589e-01
32 0 +7.892817253e+07 +7.892815443e+07 +7.892815443e+07 -4.3554e-01 +4.2229e-02 -4.3738e-01 +5.4163e-02 -4.6145e-01 +2.9241e-01 +1.4892e-02 -7.4191e-01 +4.0362e-01 +5.7946e-01 -6.2076e-01 -1.4048e+00 +3.8649e-01 +2.4065e-05 -5.8458e-01 +3.8745e-01 -3.7636e-01 -6.0748e-01 +1.8794e+00 +4.0907e-01
36 0 +7.701373048e+07 +7.701371238e+07 +7.701371238e+07 -3.4453e-01 -3.2391e-02 -4.3348e-01 +5.2994e-02 -4.5934e-01 +2.9618e-01 +8.1056e-02 -7.4521e-01 +4.0969e-01 +5.8917e-01 -6.2735e-01 -1.4179e+00 +3.9220e-01 -1.0024e-01 -5.8547e-01 +3.9318e-01 -3.8209e-01 -6.1827e-01 +1.9121e+00 +4.1525e-01
39 0 +7.515775266e+07 +7.515773456e+07 +7.515773456e+07 -3.4366e-01 +2.3016e-02 -4.2446e-01 +1.6366e-01 -4.5554e-01 +2.3789e-01 +1.5888e-01 -7.5534e-01 +3.9178e-01 +5.8081e-01 -6.4704e-01 -1.4554e+00 +3.7336e-01 -1.1252e-01 -5.8902e-01 +3.7439e-01 -4.0098e-01 -6.5028e-01 +1.9597e+00 +3.9764e-01
% f evaluations | g evaluations | best noise-free fitness - Fopt (3.777000000000e+01) + sum g_i+ | measured fitness | best measured fitness or single-digit g-values | x1 | x2...
1 0 +9.102553206e+07 +9.102556983e+07 +9.102556983e+07 +0.0000e+00 +0.0000e+00 +0.0000e+00 +0.0000e+00 +0.0000e+00 +0.0000e+00 +0.0000e+00 +0.0000e+00 +0.0000e+00 +0.0000e+00 +0.0000e+00 +0.0000e+00 +0.0000e+00 +0.0000e+00 +0.0000e+00 +0.0000e+00 +0.0000e+00 +0.0000e+00 +0.0000e+00 +0.0000e+00
4 0 +8.981418653e+07 +8.981422430e+07 +8.981422430e+07 +0.0000e+00 +1.0000e+00 +0.0000e+00 +0.0000e+00 +0.0000e+00 +0.0000e+00 +0.0000e+00 +0.0000e+00 +0.0000e+00 +0.0000e+00 +0.0000e+00 +0.0000e+00 +0.0000e+00 +0.0000e+00 +0.0000e+00 +0.0000e+00 +0.0000e+00 +0.0000e+00 +0.0000e+00 +0.0000e+00
10 0 +7.868164572e+07 +7.868168349e+07 +7.868168349e+07 +0.0000e+00 +0.0000e+00 +0.0000e+00 +0.0000e+00 +0.0000e+00 +0.0000e+00 +0.0000e+00 +1.0000e+00 +0.0000e+00 +0.0000e+00 +0.0000e+00 +0.0000e+00 +0.0000e+00 +0.0000e+00 +0.0000e+00 +0.0000e+00 +0.0000e+00 +0.0000e+00 +0.0000e+00 +0.0000e+00
23 0 +4.987801598e+07 +4.987805375e+07 +4.987805375e+07 -5.1986e-02 +1.9559e-02 +1.0625e-02 -2.2273e-02 +2.6576e-02 -4.2216e-01 -2.9946e-01 +1.1993e+00 -1.3145e-01 -6.0017e-01 +4.8309e-03 -1.7635e-01 -9.2334e-02 -1.8727e-02 -3.7527e-01 +2.8150e-02 -1.5588e-01 -2.7942e-01 -6.9811e-02 -1.4705e-01
24 0 +3.838433973e+07 +3.838437750e+07 +3.838437750e+07 +1.0502e-01 +2.4788e-01 +2.3004e-01 +1.6435e-01 +2.6189e-01 -6.3413e-01 -3.8913e-01 +1.6068e+00 -5.3660e-02 -9.8956e-01 +2.1847e-01 -1.4330e-01 +2.4454e-02 +1.7143e-01 -5.4051e-01 +2.6503e-01 -1.0243e-01 -3.4911e-01 +6.9426e-02 -8.4801e-02
25 0 +3.102672437e+07 +3.102676214e+07 +3.102676214e+07 +7.3839e-02 +2.8871e-01 +2.6188e-01 +1.6308e-01 +3.0979e-01 -1.0379e+00 -6.6942e-01 +1.8286e+00 -1.6483e-01 -7.6535e-01 +2.4448e-01 -2.9966e-01 -4.7338e-02 +1.7373e-01 -8.9710e-01 +3.1451e-01 -2.3818e-01 -6.0922e-01 +2.0305e-02 -2.1167e-01
26 0 +3.052390809e+07 +3.052394586e+07 +3.052394586e+07 +4.6790e-02 +3.0101e-01 +2.6927e-01 +1.5237e-01 +3.2594e-01 -7.3696e-01 -8.3257e-01 +1.9397e+00 -2.3558e-01 -9.8418e-01 +2.4868e-01 -3.9510e-01 -9.6576e-02 +1.6497e-01 -1.1019e+00 +3.3154e-01 -3.2236e-01 -7.6134e-01 -1.6546e-02 -2.9100e-01
27 0 +2.837776004e+07 +2.837779781e+07 +2.837779781e+07 +2.1515e-02 +3.0718e-01 +2.7151e-01 +1.4015e-01 +3.3520e-01 -9.0395e-01 -9.6662e-01 +2.0249e+00 -2.9579e-01 -1.1591e+00 +2.4837e-01 -4.7504e-01 -1.3959e-01 +1.5431e-01 -7.9596e-01 +3.4148e-01 -3.9331e-01 -8.8659e-01 -4.9657e-02 -3.5806e-01
29 0 +2.805754852e+07 +2.805758629e+07 +2.805758629e+07 +5.3259e-03 +3.1171e-01 +2.7345e-01 +1.3257e-01 +3.4176e-01 -1.0139e+00 -6.8828e-01 +2.0815e+00 -3.3498e-01 -1.2743e+00 +2.4864e-01 -7.3272e-01 -1.6746e-01 +1.4775e-01 -8.7467e-01 +3.4850e-01 -4.3957e-01 -8.5690e-01 -7.1007e-02 -4.0177e-01
30 0 +2.666030297e+07 +2.666034074e+07 +2.666034074e+07 -1.5353e-02 +3.0590e-01 +2.6578e-01 +1.1806e-01 +3.3741e-01 -1.0929e+00 -7.4423e-01 +2.1130e+00 -3.7218e-01 -1.3570e+00 +2.3976e-01 -6.5880e-01 -1.9652e-01 +1.3399e-01 -9.3116e-01 +3.4447e-01 -4.8185e-01 -7.1189e-01 -9.5391e-02 -4.4221e-01
34 0 +2.625552762e+07 +2.625556539e+07 +2.625556539e+07 -2.5047e-02 +3.0289e-01 +2.6195e-01 +1.1115e-01 +3.3506e-01 -1.1160e+00 -7.6062e-01 +2.1425e+00 -3.3104e-01 -1.3766e+00 +2.3539e-01 -6.6383e-01 -2.9154e-01 +1.2740e-01 -9.4558e-01 +3.4227e-01 -3.5406e-01 -7.1839e-01 -1.0675e-01 -4.5980e-01
41 0 +2.545583047e+07 +2.545586824e+07 +2.545586824e+07 -4.7253e-02 +2.4334e-01 +2.1375e-01 +1.6224e-01 +2.7700e-01 -1.1557e+00 -7.8873e-01 +2.1730e+00 -3.3669e-01 -1.4028e+00 +3.3443e-01 -6.6990e-01 -3.0345e-01 +1.7749e-01 -9.6689e-01 +2.8455e-01 -3.6147e-01 -7.2466e-01 +3.3395e-02 -4.6718e-01
% f evaluations | g evaluations | best noise-free fitness - Fopt (4.190400000000e+02) + sum g_i+ | measured fitness | best measured fitness or single-digit g-values | x1 | x2...
1 0 +3.528570943e+08 +3.528575134e+08 +3.528575134e+08 +0.0000e+00 +0.0000e+00 +0.0000e+00 +0.0000e+00 +0.0000e+00 +0.0000e+00 +0.0000e+00 +0.0000e+00 +0.0000e+00 +0.0000e+00 +0.0000e+00 +0.0000e+00 +0.0000e+00 +0.0000e+00 +0.0000e+00 +0.0000e+00 +0.0000e+00 +0.0000e+00 +0.0000e+00 +0.0000e+00
5 0 +2.430159131e+08 +2.430163322e+08 +2.430163322e+08 +0.0000e+00 +0.0000e+00 +1.0000e+00 +0.0000e+00 +0.0000e+00 +0.0000e+00 +0.0000e+00 +0.0000e+00 +0.0000e+00 +0.0000e+00 +0.0000e+00 +0.0000e+00 +0.0000e+00 +0.0000e+00 +0.0000e+00 +0.0000e+00 +0.0000e+00 +0.0000e+00 +0.0000e+00 +0.0000e+00
23 0 +1.469871118e+08 +1.469875309e+08 +1.469875309e+08 -8.3653e-02 -3.5809e-02 +1.5788e-01 +1.1614e+00 -3.5318e-02 +6.4720e-02 -3.3469e-02 -2.2669e-01 +3.1548e-03 -9.6392e-03 -4.9463e-02 -3.9435e-02 -3.6045e-01 +7.2926e-02 -7.3654e-02 -1.9424e-01 -8.4917e-02 -1.4789e-01 +3.4937e-02 -1.2534e-01
24 0 +1.256097263e+08 +1.256101454e+08 +1.256101454e+08 -1.4991e-01 -6.4171e-02 +2.8293e-01 +1.2893e+00 -6.3291e-02 +1.1598e-01 -5.9979e-02 -4.0625e-01 +5.6535e-03 -1.7274e-02 -8.8641e-02 -7.0670e-02 -1.8170e-01 +1.3069e-01 -1.3199e-01 -3.4810e-01 -1.5218e-01 -2.6502e-01 +6.2609e-02 -2.2462e-01
25 0 +1.137585647e+08 +1.137589838e+08 +1.137589838e+08 -1.9376e-01 -8.2940e-02 +3.6568e-01 +1.3739e+00 -8.1803e-02 +1.4990e-01 -7.7521e-02 -2.0096e-01 +7.3070e-03 -2.2326e-02 -1.1457e-01 -9.1339e-02 -2.6725e-01 +1.6891e-01 -1.7060e-01 -4.4991e-01 -1.9668e-01 -3.4253e-01 +8.0921e-02 -2.9031e-01
26 0 +1.065314281e+08 +1.065318471e+08 +1.065318471e+08 -2.3627e-01 -1.0114e-01 +4.4592e-01 +1.4560e+00 -9.9753e-02 +1.8280e-01 -9.4532e-02 -2.5830e-01 +8.9104e-03 -2.7225e-02 -1.3971e-01 -1.1138e-01 -3.5020e-01 +2.0598e-01 -2.0803e-01 -2.4939e-01 -2.3984e-01 -4.1770e-01 +9.8678e-02 -3.5402e-01
27 0 +1.026601350e+08 +1.026605541e+08 +1.026605541e+08 -2.6588e-01 -1.1381e-01 +5.0179e-01 +1.5131e+00 -1.1225e-01 +2.0570e-01 -1.0638e-01 -2.9823e-01 +1.0027e-02 -3.0636e-02 -1.5721e-01 -1.2534e-01 -4.0796e-01 +2.3178e-01 -2.3409e-01 -2.9085e-01 -2.6989e-01 -2.3220e-01 +1.1104e-01 -3.9837e-01
28 0 +1.022212924e+08 +1.022217114e+08 +1.022217114e+08 -2.6588e-01 -1.1381e-01 +5.0179e-01 +1.5131e+00 -1.1225e-01 +2.0570e-01 -1.0638e-01 -2.9823e-01 +1.0027e-02 -3.0636e-02 -1.5721e-01 -1.2534e-01 -4.0796e-01 +2.3178e-01 -2.3409e-01 -2.9085e-01 -3.5268e-01 -2.3220e-01 +1.1104e-01 -3.4228e-01
31 0 +9.912397122e+07 +9.912439026e+07 +9.912439026e+07 -2.1593e-01 -1.2467e-01 +5.4967e-01 +1.5621e+00 -1.2296e-01 +2.2533e-01 -1.1653e-01 -3.3245e-01 +1.0984e-02 -3.3560e-02 -1.7221e-01 -1.3730e-01 -4.5746e-01 +2.5390e-01 -1.8880e-01 -3.2638e-01 -3.1872e-01 -2.6138e-01 +1.2164e-01 -2.8875e-01
33 0 +9.765021887e+07 +9.765063791e+07 +9.765063791e+07 -2.2478e-01 -1.5731e-01 +5.4510e-01 +1.5580e+00 -1.5553e-01 +2.0726e-01 -1.4883e-01 -3.4880e-01 -1.6009e-02 -6.2406e-02 -1.3502e-01 -1.7046e-01 -4.8112e-01 +2.3702e-01 -1.9518e-01 -3.4336e-01 -3.2756e-01 -2.7532e-01 +9.9251e-02 -3.0016e-01
37 0 +9.439623443e+07 +9.439665347e+07 +9.439665347e+07 -2.4471e-01 -1.7853e-01 +5.6064e-01 +1.5747e+00 -5.0645e-02 +1.9238e-01 -1.8691e-01 -3.8565e-01 -5.0992e-02 -1.0157e-01 -1.4462e-01 -4.6625e-02 -5.3442e-01 +2.2482e-01 -2.0953e-01 -3.8162e-01 -3.4747e-01 -3.0674e-01 +7.4646e-02 -3.2588e-01
39 0 +9.251864009e+07 +9.251905913e+07 +9.251905913e+07 -2.5601e-01 -1.8369e-01 +5.6164e-01 +1.5764e+00 -5.4664e-02 +1.7613e-01 -1.9142e-01 -4.0654e-01 +2.3277e-03 -4.3194e-02 -1.5007e-01 -5.1540e-02 -5.6465e-01 +2.1009e-01 -2.1768e-01 -4.0332e-01 -3.5876e-01 -3.2456e-01 +5.2877e-02 -3.4046e-01
41 0 +9.118807191e+07 +9.118849095e+07 +9.118849095e+07 -2.6715e-01 -1.8941e-01 +5.7876e-01 +1.6547e+00 -5.7060e-02 +1.4053e-01 -1.9582e-01 -4.0696e-01 +8.6849e-03 -4.7905e-02 -1.5288e-01 -5.5521e-02 -5.5615e-01 +1.7913e-01 -2.2195e-01 -4.1527e-01 -3.6951e-01 -3.3763e-01 +7.4792e-02 -3.4996e-01
% f evaluations | g evaluations | best noise-free fitness - Fopt (-2.568000000000e+01) + sum g_i+ | measured fitness | best measured fitness or single-digit g-values | x1 | x2...
1 0 +9.081008532e+07 +9.081005964e+07 +9.081005964e+07 +0.0000e+00 +0.0000e+00 +0.0000e+00 +0.0000e+00 +0.0000e+00 +0.0000e+00 +0.0000e+00 +0.0000e+00 +0.0000e+00 +0.0000e+00 +0.0000e+00 +0.0000e+00 +0.0000e+00 +0.0000e+00 +0.0000e+00 +0.0000e+00 +0.0000e+00 +0.0000e+00 +0.0000e+00 +0.0000e+00
7 0 +8.521279369e+07 +8.521276801e+07 +8.521276801e+07 +0.0000e+00 +0.0000e+00 +0.0000e+00 +0.0000e+00 +1.0000e+00 +0.0000e+00 +0.0000e+00 +0.0000e+00 +0.0000e+00 +0.0000e+00 +0.0000e+00 +0.0000e+00 +0.0000e+00 +0.0000e+00 +0.0000e+00 +0.0000e+00 +0.0000e+00 +0.0000e+00 +0.0000e+00 +0.0000e+00
23 0 +6.689674528e+07 +6.689671960e+07 +6.689671960e+07 -3.0114e-01 -2.0486e-01 -2.2060e-01 -2.7182e-01 +1.2248e+00 -1.7333e-01 -3.9511e-01 -1.7626e-02 -5.6417e-02 +2.1355e-01 -1.4164e-01 +1.1598e-01 -6.3742e-02 -2.3364e-01 +1.4719e-02 -3.4373e-01 -2.2208e-01 -1.3326e-01 -4.1069e-01 -1.1295e-01
24 0 +2.590358034e+07 +2.590355466e+07 +2.590355466e+07 -1.1352e+00 -6.4599e-01 -7.2594e-01 -9.8620e-01 +2.5369e+00 -4.8575e-01 -1.6126e+00 +3.0536e-01 +1.0826e-01 +1.4799e+00 -3.2473e-01 +9.8421e-01 +7.1043e-02 -7.9220e-01 +4.6970e-01 -1.3516e+00 -7.3345e-01 -2.8216e-01 -1.6918e+00 -1.7899e-01
25 0 +2.400263000e+07 +2.400260432e+07 +2.400260432e+07 -1.1677e+00 -5.7673e-01 -6.7331e-01 -9.8772e-01 +3.0603e+00 -3.8314e-01 -1.7445e+00 +5.7257e-01 +3.3446e-01 +1.9915e+00 -1.8862e-01 +1.3927e+00 +2.8950e-01 -7.5336e-01 +7.7110e-01 -1.4291e+00 -6.8239e-01 -1.3719e-01 -1.8401e+00 -1.2553e-02
26 0 +1.676102127e+07 +1.676099559e+07 +1.676099559e+07 -1.4661e+00 -7.6792e-01 -8.8203e-01 -1.2535e+00 +2.7237e+00 -5.3922e-01 -2.1476e+00 +5.8988e-01 +3.0858e-01 +2.2663e+00 -3.0941e-01 +1.5588e+00 +2.5545e-01 -9.7660e-01 +8.2444e-01 -1.7749e+00 -8.9275e-01 -2.4864e-01 -2.2605e+00 -1.0139e-01
27 0 +1.529663230e+07 +1.529660662e+07 +1.529660662e+07 -1.5695e+00 -8.4211e-01 -9.6101e-01 -1.3480e+00 +2.8543e+00 -6.0381e-01 -2.2796e+00 +5.7266e-01 +2.7955e-01 +2.3194e+00 -3.6436e-01 +1.5822e+00 +2.2420e-01 -1.0595e+00 +8.1706e-01 -1.8914e+00 -9.7218e-01 -3.0104e-01 -1.9531e+00 -1.4762e-01
28 0 +1.477938225e+07 +1.477935657e+07 +1.477935657e+07 -1.6649e+00 -9.1079e-01 -1.0340e+00 -1.4352e+00 +2.9726e+00 -6.6377e-01 -1.9953e+00 +5.5577e-01 +2.5193e-01 +2.3665e+00 -4.1555e-01 +1.6023e+00 +1.9456e-01 -1.1362e+00 +8.0911e-01 -1.9985e+00 -1.0456e+00 -3.4992e-01 -2.0557e+00 -1.9087e-01
30 0 +1.380080048e+07 +1.380077480e+07 +1.380077480e+07 -1.5775e+00 -9.5614e-01 -1.0820e+00 -1.4915e+00 +3.0411e+00 -7.0396e-01 -2.0657e+00 +5.4105e-01 +2.3087e-01 +2.3896e+00 -4.5055e-01 +1.6094e+00 +1.7230e-01 -1.1862e+00 +7.9969e-01 -1.8923e+00 -1.0938e+00 -3.8355e-01 -2.1155e+00 -2.2119e-01
31 0 +1.342192031e+07 +1.342189463e+07 +1.342189463e+07 -1.6181e+00 -9.6985e-01 -1.0983e+00 -1.5164e+00 +3.1204e+00 -7.1244e-01 -2.1433e+00 +5.5843e-01 +2.4180e-01 +2.2293e+00 -4.5377e-01 +1.6490e+00 +1.8201e-01 -1.2047e+00 +8.2243e-01 -1.9440e+00 -1.1104e+00 -3.8538e-01 -2.1826e+00 -2.1964e-01
33 0 +1.316432698e+07 +1.316430130e+07 +1.316430130e+07 -1.6337e+00 -9.6865e-01 -1.0980e+00 -1.5504e+00 +3.1513e+00 -7.0932e-01 -2.1728e+00 +5.7100e-01 +2.5202e-01 +2.2542e+00 -4.4873e-01 +1.5283e+00 +1.9178e-01 -1.2053e+00 +8.3697e-01 -1.9640e+00 -1.1102e+00 -3.7983e-01 -2.2084e+00 -2.1286e-01
41 0 +1.269932065e+07 +1.269929497e+07 +1.269929497e+07 -1.6537e+00 -1.0785e+00 -1.0644e+00 -1.5762e+00 +3.1877e+00 -6.0408e-01 -2.2154e+00 +5.1626e-01 +1.9268e-01 +2.2889e+00 -4.9869e-01 +1.5462e+00 +1.3158e-01 -1.1648e+00 +7.8607e-01 -1.9902e+00 -1.0635e+00 -3.5775e-01 -2.2429e+00 -1.9685e-01
% f evaluations | g evaluations | best noise-free fitness - Fopt (-5.893000000000e+02) + sum g_i+ | measured fitness | best measured fitness or single-digit g-values | x1 | x2...
1 0 +6.773669766e+07 +6.773610836e+07 +6.773610836e+07 +0.0000e+00 +0.0000e+00 +0.0000e+00 +0.0000e+00 +0.0000e+00 +0.0000e+00 +0.0000e+00 +0.0000e+00 +0.0000e+00 +0.0000e+00 +0.0000e+00 +0.0000e+00 +0.0000e+00 +0.0000e+00 +0.0000e+00 +0.0000e+00 +0.0000e+00 +0.0000e+00 +0.0000e+00 +0.0000e+00
4 0 +6.540137553e+07 +6.540078623e+07 +6.540078623e+07 +0.0000e+00 +1.0000e+00 +0.0000e+00 +0.0000e+00 +0.0000e+00 +0.0000e+00 +0.0000e+00 +0.0000e+00 +0.0000e+00 +0.0000e+00 +0.0000e+00 +0.0000e+00 +0.0000e+00 +0.0000e+00 +0.0000e+00 +0.0000e+00 +0.0000e+00 +0.0000e+00 +0.0000e+00 +0.0000e+00
8 0 +6.409126157e+07 +6.409067227e+07 +6.409067227e+07 +0.0000e+00 +0.0000e+00 +0.0000e+00 +0.0000e+00 +0.0000e+00 +1.0000e+00 +0.0000e+00 +0.0000e+00 +0.0000e+00 +0.0000e+00 +0.0000e+00 +0.0000e+00 +0.0000e+00 +0.0000e+00 +0.0000e+00 +0.0000e+00 +0.0000e+00 +0.0000e+00 +0.0000e+00 +0.0000e+00
23 0 +4.480937634e+07 +4.480878704e+07 +4.480878704e+07 -1.3620e-01 +6.1044e-02 -3.7594e-01 -1.9460e-01 +5.6813e-02 +1.0953e+00 -2.0832e-01 -1.5809e-01 -5.4646e-02 -3.8863e-01 +3.0249e-02 -2.6197e-01 -5.5468e-02 -1.9434e-01 -2.0822e-01 -3.0550e-01 -5.9393e-02 -1.7873e-01 -5.2723e-01 -5.7300e-02
24 0 +3.380762411e+07 +3.380703481e+07 +3.380703481e+07 -1.0451e-01 +3.6812e-01 -6.7894e-01 -2.4443e-01 +3.5798e-01 +1.4502e+00 -2.7731e-01 -1.5695e-01 +9.0911e-02 -7.0935e-01 +2.9433e-01 -4.0586e-01 +8.8942e-02 -2.4380e-01 -2.7706e-01 -5.1016e-01 +7.9537e-02 -2.0641e-01 -1.0414e+00 +8.4553e-02
25 0 +2.946272958e+07 +2.946214028e+07 +2.946214028e+07 -2.4018e-01 +4.6607e-01 -1.0986e+00 -4.4927e-01 +4.5092e-01 +1.5887e+00 -4.9840e-01 -3.1854e-01 +5.1840e-02 -1.1440e+00 +3.5581e-01 -6.9051e-01 +4.8897e-02 -4.4833e-01 -4.9803e-01 -8.4635e-01 +3.4844e-02 -3.9246e-01 -6.7789e-01 +4.2338e-02
26 0 +2.705319036e+07 +2.705260106e+07 +2.705260106e+07 -3.1542e-01 +4.9955e-01 -1.3059e+00 -5.5669e-01 +4.8206e-01 +1.6410e+00 -6.1337e-01 -4.0584e-01 +2.1554e-02 -7.0991e-01 +3.7231e-01 -8.3505e-01 +1.8158e-02 -5.5560e-01 -6.1294e-01 -1.0149e+00 +1.9423e-03 -4.9113e-01 -9.2716e-01 +1.0590e-02
27 0 +2.462459184e+07 +2.462400254e+07 +2.462400254e+07 -3.8990e-01 +5.3035e-01 -8.9717e-01 -6.6234e-01 +5.1060e-01 +1.6901e+00 -7.2635e-01 -4.9200e-01 -9.3968e-03 -8.7153e-01 +3.8667e-01 -9.7667e-01 -1.3232e-02 -6.6111e-01 -7.2586e-01 -1.1797e+00 -3.1543e-02 -5.8831e-01 -1.1686e+00 -2.1777e-02
28 0 +2.383374995e+07 +2.383316065e+07 +2.383316065e+07 -4.4174e-01 +5.4178e-01 -9.8932e-01 -7.3291e-01 +5.2068e-01 +1.7125e+00 -8.0132e-01 -5.5086e-01 -3.5074e-02 -9.6867e-01 +3.8823e-01 -1.0689e+00 -3.9172e-02 -7.3160e-01 -8.0081e-01 -8.2779e-01 -5.8742e-02 -6.5379e-01 -1.3137e+00 -4.8305e-02
32 0 +2.298953531e+07 +2.298894601e+07 +2.298894601e+07 -4.5733e-01 +5.4334e-01 -1.0054e+00 -7.5358e-01 +5.2187e-01 +1.7288e+00 -6.7080e-01 -5.6836e-01 -4.3576e-02 -9.8581e-01 +3.8711e-01 -1.0808e+00 -4.7746e-02 -7.5225e-01 -8.2242e-01 -8.4342e-01 -6.7658e-02 -6.7308e-01 -1.3405e+00 -5.7039e-02
35 0 +2.251775708e+07 +2.251716778e+07 +2.251716778e+07 -4.7851e-01 +5.4356e-01 -1.0251e+00 -7.6864e-01 +5.2163e-01 +1.7479e+00 -6.6815e-01 -5.9190e-01 -5.5903e-02 -1.0068e+00 +3.8399e-01 -1.0953e+00 -6.0162e-02 -7.0464e-01 -8.3307e-01 -8.6259e-01 -8.0499e-02 -6.1935e-01 -1.3735e+00 -6.9653e-02
38 0 +2.198234617e+07 +2.198175687e+07 +2.198175687e+07 -4.0915e-01 +5.3662e-01 -1.0410e+00 -7.8127e-01 +5.1428e-01 +1.7601e+00 -6.6484e-01 -6.0422e-01 -7.4089e-02 -1.0238e+00 +3.7405e-01 -1.1072e+00 -7.8428e-02 -7.1402e-01 -8.4169e-01 -8.7840e-01 -3.9552e-02 -6.1805e-01 -1.4006e+00 -8.8098e-02
41 0 +2.162196037e+07 +2.162137107e+07 +2.162137107e+07 -4.0740e-01 +5.0691e-01 -1.0692e+00 -8.0465e-01 +4.8374e-01 +1.7737e+00 -6.5614e-01 -6.2734e-01 -3.5215e-02 -1.0541e+00 +3.3834e-01 -1.1285e+00 -4.9037e-02 -7.3091e-01 -8.5690e-01 -9.0707e-01 -2.5383e-02 -6.1366e-01 -1.4499e+00 -1.7369e-03
% f evaluations | g evaluations | best noise-free fitness - Fopt (-1.762500000000e+02) + sum g_i+ | measured fitness | best measured fitness or single-digit g-values | x1 | x2...
1 0 +1.393556446e+08 +1.393554684e+08 +1.393554684e+08 +0.0000e+00 +0.0000e+00 +0.0000e+00 +0.0000e+00 +0.0000e+00 +0.0000e+00 +0.0000e+00 +0.0000e+00 +0.0000e+00 +0.0000e+00 +0.0000e+00 +0.0000e+00 +0.0000e+00 +0.0000e+00 +0.0000e+00 +0.0000e+00 +0.0000e+00 +0.0000e+00 +0.0000e+00 +0.0000e+00
4 0 +1.244476618e+08 +1.244474856e+08 +1.244474856e+08 +0.0000e+00 +1.0000e+00 +0.0000e+00 +0.0000e+00 +0.0000e+00 +0.0000e+00 +0.0000e+00 +0.0000e+00 +0.0000e+00 +0.0000e+00 +0.0000e+00 +0.0000e+00 +0.0000e+00 +0.0000e+00 +0.0000e+00 +0.0000e+00 +0.0000e+00 +0.0000e+00 +0.0000e+00 +0.0000e+00
8 0 +1.061146549e+08 +1.061144786e+08 +1.061144786e+08 +0.0000e+00 +0.0000e+00 +0.0000e+00 +0.0000e+00 +0.0000e+00 +1.0000e+00 +0.0000e+00 +0.0000e+00 +0.0000e+00 +0.0000e+00 +0.0000e+00 +0.0000e+00 +0.0000e+00 +0.0000e+00 +0.0000e+00 +0.0000e+00 +0.0000e+00 +0.0000e+00 +0.0000e+00 +0.0000e+00
23 0 +6.426304378e+07 +6.426286753e+07 +6.426286753e+07 -1.7402e-01 +1.8976e-01 +1.5786e-01 +2.0651e-01 +1.8392e-01 +1.4231e+00 +1.0896e-01 +2.3068e-01 -1.3874e-01 +3.1447e-01 +2.5368e-01 -1.3258e-01 -3.3195e-01 -1.5195e-01 -4.1011e-02 -2.3640e-01 -3.0910e-01 -2.0291e-01 +2.4144e-01 +4.7654e-02
24 0 +4.856424633e+07 +4.856407008e+07 +4.856407008e+07 -3.4552e-01 +3.7679e-01 +3.1344e-01 +4.1005e-01 +3.6520e-01 +1.5165e+00 +2.1634e-01 +4.5803e-01 -2.7549e-01 +6.2442e-01 +5.0371e-01 -2.6324e-01 -6.5912e-01 -3.0171e-01 -8.1432e-02 -4.6940e-01 -6.1374e-01 -4.0289e-01 +4.7940e-01 +9.4622e-02
25 0 +4.637538692e+07 +4.637521067e+07 +4.637521067e+07 -3.7313e-01 +4.0690e-01 +3.3848e-01 +4.4281e-01 +3.9438e-01 +1.6065e+00 +2.3363e-01 +4.9463e-01 -2.9750e-01 +6.7431e-01 +5.4396e-01 -2.8428e-01 -3.9062e-01 -3.2582e-01 -8.7939e-02 -5.0691e-01 -6.6278e-01 -4.3508e-01 +5.1771e-01 +1.0218e-01
27 0 +4.495550369e+07 +4.495532744e+07 +4.495532744e+07 -4.4053e-01 +4.0142e-01 +3.2758e-01 +4.4019e-01 +3.8791e-01 +1.6745e+00 +2.1440e-01 +4.9612e-01 -3.5889e-01 +6.9006e-01 +5.4937e-01 -3.4462e-01 -4.0877e-01 -3.8946e-01 -1.3269e-01 -5.8492e-01 -5.0005e-01 -5.0739e-01 +5.2103e-01 +7.2519e-02
29 0 +4.429785579e+07 +4.429767954e+07 +4.429767954e+07 -4.6683e-01 +4.0651e-01 +3.2992e-01 +4.4673e-01 +3.9250e-01 +1.7150e+00 +2.1252e-01 +5.0475e-01 -3.8215e-01 +7.0592e-01 +5.5998e-01 -3.6734e-01 -4.1936e-01 -4.1385e-01 -1.4752e-01 -4.6573e-01 -5.0851e-01 -5.3510e-01 +5.3059e-01 +6.5349e-02
32 0 +4.361026166e+07 +4.361008541e+07 +4.361008541e+07 -4.2107e-01 +4.0997e-01 +3.3021e-01 +4.5185e-01 +3.9538e-01 +1.7597e+00 +2.0795e-01 +5.1227e-01 -3.4139e-01 +7.2177e-01 +5.6979e-01 -4.6738e-01 -4.3113e-01 -3.6099e-01 -1.6698e-01 -4.7575e-01 -5.1786e-01 -5.4377e-01 +5.3918e-01 +5.4691e-02
37 0 +4.257171943e+07 +4.257154318e+07 +4.257154318e+07 -4.6444e-01 +4.0755e-01 +3.7851e-01 +4.5494e-01 +3.1174e-01 +1.8975e+00 +2.4866e-01 +5.2331e-01 -3.1039e-01 +7.6039e-01 +5.8840e-01 -4.3998e-01 -4.6768e-01 -3.6535e-01 -1.1412e-01 -5.0721e-01 -5.4655e-01 -5.7099e-01 +5.5376e-01 +9.2891e-02
% f evaluations | g evaluations | best noise-free fitness - Fopt (-9.380000000000e+00) + sum g_i+ | measured fitness | best measured fitness or single-digit g-values | x1 | x2...
1 0 +6.154247469e+08 +6.154247375e+08 +6.154247375e+08 +0.0000e+00 +0.0000e+00 +0.0000e+00 +0.0000e+00 +0.0000e+00 +0.0000e+00 +0.0000e+00 +0.0000e+00 +0.0000e+00 +0.0000e+00 +0.0000e+00 +0.0000e+00 +0.0000e+00 +0.0000e+00 +0.0000e+00 +0.0000e+00 +0.0000e+00 +0.0000e+00 +0.0000e+00 +0.0000e+00
3 0 +4.650730101e+08 +4.650730007e+08 +4.650730007e+08 +1.0000e+00 +0.0000e+00 +0.0000e+00 +0.0000e+00 +0.0000e+00 +0.0000e+00 +0.0000e+00 +0.0000e+00 +0.0000e+00 +0.0000e+00 +0.0000e+00 +0.0000e+00 +0.0000e+00 +0.0000e+00 +0.0000e+00 +0.0000e+00 +0.0000e+00 +0.0000e+00 +0.0000e+00 +0.0000e+00
7 0 +4.045237127e+08 +4.045237033e+08 +4.045237033e+08 +0.0000e+00 +0.0000e+00 +0.0000e+00 +0.0000e+00 +1.0000e+00 +0.0000e+00 +0.0000e+00 +0.0000e+00 +0.0000e+00 +0.0000e+00 +0.0000e+00 +0.0000e+00 +0.0000e+00 +0.0000e+00 +0.0000e+00 +0.0000e+00 +0.0000e+00 +0.0000e+00 +0.0000e+00 +0.0000e+00
11 0 +3.848842511e+08 +3.848842417e+08 +3.848842417e+08 +0.0000e+00 +0.0000e+00 +0.0000e+00 +0.0000e+00 +0.0000e+00 +0.0000e+00 +0.0000e+00 +0.0000e+00 +1.0000e+00 +0.0000e+00 +0.0000e+00 +0.0000e+00 +0.0000e+00 +0.0000e+00 +0.0000e+00 +0.0000e+00 +0.0000e+00 +0.0000e+00 +0.0000e+00 +0.0000e+00
23 0 +2.037630549e+08 +2.037630456e+08 +2.037630456e+08 +2.8489e-01 +3.5562e-02 -2.8194e-01 +4.7602e-02 +3.9962e-01 -4.0835e-02 +2.2730e-01 -1.5899e-01 +1.4368e+00 -2.7649e-02 +8.7905e-02 -4.9328e-02 -5.2103e-02 -9.5597e-02 +1.1284e-01 -1.0174e-01 +1.6636e-01 -4.1893e-02 +2.4275e-01 +4.1938e-02
24 0 +1.551664221e+08 +1.551664127e+08 +1.551664127e+08 +4.7898e-01 +5.9789e-02 -4.7401e-01 +8.0032e-02 +6.7187e-01 -6.8655e-02 +3.8215e-01 -2.6730e-01 +1.5514e+00 -4.6485e-02 +1.4779e-01 -8.2933e-02 -8.7599e-02 -1.6073e-01 +1.8971e-01 -1.7105e-01 +2.7969e-01 -7.0433e-02 +4.0813e-01 +7.0510e-02
25 0 +1.354946581e+08 +1.354946487e+08 +1.354946487e+08 +6.3440e-01 +7.9190e-02 -6.2783e-01 +1.0600e-01 +8.8988e-01 -9.0933e-02 +5.0616e-01 -3.5403e-01 +1.5397e+00 -6.1569e-02 +1.9575e-01 -1.0984e-01 -1.1602e-01 -2.1288e-01 +2.5127e-01 -2.2655e-01 +3.7045e-01 -9.3288e-02 +5.4056e-01 +9.3389e-02
27 0 +1.347194453e+08 +1.347194359e+08 +1.347194359e+08 +6.3612e-01 +8.0907e-02 -5.7328e-01 +1.0772e-01 +8.9160e-01 -8.9216e-02 +5.0787e-01 -4.3754e-01 +1.5408e+00 -5.9852e-02 +1.9747e-01 -1.0813e-01 -1.1431e-01 -2.1116e-01 +2.5298e-01 -2.2483e-01 +3.7217e-01 -9.1571e-02 +5.4228e-01 +9.5107e-02
30 0 +1.315534985e+08 +1.315534891e+08 +1.315534891e+08 +6.6308e-01 +6.2924e-02 -5.2405e-01 +9.1907e-02 +9.3925e-01 -1.2097e-01 +5.2446e-01 -4.0832e-01 +1.6114e+00 -8.9231e-02 +1.8892e-01 -1.4141e-01 -1.4809e-01 -1.7457e-01 +2.4893e-01 -1.8730e-01 +3.7776e-01 -1.2352e-01 +5.6165e-01 +7.8273e-02
34 0 +1.280053092e+08 +1.280052998e+08 +1.280052998e+08 +6.7769e-01 +3.3605e-02 -5.4187e-01 +6.4708e-02 +9.7406e-01 -8.1848e-02 +5.2891e-01 -4.2076e-01 +1.6730e+00 -1.2968e-01 +1.6882e-01 -7.9398e-02 -9.1067e-02 -1.8286e-01 +2.3322e-01 -1.9691e-01 +3.7148e-01 -8.4602e-02 +5.6883e-01 +5.0077e-02
36 0 +1.255734247e+08 +1.255734153e+08 +1.255734153e+08 +6.8332e-01 +8.2006e-02 -5.5234e-01 +4.4202e-02 +9.9234e-01 -8.3556e-02 +5.2821e-01 -4.2816e-01 +1.7094e+00 -6.3553e-02 +1.5276e-01 -7.8245e-02 -9.3710e-02 -1.8782e-01 +2.1990e-01 -2.0268e-01 +3.6406e-01 -8.6856e-02 +5.6982e-01 +2.8946e-02
40 0 +1.218435873e+08 +1.218435780e+08 +1.218435780e+08 +6.8191e-01 +9.0987e-02 -5.7687e-01 +1.0523e-01 +1.0243e+00 -8.7614e-02 +5.1003e-01 -4.4594e-01 +1.7951e+00 -6.5034e-02 +2.5701e-01 -7.4650e-02 -1.0011e-01 -1.9986e-01 +1.7683e-01 -2.1678e-01 +3.2814e-01 -9.2347e-02 +5.5614e-01 +8.4331e-02
% f evaluations | g evaluations | best noise-free fitness - Fopt (-5.940000000000e+00) + sum g_i+ | measured fitness | best measured fitness or single-digit g-values | x1 | x2...
1 0 +3.622164923e+08 +3.622164864e+08 +3.622164864e+08 +0.0000e+00 +0.0000e+00 +0.0000e+00 +0.0000e+00 +0.0000e+00 +0.0000e+00 +0.0000e+00 +0.0000e+00 +0.0000e+00 +0.0000e+00 +0.0000e+00 +0.0000e+00 +0.0000e+00 +0.0000e+00 +0.0000e+00 +0.0000e+00 +0.0000e+00 +0.0000e+00 +0.0000e+00 +0.0000e+00
3 0 +3.619325580e+08 +3.619325520e+08 +3.619325520e+08 +1.0000e+00 +0.0000e+00 +0.0000e+00 +0.0000e+00 +0.0000e+00 +0.0000e+00 +0.0000e+00 +0.0000e+00 +0.0000e+00 +0.0000e+00 +0.0000e+00 +0.0000e+00 +0.0000e+00 +0.0000e+00 +0.0000e+00 +0.0000e+00 +0.0000e+00 +0.0000e+00 +0.0000e+00 +0.0000e+00
4 0 +3.168624392e+08 +3.168624333e+08 +3.168624333e+08 +0.0000e+00 +1.0000e+00 +0.0000e+00 +0.0000e+00 +0.0000e+00 +0.0000e+00 +0.0000e+00 +0.0000e+00 +0.0000e+00 +0.0000e+00 +0.0000e+00 +0.0000e+00 +0.0000e+00 +0.0000e+00 +0.0000e+00 +0.0000e+00 +0.0000e+00 +0.0000e+00 +0.0000e+00 +0.0000e+00
23 0 +2.273809879e+08 +2.273809819e+08 +2.273809819e+08 +1.5245e-03 +1.2435e+00 +7.5736e-02 -8.9733e-03 -4.2994e-01 -3.2179e-01 +7.2054e-02 -3.6553e-02 +1.5820e-01 +6.1418e-02 -3.6542e-01 -5.2610e-02 -2.4061e-02 -3.4138e-01 -3.6340e-02 -2.0862e-01 +1.0504e-01 -4.9581e-01 +7.9031e-02 -2.2314e-01
24 0 +1.880607499e+08 +1.880607440e+08 +1.880607440e+08 +3.0060e-03 +1.4802e+00 +1.4933e-01 -1.7693e-02 -8.4773e-01 -6.3449e-01 +1.4207e-01 -7.2074e-02 +3.1193e-01 +1.2110e-01 -7.2053e-01 -1.0373e-01 -4.7442e-02 -6.7312e-01 -7.1653e-02 -4.1134e-01 +2.0712e-01 +4.0677e-02 +1.5583e-01 -4.3998e-01
25 0 +1.660497540e+08 +1.660497481e+08 +1.660497481e+08 +4.6322e-03 +1.7399e+00 +2.3012e-01 -2.7265e-02 -3.1823e-01 -9.7775e-01 +2.1893e-01 -1.1107e-01 +4.8069e-01 +1.8662e-01 -1.1103e+00 -1.5986e-01 -7.3109e-02 -1.0373e+00 -1.1042e-01 -6.3388e-01 +3.1917e-01 -2.2725e-01 +2.4014e-01 -6.7801e-01
26 0 +1.637211783e+08 +1.637211724e+08 +1.637211724e+08 +1.1829e-01 +1.9168e+00 +3.6317e-01 +8.3648e-02 -4.0517e-01 -9.4858e-01 +3.5102e-01 -7.3595e-03 +6.3528e-01 +3.1592e-01 -1.0926e+00 -6.0344e-02 +3.3862e-02 -1.0132e+00 -6.6549e-03 -5.7513e-01 +4.5987e-01 -2.9288e-01 +3.7404e-01 -6.2305e-01
28 0 +1.566694637e+08 +1.566694578e+08 +1.566694578e+08 +9.9184e-02 +1.9746e+00 +3.6763e-01 +6.1210e-02 -5.1084e-01 -1.0704e+00 +3.5431e-01 -3.8557e-02 +6.6593e-01 +3.1584e-01 -1.0399e+00 -9.6641e-02 +6.6326e-03 -9.6402e-01 -3.7784e-02 -6.6097e-01 +4.7364e-01 -3.7264e-01 +3.7955e-01 -7.1351e-01
29 0 +1.536692239e+08 +1.536692180e+08 +1.536692180e+08 +8.1898e-02 +2.0209e+00 +3.6987e-01 +4.1161e-02 -5.9839e-01 -9.2085e-01 +3.5558e-01 -6.5862e-02 +6.8987e-01 +3.1431e-01 -1.1149e+00 -1.2817e-01 -1.7386e-02 -1.0331e+00 -6.5033e-02 -7.3355e-01 +4.8359e-01 -4.3873e-01 +3.8266e-01 -7.8991e-01
34 0 +1.510542820e+08 +1.510542761e+08 +1.510542761e+08 +6.0089e-02 +2.1432e+00 +3.6698e-01 +1.6677e-02 -6.1500e-01 -9.4904e-01 +3.5175e-01 -2.6734e-02 +7.0799e-01 +3.0777e-01 -1.1297e+00 -2.2006e-01 -4.5715e-02 -1.0458e+00 -1.6727e-01 -6.8629e-01 +4.8816e-01 -4.2411e-01 +3.8061e-01 -7.5024e-01
39 0 +1.475892750e+08 +1.475892691e+08 +1.475892691e+08 +1.1095e-01 +2.1802e+00 +3.3570e-01 -6.0952e-03 -6.4212e-01 -9.8031e-01 +3.1982e-01 +3.3383e-02 +6.9132e-01 +3.4477e-01 -1.1532e+00 -2.3567e-01 -7.1808e-02 -1.0670e+00 -1.1156e-01 -7.0259e-01 +4.6208e-01 -4.3189e-01 +3.4991e-01 -7.7507e-01
% f evaluations | g evaluations | best noise-free fitness - Fopt (-1.000000000000e+03) + sum g_i+ | measured fitness | best measured fitness or single-digit g-values | x1 | x2...
1 0 +2.207093556e+08 +2.207083556e+08 +2.207083556e+08 +0.0000e+00 +0.0000e+00 +0.0000e+00 +0.0000e+00 +0.0000e+00 +0.0000e+00 +0.0000e+00 +0.0000e+00 +0.0000e+00 +0.0000e+00 +0.0000e+00 +0.0000e+00 +0.0000e+00 +0.0000e+00 +0.0000e+00 +0.0000e+00 +0.0000e+00 +0.0000e+00 +0.0000e+00 +0.0000e+00
5 0 +2.007622319e+08 +2.007612319e+08 +2.007612319e+08 +0.0000e+00 +0.0000e+00 +1.0000e+00 +0.0000e+00 +0.0000e+00 +0.0000e+00 +0.0000e+00 +0.0000e+00 +0.0000e+00 +0.0000e+00 +0.0000e+00 +0.0000e+00 +0.0000e+00 +0.0000e+00 +0.0000e+00 +0.0000e+00 +0.0000e+00 +0.0000e+00 +0.0000e+00 +0.0000e+00
10 0 +1.949087244e+08 +1.949077244e+08 +1.949077244e+08 +0.0000e+00 +0.0000e+00 +0.0000e+00 +0.0000e+00 +0.0000e+00 +0.0000e+00 +0.0000e+00 +1.0000e+00 +0.0000e+00 +0.0000e+00 +0.0000e+00 +0.0000e+00 +0.0000e+00 +0.0000e+00 +0.0000e+00 +0.0000e+00 +0.0000e+00 +0.0000e+00 +0.0000e+00 +0.0000e+00
23 0 +1.461444792e+08 +1.461434792e+08 +1.461434792e+08 -1.4448e-01 -2.6418e-01 +3.1685e-01 -8.7820e-02 -3.0537e-01 +2.1947e-01 +1.4358e-01 +1.4098e+00 +8.2089e-02 +2.8798e-02 +1.7745e-01 -2.1739e-02 +3.1070e-01 +1.3062e-01 -4.0648e-01 +3.1335e-01 +8.6174e-02 -9.8509e-02 +1.5772e-01 +1.1268e-01
24 0 +8.057203374e+07 +8.057103374e+07 +8.057103374e+07 -5.1942e-01 -9.4978e-01 +1.1391e+00 -3.1572e-01 -1.0978e+00 +7.8902e-01 +5.1618e-01 +2.0584e+00 +2.9512e-01 +1.0353e-01 +6.3796e-01 -7.8154e-02 +1.1170e+00 +4.6961e-01 -1.4614e+00 +1.1265e+00 +3.0981e-01 -3.5415e-01 +5.6701e-01 +4.0509e-01
27 0 +7.764805195e+07 +7.764705195e+07 +7.764705195e+07 -5.6418e-01 -1.0225e+00 +1.2021e+00 -3.4724e-01 -1.0156e+00 +8.2931e-01 +5.3873e-01 +2.2067e+00 +3.0331e-01 +9.9264e-02 +6.6843e-01 -9.4230e-02 +1.1786e+00 +4.8914e-01 -1.3725e+00 +1.1888e+00 +3.1895e-01 -3.8817e-01 +5.9287e-01 +4.2042e-01
28 0 +7.573691165e+07 +7.573591165e+07 +7.573591165e+07 -5.9888e-01 -8.2385e-01 +1.2435e+00 -3.7261e-01 -1.0448e+00 +8.5457e-01 +5.5149e-01 +2.3086e+00 +3.0594e-01 +9.3112e-02 +6.8677e-01 -1.0871e-01 +1.2189e+00 +4.9977e-01 -1.4219e+00 +1.2295e+00 +3.2225e-01 -4.1529e-01 +6.0796e-01 +4.2809e-01
36 0 +7.362848029e+07 +7.362748029e+07 +7.362748029e+07 -5.5547e-01 -8.5933e-01 +1.2723e+00 -3.3001e-01 -1.0805e+00 +8.6082e-01 +5.4010e-01 +2.4269e+00 +2.8041e-01 +2.1699e-01 +6.8324e-01 -5.7886e-02 +1.2464e+00 +4.8536e-01 -1.4842e+00 +1.2576e+00 +3.8068e-01 -3.5476e-01 +5.9985e-01 +4.8361e-01
40 0 +7.179005937e+07 +7.178905937e+07 +7.178905937e+07 -5.6407e-01 -8.7187e-01 +1.2581e+00 -3.3943e-01 -1.0925e+00 +8.3564e-01 +5.3647e-01 +2.4596e+00 +2.8807e-01 +2.2110e-01 +6.5883e-01 -5.3498e-02 +1.2314e+00 +6.3112e-01 -1.5072e+00 +1.2429e+00 +3.9520e-01 -3.5069e-01 +7.2512e-01 +5.0342e-01
41 0 +7.073081288e+07 +7.072981288e+07 +7.072981288e+07 -5.6743e-01 -8.7649e-01 +1.2427e+00 -3.4348e-01 -1.0966e+00 +9.2840e-01 +5.4102e-01 +2.4678e+00 +2.9130e-01 +2.2291e-01 +6.6832e-01 -5.1287e-02 +1.2157e+00 +6.3722e-01 -1.5161e+00 +1.2274e+00 +4.0169e-01 -3.4823e-01 +7.3793e-01 +5.1231e-01
% f evaluations | g evaluations | best noise-free fitness - Fopt (1.282100000000e+02) + sum g_i+ | measured fitness | best measured fitness or single-digit g-values | x1 | x2...
1 0 +2.008021360e+08 +2.008022642e+08 +2.008022642e+08 +0.0000e+00 +0.0000e+00 +0.0000e+00 +0.0000e+00 +0.0000e+00 +0.0000e+00 +0.0000e+00 +0.0000e+00 +0.0000e+00 +0.0000e+00 +0.0000e+00 +0.0000e+00 +0.0000e+00 +0.0000e+00 +0.0000e+00 +0.0000e+00 +0.0000e+00 +0.0000e+00 +0.0000e+00 +0.0000e+00
8 0 +1.973549856e+08 +1.973551138e+08 +1.973551138e+08 +0.0000e+00 +0.0000e+00 +0.0000e+00 +0.0000e+00 +0.0000e+00 +1.0000e+00 +0.0000e+00 +0.0000e+00 +0.0000e+00 +0.0000e+00 +0.0000e+00 +0.0000e+00 +0.0000e+00 +0.0000e+00 +0.0000e+00 +0.0000e+00 +0.0000e+00 +0.0000e+00 +0.0000e+00 +0.0000e+00
10 0 +1.806015490e+08 +1.806016773e+08 +1.806016773e+08 +0.0000e+00 +0.0000e+00 +0.0000e+00 +0.0000e+00 +0.0000e+00 +0.0000e+00 +0.0000e+00 +1.0000e+00 +0.0000e+00 +0.0000e+00 +0.0000e+00 +0.0000e+00 +0.0000e+00 +0.0000e+00 +0.0000e+00 +0.0000e+00 +0.0000e+00 +0.0000e+00 +0.0000e+00 +0.0000e+00
23 0 +1.315746960e+08 +1.315748242e+08 +1.315748242e+08 -2.7007e-02 -8.1164e-02 -3.2498e-01 -1.2504e-01 -5.7694e-02 +4.0291e-02 -2.8513e-01 +2.3611e-01 +1.9085e-01 +9.3076e-02 +1.2667e+00 -5.0510e-01 -3.5139e-01 +8.3566e-02 -1.0039e-01 +4.2023e-02 -3.6708e-01 +2.6527e-01 -4.6978e-02 -9.2077e-02
24 0 +1.063460762e+08 +1.063462044e+08 +1.063462044e+08 -5.5390e-02 -1.6646e-01 -6.6652e-01 -2.5644e-01 -1.1833e-01 +8.2635e-02 -5.8479e-01 +4.8425e-01 +3.9141e-01 +1.9089e-01 +1.5469e+00 -8.4004e-02 -7.2067e-01 +1.7139e-01 -2.0589e-01 +8.6187e-02 -7.5285e-01 +5.4406e-01 -9.6349e-02 -1.8884e-01
25 0 +9.723045551e+07 +9.723058372e+07 +9.723058372e+07 -8.1968e-02 -2.4633e-01 -9.8633e-01 -3.7949e-01 -1.7510e-01 +1.2229e-01 -8.6539e-01 +7.1660e-01 +5.7922e-01 +2.8249e-01 +1.8094e+00 -3.6853e-01 -1.0665e+00 +2.5363e-01 -3.0468e-01 +1.2754e-01 -1.7999e-01 +8.0511e-01 -1.4258e-01 -2.7946e-01
26 0 +9.260333443e+07 +9.260346264e+07 +9.260346264e+07 -1.0697e-01 -3.2147e-01 -1.2872e+00 -4.9524e-01 -2.2851e-01 +1.5958e-01 -1.1293e+00 +9.3517e-01 +7.5588e-01 +3.6864e-01 +2.0562e+00 -6.3616e-01 -4.5009e-01 +3.3098e-01 -3.9761e-01 +1.6644e-01 -5.4254e-01 +1.0507e+00 -1.8607e-01 -3.6469e-01
27 0 +8.358092277e+07 +8.358105098e+07 +8.358105098e+07 -1.2613e-01 -3.7904e-01 -6.8186e-01 -5.8393e-01 -2.6943e-01 +1.8816e-01 -1.3316e+00 +1.1026e+00 +8.9125e-01 +4.3466e-01 +2.2454e+00 -8.4124e-01 -7.5078e-01 +3.9025e-01 -4.6881e-01 +1.9625e-01 -8.2035e-01 +1.2388e+00 -2.1939e-01 -4.3000e-01
28 0 +8.000188589e+07 +8.000201410e+07 +8.000201410e+07 -1.3992e-01 -4.2050e-01 -8.4302e-01 -6.4781e-01 -2.9891e-01 +2.0875e-01 -7.9667e-01 +1.2233e+00 +9.8875e-01 +4.8221e-01 +2.3816e+00 -9.8895e-01 -9.6735e-01 +4.3295e-01 -5.2010e-01 +2.1772e-01 -1.0204e+00 +1.3744e+00 -2.4339e-01 -4.7704e-01
29 0 +7.807618448e+07 +7.807631269e+07 +7.807631269e+07 -2.5132e-01 -5.4201e-01 -9.0191e-01 -7.7751e-01 -4.1603e-01 +1.0991e-01 -8.5769e-01 +1.1610e+00 +9.1802e-01 +3.9323e-01 +2.3250e+00 -1.0429e+00 -1.0465e+00 +3.4219e-01 -6.4519e-01 +1.1920e-01 -1.0935e+00 +1.3175e+00 -3.5852e-01 -6.0059e-01
35 0 +7.686795537e+07 +7.686808358e+07 +7.686808358e+07 -2.9751e-01 -5.2114e-01 -9.4322e-01 -4.6081e-01 -3.8936e-01 +7.9810e-02 -9.0592e-01 +1.1777e+00 +9.2391e-01 +3.7575e-01 +2.3971e+00 -1.0590e+00 -1.1109e+00 +3.2243e-01 -7.0447e-01 +8.9521e-02 -1.1486e+00 +1.3412e+00 -4.0948e-01 -7.2967e-01
37 0 +7.565365775e+07 +7.565378596e+07 +7.565378596e+07 -3.2232e-01 -5.2852e-01 -9.5780e-01 -4.7219e-01 -3.8436e-01 +6.0738e-02 -9.2412e-01 +1.1797e+00 +9.2106e-01 +3.6237e-01 +2.4297e+00 -1.0600e+00 -1.1356e+00 +3.0803e-01 -7.1492e-01 +7.0636e-02 -1.1689e+00 +1.3464e+00 -2.8421e-01 -7.4062e-01
% f evaluations | g evaluations | best noise-free fitness - Fopt (-2.689000000000e+01) + sum g_i+ | measured fitness | best measured fitness or single-digit g-values | x1 | x2...
1 0 +2.678052053e+08 +2.678051784e+08 +2.678051784e+08 +0.0000e+00 +0.0000e+00 +0.0000e+00 +0.0000e+00 +0.0000e+00 +0.0000e+00 +0.0000e+00 +0.0000e+00 +0.0000e+00 +0.0000e+00 +0.0000e+00 +0.0000e+00 +0.0000e+00 +0.0000e+00 +0.0000e+00 +0.0000e+00 +0.0000e+00 +0.0000e+00 +0.0000e+00 +0.0000e+00
5 0 +2.245065726e+08 +2.245065458e+08 +2.245065458e+08 +0.0000e+00 +0.0000e+00 +1.0000e+00 +0.0000e+00 +0.0000e+00 +0.0000e+00 +0.0000e+00 +0.0000e+00 +0.0000e+00 +0.0000e+00 +0.0000e+00 +0.0000e+00 +0.0000e+00 +0.0000e+00 +0.0000e+00 +0.0000e+00 +0.0000e+00 +0.0000e+00 +0.0000e+00 +0.0000e+00
23 0 +1.435994212e+08 +1.435993943e+08 +1.435993943e+08 -4.7295e-01 -3.2999e-02 +1.2387e+00 -1.9834e-01 +2.2486e-01 -1.5610e-01 -1.6894e-01 -3.7012e-02 +1.8023e-01 +1.0029e-01 -3.2600e-01 -3.0807e-01 -2.0400e-01 -7.9843e-02 -6.6171e-02 -3.0076e-01 -2.3228e-01 -1.2658e-01 -3.4240e-01 -1.7624e-02
24 0 +1.267032439e+08 +1.267032170e+08 +1.267032170e+08 -6.5402e-01 +1.2522e-01 +1.6065e+00 -1.6762e-01 +5.8195e-01 -9.2813e-02 -1.1555e-01 +1.1812e-01 +5.0289e-01 +3.6130e-01 -3.9374e-01 -3.6198e-01 -1.7765e-01 +4.2254e-02 +6.6471e-02 -3.4903e-01 -2.2774e-01 -4.0525e-02 -4.2278e-01 +1.5246e-01
25 0 +1.161391082e+08 +1.161390813e+08 +1.161390813e+08 -2.7801e-01 +1.0177e-01 +1.7186e+00 -2.7363e-01 +6.8723e-01 -1.7773e-01 -2.0687e-01 +9.2656e-02 +5.8588e-01 +4.0438e-01 -5.6348e-01 -5.2277e-01 -2.8648e-01 -4.5907e-03 +2.6451e-02 -5.0617e-01 -3.5068e-01 -1.1070e-01 -6.0071e-01 +1.3667e-01
26 0 +1.132176289e+08 +1.132176021e+08 +1.132176021e+08 -3.5485e-01 +8.0984e-02 +1.7722e+00 -3.3962e-01 +7.3696e-01 -2.3217e-01 -2.6482e-01 +7.0776e-02 +6.2340e-01 +4.2004e-01 -6.6438e-01 -6.1877e-01 -3.5402e-01 -3.8182e-02 -3.4014e-03 -6.0017e-01 -4.2595e-01 -1.5707e-01 -2.7256e-01 +1.2010e-01
28 0 +1.114613788e+08 +1.114613519e+08 +1.114613519e+08 -4.2197e-01 +6.1545e-02 +1.8176e+00 -3.9855e-01 +7.7911e-01 -2.8101e-01 -3.1673e-01 +5.0379e-02 +6.5490e-01 +4.3244e-01 -3.8422e-01 -7.0651e-01 -4.1430e-01 -6.8809e-02 -3.0763e-02 -6.8356e-01 -4.9299e-01 -1.9886e-01 -3.2978e-01 +1.0433e-01
30 0 +1.086199376e+08 +1.086199107e+08 +1.086199107e+08 -4.4803e-01 +5.3574e-02 +1.8348e+00 -4.2185e-01 +7.9505e-01 -3.0040e-01 -3.3731e-01 +4.2035e-02 +6.6669e-01 +4.3683e-01 -4.0642e-01 -7.2957e-01 -4.3813e-01 -8.1124e-02 -4.1810e-02 -5.6700e-01 -5.4202e-01 -2.1551e-01 -3.5199e-01 +9.7783e-02
33 0 +1.063813494e+08 +1.063813226e+08 +1.063813226e+08 -4.7173e-01 +4.2344e-02 +1.8465e+00 -3.7018e-01 +8.0557e-01 -3.9539e-01 -2.9204e-01 +3.0467e-02 +6.7345e-01 +4.3684e-01 -4.2662e-01 -7.5056e-01 -3.8789e-01 -9.6306e-02 -5.5838e-02 -5.7924e-01 -5.5997e-01 -2.3464e-01 -3.7220e-01 +8.7850e-02
34 0 +1.045092686e+08 +1.045092417e+08 +1.045092417e+08 -4.9535e-01 +2.8324e-02 +1.8553e+00 -3.8077e-01 +8.1322e-01 -3.5027e-01 -2.3227e-01 +1.6109e-02 +6.7735e-01 +4.3402e-01 -4.4675e-01 -7.7147e-01 -4.0191e-01 -1.1426e-01 -7.2647e-02 -5.9143e-01 -5.7785e-01 -2.5652e-01 -3.9233e-01 +7.5122e-02
40 0 +1.012708481e+08 +1.012708212e+08 +1.012708212e+08 -5.3294e-01 +1.6272e-02 +1.9321e+00 -3.9934e-01 +8.1434e-01 -3.7773e-01 -2.1600e-01 +5.5041e-02 +6.6290e-01 +3.9169e-01 -4.8861e-01 -8.1888e-01 -4.3403e-01 -6.6114e-02 -2.4984e-02 -6.0362e-01 -6.2239e-01 -2.1067e-01 -4.3214e-01 -8.3298e-03
41 0 +9.988261024e+07 +9.988258335e+07 +9.988258335e+07 -5.4845e-01 +1.7501e-02 +1.9687e+00 -4.0729e-01 +8.0777e-01 -3.9059e-01 -2.0629e-01 +5.8795e-02 +6.4833e-01 +3.6281e-01 -5.0751e-01 -8.4076e-01 -4.4890e-01 -6.6963e-02 -2.3100e-02 -6.0747e-01 -6.4340e-01 -2.2268e-01 -4.4985e-01 +6.2456e-02
% f evaluations | g evaluations | best noise-free fitness - Fopt (3.260000000000e+00) + sum g_i+ | measured fitness | best measured fitness or single-digit g-values | x1 | x2...
1 0 +1.528112015e+08 +1.528112048e+08 +1.528112048e+08 +0.0000e+00 +0.0000e+00 +0.0000e+00 +0.0000e+00 +0.0000e+00 +0.0000e+00 +0.0000e+00 +0.0000e+00 +0.0000e+00 +0.0000e+00 +0.0000e+00 +0.0000e+00 +0.0000e+00 +0.0000e+00 +0.0000e+00 +0.0000e+00 +0.0000e+00 +0.0000e+00 +0.0000e+00 +0.0000e+00
4 0 +1.358794939e+08 +1.358794972e+08 +1.358794972e+08 +0.0000e+00 +1.0000e+00 +0.0000e+00 +0.0000e+00 +0.0000e+00 +0.0000e+00 +0.0000e+00 +0.0000e+00 +0.0000e+00 +0.0000e+00 +0.0000e+00 +0.0000e+00 +0.0000e+00 +0.0000e+00 +0.0000e+00 +0.0000e+00 +0.0000e+00 +0.0000e+00 +0.0000e+00 +0.0000e+00
23 0 +9.140628612e+07 +9.140628938e+07 +9.140628938e+07 -2.1000e-01 +1.1975e+00 +9.3719e-02 -1.2061e-01 -3.1182e-02 +9.5970e-02 -4.4154e-03 +8.6664e-02 -7.2498e-02 +3.8254e-02 -6.5475e-01 +1.4673e-03 +8.3829e-02 -2.7167e-01 -1.4903e-01 -2.7433e-01 +1.9470e-01 +5.1281e-03 +1.0062e-01 -4.6267e-01
24 0 +7.625896364e+07 +7.625896690e+07 +7.625896690e+07 -4.8630e-01 +1.4574e+00 +2.1702e-01 -2.7929e-01 -7.2206e-02 +2.2223e-01 -1.0224e-02 +2.0068e-01 -1.6788e-01 +8.8583e-02 -5.4927e-01 +3.3976e-03 +1.9412e-01 -6.2908e-01 -3.4510e-01 -6.3525e-01 +4.5085e-01 +1.1875e-02 +2.3300e-01 -1.0714e+00
25 0 +6.791042757e+07 +6.791043083e+07 +6.791043083e+07 -7.2348e-01 +1.6805e+00 +3.2287e-01 -4.1551e-01 -1.0742e-01 +3.3062e-01 -1.5211e-02 +2.9856e-01 -2.4976e-01 +1.3179e-01 -1.1402e+00 +5.0548e-03 +2.8880e-01 -9.3591e-01 -5.1341e-01 -9.4509e-01 +6.7074e-01 +1.7667e-02 +3.4664e-01 -6.2960e-01
26 0 +6.485637464e+07 +6.485637790e+07 +6.485637790e+07 -8.0855e-01 +1.7605e+00 +3.6083e-01 -4.6437e-01 -1.2005e-01 +3.6950e-01 -1.7000e-02 +3.3367e-01 -2.7913e-01 +1.4729e-01 -1.3521e+00 +5.6491e-03 +3.2276e-01 -1.0460e+00 -5.7378e-01 -4.9793e-01 +7.4961e-01 +1.9744e-02 +3.8740e-01 -8.0217e-01
27 0 +6.373648489e+07 +6.373648815e+07 +6.373648815e+07 -8.9089e-01 +1.8379e+00 +3.9758e-01 -5.1166e-01 -1.3228e-01 +4.0713e-01 -1.8731e-02 +3.6765e-01 -3.0756e-01 +1.6228e-01 -1.5572e+00 +6.2245e-03 +3.5563e-01 -6.1589e-01 -6.3222e-01 -5.9648e-01 +8.2595e-01 +2.1755e-02 +4.2685e-01 -9.6921e-01
28 0 +5.966822219e+07 +5.966822545e+07 +5.966822545e+07 -5.3109e-01 +1.8828e+00 +4.1889e-01 -5.3908e-01 -1.3937e-01 +4.2895e-01 -1.9735e-02 +3.8736e-01 -3.2404e-01 +1.7098e-01 -1.6762e+00 +6.5581e-03 +3.7469e-01 -6.8156e-01 -6.6610e-01 -6.5363e-01 +8.7022e-01 +2.2921e-02 +4.4973e-01 -1.0661e+00
33 0 +5.851216335e+07 +5.851216661e+07 +5.851216661e+07 -5.1069e-01 +1.9725e+00 +4.2052e-01 -4.7306e-01 -1.5092e-01 +4.3082e-01 -2.8461e-02 +3.8824e-01 -2.6791e-01 +1.6676e-01 -1.6265e+00 -1.5475e-03 +3.7527e-01 -6.6854e-01 -8.4943e-01 -6.3623e-01 +8.8250e-01 +1.5202e-02 +4.5208e-01 -1.0369e+00
37 0 +5.736795056e+07 +5.736795382e+07 +5.736795382e+07 -5.1287e-01 +2.0167e+00 +4.0022e-01 -4.8081e-01 -8.5092e-02 +4.1092e-01 +3.3582e-02 +3.6669e-01 -2.6320e-01 +1.3660e-01 -1.6568e+00 +4.1043e-02 +3.5321e-01 -6.9386e-01 -8.7047e-01 -6.5463e-01 +8.8016e-01 +6.3476e-02 +4.3301e-01 -1.0683e+00
