% f evaluations | g evaluations | best noise-free fitness - Fopt (-4.620900000000e+02) + sum g_i+ | measured fitness | best measured fitness or single-digit g-values | x1 | x2...
1 0 +9.180962943e+01 -3.702803706e+02 -3.702803706e+02 +0.0000e+00 +0.0000e+00 +0.0000e+00
3 0 +9.180692556e+01 -3.702830744e+02 -3.702830744e+02 +0.0000e+00 +2.5000e-04 +0.0000e+00
21 0 +9.118855115e+01 -3.709014489e+02 -3.709014489e+02 +2.1389e-03 +6.2500e-03 -1.1611e-02
69 0 +8.812074723e+01 -3.739692528e+02 -3.739692528e+02 -7.8898e-02 +2.6752e-03 -2.4214e-02
71 0 +8.520061144e+01 -3.768893886e+02 -3.768893886e+02 -1.2303e-01 -7.7920e-03 -1.8295e-02
72 0 +8.351125865e+01 -3.785787413e+02 -3.785787413e+02 -1.4117e-01 -8.0271e-03 -2.3573e-02
73 0 +7.824051450e+01 -3.838494855e+02 -3.838494855e+02 -1.9626e-01 -1.6370e-02 -2.3237e-02
74 0 +7.724271837e+01 -3.848472816e+02 -3.848472816e+02 -2.0915e-01 -2.0391e-02 -1.4614e-02
75 0 +7.166569701e+01 -3.904243030e+02 -3.904243030e+02 -2.8558e-01 -3.3619e-02 -7.3128e-03
76 0 +7.051234592e+01 -3.915776541e+02 -3.915776541e+02 -3.2435e-01 -4.1196e-02 -8.3488e-03
131 0 +6.914597643e+01 -3.929440236e+02 -3.929440236e+02 -3.3968e-01 -2.1080e-02 -3.0622e-02
% f evaluations | g evaluations | best noise-free fitness - Fopt (7.766000000000e+01) + sum g_i+ | measured fitness | best measured fitness or single-digit g-values | x1 | x2...
1 0 +7.373269304e+01 +1.513926930e+02 +1.513926930e+02 +0.0000e+00 +0.0000e+00 +0.0000e+00
2 0 +7.371985022e+01 +1.513798502e+02 +1.513798502e+02 +2.5000e-04 +0.0000e+00 +0.0000e+00
19 0 +7.227311402e+01 +1.499331140e+02 +1.499331140e+02 +2.0000e-03 -7.8889e-03 +4.6944e-03
23 0 +7.059120728e+01 +1.482512073e+02 +1.482512073e+02 +4.9722e-03 -1.7278e-02 +9.8333e-03
25 0 +6.891105339e+01 +1.465710534e+02 +1.465710534e+02 +7.5556e-03 -2.7222e-02 +1.5222e-02
26 0 +6.722791469e+01 +1.448879147e+02 +1.448879147e+02 +1.0333e-02 -3.7667e-02 +2.1000e-02
28 0 +6.470175250e+01 +1.423617525e+02 +1.423617525e+02 +1.6667e-02 -5.5000e-02 +2.9583e-02
29 0 +6.375878026e+01 +1.414187803e+02 +1.414187803e+02 +1.7583e-02 -6.1611e-02 +3.4472e-02
30 0 +6.108346821e+01 +1.387434682e+02 +1.387434682e+02 +2.3917e-02 -8.4500e-02 +4.7583e-02
31 0 +6.016051249e+01 +1.378205125e+02 +1.378205125e+02 +2.7194e-02 -9.4611e-02 +5.1944e-02
32 0 +5.735130264e+01 +1.350113026e+02 +1.350113026e+02 +3.7417e-02 -1.3017e-01 +7.1167e-02
34 0 +5.299974340e+01 +1.306597434e+02 +1.306597434e+02 +5.7333e-02 -1.9433e-01 +1.0633e-01
35 0 +5.105254403e+01 +1.287125440e+02 +1.287125440e+02 +6.2444e-02 -2.1767e-01 +1.2047e-01
36 0 +4.277911665e+01 +1.204391166e+02 +1.204391166e+02 +8.5333e-02 -2.9900e-01 +1.6592e-01
37 0 +4.261947690e+01 +1.202794769e+02 +1.202794769e+02 +9.6139e-02 -3.3117e-01 +1.8136e-01
90 0 +4.160979574e+01 +1.192697957e+02 +1.192697957e+02 +1.3260e-01 -3.2413e-01 +1.2448e-01
151 0 +4.072748720e+01 +1.183874872e+02 +1.183874872e+02 +1.6557e-01 -3.1917e-01 +9.4398e-02
156 0 +3.970509605e+01 +1.173650960e+02 +1.173650960e+02 +1.6195e-01 -3.1973e-01 +1.3045e-01
158 0 +3.840206445e+01 +1.160620644e+02 +1.160620644e+02 +1.9842e-01 -3.1409e-01 +1.1048e-01
160 0 +3.764432195e+01 +1.153043220e+02 +1.153043220e+02 +1.9230e-01 -3.1732e-01 +1.4896e-01
161 0 +3.659973712e+01 +1.142597371e+02 +1.142597371e+02 +2.0436e-01 -3.1955e-01 +1.7259e-01
162 0 +3.600179597e+01 +1.136617960e+02 +1.136617960e+02 +2.2679e-01 -3.1032e-01 +1.4829e-01
163 0 +3.451830622e+01 +1.121783062e+02 +1.121783062e+02 +2.5920e-01 -3.0562e-01 +1.5721e-01
165 0 +3.295896607e+01 +1.106189661e+02 +1.106189661e+02 +3.0133e-01 -3.1637e-01 +1.7022e-01
166 0 +3.168571617e+01 +1.093457162e+02 +1.093457162e+02 +3.1150e-01 -3.1360e-01 +2.2286e-01
167 0 +3.152029424e+01 +1.091802942e+02 +1.091802942e+02 +3.6804e-01 -3.1335e-01 +2.7905e-01
168 0 +2.995755533e+01 +1.076175553e+02 +1.076175553e+02 +4.1469e-01 -3.0401e-01 +2.3172e-01
% f evaluations | g evaluations | best noise-free fitness - Fopt (1.156800000000e+02) + sum g_i+ | measured fitness | best measured fitness or single-digit g-values | x1 | x2...
1 0 +4.079349721e+01 +1.564734972e+02 +1.564734972e+02 +0.0000e+00 +0.0000e+00 +0.0000e+00
3 0 +4.074152798e+01 +1.564215280e+02 +1.564215280e+02 +0.0000e+00 +2.5000e-04 +0.0000e+00
5 0 +4.072847195e+01 +1.564084719e+02 +1.564084719e+02 +1.6667e-04 +1.6667e-04 -2.5000e-04
14 0 +3.977999069e+01 +1.554599907e+02 +1.554599907e+02 -7.5000e-04 +2.2500e-03 -2.5000e-03
18 0 +3.832878866e+01 +1.540087887e+02 +1.540087887e+02 -1.0000e-03 +5.0000e-03 -7.0000e-03
20 0 +3.697434975e+01 +1.526543498e+02 +1.526543498e+02 -2.0000e-03 +8.2500e-03 -1.0000e-02
22 0 +3.494942893e+01 +1.506294289e+02 +1.506294289e+02 -1.7500e-03 +1.2250e-02 -1.6500e-02
23 0 +3.432651474e+01 +1.500065147e+02 +1.500065147e+02 -2.9167e-03 +1.3500e-02 -1.7833e-02
24 0 +3.197877123e+01 +1.476587712e+02 +1.476587712e+02 -4.2500e-03 +1.8500e-02 -2.4500e-02
25 0 +3.103691873e+01 +1.467169187e+02 +1.467169187e+02 -4.3333e-03 +2.1000e-02 -2.7000e-02
26 0 +2.779363590e+01 +1.434736359e+02 +1.434736359e+02 -6.0000e-03 +2.9000e-02 -3.7000e-02
27 0 +2.669753914e+01 +1.423775391e+02 +1.423775391e+02 -6.0000e-03 +3.1583e-02 -4.2000e-02
28 0 +2.330384540e+01 +1.389838454e+02 +1.389838454e+02 -8.0000e-03 +4.3250e-02 -5.8000e-02
29 0 +2.223874581e+01 +1.379187458e+02 +1.379187458e+02 -1.0417e-02 +4.8250e-02 -6.3167e-02
30 0 +2.142427553e+01 +1.371042755e+02 +1.371042755e+02 -1.4750e-02 +6.6250e-02 -8.6500e-02
41 0 +2.137055928e+01 +1.370505593e+02 +1.370505593e+02 -1.1851e-02 +5.7354e-02 -7.5304e-02
64 0 +2.073517962e+01 +1.364151796e+02 +1.364151796e+02 -1.7683e-02 +6.1259e-02 -7.9300e-02
67 0 +2.024668667e+01 +1.359266867e+02 +1.359266867e+02 -2.2654e-02 +6.2916e-02 -8.0854e-02
69 0 +1.982822751e+01 +1.355082275e+02 +1.355082275e+02 -2.7204e-02 +6.5138e-02 -8.2727e-02
70 0 +1.929154484e+01 +1.349715448e+02 +1.349715448e+02 -3.2418e-02 +6.6263e-02 -8.3202e-02
72 0 +1.892024151e+01 +1.346002415e+02 +1.346002415e+02 -3.4942e-02 +6.4897e-02 -8.1232e-02
73 0 +1.821980947e+01 +1.338998095e+02 +1.338998095e+02 -4.0571e-02 +6.3829e-02 -7.8880e-02
74 0 +1.779424496e+01 +1.334742450e+02 +1.334742450e+02 -4.7918e-02 +6.9621e-02 -8.5000e-02
75 0 +1.672897571e+01 +1.324089757e+02 +1.324089757e+02 -6.0551e-02 +7.2974e-02 -8.7074e-02
76 0 +1.657457491e+01 +1.322545749e+02 +1.322545749e+02 -5.6157e-02 +6.6662e-02 -7.9405e-02
77 0 +1.526152209e+01 +1.309415221e+02 +1.309415221e+02 -6.7801e-02 +6.5635e-02 -7.5758e-02
78 0 +1.416095890e+01 +1.298409589e+02 +1.298409589e+02 -8.0198e-02 +6.8696e-02 -7.7939e-02
79 0 +1.205327990e+01 +1.277332799e+02 +1.277332799e+02 -1.0409e-01 +6.9912e-02 -7.5307e-02
80 0 +1.161965930e+01 +1.272996593e+02 +1.272996593e+02 -1.1439e-01 +7.5185e-02 -7.9879e-02
81 0 +1.007523224e+01 +1.257552322e+02 +1.257552322e+02 -1.5130e-01 +8.0864e-02 -8.0379e-02
82 0 +9.256295370e+00 +1.249362954e+02 +1.249362954e+02 -1.5491e-01 +7.1301e-02 -6.7223e-02
93 0 +8.960299411e+00 +1.246402994e+02 +1.246402994e+02 -1.8062e-01 +7.3383e-02 -6.5373e-02
% f evaluations | g evaluations | best noise-free fitness - Fopt (-3.710000000000e+00) + sum g_i+ | measured fitness | best measured fitness or single-digit g-values | x1 | x2...
1 0 +7.156572542e+01 +6.785572542e+01 +6.785572542e+01 +0.0000e+00 +0.0000e+00 +0.0000e+00
2 0 +7.155772376e+01 +6.784772376e+01 +6.784772376e+01 +2.5000e-04 +0.0000e+00 +0.0000e+00
22 0 +7.066245476e+01 +6.695245476e+01 +6.695245476e+01 +8.2500e-03 +4.9167e-03 -1.5833e-02
% f evaluations | g evaluations | best noise-free fitness - Fopt (1.321800000000e+02) + sum g_i+ | measured fitness | best measured fitness or single-digit g-values | x1 | x2...
1 0 +1.579813147e+02 +2.901613147e+02 +2.901613147e+02 +0.0000e+00 +0.0000e+00 +0.0000e+00
2 0 +1.579653815e+02 +2.901453815e+02 +2.901453815e+02 +2.5000e-04 +0.0000e+00 +0.0000e+00
53 0 +1.547158641e+02 +2.868958641e+02 +2.868958641e+02 +3.3057e-02 -1.2626e-02 -3.2386e-02
63 0 +1.502530422e+02 +2.824330422e+02 +2.824330422e+02 +8.0990e-02 -5.5207e-02 -3.1061e-02
78 0 +1.478293323e+02 +2.800093323e+02 +2.800093323e+02 +1.4895e-01 -1.1275e-01 -2.7078e-02
% f evaluations | g evaluations | best noise-free fitness - Fopt (1.204300000000e+02) + sum g_i+ | measured fitness | best measured fitness or single-digit g-values | x1 | x2...
1 0 +1.847478133e+02 +3.051778133e+02 +3.051778133e+02 +0.0000e+00 +0.0000e+00 +0.0000e+00
2 0 +1.847420779e+02 +3.051720779e+02 +3.051720779e+02 +2.5000e-04 +0.0000e+00 +0.0000e+00
22 0 +1.812907532e+02 +3.017207532e+02 +3.017207532e+02 -5.0000e-03 +1.7500e-03 +1.1750e-02
26 0 +1.768660023e+02 +2.972960023e+02 +2.972960023e+02 -1.0833e-02 +2.0833e-03 +2.7500e-02
28 0 +1.729645614e+02 +2.933945614e+02 +2.933945614e+02 -1.8333e-02 +5.3333e-03 +4.2250e-02
30 0 +1.686615752e+02 +2.890915752e+02 +2.890915752e+02 -2.7667e-02 +6.0833e-03 +6.5083e-02
56 0 +1.659398851e+02 +2.863698851e+02 +2.863698851e+02 -5.1697e-02 +1.8361e-02 +1.0042e-01
66 0 +1.613219427e+02 +2.817519427e+02 +2.817519427e+02 -1.2104e-01 +7.5108e-02 +1.0085e-01
69 0 +1.568537875e+02 +2.772837875e+02 +2.772837875e+02 -1.8478e-01 +1.2934e-01 +8.7717e-02
71 0 +1.541188247e+02 +2.745488247e+02 +2.745488247e+02 -2.3198e-01 +1.6935e-01 +8.7737e-02
73 0 +1.509549936e+02 +2.713849936e+02 +2.713849936e+02 -3.1654e-01 +2.3416e-01 +1.0412e-01
127 0 +1.476879409e+02 +2.681179409e+02 +2.681179409e+02 -4.3479e-01 +3.0366e-01 +9.0637e-02
133 0 +1.433839035e+02 +2.638139035e+02 +2.638139035e+02 -4.7313e-01 +2.8254e-01 +8.5122e-02
136 0 +1.410823485e+02 +2.615123485e+02 +2.615123485e+02 -5.6361e-01 +2.7659e-01 +6.7500e-02
139 0 +1.376241942e+02 +2.580541942e+02 +2.580541942e+02 -5.3207e-01 +1.9270e-01 +7.7842e-02
% f evaluations | g evaluations | best noise-free fitness - Fopt (1.122600000000e+02) + sum g_i+ | measured fitness | best measured fitness or single-digit g-values | x1 | x2...
1 0 +4.656456470e+01 +1.588245647e+02 +1.588245647e+02 +0.0000e+00 +0.0000e+00 +0.0000e+00
5 0 +4.655738784e+01 +1.588173878e+02 +1.588173878e+02 +1.6667e-04 -2.5000e-04 +1.6667e-04
21 0 +4.562492221e+01 +1.578849222e+02 +1.578849222e+02 +8.2500e-03 -1.0500e-02 -3.7500e-03
25 0 +4.445810908e+01 +1.567181091e+02 +1.567181091e+02 +1.8500e-02 -2.3167e-02 -1.0250e-02
27 0 +4.340565972e+01 +1.556656597e+02 +1.556656597e+02 +2.9000e-02 -3.7667e-02 -1.4000e-02
29 0 +4.198883830e+01 +1.542488383e+02 +1.542488383e+02 +4.3250e-02 -5.6500e-02 -2.2750e-02
30 0 +4.160403270e+01 +1.538640327e+02 +1.538640327e+02 +4.8250e-02 -6.1556e-02 -2.5333e-02
31 0 +4.013698396e+01 +1.523969840e+02 +1.523969840e+02 +6.6250e-02 -8.4000e-02 -3.5000e-02
32 0 +3.956317509e+01 +1.518231751e+02 +1.518231751e+02 +7.3833e-02 -9.5611e-02 -3.7583e-02
33 0 +3.777015627e+01 +1.500301563e+02 +1.500301563e+02 +1.0150e-01 -1.3183e-01 -5.1250e-02
35 0 +3.564532825e+01 +1.479053282e+02 +1.479053282e+02 +1.5300e-01 -1.9700e-01 -8.1000e-02
36 0 +3.546373160e+01 +1.477237316e+02 +1.477237316e+02 +1.7058e-01 -2.1872e-01 -8.8750e-02
62 0 +3.455821790e+01 +1.468182179e+02 +1.468182179e+02 +1.9159e-01 -2.3335e-01 -1.0292e-01
65 0 +3.351705410e+01 +1.457770541e+02 +1.457770541e+02 +1.8873e-01 -2.1516e-01 -1.0293e-01
67 0 +3.269439220e+01 +1.449543922e+02 +1.449543922e+02 +2.1223e-01 -2.3630e-01 -1.1948e-01
68 0 +3.187166849e+01 +1.441316685e+02 +1.441316685e+02 +2.3252e-01 -2.4944e-01 -1.3349e-01
70 0 +3.062999857e+01 +1.428899986e+02 +1.428899986e+02 +2.0501e-01 -1.9447e-01 -1.2107e-01
71 0 +3.009717062e+01 +1.423571706e+02 +1.423571706e+02 +2.3152e-01 -2.2654e-01 -1.3448e-01
72 0 +2.882602980e+01 +1.410860298e+02 +1.410860298e+02 +2.5429e-01 -2.3339e-01 -1.4980e-01
75 0 +2.667361499e+01 +1.389336150e+02 +1.389336150e+02 +2.5533e-01 -1.9338e-01 -1.5818e-01
76 0 +2.592832575e+01 +1.381883258e+02 +1.381883258e+02 +2.6674e-01 -1.6534e-01 -1.7052e-01
89 0 +2.557223013e+01 +1.378322301e+02 +1.378322301e+02 +2.7031e-01 -1.5415e-01 -1.7147e-01
93 0 +2.497978949e+01 +1.372397895e+02 +1.372397895e+02 +2.7177e-01 -1.6734e-01 -1.6438e-01
96 0 +2.414107340e+01 +1.364010734e+02 +1.364010734e+02 +2.8264e-01 -1.5538e-01 -1.6673e-01
97 0 +2.348051437e+01 +1.357405144e+02 +1.357405144e+02 +2.9475e-01 -1.5812e-01 -1.6874e-01
99 0 +2.298530553e+01 +1.352453055e+02 +1.352453055e+02 +3.0330e-01 -1.8407e-01 -1.6278e-01
100 0 +2.287052725e+01 +1.351305273e+02 +1.351305273e+02 +3.2346e-01 -2.1129e-01 -1.6334e-01
101 0 +2.130132907e+01 +1.335613291e+02 +1.335613291e+02 +3.2476e-01 -1.7401e-01 -1.6449e-01
102 0 +1.990517873e+01 +1.321651787e+02 +1.321651787e+02 +3.5000e-01 -1.7684e-01 -1.6609e-01
107 0 +1.806860495e+01 +1.303286050e+02 +1.303286050e+02 +4.1221e-01 -2.0820e-01 -1.6468e-01
108 0 +1.665612570e+01 +1.289161257e+02 +1.289161257e+02 +4.3576e-01 -2.0227e-01 -1.5927e-01
111 0 +1.556519353e+01 +1.278251935e+02 +1.278251935e+02 +4.9200e-01 -1.7189e-01 -1.6823e-01
113 0 +1.444003209e+01 +1.267000321e+02 +1.267000321e+02 +4.7269e-01 -9.9660e-02 -1.5265e-01
123 0 +1.406784833e+01 +1.263278483e+02 +1.263278483e+02 +4.8965e-01 -1.3377e-01 -1.5263e-01
% f evaluations | g evaluations | best noise-free fitness - Fopt (-8.229300000000e+02) + sum g_i+ | measured fitness | best measured fitness or single-digit g-values | x1 | x2...
1 0 +8.636334664e+01 -7.365666534e+02 -7.365666534e+02 +0.0000e+00 +0.0000e+00 +0.0000e+00
2 0 +8.636021190e+01 -7.365697881e+02 -7.365697881e+02 +2.5000e-04 +0.0000e+00 +0.0000e+00
19 0 +8.509636034e+01 -7.378336397e+02 -7.378336397e+02 +4.4444e-04 -3.6667e-03 +5.8056e-03
24 0 +8.203153567e+01 -7.408984643e+02 -7.408984643e+02 +2.1667e-03 -1.2250e-02 +1.8833e-02
26 0 +7.990143117e+01 -7.430285688e+02 -7.430285688e+02 +2.0833e-03 -1.8500e-02 +2.7500e-02
27 0 +7.905753229e+01 -7.438724677e+02 -7.438724677e+02 +3.6667e-03 -2.1000e-02 +3.0806e-02
28 0 +7.628283382e+01 -7.466471662e+02 -7.466471662e+02 +5.3333e-03 -2.9000e-02 +4.2250e-02
29 0 +7.521040936e+01 -7.477195906e+02 -7.477195906e+02 +4.6389e-03 -3.1583e-02 +4.7306e-02
30 0 +7.177286246e+01 -7.511571375e+02 -7.511571375e+02 +6.0833e-03 -4.3250e-02 +6.5083e-02
31 0 +7.075979084e+01 -7.521702092e+02 -7.521702092e+02 +6.8333e-03 -4.8250e-02 +7.1056e-02
32 0 +6.851151825e+01 -7.544184817e+02 -7.544184817e+02 +9.1667e-03 -6.6250e-02 +9.7167e-02
59 0 +6.753853574e+01 -7.553914643e+02 -7.553914643e+02 +1.2355e-02 -7.4559e-02 +1.0065e-01
64 0 +6.583507691e+01 -7.570949231e+02 -7.570949231e+02 +1.3858e-02 -8.4820e-02 +9.9484e-02
67 0 +6.449357342e+01 -7.584364266e+02 -7.584364266e+02 +1.4758e-02 -9.9213e-02 +1.1071e-01
69 0 +6.184893583e+01 -7.610810642e+02 -7.610810642e+02 +1.6443e-02 -1.1052e-01 +1.0567e-01
70 0 +5.910919642e+01 -7.638208036e+02 -7.638208036e+02 +1.8446e-02 -1.2421e-01 +1.0411e-01
71 0 +5.880732310e+01 -7.641226769e+02 -7.641226769e+02 +1.8082e-02 -1.3512e-01 +1.1806e-01
72 0 +5.597740406e+01 -7.669525959e+02 -7.669525959e+02 +2.0194e-02 -1.6027e-01 +1.2735e-01
73 0 +5.464724837e+01 -7.682827516e+02 -7.682827516e+02 +2.3625e-02 -1.6860e-01 +1.2694e-01
74 0 +5.343205294e+01 -7.694979471e+02 -7.694979471e+02 +2.8905e-02 -2.0544e-01 +1.3776e-01
75 0 +5.188118508e+01 -7.710488149e+02 -7.710488149e+02 +2.8634e-02 -2.1582e-01 +1.2925e-01
82 0 +5.000059518e+01 -7.729294048e+02 -7.729294048e+02 +2.9599e-02 -2.1449e-01 +1.1781e-01
83 0 +4.878862439e+01 -7.741413756e+02 -7.741413756e+02 +2.9946e-02 -2.1901e-01 +1.0783e-01
89 0 +4.769374739e+01 -7.752362526e+02 -7.752362526e+02 +2.5630e-02 -2.0198e-01 +7.8560e-02
134 0 +4.663086846e+01 -7.762991315e+02 -7.762991315e+02 +5.4336e-02 -2.0687e-01 +8.2808e-02
140 0 +4.561910357e+01 -7.773108964e+02 -7.773108964e+02 +8.5803e-02 -2.0249e-01 +7.3763e-02
143 0 +4.418118292e+01 -7.787488171e+02 -7.787488171e+02 +1.3813e-01 -1.8852e-01 +5.9968e-02
144 0 +4.316907909e+01 -7.797609209e+02 -7.797609209e+02 +1.7467e-01 -1.7842e-01 +5.2199e-02
145 0 +4.205144585e+01 -7.808785542e+02 -7.808785542e+02 +1.7554e-01 -1.8696e-01 +5.3636e-02
146 0 +4.003200472e+01 -7.828979953e+02 -7.828979953e+02 +2.2009e-01 -1.8166e-01 +4.5463e-02
148 0 +3.872591538e+01 -7.842040846e+02 -7.842040846e+02 +2.6711e-01 -1.6526e-01 +4.5483e-02
152 0 +3.702406978e+01 -7.859059302e+02 -7.859059302e+02 +2.6965e-01 -1.7631e-01 +4.6330e-02
153 0 +3.569708917e+01 -7.872329108e+02 -7.872329108e+02 +2.6475e-01 -1.8328e-01 +5.1565e-02
157 0 +3.536181985e+01 -7.875681801e+02 -7.875681801e+02 +3.2520e-01 -1.7842e-01 +4.6074e-02
159 0 +3.324719819e+01 -7.896828018e+02 -7.896828018e+02 +3.3924e-01 -1.8548e-01 +5.5935e-02
160 0 +3.231134155e+01 -7.906186585e+02 -7.906186585e+02 +3.6210e-01 -1.9376e-01 +6.3942e-02
161 0 +3.114864228e+01 -7.917813577e+02 -7.917813577e+02 +3.2389e-01 -2.1138e-01 +6.2068e-02
165 0 +3.028367181e+01 -7.926463282e+02 -7.926463282e+02 +3.0691e-01 -2.1176e-01 +7.3979e-02
172 0 +3.018208308e+01 -7.927479169e+02 -7.927479169e+02 +3.3573e-01 -2.2140e-01 +7.9330e-02
% f evaluations | g evaluations | best noise-free fitness - Fopt (-2.443800000000e+02) + sum g_i+ | measured fitness | best measured fitness or single-digit g-values | x1 | x2...
1 0 +1.029064226e+02 -1.414735774e+02 -1.414735774e+02 +0.0000e+00 +0.0000e+00 +0.0000e+00
3 0 +1.028991768e+02 -1.414808232e+02 -1.414808232e+02 +0.0000e+00 +2.5000e-04 +0.0000e+00
17 0 +1.021708375e+02 -1.422091625e+02 -1.422091625e+02 -1.5000e-03 +7.5000e-04 +4.5000e-03
23 0 +9.869539804e+01 -1.456846020e+02 -1.456846020e+02 -6.2500e-03 +2.4167e-03 +1.6417e-02
25 0 +9.520467787e+01 -1.491753221e+02 -1.491753221e+02 -1.0500e-02 +2.7500e-03 +2.5500e-02
27 0 +9.035268871e+01 -1.540273113e+02 -1.540273113e+02 -1.4250e-02 +3.5000e-03 +3.8500e-02
28 0 +8.902946933e+01 -1.553505307e+02 -1.553505307e+02 -1.6667e-02 +5.1111e-03 +4.2694e-02
29 0 +8.647020263e+01 -1.579097974e+02 -1.579097974e+02 -2.3000e-02 +7.3333e-03 +5.8583e-02
64 0 +8.497039266e+01 -1.594096073e+02 -1.594096073e+02 -2.5110e-02 +3.6346e-02 +5.8361e-02
68 0 +8.286215238e+01 -1.615178476e+02 -1.615178476e+02 -2.9707e-02 +7.0936e-02 +6.7460e-02
70 0 +7.946195317e+01 -1.649180468e+02 -1.649180468e+02 -2.8549e-02 +1.0794e-01 +5.6113e-02
71 0 +7.874281827e+01 -1.656371817e+02 -1.656371817e+02 -3.0649e-02 +1.1626e-01 +6.3373e-02
72 0 +7.592348882e+01 -1.684565112e+02 -1.684565112e+02 -3.3418e-02 +1.5622e-01 +6.5879e-02
73 0 +7.499714391e+01 -1.693828561e+02 -1.693828561e+02 -3.5734e-02 +1.7337e-01 +6.7273e-02
74 0 +7.344674702e+01 -1.709332530e+02 -1.709332530e+02 -4.0911e-02 +2.3503e-01 +7.1395e-02
83 0 +7.238275210e+01 -1.719972479e+02 -1.719972479e+02 -3.7341e-02 +2.5453e-01 +6.0714e-02
157 0 +7.052185698e+01 -1.738581430e+02 -1.738581430e+02 -1.9591e-01 +2.8283e-01 +6.7539e-02
159 0 +6.636115257e+01 -1.780188474e+02 -1.780188474e+02 -2.8581e-01 +2.9765e-01 +7.5346e-02
160 0 +6.398755762e+01 -1.803924424e+02 -1.803924424e+02 -3.1883e-01 +3.1063e-01 +7.6006e-02
161 0 +6.042497637e+01 -1.839550236e+02 -1.839550236e+02 -4.2485e-01 +3.3647e-01 +8.1760e-02
171 0 +5.980730497e+01 -1.845726950e+02 -1.845726950e+02 -4.1968e-01 +3.3217e-01 +8.0779e-02
186 0 +5.874345590e+01 -1.856365441e+02 -1.856365441e+02 -4.1701e-01 +3.2651e-01 +7.8540e-02
190 0 +5.721606654e+01 -1.871639335e+02 -1.871639335e+02 -3.9681e-01 +3.1380e-01 +7.3505e-02
192 0 +5.597642983e+01 -1.884035702e+02 -1.884035702e+02 -4.2723e-01 +3.0913e-01 +7.2482e-02
194 0 +5.474636613e+01 -1.896336339e+02 -1.896336339e+02 -4.1662e-01 +2.9958e-01 +6.7653e-02
197 0 +5.325961204e+01 -1.911203880e+02 -1.911203880e+02 -4.2492e-01 +2.7820e-01 +6.0830e-02
% f evaluations | g evaluations | best noise-free fitness - Fopt (-3.250900000000e+02) + sum g_i+ | measured fitness | best measured fitness or single-digit g-values | x1 | x2...
1 0 +1.158135738e+02 -2.092764262e+02 -2.092764262e+02 +0.0000e+00 +0.0000e+00 +0.0000e+00
4 0 +1.157495504e+02 -2.093404496e+02 -2.093404496e+02 +0.0000e+00 +0.0000e+00 +2.5000e-04
16 0 +1.144776548e+02 -2.106123452e+02 -2.106123452e+02 -2.5000e-04 -4.5000e-03 +3.5000e-03
22 0 +1.112412979e+02 -2.138487021e+02 -2.138487021e+02 -1.7500e-03 -1.6500e-02 +1.2250e-02
24 0 +1.091745822e+02 -2.159154178e+02 -2.159154178e+02 -4.2500e-03 -2.4500e-02 +1.8500e-02
26 0 +1.062047061e+02 -2.188852939e+02 -2.188852939e+02 -6.0000e-03 -3.7000e-02 +2.9000e-02
28 0 +1.028639613e+02 -2.222260387e+02 -2.222260387e+02 -8.0000e-03 -5.8000e-02 +4.3250e-02
29 0 +1.021161263e+02 -2.229738737e+02 -2.229738737e+02 -1.0417e-02 -6.3167e-02 +4.8250e-02
64 0 +9.997195068e+01 -2.251180493e+02 -2.251180493e+02 -1.3385e-02 -1.0515e-01 +7.6149e-02
80 0 +9.705577704e+01 -2.280342230e+02 -2.280342230e+02 +4.2319e-02 -2.0834e-01 +5.4360e-02
82 0 +9.394591628e+01 -2.311440837e+02 -2.311440837e+02 +6.9910e-02 -2.5914e-01 +4.7855e-02
84 0 +9.255551370e+01 -2.325344863e+02 -2.325344863e+02 +8.5595e-02 -3.1248e-01 +4.8281e-02
128 0 +9.118234800e+01 -2.339076520e+02 -2.339076520e+02 +6.5261e-02 -3.0095e-01 +6.2753e-02
% f evaluations | g evaluations | best noise-free fitness - Fopt (3.960400000000e+02) + sum g_i+ | measured fitness | best measured fitness or single-digit g-values | x1 | x2...
1 0 +1.019287720e+02 +4.979687720e+02 +4.979687720e+02 +0.0000e+00 +0.0000e+00 +0.0000e+00
2 0 +1.019114874e+02 +4.979514874e+02 +4.979514874e+02 +2.5000e-04 +0.0000e+00 +0.0000e+00
22 0 +9.969297039e+01 +4.957329704e+02 +4.957329704e+02 +2.9167e-03 +4.9167e-03 +8.2500e-03
26 0 +9.613824136e+01 +4.921782414e+02 +4.921782414e+02 +6.5833e-03 +1.0333e-02 +2.1000e-02
28 0 +9.318965234e+01 +4.892296523e+02 +4.892296523e+02 +9.0000e-03 +1.6667e-02 +2.9583e-02
30 0 +8.779482046e+01 +4.838348205e+02 +4.838348205e+02 +1.3250e-02 +2.3917e-02 +4.7583e-02
31 0 +8.619520109e+01 +4.822352011e+02 +4.822352011e+02 +1.5722e-02 +2.7194e-02 +5.1944e-02
32 0 +8.051062895e+01 +4.765506290e+02 +4.765506290e+02 +2.1833e-02 +3.7417e-02 +7.1167e-02
33 0 +7.870980392e+01 +4.747498039e+02 +4.747498039e+02 +2.2806e-02 +4.1667e-02 +7.7889e-02
34 0 +7.297467912e+01 +4.690146791e+02 +4.690146791e+02 +3.0917e-02 +5.7333e-02 +1.0633e-01
35 0 +7.159596298e+01 +4.676359630e+02 +4.676359630e+02 +3.5000e-02 +6.2444e-02 +1.2047e-01
42 0 +7.075851111e+01 +4.667985111e+02 +4.667985111e+02 +3.7954e-02 +6.8664e-02 +1.2958e-01
85 0 +6.907182034e+01 +4.651118203e+02 +4.651118203e+02 +4.9448e-02 +8.8213e-02 +1.2839e-01
% f evaluations | g evaluations | best noise-free fitness - Fopt (7.518000000000e+01) + sum g_i+ | measured fitness | best measured fitness or single-digit g-values | x1 | x2...
1 0 +1.139342740e+02 +1.891142740e+02 +1.891142740e+02 +0.0000e+00 +0.0000e+00 +0.0000e+00
3 0 +1.139150923e+02 +1.890950923e+02 +1.890950923e+02 +0.0000e+00 +2.5000e-04 +0.0000e+00
26 0 +1.121958483e+02 +1.873758483e+02 +1.873758483e+02 -1.0583e-02 +2.8056e-02 -1.9944e-02
52 0 +1.095829538e+02 +1.847629538e+02 +1.847629538e+02 -2.9629e-02 +7.8945e-02 -2.0599e-02
% f evaluations | g evaluations | best noise-free fitness - Fopt (-1.882400000000e+02) + sum g_i+ | measured fitness | best measured fitness or single-digit g-values | x1 | x2...
1 0 +2.666827511e+02 +7.844275109e+01 +7.844275109e+01 +0.0000e+00 +0.0000e+00 +0.0000e+00
3 0 +2.666538897e+02 +7.841388966e+01 +7.841388966e+01 +0.0000e+00 +2.5000e-04 +0.0000e+00
20 0 +2.618190054e+02 +7.357900541e+01 +7.357900541e+01 +2.0000e-03 +6.5833e-03 -1.1000e-02
24 0 +2.549636219e+02 +6.672362195e+01 +6.672362195e+01 +3.5000e-03 +1.3500e-02 -2.3500e-02
26 0 +2.467246149e+02 +5.848461488e+01 +5.848461488e+01 +6.5833e-03 +2.1000e-02 -3.7667e-02
27 0 +2.452425072e+02 +5.700250725e+01 +5.700250725e+01 +6.6667e-03 +2.1917e-02 -4.0333e-02
28 0 +2.377821671e+02 +4.954216713e+01 +4.954216713e+01 +9.0000e-03 +2.9583e-02 -5.5000e-02
30 0 +2.297174250e+02 +4.147742501e+01 +4.147742501e+01 +1.3250e-02 +4.7583e-02 -8.4500e-02
65 0 +2.289929773e+02 +4.075297732e+01 +4.075297732e+01 +1.2546e-02 +5.5486e-02 -9.1240e-02
82 0 +2.238607458e+02 +3.562074581e+01 +3.562074581e+01 -2.7196e-02 +1.4884e-01 -1.0111e-01
145 0 +2.185419500e+02 +3.030195005e+01 +3.030195005e+01 -1.2039e-01 +2.3783e-01 -8.7066e-02
156 0 +2.124359504e+02 +2.419595040e+01 +2.419595040e+01 -2.6112e-01 +2.7183e-01 -9.8931e-02
163 0 +2.081086160e+02 +1.986861603e+01 +1.986861603e+01 -3.5119e-01 +2.5250e-01 -8.6367e-02
% f evaluations | g evaluations | best noise-free fitness - Fopt (1.294700000000e+02) + sum g_i+ | measured fitness | best measured fitness or single-digit g-values | x1 | x2...
1 0 +6.135269599e+01 +1.908226960e+02 +1.908226960e+02 +0.0000e+00 +0.0000e+00 +0.0000e+00
2 0 +6.134488323e+01 +1.908148832e+02 +1.908148832e+02 +2.5000e-04 +0.0000e+00 +0.0000e+00
20 0 +6.014890685e+01 +1.896189069e+02 +1.896189069e+02 +4.0000e-03 +8.2500e-03 -1.0000e-02
23 0 +5.853454948e+01 +1.880045495e+02 +1.880045495e+02 +7.5000e-03 +1.3500e-02 -1.7833e-02
24 0 +5.673010031e+01 +1.862001003e+02 +1.862001003e+02 +1.0500e-02 +1.8500e-02 -2.4500e-02
25 0 +5.597993718e+01 +1.854499372e+02 +1.854499372e+02 +1.0583e-02 +2.1000e-02 -2.7000e-02
26 0 +5.269866823e+01 +1.821686682e+02 +1.821686682e+02 +1.4250e-02 +2.9000e-02 -3.7000e-02
27 0 +5.103274682e+01 +1.805027468e+02 +1.805027468e+02 +1.6667e-02 +3.1583e-02 -4.2000e-02
28 0 +4.563798684e+01 +1.751079868e+02 +1.751079868e+02 +2.3000e-02 +4.3250e-02 -5.8000e-02
29 0 +4.391714766e+01 +1.733871477e+02 +1.733871477e+02 +2.5583e-02 +4.8250e-02 -6.3167e-02
30 0 +3.780957769e+01 +1.672795777e+02 +1.672795777e+02 +3.5250e-02 +6.6250e-02 -8.6500e-02
31 0 +3.591612232e+01 +1.653861223e+02 +1.653861223e+02 +3.7833e-02 +7.3833e-02 -9.6500e-02
32 0 +3.103252531e+01 +1.605025253e+02 +1.605025253e+02 +5.1500e-02 +1.0150e-01 -1.3250e-01
33 0 +2.962238330e+01 +1.590923833e+02 +1.590923833e+02 +5.8917e-02 +1.1167e-01 -1.4767e-01
34 0 +2.790398812e+01 +1.573739881e+02 +1.573739881e+02 +8.1250e-02 +1.5300e-01 -2.0300e-01
51 0 +2.753700073e+01 +1.570070007e+02 +1.570070007e+02 +7.2809e-02 +1.3896e-01 -1.8288e-01
94 0 +2.689399591e+01 +1.563639959e+02 +1.563639959e+02 +7.1258e-02 +1.6818e-01 -1.9175e-01
148 0 +2.627611144e+01 +1.557461114e+02 +1.557461114e+02 +6.0341e-02 +1.7143e-01 -1.6495e-01
155 0 +2.566638302e+01 +1.551363830e+02 +1.551363830e+02 +7.6653e-02 +1.6728e-01 -1.7561e-01
158 0 +2.459302188e+01 +1.540630219e+02 +1.540630219e+02 +9.2667e-02 +1.6394e-01 -1.7200e-01
160 0 +2.406798806e+01 +1.535379881e+02 +1.535379881e+02 +1.1205e-01 +1.5943e-01 -1.8620e-01
161 0 +2.348893425e+01 +1.529589342e+02 +1.529589342e+02 +1.3239e-01 +1.5259e-01 -1.9332e-01
162 0 +2.278946855e+01 +1.522594685e+02 +1.522594685e+02 +1.3033e-01 +1.5891e-01 -1.8546e-01
163 0 +2.156634191e+01 +1.510363419e+02 +1.510363419e+02 +1.5310e-01 +1.5576e-01 -1.8772e-01
167 0 +1.967088742e+01 +1.491408874e+02 +1.491408874e+02 +2.0638e-01 +1.4036e-01 -1.9143e-01
168 0 +1.812747782e+01 +1.475974778e+02 +1.475974778e+02 +2.4338e-01 +1.3425e-01 -1.9048e-01
172 0 +1.540274250e+01 +1.448727425e+02 +1.448727425e+02 +3.2759e-01 +1.2442e-01 -1.9969e-01
173 0 +1.478177999e+01 +1.442517800e+02 +1.442517800e+02 +3.9108e-01 +1.1741e-01 -1.9705e-01
177 0 +1.392817143e+01 +1.433981714e+02 +1.433981714e+02 +4.1172e-01 +1.1304e-01 -1.8017e-01
181 0 +1.327688876e+01 +1.427468888e+02 +1.427468888e+02 +3.8457e-01 +1.2552e-01 -1.8501e-01
182 0 +1.234593737e+01 +1.418159374e+02 +1.418159374e+02 +3.8541e-01 +1.3471e-01 -1.7980e-01
184 0 +1.220148053e+01 +1.416714805e+02 +1.416714805e+02 +4.3616e-01 +1.3105e-01 -1.6152e-01
186 0 +1.107961005e+01 +1.405496101e+02 +1.405496101e+02 +4.4684e-01 +1.5198e-01 -1.5413e-01
187 0 +1.078419245e+01 +1.402541925e+02 +1.402541925e+02 +4.6440e-01 +1.7144e-01 -1.4111e-01
188 0 +1.036323622e+01 +1.398332362e+02 +1.398332362e+02 +4.2860e-01 +1.7108e-01 -1.3188e-01
192 0 +1.008292355e+01 +1.395529235e+02 +1.395529235e+02 +4.1529e-01 +1.8876e-01 -1.4448e-01
202 0 +9.967998322e+00 +1.394379983e+02 +1.394379983e+02 +4.0572e-01 +1.7720e-01 -1.4605e-01
% f evaluations | g evaluations | best noise-free fitness - Fopt (1.683100000000e+02) + sum g_i+ | measured fitness | best measured fitness or single-digit g-values | x1 | x2...
1 0 +2.639721950e+01 +1.947072195e+02 +1.947072195e+02 +0.0000e+00 +0.0000e+00 +0.0000e+00
2 0 +2.638543723e+01 +1.946954372e+02 +1.946954372e+02 +2.5000e-04 +0.0000e+00 +0.0000e+00
9 0 +2.626988648e+01 +1.945798865e+02 +1.945798865e+02 +8.3333e-05 -8.3333e-04 +8.3333e-04
18 0 +2.566731784e+01 +1.939773178e+02 +1.939773178e+02 +2.0000e-03 -6.3333e-03 +3.6667e-03
23 0 +2.508656977e+01 +1.933965698e+02 +1.933965698e+02 +4.9722e-03 -1.7278e-02 +9.8333e-03
70 0 +2.446725433e+01 +1.927772543e+02 +1.927772543e+02 +2.2862e-02 -2.2990e-02 +4.2894e-03
74 0 +2.381045603e+01 +1.921204560e+02 +1.921204560e+02 +3.9443e-02 -2.7477e-02 +1.6218e-03
76 0 +2.328395514e+01 +1.915939551e+02 +1.915939551e+02 +6.2043e-02 -3.1298e-02 -7.7734e-03
78 0 +2.242951754e+01 +1.907395175e+02 +1.907395175e+02 +8.6540e-02 -3.3965e-02 -1.4928e-02
79 0 +2.235420241e+01 +1.906642024e+02 +1.906642024e+02 +9.4574e-02 -4.0655e-02 -1.3855e-02
86 0 +2.154697946e+01 +1.898569795e+02 +1.898569795e+02 +1.3610e-01 -5.1539e-02 -2.2170e-02
88 0 +2.120702063e+01 +1.895170206e+02 +1.895170206e+02 +1.5737e-01 -5.2169e-02 -3.0230e-02
91 0 +2.031690201e+01 +1.886269020e+02 +1.886269020e+02 +1.5626e-01 -5.4519e-02 -2.2398e-02
92 0 +1.976976669e+01 +1.880797667e+02 +1.880797667e+02 +1.7556e-01 -6.0116e-02 -2.2568e-02
97 0 +1.859951456e+01 +1.869095146e+02 +1.869095146e+02 +1.7758e-01 -5.6772e-02 -2.0367e-02
98 0 +1.768120205e+01 +1.859912020e+02 +1.859912020e+02 +1.7996e-01 -5.8630e-02 -1.3049e-02
102 0 +1.602664663e+01 +1.843366466e+02 +1.843366466e+02 +2.3865e-01 -6.9895e-02 -1.1838e-02
103 0 +1.563378818e+01 +1.839437882e+02 +1.839437882e+02 +2.4947e-01 -7.6641e-02 +2.7671e-03
104 0 +1.506469005e+01 +1.833746901e+02 +1.833746901e+02 +2.0754e-01 -6.3148e-02 +1.7411e-03
109 0 +1.351104657e+01 +1.818210466e+02 +1.818210466e+02 +2.5090e-01 -6.7374e-02 +4.4146e-03
110 0 +1.249131854e+01 +1.808013185e+02 +1.808013185e+02 +2.5161e-01 -6.2741e-02 +5.2384e-03
115 0 +1.087649506e+01 +1.791864951e+02 +1.791864951e+02 +2.5445e-01 -4.8835e-02 -7.9425e-03
116 0 +9.960139349e+00 +1.782701393e+02 +1.782701393e+02 +2.4906e-01 -3.7342e-02 -1.2078e-02
118 0 +9.302151493e+00 +1.776121515e+02 +1.776121515e+02 +2.3694e-01 -3.9403e-02 +2.8968e-03
120 0 +7.938996305e+00 +1.762489963e+02 +1.762489963e+02 +2.6894e-01 -2.4334e-02 -9.3838e-03
124 0 +7.387308337e+00 +1.756973083e+02 +1.756973083e+02 +2.7035e-01 -3.4335e-02 +6.6787e-03
125 0 +6.921258235e+00 +1.752312582e+02 +1.752312582e+02 +2.8100e-01 -3.2832e-02 +1.6057e-02
127 0 +6.147508080e+00 +1.744575081e+02 +1.744575081e+02 +3.0129e-01 -1.2927e-02 +6.3796e-03
141 0 +5.999037736e+00 +1.743090377e+02 +1.743090377e+02 +2.9068e-01 -1.5886e-02 +1.6187e-02
