% f evaluations | g evaluations | best noise-free fitness - Fopt (-4.620900000000e+02) + sum g_i+ | measured fitness | best measured fitness or single-digit g-values | x1 | x2...
1 0 +7.902572256e+01 -3.830642774e+02 -3.830642774e+02 +0.0000e+00 +0.0000e+00
3 0 +7.817847065e+01 -3.839115294e+02 -3.839115294e+02 +1.0000e-01 +0.0000e+00
4 0 +7.682930002e+01 -3.852607000e+02 -3.852607000e+02 +0.0000e+00 +1.0000e-01
139 0 +3.095352557e+01 -4.311364744e+02 -4.311364744e+02 -1.7115e+00 +1.1248e+00
140 0 +2.762513176e+01 -4.344648682e+02 -4.344648682e+02 -1.5404e+00 +1.1248e+00
215 0 +2.242962113e+01 -4.396603789e+02 -4.396603789e+02 -2.2628e+00 +3.1546e+00
287 0 +7.660051603e+00 -4.544299484e+02 -4.544299484e+02 -2.2185e+00 +2.0311e+00
289 0 +7.252062041e+00 -4.548379380e+02 -4.548379380e+02 -2.2185e+00 +2.2530e+00
% f evaluations | g evaluations | best noise-free fitness - Fopt (7.766000000000e+01) + sum g_i+ | measured fitness | best measured fitness or single-digit g-values | x1 | x2...
1 0 +4.198976989e+01 +1.196497699e+02 +1.196497699e+02 +0.0000e+00 +0.0000e+00
3 0 +3.654717985e+01 +1.142071798e+02 +1.142071798e+02 +1.0000e-01 +0.0000e+00
4 0 +3.199838510e+01 +1.096583851e+02 +1.096583851e+02 +0.0000e+00 +1.0000e-01
7 0 +2.924160579e+01 +1.069016058e+02 +1.069016058e+02 +6.4788e-03 +1.2415e-01
11 0 +2.883619246e+01 +1.064961925e+02 +1.064961925e+02 +1.0619e-02 +1.1504e-01
15 0 +2.806596921e+01 +1.057259692e+02 +1.057259692e+02 +2.3316e-02 +1.1752e-01
19 0 +2.710646554e+01 +1.047664655e+02 +1.047664655e+02 +4.1322e-02 +1.2013e-01
24 0 +2.682073307e+01 +1.044807331e+02 +1.044807331e+02 +4.8097e-02 +1.2196e-01
31 0 +2.616958516e+01 +1.038295852e+02 +1.038295852e+02 +5.8018e-02 +1.1933e-01
32 0 +2.568244735e+01 +1.033424473e+02 +1.033424473e+02 +6.7524e-02 +1.1622e-01
33 0 +2.404206844e+01 +1.017020684e+02 +1.017020684e+02 +1.0707e-01 +1.1022e-01
34 0 +1.638403109e+01 +9.404403109e+01 +9.404403109e+01 +2.6642e-01 +1.2461e-01
36 0 +1.269267686e+01 +9.035267686e+01 +9.035267686e+01 +3.0551e-01 -1.3083e-01
37 0 +1.201134254e+01 +8.967134254e+01 +8.967134254e+01 +3.4051e-01 -1.2548e-01
38 0 +8.951683377e+00 +8.661168338e+01 +8.661168338e+01 +4.8193e-01 -2.0031e-01
40 0 +7.982138543e+00 +8.564213854e+01 +8.564213854e+01 +4.2860e-01 -2.3568e-01
189 0 +7.479023365e+00 +8.513902336e+01 +8.513902336e+01 +1.3223e+00 -2.3165e-01
190 0 +7.194856583e+00 +8.485485658e+01 +8.485485658e+01 +1.4778e+00 -2.2344e-01
193 0 +5.549668407e+00 +8.320966841e+01 +8.320966841e+01 +1.4392e+00 -2.2835e-01
198 0 +5.408006294e+00 +8.306800629e+01 +8.306800629e+01 +1.4349e+00 -2.3102e-01
199 0 +5.098598645e+00 +8.275859865e+01 +8.275859865e+01 +1.4197e+00 -2.3432e-01
200 0 +4.986080807e+00 +8.264608081e+01 +8.264608081e+01 +1.4044e+00 -2.3145e-01
386 0 +4.110338649e+00 +8.177033865e+01 +8.177033865e+01 +4.7220e-01 -8.5111e-01
393 0 +4.010093739e+00 +8.167009374e+01 +8.167009374e+01 +4.5714e-01 -8.5392e-01
% f evaluations | g evaluations | best noise-free fitness - Fopt (1.156800000000e+02) + sum g_i+ | measured fitness | best measured fitness or single-digit g-values | x1 | x2...
1 0 +2.624796943e+01 +1.419279694e+02 +1.419279694e+02 +0.0000e+00 +0.0000e+00
10 0 +2.606538776e+01 +1.417453878e+02 +1.417453878e+02 -5.7284e-04 -8.1967e-04
11 0 +2.567423711e+01 +1.413542371e+02 +1.413542371e+02 -1.6987e-03 -3.0518e-03
12 0 +2.504634717e+01 +1.407263472e+02 +1.407263472e+02 -6.0458e-03 -1.2058e-02
16 0 +2.407514126e+01 +1.397551413e+02 +1.397551413e+02 -1.4913e-02 -7.1898e-03
17 0 +2.229095322e+01 +1.379709532e+02 +1.379709532e+02 -3.4585e-02 -3.5804e-03
21 0 +2.157535665e+01 +1.372553567e+02 +1.372553567e+02 -4.7681e-02 -1.8696e-02
22 0 +2.035265873e+01 +1.360326587e+02 +1.360326587e+02 -6.7346e-02 -2.2343e-02
23 0 +1.624758394e+01 +1.319275839e+02 +1.319275839e+02 -1.4717e-01 -2.7583e-02
25 0 +1.458413322e+01 +1.302641332e+02 +1.302641332e+02 -1.5485e-01 +3.4832e-03
27 0 +1.332831734e+01 +1.290083173e+02 +1.290083173e+02 -1.5526e-01 -1.2512e-02
34 0 +1.301208526e+01 +1.286920853e+02 +1.286920853e+02 -1.6558e-01 -9.0713e-03
364 0 +7.329332421e-01 +1.164129332e+02 +1.164129332e+02 -2.2058e+00 -1.0001e+00
370 0 +2.037774308e-01 +1.158837774e+02 +1.158837774e+02 -2.2036e+00 -9.7619e-01
374 0 +1.600666486e-01 +1.158400666e+02 +1.158400666e+02 -2.2029e+00 -9.7852e-01
375 0 +1.375136530e-01 +1.158175137e+02 +1.158175137e+02 -2.2005e+00 -9.7853e-01
376 0 +9.752287030e-02 +1.157775229e+02 +1.157775229e+02 -2.1994e+00 -9.8062e-01
379 0 +7.829728903e-02 +1.157582973e+02 +1.157582973e+02 -2.1982e+00 -9.8276e-01
380 0 +7.752233695e-02 +1.157575223e+02 +1.157575223e+02 -2.1973e+00 -9.8497e-01
382 0 +6.771234829e-02 +1.157477123e+02 +1.157477123e+02 -2.1962e+00 -9.8451e-01
383 0 +6.706883967e-02 +1.157470688e+02 +1.157470688e+02 -2.1963e+00 -9.8425e-01
384 0 +6.293347021e-02 +1.157429335e+02 +1.157429335e+02 -2.1958e+00 -9.8387e-01
385 0 +4.829957066e-02 +1.157282996e+02 +1.157282996e+02 -2.1936e+00 -9.8292e-01
389 0 +4.267990049e-02 +1.157226799e+02 +1.157226799e+02 -2.1927e+00 -9.8366e-01
390 0 +4.022441085e-02 +1.157202244e+02 +1.157202244e+02 -2.1918e+00 -9.8451e-01
393 0 +3.560021634e-02 +1.157156002e+02 +1.157156002e+02 -2.1914e+00 -9.8409e-01
394 0 +2.512296656e-02 +1.157051230e+02 +1.157051230e+02 -2.1897e+00 -9.8241e-01
397 0 +2.053986799e-02 +1.157005399e+02 +1.157005399e+02 -2.1890e+00 -9.8340e-01
398 0 +1.956169539e-02 +1.156995617e+02 +1.156995617e+02 -2.1883e+00 -9.8434e-01
400 0 +1.625060327e-02 +1.156962506e+02 +1.156962506e+02 -2.1878e+00 -9.8402e-01
401 0 +1.383084923e-02 +1.156938308e+02 +1.156938308e+02 -2.1872e+00 -9.8372e-01
% f evaluations | g evaluations | best noise-free fitness - Fopt (-3.710000000000e+00) + sum g_i+ | measured fitness | best measured fitness or single-digit g-values | x1 | x2...
1 0 +1.166717340e+02 +1.129617340e+02 +1.129617340e+02 +0.0000e+00 +0.0000e+00
3 0 +1.158298183e+02 +1.121198183e+02 +1.121198183e+02 +1.0000e-01 +0.0000e+00
5 0 +1.125531173e+02 +1.088431173e+02 +1.088431173e+02 +1.0525e-01 -9.9862e-02
6 0 +1.022243830e+02 +9.851438297e+01 +9.851438297e+01 +1.3042e-01 -1.9664e-01
7 0 +6.205687324e+01 +5.834687324e+01 +5.834687324e+01 +1.7965e-01 -5.9360e-01
8 0 +4.676452180e+01 +4.305452180e+01 +4.305452180e+01 +2.4049e-01 -1.2401e+00
9 0 +2.845672923e+01 +2.474672923e+01 +2.474672923e+01 +3.5867e-01 -2.0085e+00
10 0 +2.464297309e+01 +2.093297309e+01 +2.093297309e+01 +2.1041e-01 -2.0313e+00
12 0 +1.172392092e+01 +8.013920917e+00 +8.013920917e+00 +1.5307e-01 -1.9493e+00
16 0 +1.142800660e+01 +7.718006596e+00 +7.718006596e+00 +1.4790e-01 -1.9408e+00
17 0 +1.109339786e+01 +7.383397865e+00 +7.383397865e+00 +1.3802e-01 -1.9392e+00
18 0 +1.031862902e+01 +6.608629018e+00 +6.608629018e+00 +9.9281e-02 -1.9491e+00
19 0 +1.010677527e+01 +6.396775272e+00 +6.396775272e+00 +7.4287e-02 -1.9179e+00
23 0 +9.953230599e+00 +6.243230599e+00 +6.243230599e+00 +7.0162e-02 -1.9323e+00
% f evaluations | g evaluations | best noise-free fitness - Fopt (1.321800000000e+02) + sum g_i+ | measured fitness | best measured fitness or single-digit g-values | x1 | x2...
1 0 +5.412066067e+01 +1.863006607e+02 +1.863006607e+02 +0.0000e+00 +0.0000e+00
3 0 +4.796980262e+01 +1.801498026e+02 +1.801498026e+02 +1.0000e-01 +0.0000e+00
6 0 +4.381661800e+01 +1.759966180e+02 +1.759966180e+02 +1.1159e-01 +4.8638e-02
8 0 +4.265028816e+01 +1.748302882e+02 +1.748302882e+02 +1.3646e-01 +4.6079e-02
15 0 +4.164711644e+01 +1.738271164e+02 +1.738271164e+02 +1.9736e-01 +6.0847e-02
204 0 +2.234646087e+01 +1.545264609e+02 +1.545264609e+02 -1.0924e+00 +1.2138e+00
205 0 +1.844111955e+01 +1.506211195e+02 +1.506211195e+02 -9.7106e-01 +1.2138e+00
209 0 +1.472115927e+01 +1.469011593e+02 +1.469011593e+02 -9.6569e-01 +1.1839e+00
211 0 +1.420697082e+01 +1.463869708e+02 +1.463869708e+02 -9.5411e-01 +1.1803e+00
212 0 +1.394129541e+01 +1.461212954e+02 +1.461212954e+02 -9.4209e-01 +1.1820e+00
213 0 +1.354217980e+01 +1.457221798e+02 +1.457221798e+02 -9.3593e-01 +1.1715e+00
216 0 +1.324425994e+01 +1.454242599e+02 +1.454242599e+02 -9.2276e-01 +1.1677e+00
217 0 +1.306917983e+01 +1.452491798e+02 +1.452491798e+02 -9.1847e-01 +1.1720e+00
219 0 +1.281349125e+01 +1.449934912e+02 +1.449934912e+02 -9.0838e-01 +1.1743e+00
220 0 +1.234216717e+01 +1.445221672e+02 +1.445221672e+02 -8.8549e-01 +1.1662e+00
221 0 +1.169937187e+01 +1.438793719e+02 +1.438793719e+02 -8.6167e-01 +1.1709e+00
227 0 +1.146515675e+01 +1.436451567e+02 +1.436451567e+02 -8.4920e-01 +1.1762e+00
234 0 +1.119889328e+01 +1.433788933e+02 +1.433788933e+02 -8.3760e-01 +1.1727e+00
235 0 +1.085656940e+01 +1.430365694e+02 +1.430365694e+02 -8.1824e-01 +1.1742e+00
236 0 +1.005371285e+01 +1.422337128e+02 +1.422337128e+02 -7.4061e-01 +1.1773e+00
245 0 +9.995245989e+00 +1.421752460e+02 +1.421752460e+02 -7.4059e-01 +1.1731e+00
% f evaluations | g evaluations | best noise-free fitness - Fopt (1.204300000000e+02) + sum g_i+ | measured fitness | best measured fitness or single-digit g-values | x1 | x2...
1 0 +1.642414491e+02 +2.846714491e+02 +2.846714491e+02 +0.0000e+00 +0.0000e+00
3 0 +1.598429512e+02 +2.802729512e+02 +2.802729512e+02 +1.0000e-01 +0.0000e+00
6 0 +1.551739514e+02 +2.756039514e+02 +2.756039514e+02 +1.4656e-01 +1.8233e-02
9 0 +1.544386907e+02 +2.748686907e+02 +2.748686907e+02 +2.3715e-01 +6.0576e-02
11 0 +1.493670248e+02 +2.697970248e+02 +2.697970248e+02 +2.6485e-01 +5.4423e-03
15 0 +1.474303904e+02 +2.678603904e+02 +2.678603904e+02 +2.8960e-01 +3.4659e-02
18 0 +1.443662976e+02 +2.647962976e+02 +2.647962976e+02 +4.9874e-01 +1.5673e-02
388 0 +2.283467223e+01 +1.432646722e+02 +1.432646722e+02 +3.2225e+00 -3.5619e+00
389 0 +1.990919653e+01 +1.403391965e+02 +1.403391965e+02 +3.5787e+00 -3.5619e+00
393 0 +1.929386612e+01 +1.397238661e+02 +1.397238661e+02 +3.5519e+00 -3.5384e+00
395 0 +1.889234019e+01 +1.393223402e+02 +1.393223402e+02 +3.5261e+00 -3.5629e+00
396 0 +1.806811903e+01 +1.384981190e+02 +1.384981190e+02 +3.4912e+00 -3.5556e+00
% f evaluations | g evaluations | best noise-free fitness - Fopt (1.122600000000e+02) + sum g_i+ | measured fitness | best measured fitness or single-digit g-values | x1 | x2...
1 0 +5.440018400e+01 +1.666601840e+02 +1.666601840e+02 +0.0000e+00 +0.0000e+00
3 0 +5.242964903e+01 +1.646896490e+02 +1.646896490e+02 +1.0000e-01 +0.0000e+00
4 0 +3.977893165e+01 +1.520389316e+02 +1.520389316e+02 +0.0000e+00 +1.0000e-01
5 0 +3.796669225e+01 +1.502266923e+02 +1.502266923e+02 +1.3356e-02 +1.9910e-01
7 0 +3.586593828e+01 +1.481259383e+02 +1.481259383e+02 -3.5613e-02 +1.8901e-01
8 0 +3.327406973e+01 +1.455340697e+02 +1.455340697e+02 -4.0718e-02 +1.3927e-01
12 0 +3.295472454e+01 +1.452147245e+02 +1.452147245e+02 -4.1783e-02 +1.4415e-01
16 0 +3.097063022e+01 +1.432306302e+02 +1.432306302e+02 -9.5888e-02 +1.5566e-01
17 0 +2.355143584e+01 +1.358114358e+02 +1.358114358e+02 -2.5404e-01 +1.3143e-01
24 0 +2.201383282e+01 +1.342738328e+02 +1.342738328e+02 -2.7007e-01 +1.6808e-01
26 0 +2.171178058e+01 +1.339717806e+02 +1.339717806e+02 -2.7373e-01 +1.6648e-01
27 0 +2.081113017e+01 +1.330711302e+02 +1.330711302e+02 -2.9370e-01 +1.6765e-01
29 0 +1.913104297e+01 +1.313910430e+02 +1.313910430e+02 -3.2118e-01 +1.5681e-01
34 0 +1.887796559e+01 +1.311379656e+02 +1.311379656e+02 -3.2703e-01 +1.5444e-01
40 0 +1.851076494e+01 +1.307707649e+02 +1.307707649e+02 -3.3727e-01 +1.5228e-01
44 0 +1.780086427e+01 +1.300608643e+02 +1.300608643e+02 -3.6390e-01 +1.5891e-01
47 0 +1.771406914e+01 +1.299740691e+02 +1.299740691e+02 -3.6650e-01 +1.5803e-01
51 0 +1.717447383e+01 +1.294344738e+02 +1.294344738e+02 -3.9400e-01 +1.4977e-01
69 0 +1.697809695e+01 +1.292380970e+02 +1.292380970e+02 -4.0985e-01 +1.5339e-01
174 0 +1.254354197e+01 +1.248035420e+02 +1.248035420e+02 +2.6993e+00 +1.0701e+00
177 0 +2.252568434e+00 +1.145125684e+02 +1.145125684e+02 +2.5669e+00 +8.3489e-01
182 0 +2.137263854e+00 +1.143972639e+02 +1.143972639e+02 +2.5405e+00 +8.4021e-01
187 0 +2.069531645e+00 +1.143295316e+02 +1.143295316e+02 +2.5331e+00 +8.1706e-01
188 0 +2.041345884e+00 +1.143013459e+02 +1.143013459e+02 +2.5355e+00 +8.1817e-01
191 0 +1.995244095e+00 +1.142552441e+02 +1.142552441e+02 +2.5407e+00 +8.2374e-01
% f evaluations | g evaluations | best noise-free fitness - Fopt (-8.229300000000e+02) + sum g_i+ | measured fitness | best measured fitness or single-digit g-values | x1 | x2...
1 0 +1.731415939e+02 -6.497884061e+02 -6.497884061e+02 +0.0000e+00 +0.0000e+00
3 0 +1.696152593e+02 -6.533147407e+02 -6.533147407e+02 +1.0000e-01 +0.0000e+00
4 0 +1.653330867e+02 -6.575969133e+02 -6.575969133e+02 +0.0000e+00 +1.0000e-01
5 0 +1.427441724e+02 -6.801858276e+02 -6.801858276e+02 -4.1158e-02 -9.1137e-02
190 0 +5.892104722e+01 -7.640089528e+02 -7.640089528e+02 +9.6191e-01 -3.8242e+00
191 0 +4.935289350e+01 -7.735771065e+02 -7.735771065e+02 +1.3443e+00 -3.8242e+00
192 0 +3.023722811e+01 -7.926927719e+02 -7.926927719e+02 +9.6191e-01 -3.4418e+00
338 0 +1.718610279e+01 -8.057438972e+02 -8.057438972e+02 +1.5467e+00 -3.2036e+00
% f evaluations | g evaluations | best noise-free fitness - Fopt (-2.443800000000e+02) + sum g_i+ | measured fitness | best measured fitness or single-digit g-values | x1 | x2...
1 0 +1.730363940e+02 -7.134360600e+01 -7.134360600e+01 +0.0000e+00 +0.0000e+00
4 0 +1.670342161e+02 -7.734578386e+01 -7.734578386e+01 +0.0000e+00 +1.0000e-01
5 0 +1.476358637e+02 -9.674413629e+01 -9.674413629e+01 +1.1197e-01 -9.9281e-02
355 0 +5.224182156e+01 -1.921381784e+02 -1.921381784e+02 +6.4005e-02 -9.4666e-01
% f evaluations | g evaluations | best noise-free fitness - Fopt (-3.250900000000e+02) + sum g_i+ | measured fitness | best measured fitness or single-digit g-values | x1 | x2...
1 0 +2.885424617e+01 -2.962357538e+02 -2.962357538e+02 +0.0000e+00 +0.0000e+00
4 0 +2.329405934e+01 -3.017959407e+02 -3.017959407e+02 +0.0000e+00 +1.0000e-01
5 0 +1.883774975e+01 -3.062522503e+02 -3.062522503e+02 +1.2441e-01 -9.6975e-02
% f evaluations | g evaluations | best noise-free fitness - Fopt (3.960400000000e+02) + sum g_i+ | measured fitness | best measured fitness or single-digit g-values | x1 | x2...
1 0 +2.963346923e+02 +6.923746923e+02 +6.923746923e+02 +0.0000e+00 +0.0000e+00
3 0 +2.939666616e+02 +6.900066616e+02 +6.900066616e+02 +1.0000e-01 +0.0000e+00
5 0 +2.726233705e+02 +6.686633705e+02 +6.686633705e+02 +1.0753e-01 -9.9716e-02
6 0 +2.599886257e+02 +6.560286257e+02 +6.560286257e+02 +1.1862e-01 -1.9910e-01
7 0 +2.313573773e+02 +6.273973773e+02 +6.273973773e+02 +1.3254e-01 -2.9813e-01
8 0 +1.813071252e+02 +5.773471252e+02 +5.773471252e+02 +1.7791e-01 -6.9554e-01
9 0 +1.337255077e+02 +5.297655077e+02 +5.297655077e+02 +2.3671e-01 -1.0912e+00
10 0 +3.853495817e+01 +4.345749582e+02 +4.345749582e+02 +4.9655e-01 -2.6700e+00
11 0 +2.048219910e+01 +4.165221991e+02 +4.165221991e+02 +8.9476e-01 -4.2196e+00
17 0 +1.930375723e+01 +4.153437572e+02 +4.153437572e+02 +9.0521e-01 -4.1707e+00
18 0 +1.537171910e+01 +4.114117191e+02 +4.114117191e+02 +9.5490e-01 -4.1652e+00
21 0 +1.088234131e+01 +4.069223413e+02 +4.069223413e+02 +9.9836e-01 -4.1899e+00
22 0 +8.365903247e+00 +4.044059032e+02 +4.044059032e+02 +1.0479e+00 -4.1963e+00
25 0 +8.282331384e+00 +4.043223314e+02 +4.043223314e+02 +1.0557e+00 -4.2026e+00
28 0 +8.045447213e+00 +4.040854472e+02 +4.040854472e+02 +1.0634e+00 -4.1963e+00
285 0 +6.079035611e+00 +4.021190356e+02 +4.021190356e+02 -9.3571e-01 -3.7682e+00
289 0 +5.417604299e+00 +4.014576043e+02 +4.014576043e+02 -9.1655e-01 -3.5619e+00
291 0 +4.697021333e+00 +4.007370213e+02 +4.007370213e+02 -1.0188e+00 -3.5451e+00
294 0 +2.031117504e+00 +3.980711175e+02 +3.980711175e+02 -1.0163e+00 -3.5245e+00
298 0 +1.367092432e+00 +3.974070924e+02 +3.974070924e+02 -1.0128e+00 -3.5147e+00
299 0 +1.141917340e+00 +3.971819173e+02 +3.971819173e+02 -1.0094e+00 -3.5050e+00
302 0 +1.023431676e+00 +3.970634317e+02 +3.970634317e+02 -1.0052e+00 -3.5080e+00
303 0 +9.663673834e-01 +3.970063674e+02 +3.970063674e+02 -1.0010e+00 -3.5111e+00
305 0 +9.044324930e-01 +3.969444325e+02 +3.969444325e+02 -9.9938e-01 -3.5098e+00
306 0 +7.603470809e-01 +3.968003471e+02 +3.968003471e+02 -9.9287e-01 -3.5047e+00
307 0 +7.547855902e-01 +3.967947856e+02 +3.967947856e+02 -9.8679e-01 -3.4991e+00
308 0 +6.646027991e-01 +3.967046028e+02 +3.967046028e+02 -9.8393e-01 -3.5020e+00
309 0 +5.924311724e-01 +3.966324312e+02 +3.966324312e+02 -9.8102e-01 -3.5050e+00
312 0 +5.613074968e-01 +3.966013075e+02 +3.966013075e+02 -9.7835e-01 -3.5082e+00
314 0 +5.335859462e-01 +3.965735859e+02 +3.965735859e+02 -9.7661e-01 -3.5070e+00
315 0 +5.052769352e-01 +3.965452769e+02 +3.965452769e+02 -9.7456e-01 -3.5067e+00
316 0 +3.778562814e-01 +3.964178563e+02 +3.964178563e+02 -9.6636e-01 -3.5055e+00
317 0 +7.880667731e-02 +3.961188067e+02 +3.961188067e+02 -9.3371e-01 -3.4998e+00
323 0 +2.143361930e-02 +3.960614336e+02 +3.960614336e+02 -9.3326e-01 -3.5039e+00
324 0 +9.478509118e-03 +3.960494785e+02 +3.960494785e+02 -9.3134e-01 -3.5076e+00
326 0 +4.625729279e-03 +3.960446257e+02 +3.960446257e+02 -9.2928e-01 -3.5073e+00
328 0 +2.587405398e-03 +3.960425874e+02 +3.960425874e+02 -9.2901e-01 -3.5063e+00
330 0 +1.670320432e-03 +3.960416703e+02 +3.960416703e+02 -9.2849e-01 -3.5063e+00
331 0 +1.492342450e-03 +3.960414923e+02 +3.960414923e+02 -9.2810e-01 -3.5060e+00
332 0 +8.234346877e-04 +3.960408234e+02 +3.960408234e+02 -9.2771e-01 -3.5063e+00
333 0 +6.148449106e-04 +3.960406148e+02 +3.960406148e+02 -9.2727e-01 -3.5066e+00
336 0 +5.462802744e-04 +3.960405463e+02 +3.960405463e+02 -9.2724e-01 -3.5065e+00
337 0 +5.000630943e-04 +3.960405001e+02 +3.960405001e+02 -9.2714e-01 -3.5065e+00
338 0 +4.622426474e-04 +3.960404622e+02 +3.960404622e+02 -9.2710e-01 -3.5065e+00
339 0 +3.670875232e-04 +3.960403671e+02 +3.960403671e+02 -9.2695e-01 -3.5063e+00
341 0 +3.477759151e-04 +3.960403478e+02 +3.960403478e+02 -9.2692e-01 -3.5064e+00
342 0 +3.068697918e-04 +3.960403069e+02 +3.960403069e+02 -9.2685e-01 -3.5064e+00
343 0 +2.975699180e-04 +3.960402976e+02 +3.960402976e+02 -9.2678e-01 -3.5065e+00
344 0 +2.345860055e-04 +3.960402346e+02 +3.960402346e+02 -9.2670e-01 -3.5065e+00
345 0 +1.868952153e-04 +3.960401869e+02 +3.960401869e+02 -9.2661e-01 -3.5064e+00
346 0 +1.690894730e-04 +3.960401691e+02 +3.960401691e+02 -9.2625e-01 -3.5062e+00
347 0 +1.116443116e-04 +3.960401116e+02 +3.960401116e+02 -9.2621e-01 -3.5063e+00
348 0 +5.382712317e-05 +3.960400538e+02 +3.960400538e+02 -9.2607e-01 -3.5064e+00
350 0 +3.030015125e-05 +3.960400303e+02 +3.960400303e+02 -9.2597e-01 -3.5064e+00
351 0 +1.896202053e-05 +3.960400190e+02 +3.960400190e+02 -9.2588e-01 -3.5064e+00
352 0 +7.000462972e-06 +3.960400070e+02 +3.960400070e+02 -9.2579e-01 -3.5064e+00
353 0 +2.404571774e-06 +3.960400024e+02 +3.960400024e+02 -9.2569e-01 -3.5064e+00
358 0 +2.096165701e-06 +3.960400021e+02 +3.960400021e+02 -9.2569e-01 -3.5064e+00
359 0 +1.687314921e-06 +3.960400017e+02 +3.960400017e+02 -9.2569e-01 -3.5064e+00
360 0 +1.085323902e-06 +3.960400011e+02 +3.960400011e+02 -9.2567e-01 -3.5064e+00
361 0 +7.239318052e-07 +3.960400007e+02 +3.960400007e+02 -9.2565e-01 -3.5064e+00
363 0 +5.360637374e-07 +3.960400005e+02 +3.960400005e+02 -9.2565e-01 -3.5064e+00
364 0 +4.434115226e-07 +3.960400004e+02 +3.960400004e+02 -9.2564e-01 -3.5064e+00
366 0 +2.708397346e-07 +3.960400003e+02 +3.960400003e+02 -9.2564e-01 -3.5064e+00
367 0 +1.837708510e-07 +3.960400002e+02 +3.960400002e+02 -9.2563e-01 -3.5064e+00
368 0 +1.559524208e-07 +3.960400002e+02 +3.960400002e+02 -9.2563e-01 -3.5064e+00
370 0 +1.237313541e-07 +3.960400001e+02 +3.960400001e+02 -9.2563e-01 -3.5064e+00
371 0 +1.031644388e-07 +3.960400001e+02 +3.960400001e+02 -9.2562e-01 -3.5064e+00
373 0 +9.435467518e-08 +3.960400001e+02 +3.960400001e+02 -9.2562e-01 -3.5064e+00
374 0 +6.980042144e-08 +3.960400001e+02 +3.960400001e+02 -9.2562e-01 -3.5064e+00
375 0 +6.298085964e-08 +3.960400001e+02 +3.960400001e+02 -9.2562e-01 -3.5064e+00
376 0 +4.077674021e-08 +3.960400000e+02 +3.960400000e+02 -9.2561e-01 -3.5064e+00
378 0 +3.687773642e-08 +3.960400000e+02 +3.960400000e+02 -9.2561e-01 -3.5064e+00
379 0 +3.481568456e-08 +3.960400000e+02 +3.960400000e+02 -9.2561e-01 -3.5064e+00
381 0 +3.327346576e-08 +3.960400000e+02 +3.960400000e+02 -9.2561e-01 -3.5064e+00
382 0 +2.700301138e-08 +3.960400000e+02 +3.960400000e+02 -9.2561e-01 -3.5064e+00
383 0 +2.199925575e-08 +3.960400000e+02 +3.960400000e+02 -9.2561e-01 -3.5064e+00
385 0 +2.057623760e-08 +3.960400000e+02 +3.960400000e+02 -9.2561e-01 -3.5064e+00
386 0 +1.274310080e-08 +3.960400000e+02 +3.960400000e+02 -9.2561e-01 -3.5064e+00
388 0 +1.206689149e-08 +3.960400000e+02 +3.960400000e+02 -9.2561e-01 -3.5064e+00
390 0 +1.088415047e-08 +3.960400000e+02 +3.960400000e+02 -9.2561e-01 -3.5064e+00
391 0 +9.476877949e-09 +3.960400000e+02 +3.960400000e+02 -9.2561e-01 -3.5064e+00
% f evaluations | g evaluations | best noise-free fitness - Fopt (7.518000000000e+01) + sum g_i+ | measured fitness | best measured fitness or single-digit g-values | x1 | x2...
1 0 +1.646576832e+02 +2.398376832e+02 +2.398376832e+02 +0.0000e+00 +0.0000e+00
5 0 +1.561827565e+02 +2.313627565e+02 +2.313627565e+02 -1.3650e-02 -9.9064e-02
6 0 +1.509330963e+02 +2.261130963e+02 +2.261130963e+02 +7.5853e-03 -1.9678e-01
7 0 +1.310781571e+02 +2.062581571e+02 +2.062581571e+02 -5.0620e-02 -2.7810e-01
8 0 +8.352046440e+01 +1.587004644e+02 +1.587004644e+02 +1.9440e-02 -6.7192e-01
9 0 +1.661333065e+01 +9.179333065e+01 +9.179333065e+01 -1.3441e-01 -1.9390e+00
11 0 +1.522107957e+01 +9.040107957e+01 +9.040107957e+01 -6.1233e-02 -2.0884e+00
13 0 +1.476518109e+01 +8.994518109e+01 +8.994518109e+01 -3.1005e-01 -2.2881e+00
17 0 +1.401906528e+01 +8.919906528e+01 +8.919906528e+01 -2.9817e-01 -2.3101e+00
19 0 +1.376179151e+01 +8.894179151e+01 +8.894179151e+01 -2.8848e-01 -2.3077e+00
21 0 +1.278791986e+01 +8.796791986e+01 +8.796791986e+01 -2.4110e-01 -2.2917e+00
24 0 +1.178542096e+01 +8.696542096e+01 +8.696542096e+01 -2.1123e-01 -2.3183e+00
25 0 +1.104359870e+01 +8.622359870e+01 +8.622359870e+01 -1.7178e-01 -2.3249e+00
27 0 +1.085140688e+01 +8.603140688e+01 +8.603140688e+01 -1.6210e-01 -2.3074e+00
28 0 +1.055084498e+01 +8.573084498e+01 +8.573084498e+01 -1.4211e-01 -2.3069e+00
29 0 +9.959408580e+00 +8.513940858e+01 +8.513940858e+01 -6.3044e-02 -2.3191e+00
102 0 +6.148014252e+00 +8.132801425e+01 +8.132801425e+01 -1.1109e+00 -2.2726e+00
105 0 +5.036524529e+00 +8.021652453e+01 +8.021652453e+01 -1.1053e+00 -2.3249e+00
108 0 +4.997440256e+00 +8.017744026e+01 +8.017744026e+01 -1.1043e+00 -2.3197e+00
% f evaluations | g evaluations | best noise-free fitness - Fopt (-1.882400000000e+02) + sum g_i+ | measured fitness | best measured fitness or single-digit g-values | x1 | x2...
1 0 +3.921874722e+01 -1.490212528e+02 -1.490212528e+02 +0.0000e+00 +0.0000e+00
4 0 +3.427165459e+01 -1.539683454e+02 -1.539683454e+02 +0.0000e+00 +1.0000e-01
256 0 +3.102530049e+01 -1.572146995e+02 -1.572146995e+02 +1.6910e+00 +7.1216e-01
335 0 +2.978348143e+01 -1.584565186e+02 -1.584565186e+02 -1.2427e+00 +1.7291e+00
% f evaluations | g evaluations | best noise-free fitness - Fopt (1.294700000000e+02) + sum g_i+ | measured fitness | best measured fitness or single-digit g-values | x1 | x2...
1 0 +4.419907472e+01 +1.736690747e+02 +1.736690747e+02 +0.0000e+00 +0.0000e+00
3 0 +3.898355591e+01 +1.684535559e+02 +1.684535559e+02 +1.0000e-01 +0.0000e+00
5 0 +3.714431813e+01 +1.666143181e+02 +1.666143181e+02 +1.3300e-01 -9.4398e-02
6 0 +3.157548160e+01 +1.610454816e+02 +1.610454816e+02 +2.3297e-01 -9.6795e-02
9 0 +2.609022317e+01 +1.555602232e+02 +1.555602232e+02 +3.1949e-01 -4.6646e-02
10 0 +2.493279526e+01 +1.544027953e+02 +1.544027953e+02 +4.1901e-01 -3.6890e-02
73 0 +1.498736419e+01 +1.444573642e+02 +1.444573642e+02 +3.5117e+00 -1.1062e+00
75 0 +1.470233946e+01 +1.441723395e+02 +1.441723395e+02 +3.5812e+00 -1.1206e+00
79 0 +1.253029358e+01 +1.420002936e+02 +1.420002936e+02 +3.5759e+00 -1.1486e+00
80 0 +1.187232523e+01 +1.413423252e+02 +1.413423252e+02 +3.5716e+00 -1.1767e+00
84 0 +1.164876273e+01 +1.411187627e+02 +1.411187627e+02 +3.5645e+00 -1.1774e+00
85 0 +1.090258264e+01 +1.403725826e+02 +1.403725826e+02 +3.5361e+00 -1.1758e+00
90 0 +1.041628525e+01 +1.398862852e+02 +1.398862852e+02 +3.5049e+00 -1.1901e+00
91 0 +1.012626893e+01 +1.395962689e+02 +1.395962689e+02 +3.4562e+00 -1.1608e+00
95 0 +9.974896897e+00 +1.394448969e+02 +1.394448969e+02 +3.4387e+00 -1.1726e+00
221 0 +9.383933551e+00 +1.388539336e+02 +1.388539336e+02 +3.4631e+00 -1.5532e+00
223 0 +9.280916556e+00 +1.387509166e+02 +1.387509166e+02 +3.4763e+00 -1.5273e+00
232 0 +9.076257335e+00 +1.385462573e+02 +1.385462573e+02 +3.4800e+00 -1.5398e+00
349 0 +7.257779854e+00 +1.367277799e+02 +1.367277799e+02 -1.4349e+00 -1.2144e+00
355 0 +6.637960631e+00 +1.361079606e+02 +1.361079606e+02 -1.4573e+00 -1.1425e+00
356 0 +6.012552689e+00 +1.354825527e+02 +1.354825527e+02 -1.4782e+00 -1.1490e+00
357 0 +5.578711228e+00 +1.350487112e+02 +1.350487112e+02 -1.5159e+00 -1.1498e+00
359 0 +5.195033890e+00 +1.346650339e+02 +1.346650339e+02 -1.5176e+00 -1.1647e+00
360 0 +5.092542489e+00 +1.345625425e+02 +1.345625425e+02 -1.5183e+00 -1.1798e+00
365 0 +4.994918888e+00 +1.344649189e+02 +1.344649189e+02 -1.5395e+00 -1.1806e+00
% f evaluations | g evaluations | best noise-free fitness - Fopt (1.683100000000e+02) + sum g_i+ | measured fitness | best measured fitness or single-digit g-values | x1 | x2...
1 0 +4.775583926e+01 +2.160658393e+02 +2.160658393e+02 +0.0000e+00 +0.0000e+00
3 0 +4.066138186e+01 +2.089713819e+02 +2.089713819e+02 +1.0000e-01 +0.0000e+00
5 0 +2.614268444e+01 +1.944526844e+02 +1.944526844e+02 +1.7919e-01 -6.1061e-02
8 0 +1.124865215e+01 +1.795586522e+02 +1.795586522e+02 +2.7590e-01 -8.6512e-02
14 0 +1.023587071e+01 +1.785458707e+02 +1.785458707e+02 +2.8377e-01 -9.2677e-02
15 0 +1.023055881e+01 +1.785405588e+02 +1.785405588e+02 +2.7949e-01 -1.0171e-01
36 0 +9.989142150e+00 +1.782991421e+02 +1.782991421e+02 +2.8780e-01 -9.6810e-02
308 0 +5.923772315e+00 +1.742337723e+02 +1.742337723e+02 +2.4864e-01 -4.4822e-01
310 0 +5.762882545e+00 +1.740728825e+02 +1.740728825e+02 +2.8974e-01 -6.4395e-01
312 0 +5.607386757e+00 +1.739173868e+02 +1.739173868e+02 +2.4093e-01 -6.5482e-01
313 0 +3.860702581e+00 +1.721707026e+02 +1.721707026e+02 +2.4542e-01 -6.7500e-01
314 0 +2.955604500e+00 +1.712656045e+02 +1.712656045e+02 +2.4995e-01 -6.9958e-01
315 0 +2.838418166e+00 +1.711484182e+02 +1.711484182e+02 +2.5407e-01 -7.2424e-01
317 0 +2.671729353e+00 +1.709817294e+02 +1.709817294e+02 +2.5906e-01 -7.2397e-01
318 0 +2.198147310e+00 +1.705081473e+02 +1.705081473e+02 +2.7901e-01 -7.2246e-01
319 0 +2.029638893e+00 +1.703396389e+02 +1.703396389e+02 +2.9875e-01 -7.1927e-01
321 0 +1.995053725e+00 +1.703050537e+02 +1.703050537e+02 +3.0017e-01 -7.0937e-01
