% f evaluations | g evaluations | best noise-free fitness - Fopt (1.491500000000e+02) + sum g_i+ | measured fitness | best measured fitness or single-digit g-values | x1 | x2...
1 0 +1.327057257e+03 +1.476207257e+03 +1.476207257e+03 +0.0000e+00 +0.0000e+00 +0.0000e+00 +0.0000e+00 +0.0000e+00
8 0 +9.024566771e+02 +1.051606677e+03 +1.051606677e+03 -5.6957e-02 -3.3314e-01 -2.9338e-01 -1.3209e-01 -1.7959e-01
9 0 +7.061918175e+02 +8.553418175e+02 +8.553418175e+02 -9.0948e-03 -6.9714e-01 -5.9811e-01 -1.9628e-01 -3.1461e-01
10 0 +5.157550227e+02 +6.649050227e+02 +6.649050227e+02 -1.0105e-01 -4.8935e-01 -8.9221e-01 -3.5249e-01 -5.1142e-01
11 0 +2.991663091e+02 +4.483163091e+02 +4.483163091e+02 -2.6963e-01 -6.1852e-01 -8.1048e-01 -6.3073e-01 -8.5899e-01
13 0 +2.919668054e+02 +4.411168054e+02 +4.411168054e+02 -3.8904e-01 -6.4855e-01 -8.7824e-01 -5.1515e-01 -1.0304e+00
14 0 +2.758509438e+02 +4.250009438e+02 +4.250009438e+02 -3.1439e-01 -7.1890e-01 -9.3555e-01 -5.1957e-01 -1.0504e+00
15 0 +2.620729658e+02 +4.112229658e+02 +4.112229658e+02 -2.5985e-01 -6.7305e-01 -9.2546e-01 -5.6916e-01 -1.1398e+00
16 0 +2.490477360e+02 +3.981977360e+02 +3.981977360e+02 -2.4767e-01 -7.5210e-01 -8.3912e-01 -5.7827e-01 -1.1809e+00
18 0 +2.443577754e+02 +3.935077754e+02 +3.935077754e+02 -1.5535e-01 -8.0575e-01 -8.3064e-01 -5.7396e-01 -1.2672e+00
21 0 +2.386533283e+02 +3.878033283e+02 +3.878033283e+02 -1.9025e-01 -8.1571e-01 -8.0998e-01 -5.6382e-01 -1.3121e+00
25 0 +2.333060994e+02 +3.824560994e+02 +3.824560994e+02 -2.2417e-01 -8.0874e-01 -8.3821e-01 -5.5898e-01 -1.3315e+00
26 0 +2.277115480e+02 +3.768615480e+02 +3.768615480e+02 -2.4196e-01 -8.1058e-01 -8.5808e-01 -5.3942e-01 -1.3690e+00
27 0 +2.167332443e+02 +3.658832443e+02 +3.658832443e+02 -3.8040e-01 -8.0525e-01 -9.1078e-01 -4.5571e-01 -1.4740e+00
28 0 +2.024459995e+02 +3.515959995e+02 +3.515959995e+02 -3.1871e-01 -8.8318e-01 -9.7560e-01 -4.9613e-01 -1.6298e+00
31 0 +1.930705780e+02 +3.422205780e+02 +3.422205780e+02 -2.8697e-01 -8.7296e-01 -9.2531e-01 -4.4177e-01 -1.6882e+00
32 0 +1.883170584e+02 +3.374670584e+02 +3.374670584e+02 -3.0735e-01 -9.3129e-01 -8.7005e-01 -4.3313e-01 -1.7434e+00
35 0 +1.832588266e+02 +3.324088266e+02 +3.324088266e+02 -3.1075e-01 -9.5045e-01 -8.9909e-01 -3.8342e-01 -1.7615e+00
36 0 +1.784627398e+02 +3.276127398e+02 +3.276127398e+02 -3.2745e-01 -9.3168e-01 -9.0612e-01 -3.7023e-01 -1.8021e+00
37 0 +1.750939429e+02 +3.242439429e+02 +3.242439429e+02 -3.6482e-01 -9.4021e-01 -9.2399e-01 -3.5883e-01 -1.8262e+00
38 0 +1.707963367e+02 +3.199463367e+02 +3.199463367e+02 -3.6997e-01 -9.3690e-01 -9.2749e-01 -3.2837e-01 -1.8652e+00
39 0 +1.586909600e+02 +3.078409600e+02 +3.078409600e+02 -4.6161e-01 -9.8090e-01 -9.7624e-01 -2.2044e-01 -1.9903e+00
40 0 +1.504877478e+02 +2.996377478e+02 +2.996377478e+02 -3.5373e-01 -9.1985e-01 -9.2851e-01 -1.1949e-01 -2.1006e+00
42 0 +1.449859908e+02 +2.941359908e+02 +2.941359908e+02 -3.4794e-01 -9.4689e-01 -9.0890e-01 -1.4910e-01 -2.1285e+00
43 0 +1.360042403e+02 +2.851542403e+02 +2.851542403e+02 -3.4264e-01 -9.4434e-01 -9.3546e-01 -1.9191e-01 -2.2147e+00
44 0 +1.322728812e+02 +2.814228812e+02 +2.814228812e+02 -3.1713e-01 -1.0078e+00 -9.3826e-01 -1.9899e-01 -2.2872e+00
46 0 +1.310813183e+02 +2.802313183e+02 +2.802313183e+02 -2.9839e-01 -9.9333e-01 -9.4217e-01 -1.7718e-01 -2.2953e+00
48 0 +1.242662769e+02 +2.734162769e+02 +2.734162769e+02 -3.4126e-01 -9.8028e-01 -9.6529e-01 -1.5025e-01 -2.3427e+00
49 0 +1.204812240e+02 +2.696312240e+02 +2.696312240e+02 -3.6110e-01 -9.9168e-01 -9.5651e-01 -1.1148e-01 -2.3626e+00
50 0 +1.158572230e+02 +2.650072230e+02 +2.650072230e+02 -3.7739e-01 -9.7960e-01 -9.4927e-01 -9.4559e-02 -2.4044e+00
51 0 +1.001319575e+02 +2.492819575e+02 +2.492819575e+02 -4.4606e-01 -9.7648e-01 -9.2453e-01 +2.4248e-02 -2.5478e+00
54 0 +9.792339055e+01 +2.470733905e+02 +2.470733905e+02 -4.2497e-01 -1.0049e+00 -9.2610e-01 +1.7431e-02 -2.5676e+00
55 0 +9.071181524e+01 +2.398618152e+02 +2.398618152e+02 -4.3778e-01 -1.1151e+00 -9.2304e-01 +1.5931e-01 -2.6546e+00
56 0 +8.829312589e+01 +2.374431259e+02 +2.374431259e+02 -5.8623e-01 -1.2120e+00 -8.9903e-01 +7.1680e-02 -2.6722e+00
58 0 +8.500790739e+01 +2.341579074e+02 +2.341579074e+02 -5.7448e-01 -1.2697e+00 -9.6889e-01 +6.9436e-02 -2.7128e+00
61 0 +8.166484361e+01 +2.308148436e+02 +2.308148436e+02 -6.3878e-01 -1.2568e+00 -1.0500e+00 +1.0304e-01 -2.7445e+00
62 0 +7.697939213e+01 +2.261293921e+02 +2.261293921e+02 -6.4332e-01 -1.2613e+00 -1.0384e+00 +1.1786e-01 -2.7904e+00
63 0 +6.370291846e+01 +2.128529185e+02 +2.128529185e+02 -6.5910e-01 -1.2524e+00 -1.0270e+00 +1.2288e-01 -2.9892e+00
66 0 +5.635839244e+01 +2.055083924e+02 +2.055083924e+02 -6.5882e-01 -1.2891e+00 -1.0064e+00 +2.0961e-01 -3.0157e+00
67 0 +5.438785282e+01 +2.035378528e+02 +2.035378528e+02 -7.0015e-01 -1.2189e+00 -9.5641e-01 +2.3894e-01 -3.0132e+00
69 0 +5.343487500e+01 +2.025848750e+02 +2.025848750e+02 -6.8992e-01 -1.2249e+00 -9.4378e-01 +2.8541e-01 -3.0068e+00
70 0 +4.929593817e+01 +1.984459382e+02 +1.984459382e+02 -6.8945e-01 -1.2195e+00 -9.4456e-01 +2.9901e-01 -3.0546e+00
71 0 +4.675336399e+01 +1.959033640e+02 +1.959033640e+02 -7.1466e-01 -1.2382e+00 -9.2850e-01 +3.1046e-01 -3.0881e+00
72 0 +4.300236569e+01 +1.921523657e+02 +1.921523657e+02 -7.1233e-01 -1.2280e+00 -9.2606e-01 +3.2902e-01 -3.1333e+00
73 0 +3.017810761e+01 +1.793281076e+02 +1.793281076e+02 -7.3293e-01 -1.2134e+00 -8.9677e-01 +4.0561e-01 -3.3139e+00
74 0 +2.791274334e+01 +1.770627433e+02 +1.770627433e+02 -1.0399e+00 -1.3726e+00 -6.4254e-01 +6.8460e-01 -3.9287e+00
76 0 +2.377612261e+01 +1.729261226e+02 +1.729261226e+02 -7.7573e-01 -1.2454e+00 -8.0368e-01 +7.6310e-01 -4.1333e+00
78 0 +1.707505204e+01 +1.662250520e+02 +1.662250520e+02 -7.4529e-01 -1.2749e+00 -7.9398e-01 +9.4250e-01 -4.0564e+00
80 0 +1.203389101e+01 +1.611838910e+02 +1.611838910e+02 -7.2781e-01 -1.2844e+00 -8.7021e-01 +9.5097e-01 -3.9953e+00
81 0 +1.013229226e+01 +1.592822923e+02 +1.592822923e+02 -7.3835e-01 -1.1990e+00 -8.8365e-01 +9.7006e-01 -3.9499e+00
82 0 +6.856195207e+00 +1.560061952e+02 +1.560061952e+02 -6.6523e-01 -1.2020e+00 -8.8065e-01 +9.6634e-01 -3.8819e+00
83 0 +6.278827010e+00 +1.554288270e+02 +1.554288270e+02 -6.3507e-01 -1.2082e+00 -9.4168e-01 +1.0062e+00 -3.8208e+00
84 0 +4.922841705e+00 +1.540728417e+02 +1.540728417e+02 -6.9229e-01 -1.2382e+00 -9.1251e-01 +9.8807e-01 -3.7526e+00
85 0 +4.181594980e+00 +1.533315950e+02 +1.533315950e+02 -6.9349e-01 -1.2354e+00 -9.3091e-01 +9.6020e-01 -3.7519e+00
86 0 +3.548617693e+00 +1.526986177e+02 +1.526986177e+02 -6.7681e-01 -1.2185e+00 -9.2350e-01 +9.2951e-01 -3.7212e+00
89 0 +3.394931968e+00 +1.525449320e+02 +1.525449320e+02 -6.9094e-01 -1.2127e+00 -9.2859e-01 +9.1112e-01 -3.7160e+00
90 0 +3.225830058e+00 +1.523758301e+02 +1.523758301e+02 -6.7839e-01 -1.2000e+00 -9.3652e-01 +8.9931e-01 -3.7261e+00
93 0 +3.116551963e+00 +1.522665520e+02 +1.522665520e+02 -6.7173e-01 -1.1890e+00 -9.2864e-01 +8.7475e-01 -3.7241e+00
94 0 +3.090162109e+00 +1.522401621e+02 +1.522401621e+02 -6.6753e-01 -1.1899e+00 -9.3768e-01 +8.7039e-01 -3.7180e+00
95 0 +3.011615704e+00 +1.521616157e+02 +1.521616157e+02 -6.5643e-01 -1.1935e+00 -9.3600e-01 +8.6835e-01 -3.7216e+00
102 0 +2.947097794e+00 +1.520970978e+02 +1.520970978e+02 -6.3338e-01 -1.1983e+00 -9.3927e-01 +8.5804e-01 -3.7293e+00
113 0 +2.882602269e+00 +1.520326023e+02 +1.520326023e+02 -6.2132e-01 -1.1757e+00 -9.3994e-01 +8.5752e-01 -3.7364e+00
121 0 +2.789086316e+00 +1.519390863e+02 +1.519390863e+02 -5.7748e-01 -1.1479e+00 -9.1780e-01 +8.7600e-01 -3.7487e+00
128 0 +2.747951469e+00 +1.518979515e+02 +1.518979515e+02 -5.7321e-01 -1.1421e+00 -9.1698e-01 +8.7043e-01 -3.7445e+00
136 0 +2.677313497e+00 +1.518273135e+02 +1.518273135e+02 -5.6139e-01 -1.1216e+00 -9.1236e-01 +8.6768e-01 -3.7324e+00
139 0 +2.616678293e+00 +1.517666783e+02 +1.517666783e+02 -5.2715e-01 -1.0971e+00 -9.1057e-01 +8.5279e-01 -3.7396e+00
146 0 +2.567098860e+00 +1.517170989e+02 +1.517170989e+02 -5.1706e-01 -1.0905e+00 -9.0085e-01 +8.6109e-01 -3.7355e+00
151 0 +2.510579421e+00 +1.516605794e+02 +1.516605794e+02 -5.1571e-01 -1.0726e+00 -8.8994e-01 +8.6964e-01 -3.7358e+00
159 0 +2.418781136e+00 +1.515687811e+02 +1.515687811e+02 -4.9297e-01 -1.0505e+00 -8.6941e-01 +8.7145e-01 -3.7344e+00
168 0 +2.397612919e+00 +1.515476129e+02 +1.515476129e+02 -4.8341e-01 -1.0454e+00 -8.6831e-01 +8.7617e-01 -3.7375e+00
178 0 +2.344030774e+00 +1.514940308e+02 +1.514940308e+02 -4.7481e-01 -1.0233e+00 -8.5758e-01 +8.7197e-01 -3.7345e+00
188 0 +2.271647048e+00 +1.514216470e+02 +1.514216470e+02 -4.5182e-01 -1.0072e+00 -8.4759e-01 +8.8273e-01 -3.7364e+00
196 0 +2.230418395e+00 +1.513804184e+02 +1.513804184e+02 -4.4668e-01 -9.9833e-01 -8.3410e-01 +8.7942e-01 -3.7353e+00
203 0 +2.186004880e+00 +1.513360049e+02 +1.513360049e+02 -4.3169e-01 -9.8563e-01 -8.2769e-01 +8.8094e-01 -3.7327e+00
215 0 +2.133536371e+00 +1.512835364e+02 +1.512835364e+02 -4.2056e-01 -9.6522e-01 -8.1655e-01 +8.8480e-01 -3.7251e+00
217 0 +2.089207353e+00 +1.512392074e+02 +1.512392074e+02 -4.1191e-01 -9.5848e-01 -8.0719e-01 +8.8726e-01 -3.7346e+00
226 0 +2.039656068e+00 +1.511896561e+02 +1.511896561e+02 -4.0230e-01 -9.4454e-01 -7.9239e-01 +8.9731e-01 -3.7412e+00
233 0 +1.986294227e+00 +1.511362942e+02 +1.511362942e+02 -3.9300e-01 -9.2552e-01 -7.8243e-01 +8.9904e-01 -3.7277e+00
240 0 +1.942121864e+00 +1.510921219e+02 +1.510921219e+02 -3.7860e-01 -9.1117e-01 -7.7368e-01 +8.9396e-01 -3.7339e+00
247 0 +1.903256255e+00 +1.510532563e+02 +1.510532563e+02 -3.7380e-01 -9.0625e-01 -7.6310e-01 +9.0076e-01 -3.7336e+00
249 0 +1.845677905e+00 +1.509956779e+02 +1.509956779e+02 -3.5117e-01 -8.8669e-01 -7.3843e-01 +9.2721e-01 -3.7186e+00
% f evaluations | g evaluations | best noise-free fitness - Fopt (-1.000000000000e+03) + sum g_i+ | measured fitness | best measured fitness or single-digit g-values | x1 | x2...
1 0 +2.422133760e+04 +2.322133760e+04 +2.322133760e+04 +0.0000e+00 +0.0000e+00 +0.0000e+00 +0.0000e+00 +0.0000e+00
4 0 +2.275557558e+04 +2.175557558e+04 +2.175557558e+04 +0.0000e+00 +5.0000e-01 +0.0000e+00 +0.0000e+00 +0.0000e+00
8 0 +1.333026271e+04 +1.233026271e+04 +1.233026271e+04 -4.8629e-01 +5.5104e-01 -3.4994e-03 -1.0384e-01 +1.1202e-02
9 0 +8.270220374e+03 +7.270220374e+03 +7.270220374e+03 -8.9031e-01 +4.6393e-01 -6.4069e-03 -1.9011e-01 +2.0510e-02
10 0 +4.587582542e+03 +3.587582542e+03 +3.587582542e+03 -1.2574e+00 +6.7364e-01 -1.2165e-02 -3.6099e-01 +3.8944e-02
11 0 +3.593837500e+03 +2.593837500e+03 +2.593837500e+03 -1.3694e+00 +8.5666e-01 -1.5207e-02 -4.5124e-01 +4.8679e-02
12 0 +3.467745981e+03 +2.467745981e+03 +2.467745981e+03 -1.4084e+00 +8.7182e-01 -1.5601e-02 -3.9353e-01 +4.9940e-02
13 0 +3.460558280e+03 +2.460558280e+03 +2.460558280e+03 -1.4079e+00 +8.7133e-01 -6.5592e-02 -3.9344e-01 +4.9300e-02
14 0 +3.301534485e+03 +2.301534485e+03 +2.301534485e+03 -1.4388e+00 +8.6402e-01 -6.5749e-02 -4.0535e-01 +1.2558e-02
15 0 +3.088597797e+03 +2.088597797e+03 +2.088597797e+03 -1.4781e+00 +8.5184e-01 -6.6852e-02 -4.2084e-01 +3.6457e-02
16 0 +2.847691272e+03 +1.847691272e+03 +1.847691272e+03 -1.5239e+00 +8.6510e-01 -6.8717e-02 -4.3571e-01 +3.8298e-02
17 0 +2.043095086e+03 +1.043095086e+03 +1.043095086e+03 -1.7039e+00 +9.3034e-01 -7.6327e-02 -4.9265e-01 +3.3115e-02
18 0 +1.499413706e+03 +4.994137057e+02 +4.994137057e+02 -1.8678e+00 +1.0426e+00 -8.4366e-02 -5.3830e-01 -2.1727e-02
19 0 +1.418396258e+03 +4.183962582e+02 +4.183962582e+02 -1.8937e+00 +1.0521e+00 -8.6129e-02 -5.4651e-01 +2.4105e-02
20 0 +1.287690967e+03 +2.876909668e+02 +2.876909668e+02 -1.9484e+00 +1.1248e+00 -9.0117e-02 -5.5761e-01 +1.2100e-02
21 0 +1.183978764e+03 +1.839787638e+02 +1.839787638e+02 -1.9992e+00 +1.1040e+00 -9.1822e-02 -5.6289e-01 +5.6442e-03
23 0 +1.138855759e+03 +1.388557594e+02 +1.388557594e+02 -1.9867e+00 +1.0983e+00 -1.5302e-01 -6.3226e-01 -9.1222e-04
24 0 +1.023381710e+03 +2.338171048e+01 +2.338171048e+01 -2.0402e+00 +1.1026e+00 -1.5629e-01 -6.5718e-01 +9.3318e-03
25 0 +1.004862381e+03 +4.862381122e+00 +4.862381122e+00 -2.0498e+00 +1.1034e+00 -1.5696e-01 -6.6031e-01 +1.1259e-02
30 0 +9.999180000e+02 -8.199999002e-02 -8.199999002e-02 -2.0536e+00 +1.1014e+00 -1.5704e-01 -6.5959e-01 +1.3287e-03
% f evaluations | g evaluations | best noise-free fitness - Fopt (9.862000000000e+01) + sum g_i+ | measured fitness | best measured fitness or single-digit g-values | x1 | x2...
1 0 +1.448591041e+04 +1.458453041e+04 +1.458453041e+04 +0.0000e+00 +0.0000e+00 +0.0000e+00 +0.0000e+00 +0.0000e+00
5 0 +1.431602100e+04 +1.441464100e+04 +1.441464100e+04 +0.0000e+00 +0.0000e+00 +5.0000e-01 +0.0000e+00 +0.0000e+00
7 0 +1.348366929e+04 +1.358228929e+04 +1.358228929e+04 +0.0000e+00 +0.0000e+00 +0.0000e+00 +0.0000e+00 +5.0000e-01
8 0 +7.849176460e+03 +7.947796460e+03 +7.947796460e+03 -4.7713e-02 -1.8407e-01 +9.2105e-03 -4.5914e-01 +5.5434e-01
9 0 +5.105901551e+03 +5.204521551e+03 +5.204521551e+03 +8.3921e-02 -2.1968e-01 +2.1066e-01 -8.3213e-01 +8.1114e-01
10 0 +3.120301771e+03 +3.218921771e+03 +3.218921771e+03 -3.1921e-02 -4.9859e-01 +1.6290e-01 -1.1063e+00 +8.1734e-01
11 0 +3.046433734e+03 +3.145053734e+03 +3.145053734e+03 -7.0928e-02 -4.2735e-01 +1.3383e-01 -1.1920e+00 +7.9615e-01
12 0 +3.003810742e+03 +3.102430742e+03 +3.102430742e+03 -1.6935e-01 -4.1731e-01 +1.7731e-01 -1.1670e+00 +8.5023e-01
13 0 +2.686431697e+03 +2.785051697e+03 +2.785051697e+03 -1.6213e-01 -4.6169e-01 +1.4608e-01 -1.2323e+00 +9.3945e-01
14 0 +2.322651948e+03 +2.421271948e+03 +2.421271948e+03 -1.6386e-01 -5.1504e-01 +2.1963e-01 -1.3158e+00 +9.3938e-01
15 0 +1.980187110e+03 +2.078807110e+03 +2.078807110e+03 -2.1239e-01 -6.0493e-01 +2.0169e-01 -1.3824e+00 +9.3271e-01
16 0 +1.663996611e+03 +1.762616611e+03 +1.762616611e+03 -2.2894e-01 -6.7025e-01 +2.2457e-01 -1.4767e+00 +9.6827e-01
17 0 +9.414718942e+02 +1.040091894e+03 +1.040091894e+03 -2.2645e-01 -8.5148e-01 +3.8107e-01 -1.8575e+00 +1.1715e+00
18 0 +7.822310166e+02 +8.808510166e+02 +8.808510166e+02 -3.1700e-01 -9.7439e-01 +2.7559e-01 -1.9130e+00 +1.1685e+00
19 0 +6.865263983e+02 +7.851463983e+02 +7.851463983e+02 -4.0072e-01 -9.9073e-01 +3.4783e-01 -1.9193e+00 +1.1412e+00
21 0 +6.692032633e+02 +7.678232633e+02 +7.678232633e+02 -3.7562e-01 -1.0216e+00 +3.6018e-01 -1.9138e+00 +1.1141e+00
22 0 +6.177691866e+02 +7.163891866e+02 +7.163891866e+02 -3.8810e-01 -1.0569e+00 +3.7967e-01 -1.9365e+00 +1.1285e+00
23 0 +5.679344346e+02 +6.665544346e+02 +6.665544346e+02 -4.1541e-01 -1.0968e+00 +3.9142e-01 -1.9408e+00 +1.1276e+00
24 0 +4.189478056e+02 +5.175678056e+02 +5.175678056e+02 -5.3801e-01 -1.2488e+00 +4.2137e-01 -1.9267e+00 +1.0997e+00
25 0 +3.125226504e+02 +4.111426504e+02 +4.111426504e+02 -5.7892e-01 -1.3550e+00 +5.7297e-01 -1.9767e+00 +1.1394e+00
26 0 +2.704788094e+02 +3.690988094e+02 +3.690988094e+02 -5.7138e-01 -1.5156e+00 +5.0847e-01 -2.0524e+00 +1.2047e+00
29 0 +2.270277624e+02 +3.256477624e+02 +3.256477624e+02 -6.6370e-01 -1.5401e+00 +5.2767e-01 -2.0712e+00 +1.2171e+00
30 0 +2.029004186e+02 +3.015204186e+02 +3.015204186e+02 -7.0340e-01 -1.5614e+00 +5.8265e-01 -2.1269e+00 +1.2600e+00
31 0 +1.819368449e+02 +2.805568449e+02 +2.805568449e+02 -7.9019e-01 -1.5914e+00 +5.5950e-01 -2.1563e+00 +1.2729e+00
32 0 +1.727553305e+02 +2.713753305e+02 +2.713753305e+02 -8.5869e-01 -1.5462e+00 +6.1223e-01 -2.1448e+00 +1.2543e+00
35 0 +1.587742287e+02 +2.573942287e+02 +2.573942287e+02 -9.0082e-01 -1.5849e+00 +6.3909e-01 -2.1400e+00 +1.2884e+00
36 0 +1.496902722e+02 +2.483102722e+02 +2.483102722e+02 -9.3410e-01 -1.6150e+00 +6.3869e-01 -2.1244e+00 +1.2727e+00
37 0 +1.411066630e+02 +2.397266630e+02 +2.397266630e+02 -9.4857e-01 -1.6458e+00 +6.7338e-01 -2.1149e+00 +1.2657e+00
38 0 +1.353628265e+02 +2.339828265e+02 +2.339828265e+02 -9.4292e-01 -1.6938e+00 +6.6481e-01 -2.1208e+00 +1.2731e+00
39 0 +1.288994753e+02 +2.275194753e+02 +2.275194753e+02 -9.7328e-01 -1.7281e+00 +6.7746e-01 -2.1073e+00 +1.2807e+00
41 0 +1.258057341e+02 +2.244257341e+02 +2.244257341e+02 -9.8397e-01 -1.7381e+00 +6.8234e-01 -2.1228e+00 +1.2686e+00
43 0 +1.208336158e+02 +2.194536158e+02 +2.194536158e+02 -1.0029e+00 -1.7688e+00 +6.9499e-01 -2.1411e+00 +1.2762e+00
44 0 +1.184535856e+02 +2.170735856e+02 +2.170735856e+02 -1.0248e+00 -1.7711e+00 +7.0594e-01 -2.1433e+00 +1.2721e+00
45 0 +1.157824806e+02 +2.144024806e+02 +2.144024806e+02 -1.0392e+00 -1.7844e+00 +7.1117e-01 -2.1566e+00 +1.2662e+00
46 0 +1.082635749e+02 +2.068835749e+02 +2.068835749e+02 -1.0810e+00 -1.8460e+00 +7.2256e-01 -2.2184e+00 +1.2434e+00
47 0 +1.066426960e+02 +2.052626960e+02 +2.052626960e+02 -1.1582e+00 -1.8755e+00 +7.4424e-01 -2.2312e+00 +1.2938e+00
50 0 +1.017096944e+02 +2.003296944e+02 +2.003296944e+02 -1.1721e+00 -1.8976e+00 +7.6717e-01 -2.2146e+00 +1.2619e+00
51 0 +9.872313828e+01 +1.973431383e+02 +1.973431383e+02 -1.1766e+00 -1.9425e+00 +7.6871e-01 -2.2053e+00 +1.2426e+00
54 0 +9.657269379e+01 +1.951926938e+02 +1.951926938e+02 -1.2032e+00 -1.9542e+00 +7.8802e-01 -2.1704e+00 +1.2125e+00
55 0 +9.501676424e+01 +1.936367642e+02 +1.936367642e+02 -1.2203e+00 -1.9679e+00 +7.8117e-01 -2.1752e+00 +1.2037e+00
57 0 +9.232044313e+01 +1.909404431e+02 +1.909404431e+02 -1.2414e+00 -1.9789e+00 +7.6748e-01 -2.1808e+00 +1.1677e+00
58 0 +8.855081908e+01 +1.871708191e+02 +1.871708191e+02 -1.3320e+00 -1.9731e+00 +7.6451e-01 -2.2019e+00 +1.1319e+00
59 0 +8.364770292e+01 +1.822677029e+02 +1.822677029e+02 -1.3628e+00 -2.0431e+00 +7.7429e-01 -2.2245e+00 +1.0724e+00
60 0 +8.291550981e+01 +1.815355098e+02 +1.815355098e+02 -1.4097e+00 -2.0959e+00 +7.2355e-01 -2.2027e+00 +1.0280e+00
63 0 +8.001240976e+01 +1.786324098e+02 +1.786324098e+02 -1.4339e+00 -2.0641e+00 +7.6479e-01 -2.2237e+00 +9.4333e-01
64 0 +7.658141321e+01 +1.752014132e+02 +1.752014132e+02 -1.4345e+00 -2.0698e+00 +7.5339e-01 -2.2712e+00 +9.3409e-01
66 0 +7.456141448e+01 +1.731814145e+02 +1.731814145e+02 -1.4644e+00 -2.0737e+00 +7.5138e-01 -2.3386e+00 +9.2326e-01
67 0 +7.363908417e+01 +1.722590842e+02 +1.722590842e+02 -1.4327e+00 -2.0960e+00 +7.5284e-01 -2.3585e+00 +8.9884e-01
68 0 +7.090251686e+01 +1.695225169e+02 +1.695225169e+02 -1.4457e+00 -2.0941e+00 +7.7648e-01 -2.3749e+00 +8.6014e-01
69 0 +6.084283111e+01 +1.594628311e+02 +1.594628311e+02 -1.4965e+00 -2.0876e+00 +8.7078e-01 -2.4411e+00 +7.0487e-01
70 0 +2.289340409e+01 +1.215134041e+02 +1.215134041e+02 -1.6513e+00 -2.0918e+00 +1.1836e+00 -2.7998e+00 +8.0751e-02
74 0 +2.079208966e+01 +1.194120897e+02 +1.194120897e+02 -1.6357e+00 -2.0914e+00 +1.1986e+00 -2.8260e+00 +6.1783e-02
77 0 +1.648551548e+01 +1.151055155e+02 +1.151055155e+02 -1.6336e+00 -2.0968e+00 +1.2066e+00 -2.9022e+00 +7.4104e-02
78 0 +1.341661331e+01 +1.120366133e+02 +1.120366133e+02 -1.6213e+00 -2.1339e+00 +1.2532e+00 -2.9509e+00 +7.6196e-02
79 0 +1.084092468e+01 +1.094609247e+02 +1.094609247e+02 -1.5973e+00 -2.1246e+00 +1.2623e+00 -3.0228e+00 +6.3616e-02
81 0 +1.058335015e+01 +1.092033501e+02 +1.092033501e+02 -1.6021e+00 -2.1066e+00 +1.2793e+00 -3.0212e+00 +7.1151e-02
82 0 +9.955109665e+00 +1.085751097e+02 +1.085751097e+02 -1.6293e+00 -2.1119e+00 +1.2862e+00 -3.0476e+00 +7.3206e-02
83 0 +8.476353152e+00 +1.070963532e+02 +1.070963532e+02 -1.6247e+00 -2.1144e+00 +1.3123e+00 -3.0629e+00 +4.9283e-02
84 0 +7.325163089e+00 +1.059451631e+02 +1.059451631e+02 -1.6244e+00 -2.1003e+00 +1.3239e+00 -3.0849e+00 +2.2846e-02
85 0 +6.245127952e+00 +1.048651280e+02 +1.048651280e+02 -1.6309e+00 -2.1041e+00 +1.3522e+00 -3.0951e+00 -6.9540e-04
86 0 +5.447862583e+00 +1.040678626e+02 +1.040678626e+02 -1.6141e+00 -2.1068e+00 +1.3730e+00 -3.1232e+00 -3.0292e-04
87 0 +4.735063902e+00 +1.033550639e+02 +1.033550639e+02 -1.6282e+00 -2.1020e+00 +1.3901e+00 -3.1510e+00 -1.5498e-02
88 0 +4.620873075e+00 +1.032408731e+02 +1.032408731e+02 -1.6226e+00 -2.0742e+00 +1.4164e+00 -3.1460e+00 -1.6488e-02
89 0 +4.547669845e+00 +1.031676698e+02 +1.031676698e+02 -1.6153e+00 -2.0693e+00 +1.4095e+00 -3.1474e+00 -2.6997e-02
90 0 +4.212804656e+00 +1.028328047e+02 +1.028328047e+02 -1.6112e+00 -2.0775e+00 +1.4206e+00 -3.1532e+00 -3.8692e-02
91 0 +3.948879072e+00 +1.025688791e+02 +1.025688791e+02 -1.6070e+00 -2.0793e+00 +1.4281e+00 -3.1693e+00 -4.5363e-02
92 0 +3.799614878e+00 +1.024196149e+02 +1.024196149e+02 -1.6137e+00 -2.0810e+00 +1.4356e+00 -3.1748e+00 -6.0975e-02
93 0 +3.643551421e+00 +1.022635514e+02 +1.022635514e+02 -1.6014e+00 -2.0881e+00 +1.4454e+00 -3.1796e+00 -6.8607e-02
94 0 +3.575863937e+00 +1.021958639e+02 +1.021958639e+02 -1.5934e+00 -2.0806e+00 +1.4415e+00 -3.1906e+00 -7.9644e-02
95 0 +3.532156634e+00 +1.021521566e+02 +1.021521566e+02 -1.5940e+00 -2.0769e+00 +1.4570e+00 -3.2017e+00 -7.8486e-02
107 0 +3.433560829e+00 +1.020535608e+02 +1.020535608e+02 -1.5635e+00 -2.0821e+00 +1.4530e+00 -3.2037e+00 -9.0063e-02
121 0 +3.377641511e+00 +1.019976415e+02 +1.019976415e+02 -1.5435e+00 -2.0733e+00 +1.4569e+00 -3.2040e+00 -8.1167e-02
133 0 +3.309879013e+00 +1.019298790e+02 +1.019298790e+02 -1.5185e+00 -2.0611e+00 +1.4625e+00 -3.2065e+00 -8.4120e-02
141 0 +3.233350167e+00 +1.018533502e+02 +1.018533502e+02 -1.4911e+00 -2.0385e+00 +1.4681e+00 -3.2039e+00 -8.1330e-02
150 0 +3.140705670e+00 +1.017607057e+02 +1.017607057e+02 -1.4564e+00 -2.0235e+00 +1.4708e+00 -3.2095e+00 -8.5096e-02
157 0 +3.078466816e+00 +1.016984668e+02 +1.016984668e+02 -1.4320e+00 -2.0085e+00 +1.4758e+00 -3.2010e+00 -8.3852e-02
161 0 +3.018341224e+00 +1.016383412e+02 +1.016383412e+02 -1.4152e+00 -1.9908e+00 +1.4743e+00 -3.2102e+00 -8.6136e-02
172 0 +2.875128831e+00 +1.014951288e+02 +1.014951288e+02 -1.3695e+00 -1.9532e+00 +1.4879e+00 -3.2060e+00 -8.0647e-02
187 0 +2.812093125e+00 +1.014320931e+02 +1.014320931e+02 -1.3471e+00 -1.9294e+00 +1.4920e+00 -3.2130e+00 -8.9281e-02
203 0 +2.728642896e+00 +1.013486429e+02 +1.013486429e+02 -1.3195e+00 -1.9109e+00 +1.5040e+00 -3.2160e+00 -8.6172e-02
205 0 +2.672356420e+00 +1.012923564e+02 +1.012923564e+02 -1.3105e+00 -1.8904e+00 +1.5136e+00 -3.1996e+00 -8.5032e-02
215 0 +2.625466073e+00 +1.012454661e+02 +1.012454661e+02 -1.2961e+00 -1.8856e+00 +1.5206e+00 -3.1987e+00 -8.3573e-02
227 0 +2.570381521e+00 +1.011903815e+02 +1.011903815e+02 -1.2793e+00 -1.8694e+00 +1.5313e+00 -3.1991e+00 -9.2047e-02
239 0 +2.506833856e+00 +1.011268339e+02 +1.011268339e+02 -1.2621e+00 -1.8525e+00 +1.5411e+00 -3.1963e+00 -7.7483e-02
249 0 +2.451487210e+00 +1.010714872e+02 +1.010714872e+02 -1.2488e+00 -1.8283e+00 +1.5446e+00 -3.1957e+00 -8.1205e-02
% f evaluations | g evaluations | best noise-free fitness - Fopt (-4.715000000000e+01) + sum g_i+ | measured fitness | best measured fitness or single-digit g-values | x1 | x2...
1 0 +1.146979636e+04 +1.142264636e+04 +1.142264636e+04 +0.0000e+00 +0.0000e+00 +0.0000e+00 +0.0000e+00 +0.0000e+00
7 0 +1.043968500e+04 +1.039253500e+04 +1.039253500e+04 +0.0000e+00 +0.0000e+00 +0.0000e+00 +0.0000e+00 +5.0000e-01
8 0 +5.271517319e+03 +5.224367319e+03 +5.224367319e+03 -1.3613e-02 -4.9939e-02 -6.9771e-02 -4.8894e-01 +5.5824e-01
9 0 +3.873308818e+03 +3.826158818e+03 +3.826158818e+03 +1.0531e-01 +4.3659e-02 +1.0002e-02 -7.0136e-01 +7.2725e-01
10 0 +2.216845825e+03 +2.169695825e+03 +2.169695825e+03 +4.9915e-02 -5.3313e-02 -1.0967e-01 -1.0117e+00 +7.5410e-01
11 0 +1.689258431e+03 +1.642108431e+03 +1.642108431e+03 +2.8481e-02 -1.0888e-01 -1.8388e-01 -1.0857e+00 +9.6172e-01
12 0 +1.647528622e+03 +1.600378622e+03 +1.600378622e+03 -6.9698e-03 -1.5328e-01 -1.0674e-01 -1.1313e+00 +9.7520e-01
14 0 +1.387933627e+03 +1.340783627e+03 +1.340783627e+03 +2.2223e-02 -1.3538e-01 -1.3248e-01 -1.2287e+00 +9.8545e-01
15 0 +1.165231226e+03 +1.118081226e+03 +1.118081226e+03 -1.5063e-02 -1.8553e-01 -1.9853e-01 -1.2837e+00 +9.7340e-01
16 0 +9.339525663e+02 +8.868025663e+02 +8.868025663e+02 -1.3801e-02 -2.0476e-01 -2.4609e-01 -1.3679e+00 +1.0148e+00
17 0 +5.011086741e+02 +4.539586741e+02 +4.539586741e+02 +2.6234e-02 -2.2557e-01 -3.5275e-01 -1.6158e+00 +1.1739e+00
18 0 +4.182858593e+02 +3.711358593e+02 +3.711358593e+02 -2.0231e-02 -2.8284e-01 -4.0372e-01 -1.6254e+00 +1.1777e+00
19 0 +2.993134011e+02 +2.521634011e+02 +2.521634011e+02 -1.8506e-02 -3.1757e-01 -4.5675e-01 -1.7118e+00 +1.3002e+00
20 0 +2.631982715e+02 +2.160482715e+02 +2.160482715e+02 -1.9488e-02 -3.2858e-01 -4.8464e-01 -1.7885e+00 +1.2625e+00
21 0 +2.578999966e+02 +2.107499966e+02 +2.107499966e+02 +4.1002e-02 -3.6638e-01 -5.0070e-01 -1.7740e+00 +1.2543e+00
22 0 +2.299316923e+02 +1.827816923e+02 +1.827816923e+02 +4.8416e-02 -3.2304e-01 -5.5930e-01 -1.7580e+00 +1.2523e+00
23 0 +1.786879077e+02 +1.315379077e+02 +1.315379077e+02 +2.8857e-02 -3.4974e-01 -6.2046e-01 -1.7755e+00 +1.2743e+00
24 0 +1.093404162e+02 +6.219041623e+01 +6.219041623e+01 -1.1057e-02 -4.2069e-01 -7.0468e-01 -1.8158e+00 +1.3160e+00
25 0 +9.154360282e+01 +4.439360282e+01 +4.439360282e+01 -2.9459e-02 -4.6471e-01 -7.1565e-01 -1.8376e+00 +1.3331e+00
26 0 +7.826671218e+01 +3.111671218e+01 +3.111671218e+01 -2.0409e-02 -4.6068e-01 -7.4950e-01 -1.8663e+00 +1.3576e+00
27 0 +6.752550925e+01 +2.037550925e+01 +2.037550925e+01 -3.2516e-02 -4.7076e-01 -7.8041e-01 -1.8678e+00 +1.3436e+00
28 0 +6.481761647e+01 +1.766761647e+01 +1.766761647e+01 -3.6405e-02 -4.7416e-01 -7.8865e-01 -1.8577e+00 +1.3546e+00
30 0 +6.346840588e+01 +1.631840588e+01 +1.631840588e+01 -4.0124e-02 -4.8057e-01 -7.8587e-01 -1.8612e+00 +1.3567e+00
31 0 +6.058949505e+01 +1.343949505e+01 +1.343949505e+01 -4.4725e-02 -4.8281e-01 -7.9200e-01 -1.8647e+00 +1.3586e+00
32 0 +5.026469246e+01 +3.114692464e+00 +3.114692464e+00 -6.8322e-02 -4.9705e-01 -8.1404e-01 -1.8700e+00 +1.3596e+00
33 0 +4.910554614e+01 +1.955546138e+00 +1.955546138e+00 -7.3440e-02 -5.0090e-01 -8.1616e-01 -1.8677e+00 +1.3573e+00
34 0 +4.771181217e+01 +5.618121734e-01 +5.618121734e-01 -7.5863e-02 -5.0123e-01 -8.2077e-01 -1.8692e+00 +1.3581e+00
% f evaluations | g evaluations | best noise-free fitness - Fopt (3.752000000000e+01) + sum g_i+ | measured fitness | best measured fitness or single-digit g-values | x1 | x2...
1 0 +1.825696660e+04 +1.829448660e+04 +1.829448660e+04 +0.0000e+00 +0.0000e+00 +0.0000e+00 +0.0000e+00 +0.0000e+00
5 0 +1.710854167e+04 +1.714606167e+04 +1.714606167e+04 +0.0000e+00 +0.0000e+00 +5.0000e-01 +0.0000e+00 +0.0000e+00
8 0 +1.086556563e+04 +1.090308563e+04 +1.090308563e+04 -1.7550e-02 -4.1813e-01 +5.5976e-01 -2.6385e-01 +4.0896e-02
9 0 +6.519083497e+03 +6.556603497e+03 +6.556603497e+03 +1.8328e-01 -8.4241e-01 +8.8122e-01 -4.4739e-01 +3.3293e-01
10 0 +4.182464051e+03 +4.219984051e+03 +4.219984051e+03 +8.9452e-02 -1.0529e+00 +8.7715e-01 -8.2717e-01 +3.0696e-01
11 0 +3.831855796e+03 +3.869375796e+03 +3.869375796e+03 +3.9301e-02 -1.2355e+00 +8.5542e-01 -7.7026e-01 +2.7830e-01
12 0 +3.312239054e+03 +3.349759054e+03 +3.349759054e+03 -1.7090e-03 -1.3112e+00 +1.0173e+00 -8.5203e-01 +2.8536e-01
13 0 +2.953575048e+03 +2.991095048e+03 +2.991095048e+03 +1.4982e-01 -1.3915e+00 +1.0289e+00 -9.2454e-01 +2.1074e-01
14 0 +2.408202542e+03 +2.445722542e+03 +2.445722542e+03 +1.7363e-01 -1.4913e+00 +1.0048e+00 -1.0235e+00 +3.5024e-01
15 0 +1.959161068e+03 +1.996681068e+03 +1.996681068e+03 +1.1861e-01 -1.5916e+00 +9.8535e-01 -1.1844e+00 +3.1812e-01
16 0 +1.554734887e+03 +1.592254887e+03 +1.592254887e+03 +1.4665e-01 -1.7497e+00 +1.0526e+00 -1.2702e+00 +3.6987e-01
17 0 +1.326085850e+03 +1.363605850e+03 +1.363605850e+03 +1.9952e-01 -1.6911e+00 +1.1136e+00 -1.4355e+00 +4.2536e-01
18 0 +1.093226724e+03 +1.130746724e+03 +1.130746724e+03 +2.5915e-01 -1.7940e+00 +1.0157e+00 -1.5556e+00 +4.7233e-01
19 0 +9.547401065e+02 +9.922601065e+02 +9.922601065e+02 +1.2952e-01 -1.8492e+00 +1.0358e+00 -1.6366e+00 +5.8874e-01
20 0 +7.935005758e+02 +8.310205758e+02 +8.310205758e+02 +1.3137e-01 -1.9571e+00 +1.1082e+00 -1.7739e+00 +5.2060e-01
21 0 +6.178953821e+02 +6.554153821e+02 +6.554153821e+02 +2.3155e-01 -2.0475e+00 +1.1842e+00 -1.8145e+00 +6.4196e-01
22 0 +4.935300728e+02 +5.310500728e+02 +5.310500728e+02 +2.7803e-01 -2.0931e+00 +1.1755e+00 -1.9872e+00 +7.2090e-01
23 0 +4.348931794e+02 +4.724131794e+02 +4.724131794e+02 +2.7542e-01 -2.2880e+00 +1.1440e+00 -1.9997e+00 +7.5573e-01
24 0 +3.593090841e+02 +3.968290841e+02 +3.968290841e+02 +2.6433e-01 -2.3450e+00 +1.3083e+00 -2.0795e+00 +8.1598e-01
25 0 +2.935252910e+02 +3.310452910e+02 +3.310452910e+02 +4.3901e-01 -2.3967e+00 +1.3514e+00 -2.1320e+00 +7.6536e-01
26 0 +2.224824871e+02 +2.600024871e+02 +2.600024871e+02 +5.4082e-01 -2.4288e+00 +1.3625e+00 -2.1664e+00 +9.3169e-01
27 0 +1.800386904e+02 +2.175586904e+02 +2.175586904e+02 +5.9415e-01 -2.5073e+00 +1.3828e+00 -2.3351e+00 +9.8142e-01
28 0 +1.376494203e+02 +1.751694203e+02 +1.751694203e+02 +6.8914e-01 -2.6209e+00 +1.4984e+00 -2.3056e+00 +1.0464e+00
29 0 +1.146232545e+02 +1.521432545e+02 +1.521432545e+02 +7.8341e-01 -2.5052e+00 +1.6103e+00 -2.3626e+00 +1.0948e+00
30 0 +1.064150038e+02 +1.439350038e+02 +1.439350038e+02 +9.5846e-01 -2.5443e+00 +1.5515e+00 -2.3832e+00 +1.1604e+00
31 0 +6.862080598e+01 +1.061408060e+02 +1.061408060e+02 +9.1667e-01 -2.5794e+00 +1.6088e+00 -2.4222e+00 +1.3409e+00
32 0 +4.594605021e+01 +8.346605021e+01 +8.346605021e+01 +9.3875e-01 -2.6658e+00 +1.7462e+00 -2.5138e+00 +1.4127e+00
33 0 +2.844017209e+01 +6.596017209e+01 +6.596017209e+01 +9.6811e-01 -2.6660e+00 +1.8509e+00 -2.4038e+00 +1.5408e+00
34 0 +1.500695792e+01 +5.252695792e+01 +5.252695792e+01 +9.5950e-01 -2.6221e+00 +1.8878e+00 -2.4886e+00 +1.7135e+00
35 0 +1.097050202e+01 +4.849050202e+01 +4.849050202e+01 +9.1649e-01 -2.7555e+00 +1.8648e+00 -2.4716e+00 +1.8000e+00
36 0 +6.637239987e+00 +4.415723999e+01 +4.415723999e+01 +1.0580e+00 -2.7956e+00 +1.9087e+00 -2.4916e+00 +1.8632e+00
38 0 +6.109657386e+00 +4.362965739e+01 +4.362965739e+01 +1.0611e+00 -2.7792e+00 +1.9084e+00 -2.4468e+00 +1.8812e+00
39 0 +5.350226605e+00 +4.287022660e+01 +4.287022660e+01 +1.0711e+00 -2.7644e+00 +1.8766e+00 -2.4699e+00 +1.9528e+00
40 0 +5.141698801e+00 +4.266169880e+01 +4.266169880e+01 +1.1176e+00 -2.8175e+00 +1.8580e+00 -2.4403e+00 +1.9807e+00
43 0 +5.047348879e+00 +4.256734888e+01 +4.256734888e+01 +1.1156e+00 -2.8159e+00 +1.8669e+00 -2.4343e+00 +1.9866e+00
44 0 +4.911820190e+00 +4.243182019e+01 +4.243182019e+01 +1.1149e+00 -2.8213e+00 +1.8731e+00 -2.4416e+00 +1.9923e+00
45 0 +4.819784858e+00 +4.233978486e+01 +4.233978486e+01 +1.1140e+00 -2.8291e+00 +1.8824e+00 -2.4413e+00 +1.9893e+00
46 0 +4.775933882e+00 +4.229593388e+01 +4.229593388e+01 +1.1066e+00 -2.8237e+00 +1.8883e+00 -2.4468e+00 +1.9866e+00
50 0 +4.656672442e+00 +4.217667244e+01 +4.217667244e+01 +1.1138e+00 -2.8246e+00 +1.9007e+00 -2.4538e+00 +1.9868e+00
55 0 +4.569586656e+00 +4.208958666e+01 +4.208958666e+01 +1.1225e+00 -2.8233e+00 +1.9157e+00 -2.4559e+00 +1.9931e+00
119 0 +4.465590857e+00 +4.198559086e+01 +4.198559086e+01 +1.1954e+00 -2.8660e+00 +1.9174e+00 -2.4623e+00 +1.9962e+00
146 0 +4.355061293e+00 +4.187506129e+01 +4.187506129e+01 +1.2831e+00 -2.9060e+00 +1.9117e+00 -2.4707e+00 +1.9967e+00
174 0 +4.259300244e+00 +4.177930024e+01 +4.177930024e+01 +1.3493e+00 -2.9294e+00 +1.9106e+00 -2.4493e+00 +2.0017e+00
192 0 +4.168462875e+00 +4.168846287e+01 +4.168846287e+01 +1.3862e+00 -2.9447e+00 +1.9066e+00 -2.4626e+00 +1.9943e+00
209 0 +4.073646829e+00 +4.159364683e+01 +4.159364683e+01 +1.4608e+00 -2.9444e+00 +1.8921e+00 -2.4571e+00 +2.0003e+00
226 0 +3.977118735e+00 +4.149711873e+01 +4.149711873e+01 +1.4873e+00 -2.9595e+00 +1.9042e+00 -2.4601e+00 +1.9992e+00
246 0 +3.884350588e+00 +4.140435059e+01 +4.140435059e+01 +1.5333e+00 -2.9536e+00 +1.9090e+00 -2.4642e+00 +2.0002e+00
% f evaluations | g evaluations | best noise-free fitness - Fopt (2.177000000000e+01) + sum g_i+ | measured fitness | best measured fitness or single-digit g-values | x1 | x2...
1 0 +1.225563250e+03 +1.247333250e+03 +1.247333250e+03 +0.0000e+00 +0.0000e+00 +0.0000e+00 +0.0000e+00 +0.0000e+00
3 0 +1.170223527e+03 +1.191993527e+03 +1.191993527e+03 +5.0000e-01 +0.0000e+00 +0.0000e+00 +0.0000e+00 +0.0000e+00
5 0 +9.359406757e+02 +9.577106757e+02 +9.577106757e+02 +0.0000e+00 +0.0000e+00 +5.0000e-01 +0.0000e+00 +0.0000e+00
6 0 +9.127793050e+02 +9.345493050e+02 +9.345493050e+02 +0.0000e+00 +0.0000e+00 +0.0000e+00 +5.0000e-01 +0.0000e+00
8 0 +4.403290778e+02 +4.620990778e+02 +4.620990778e+02 +5.2388e-02 +3.9142e-03 +2.7417e-01 +7.9610e-01 -2.9051e-01
9 0 +2.202862587e+02 +2.420562587e+02 +2.420562587e+02 +1.0189e-01 +7.6127e-03 +5.3324e-01 +1.0446e+00 -5.6501e-01
10 0 +1.839965715e+02 +2.057665715e+02 +2.057665715e+02 +1.3419e-01 +1.0026e-02 +7.0229e-01 +1.1391e+00 -7.4413e-01
15 0 +1.801162304e+02 +2.018862304e+02 +2.018862304e+02 +1.7213e-01 +1.9893e-02 +8.2825e-01 +1.2030e+00 -9.3887e-01
16 0 +1.689090422e+02 +1.906790422e+02 +1.906790422e+02 +2.0006e-01 +4.4819e-02 +8.1469e-01 +1.1765e+00 -9.5334e-01
17 0 +1.372289810e+02 +1.589989810e+02 +1.589989810e+02 +2.9649e-01 +1.4805e-01 +7.2750e-01 +1.0951e+00 -1.0297e+00
20 0 +1.219766988e+02 +1.437466988e+02 +1.437466988e+02 +3.1057e-01 +2.0948e-01 +5.7600e-01 +1.1438e+00 -1.1331e+00
23 0 +1.131368928e+02 +1.349068928e+02 +1.349068928e+02 +3.3480e-01 +2.1330e-01 +5.4101e-01 +1.0625e+00 -1.1728e+00
24 0 +1.092046501e+02 +1.309746501e+02 +1.309746501e+02 +3.0617e-01 +1.9835e-01 +5.4679e-01 +1.0481e+00 -1.2661e+00
26 0 +1.057755320e+02 +1.275455320e+02 +1.275455320e+02 +3.0226e-01 +1.7711e-01 +4.5123e-01 +1.0014e+00 -1.2998e+00
29 0 +1.038210260e+02 +1.255910260e+02 +1.255910260e+02 +3.3278e-01 +1.6107e-01 +4.5321e-01 +9.7185e-01 -1.3330e+00
30 0 +1.001316113e+02 +1.219016113e+02 +1.219016113e+02 +3.9457e-01 +1.4391e-01 +4.0651e-01 +1.0107e+00 -1.3799e+00
31 0 +9.881062308e+01 +1.205806231e+02 +1.205806231e+02 +3.7130e-01 +1.0829e-01 +4.2920e-01 +1.0197e+00 -1.4670e+00
33 0 +9.764892330e+01 +1.194189233e+02 +1.194189233e+02 +4.1151e-01 +8.2826e-02 +4.4071e-01 +1.0142e+00 -1.4755e+00
37 0 +9.512074301e+01 +1.168907430e+02 +1.168907430e+02 +4.3676e-01 +1.1218e-01 +4.3819e-01 +9.8529e-01 -1.4764e+00
40 0 +9.281362718e+01 +1.145836272e+02 +1.145836272e+02 +4.5497e-01 +1.2686e-01 +4.5068e-01 +9.4047e-01 -1.5063e+00
46 0 +8.975099959e+01 +1.115209996e+02 +1.115209996e+02 +5.1006e-01 +1.3970e-01 +4.9636e-01 +9.4171e-01 -1.5550e+00
49 0 +8.858214349e+01 +1.103521435e+02 +1.103521435e+02 +5.2210e-01 +1.3404e-01 +4.9530e-01 +9.2560e-01 -1.5728e+00
54 0 +8.507540103e+01 +1.068454010e+02 +1.068454010e+02 +5.2135e-01 +1.3135e-01 +5.1117e-01 +8.7636e-01 -1.6383e+00
55 0 +8.028108332e+01 +1.020510833e+02 +1.020510833e+02 +5.5318e-01 +7.2092e-02 +5.2771e-01 +7.4104e-01 -1.7682e+00
56 0 +7.226597109e+01 +9.403597109e+01 +9.403597109e+01 +5.3139e-01 +1.2988e-01 +6.8327e-01 +7.6454e-01 -1.8752e+00
60 0 +7.059959810e+01 +9.236959810e+01 +9.236959810e+01 +5.6890e-01 +1.4236e-01 +6.8238e-01 +7.3223e-01 -1.8844e+00
61 0 +6.908847510e+01 +9.085847510e+01 +9.085847510e+01 +5.8628e-01 +1.2402e-01 +7.1647e-01 +7.1440e-01 -1.9040e+00
62 0 +6.739948916e+01 +8.916948916e+01 +8.916948916e+01 +6.0520e-01 +9.6154e-02 +7.0728e-01 +6.8233e-01 -1.9199e+00
65 0 +6.602644129e+01 +8.779644129e+01 +8.779644129e+01 +5.9087e-01 +4.8199e-02 +7.3232e-01 +5.9873e-01 -1.9522e+00
67 0 +6.447830000e+01 +8.624830000e+01 +8.624830000e+01 +5.9203e-01 +5.1519e-02 +7.2215e-01 +5.9853e-01 -1.9748e+00
68 0 +6.270396470e+01 +8.447396470e+01 +8.447396470e+01 +5.9293e-01 +5.7465e-02 +7.3058e-01 +6.0151e-01 -1.9973e+00
69 0 +5.725607388e+01 +7.902607388e+01 +7.902607388e+01 +6.0006e-01 +8.4051e-02 +7.2157e-01 +6.0305e-01 -2.0930e+00
72 0 +5.255237367e+01 +7.432237367e+01 +7.432237367e+01 +5.9384e-01 +1.1234e-01 +7.7188e-01 +6.0977e-01 -2.2843e+00
73 0 +5.185002081e+01 +7.362002081e+01 +7.362002081e+01 +5.8683e-01 +1.1999e-01 +6.5468e-01 +5.6443e-01 -2.4395e+00
74 0 +4.852830554e+01 +7.029830554e+01 +7.029830554e+01 +5.8111e-01 +1.4892e-01 +6.6577e-01 +5.2143e-01 -2.4337e+00
75 0 +4.722947947e+01 +6.899947947e+01 +6.899947947e+01 +6.7477e-01 +1.7075e-01 +6.7853e-01 +4.9838e-01 -2.4413e+00
76 0 +4.428095120e+01 +6.605095120e+01 +6.605095120e+01 +6.7639e-01 +1.2935e-01 +6.8937e-01 +4.7272e-01 -2.4441e+00
77 0 +4.111628192e+01 +6.288628192e+01 +6.288628192e+01 +6.7142e-01 +1.2238e-01 +7.1345e-01 +4.3061e-01 -2.4527e+00
78 0 +3.147701071e+01 +5.324701071e+01 +5.324701071e+01 +6.4785e-01 +1.2393e-01 +8.1269e-01 +2.6237e-01 -2.4886e+00
81 0 +2.640573819e+01 +4.817573819e+01 +4.817573819e+01 +6.5606e-01 +8.2433e-02 +8.8498e-01 +2.7499e-01 -2.5418e+00
82 0 +2.408759163e+01 +4.585759163e+01 +4.585759163e+01 +6.9134e-01 +1.4898e-01 +9.3972e-01 +2.7245e-01 -2.5782e+00
83 0 +2.322374557e+01 +4.499374557e+01 +4.499374557e+01 +6.0599e-01 +1.6731e-01 +9.8068e-01 +2.8087e-01 -2.6033e+00
84 0 +2.142390023e+01 +4.319390023e+01 +4.319390023e+01 +6.0395e-01 +1.6358e-01 +9.8701e-01 +2.4681e-01 -2.6002e+00
85 0 +1.886386467e+01 +4.063386467e+01 +4.063386467e+01 +6.1074e-01 +1.4775e-01 +1.0206e+00 +2.1689e-01 -2.6137e+00
86 0 +1.128841383e+01 +3.305841383e+01 +3.305841383e+01 +6.4501e-01 +7.9671e-02 +1.1671e+00 +1.2606e-01 -2.6804e+00
87 0 +1.031297895e+01 +3.208297895e+01 +3.208297895e+01 +6.9220e-01 +8.9580e-03 +1.3244e+00 +1.1794e-01 -2.7697e+00
89 0 +9.430627800e+00 +3.120062780e+01 +3.120062780e+01 +7.0932e-01 +5.5455e-02 +1.3314e+00 +1.1177e-01 -2.7847e+00
90 0 +6.251384011e+00 +2.802138401e+01 +2.802138401e+01 +6.9491e-01 +6.1713e-02 +1.3224e+00 +1.9040e-02 -2.8174e+00
93 0 +5.150842737e+00 +2.692084274e+01 +2.692084274e+01 +7.0760e-01 +7.5734e-02 +1.2995e+00 -1.9262e-02 -2.8296e+00
94 0 +4.909995628e+00 +2.667999563e+01 +2.667999563e+01 +7.0864e-01 +8.9384e-02 +1.3169e+00 -5.0444e-02 -2.7974e+00
96 0 +4.580820174e+00 +2.635082017e+01 +2.635082017e+01 +7.0771e-01 +8.2646e-02 +1.2981e+00 -7.3308e-02 -2.7983e+00
97 0 +4.503909774e+00 +2.627390977e+01 +2.627390977e+01 +7.1892e-01 +7.9660e-02 +1.3071e+00 -8.7992e-02 -2.8122e+00
99 0 +4.406469156e+00 +2.617646916e+01 +2.617646916e+01 +7.2102e-01 +8.3584e-02 +1.2998e+00 -9.7148e-02 -2.8117e+00
102 0 +4.326449336e+00 +2.609644934e+01 +2.609644934e+01 +7.2070e-01 +7.8991e-02 +1.2895e+00 -1.0701e-01 -2.8154e+00
103 0 +4.208262587e+00 +2.597826259e+01 +2.597826259e+01 +7.2840e-01 +8.9440e-02 +1.2780e+00 -1.1188e-01 -2.8240e+00
106 0 +4.163013081e+00 +2.593301308e+01 +2.593301308e+01 +7.3189e-01 +8.8368e-02 +1.2641e+00 -1.0730e-01 -2.8229e+00
116 0 +4.068283573e+00 +2.583828357e+01 +2.583828357e+01 +7.7588e-01 +8.9060e-02 +1.2558e+00 -1.0597e-01 -2.8359e+00
132 0 +3.967291897e+00 +2.573729190e+01 +2.573729190e+01 +8.2863e-01 +8.7618e-02 +1.2530e+00 -1.0390e-01 -2.8303e+00
133 0 +3.840273729e+00 +2.561027373e+01 +2.561027373e+01 +9.0618e-01 +8.0036e-02 +1.2564e+00 -1.0147e-01 -2.8479e+00
142 0 +3.793027429e+00 +2.556302743e+01 +2.556302743e+01 +9.1723e-01 +8.1413e-02 +1.2610e+00 -1.0929e-01 -2.8359e+00
154 0 +3.712894052e+00 +2.548289405e+01 +2.548289405e+01 +9.4854e-01 +9.6732e-02 +1.2612e+00 -1.0632e-01 -2.8381e+00
166 0 +3.627588068e+00 +2.539758807e+01 +2.539758807e+01 +9.8336e-01 +1.0962e-01 +1.2596e+00 -1.0621e-01 -2.8323e+00
168 0 +3.450866442e+00 +2.522086644e+01 +2.522086644e+01 +1.1600e+00 +1.8789e-01 +1.2667e+00 -6.1838e-02 -2.8552e+00
172 0 +3.344529248e+00 +2.511452925e+01 +2.511452925e+01 +1.1605e+00 +1.9236e-01 +1.2831e+00 -6.8936e-02 -2.8445e+00
175 0 +3.247997949e+00 +2.501799795e+01 +2.501799795e+01 +1.1808e+00 +1.9437e-01 +1.2859e+00 -8.3574e-02 -2.8504e+00
176 0 +3.232754308e+00 +2.500275431e+01 +2.500275431e+01 +1.1886e+00 +1.8650e-01 +1.2853e+00 -9.0511e-02 -2.8353e+00
179 0 +3.141804904e+00 +2.491180490e+01 +2.491180490e+01 +1.1885e+00 +1.9564e-01 +1.2772e+00 -1.0285e-01 -2.8348e+00
185 0 +3.083671558e+00 +2.485367156e+01 +2.485367156e+01 +1.1929e+00 +2.1827e-01 +1.2726e+00 -1.0346e-01 -2.8278e+00
202 0 +2.999034522e+00 +2.476903452e+01 +2.476903452e+01 +1.2218e+00 +2.3443e-01 +1.2805e+00 -1.0270e-01 -2.8322e+00
209 0 +2.934004641e+00 +2.470400464e+01 +2.470400464e+01 +1.2415e+00 +2.5530e-01 +1.2840e+00 -1.0415e-01 -2.8325e+00
225 0 +2.882157620e+00 +2.465215762e+01 +2.465215762e+01 +1.2584e+00 +2.6574e-01 +1.2908e+00 -1.0688e-01 -2.8325e+00
230 0 +2.806997806e+00 +2.457699781e+01 +2.457699781e+01 +1.2878e+00 +2.8516e-01 +1.2940e+00 -1.0393e-01 -2.8347e+00
239 0 +2.749875810e+00 +2.451987581e+01 +2.451987581e+01 +1.3025e+00 +2.9978e-01 +1.3070e+00 -9.9821e-02 -2.8351e+00
245 0 +2.678722155e+00 +2.444872216e+01 +2.444872216e+01 +1.3183e+00 +3.3042e-01 +1.3160e+00 -9.7211e-02 -2.8332e+00
% f evaluations | g evaluations | best noise-free fitness - Fopt (6.603000000000e+01) + sum g_i+ | measured fitness | best measured fitness or single-digit g-values | x1 | x2...
1 0 +1.866660954e+04 +1.873263954e+04 +1.873263954e+04 +0.0000e+00 +0.0000e+00 +0.0000e+00 +0.0000e+00 +0.0000e+00
3 0 +1.850390177e+04 +1.856993177e+04 +1.856993177e+04 +5.0000e-01 +0.0000e+00 +0.0000e+00 +0.0000e+00 +0.0000e+00
8 0 +1.020456167e+04 +1.027059167e+04 +1.027059167e+04 +6.5428e-03 -4.9952e-01 -1.7347e-02 +5.1160e-01 -2.0976e-03
9 0 +6.242199899e+03 +6.308229899e+03 +6.308229899e+03 +1.1471e-02 -8.7577e-01 -3.0413e-02 +3.9422e-01 -3.6775e-03
10 0 +3.127276852e+03 +3.193306852e+03 +3.193306852e+03 +2.3712e-02 -1.3269e+00 -6.2866e-02 +5.7465e-01 -7.6018e-03
11 0 +2.283808603e+03 +2.349838603e+03 +2.349838603e+03 +3.1097e-02 -1.5044e+00 -8.2446e-02 +7.7592e-01 -9.9695e-03
12 0 +2.132120050e+03 +2.198150050e+03 +2.198150050e+03 -1.8937e-02 -1.5386e+00 -1.3736e-01 +7.5893e-01 -6.1769e-02
13 0 +2.077087727e+03 +2.143117727e+03 +2.143117727e+03 -4.5068e-02 -1.5658e+00 -7.6449e-02 +7.5277e-01 -8.9056e-02
15 0 +1.923903456e+03 +1.989933456e+03 +1.989933456e+03 -6.8614e-02 -1.6093e+00 -8.1686e-02 +7.3572e-01 -4.0768e-02
16 0 +1.766705535e+03 +1.832735535e+03 +1.832735535e+03 -7.0381e-02 -1.6571e+00 -9.0561e-02 +7.4742e-01 -4.0204e-02
17 0 +1.258588780e+03 +1.324618780e+03 +1.324618780e+03 -8.6892e-02 -1.8418e+00 -1.2679e-01 +8.1257e-01 -4.7048e-02
18 0 +7.849658753e+02 +8.509958753e+02 +8.509958753e+02 -1.8064e-01 -2.1223e+00 -1.9535e-01 +1.0528e+00 -1.2150e-01
19 0 +5.490222237e+02 +6.150522237e+02 +6.150522237e+02 -1.7738e-01 -2.3166e+00 -2.2861e-01 +9.4269e-01 -1.0210e-01
22 0 +5.227536754e+02 +5.887836754e+02 +5.887836754e+02 -2.0268e-01 -2.3185e+00 -2.5029e-01 +9.4665e-01 -6.5077e-02
24 0 +4.665720052e+02 +5.326020052e+02 +5.326020052e+02 -2.1887e-01 -2.3757e+00 -2.8954e-01 +9.7046e-01 -7.5936e-02
25 0 +3.156785227e+02 +3.817085227e+02 +3.817085227e+02 -2.2128e-01 -2.4971e+00 -4.1232e-01 +8.8045e-01 -3.0372e-02
26 0 +2.196628724e+02 +2.856928724e+02 +2.856928724e+02 -2.4887e-01 -2.6025e+00 -5.7521e-01 +8.8848e-01 +8.6846e-03
27 0 +1.729924762e+02 +2.390224762e+02 +2.390224762e+02 -3.5665e-01 -2.7125e+00 -5.4141e-01 +8.3974e-01 +2.2585e-02
28 0 +1.633271950e+02 +2.293571950e+02 +2.293571950e+02 -3.5162e-01 -2.7437e+00 -5.7903e-01 +7.9376e-01 -7.0265e-02
29 0 +1.560522185e+02 +2.220822185e+02 +2.220822185e+02 -3.8731e-01 -2.7039e+00 -5.9887e-01 +7.7029e-01 -6.5903e-02
30 0 +1.337811809e+02 +1.998111809e+02 +1.998111809e+02 -3.7842e-01 -2.7325e+00 -6.3095e-01 +7.1348e-01 -2.4615e-02
31 0 +1.076655308e+02 +1.736955308e+02 +1.736955308e+02 -4.1999e-01 -2.7726e+00 -6.8710e-01 +7.1045e-01 -5.6632e-03
32 0 +8.520048269e+01 +1.512304827e+02 +1.512304827e+02 -4.6457e-01 -2.8139e+00 -7.1991e-01 +6.7005e-01 +1.5661e-02
33 0 +4.444374064e+01 +1.104737406e+02 +1.104737406e+02 -6.3019e-01 -2.9643e+00 -7.9079e-01 +4.5079e-01 +9.6756e-02
34 0 +2.256927664e+01 +8.859927664e+01 +8.859927664e+01 -6.1008e-01 -2.9781e+00 -9.9195e-01 +4.5422e-01 +1.4169e-01
35 0 +1.880261588e+01 +8.483261588e+01 +8.483261588e+01 -6.5690e-01 -2.9475e+00 -1.0062e+00 +4.6036e-01 +1.2740e-01
36 0 +1.829346546e+01 +8.432346546e+01 +8.432346546e+01 -6.5104e-01 -2.9623e+00 -1.0150e+00 +4.5198e-01 +8.1579e-02
37 0 +1.472497353e+01 +8.075497353e+01 +8.075497353e+01 -6.7472e-01 -2.9953e+00 -1.0239e+00 +4.7955e-01 +8.4854e-02
38 0 +1.176256952e+01 +7.779256952e+01 +7.779256952e+01 -7.0328e-01 -3.0103e+00 -1.0590e+00 +4.6616e-01 +9.1688e-02
40 0 +1.006420418e+01 +7.609420418e+01 +7.609420418e+01 -7.2514e-01 -3.0190e+00 -1.0518e+00 +4.6271e-01 +8.8962e-02
41 0 +9.633208757e+00 +7.566320876e+01 +7.566320876e+01 -7.3181e-01 -3.0417e+00 -1.0510e+00 +4.5656e-01 +9.4094e-02
42 0 +8.978256341e+00 +7.500825634e+01 +7.500825634e+01 -7.4049e-01 -3.0418e+00 -1.0544e+00 +4.4078e-01 +7.7102e-02
43 0 +8.089546360e+00 +7.411954636e+01 +7.411954636e+01 -7.5818e-01 -3.0347e+00 -1.0534e+00 +4.2949e-01 +8.8652e-02
44 0 +7.653879697e+00 +7.368387970e+01 +7.368387970e+01 -7.7679e-01 -3.0358e+00 -1.0376e+00 +4.2862e-01 +8.3365e-02
47 0 +7.041586808e+00 +7.307158681e+01 +7.307158681e+01 -7.8580e-01 -3.0307e+00 -1.0440e+00 +4.3048e-01 +8.1267e-02
48 0 +6.631492783e+00 +7.266149278e+01 +7.266149278e+01 -7.9397e-01 -3.0252e+00 -1.0462e+00 +4.3627e-01 +8.5870e-02
49 0 +6.216550346e+00 +7.224655035e+01 +7.224655035e+01 -8.0221e-01 -3.0207e+00 -1.0507e+00 +4.4013e-01 +8.0124e-02
50 0 +5.844302192e+00 +7.187430219e+01 +7.187430219e+01 -8.1012e-01 -3.0149e+00 -1.0546e+00 +4.3359e-01 +8.1608e-02
51 0 +5.565502629e+00 +7.159550263e+01 +7.159550263e+01 -8.1545e-01 -3.0043e+00 -1.0515e+00 +4.3457e-01 +7.9564e-02
52 0 +5.227317392e+00 +7.125731739e+01 +7.125731739e+01 -8.2736e-01 -3.0017e+00 -1.0541e+00 +4.3566e-01 +7.9632e-02
53 0 +5.096316768e+00 +7.112631677e+01 +7.112631677e+01 -8.3082e-01 -2.9942e+00 -1.0632e+00 +4.3759e-01 +8.0536e-02
54 0 +4.883462071e+00 +7.091346207e+01 +7.091346207e+01 -8.3754e-01 -2.9920e+00 -1.0644e+00 +4.3242e-01 +7.1679e-02
55 0 +4.655777658e+00 +7.068577766e+01 +7.068577766e+01 -8.4760e-01 -2.9872e+00 -1.0625e+00 +4.2777e-01 +7.4236e-02
56 0 +4.500026245e+00 +7.053002625e+01 +7.053002625e+01 -8.5770e-01 -2.9839e+00 -1.0608e+00 +4.3280e-01 +7.0329e-02
58 0 +4.431752424e+00 +7.046175242e+01 +7.046175242e+01 -8.5956e-01 -2.9799e+00 -1.0601e+00 +4.3111e-01 +6.8953e-02
60 0 +4.348497307e+00 +7.037849731e+01 +7.037849731e+01 -8.6372e-01 -2.9778e+00 -1.0537e+00 +4.2987e-01 +6.9992e-02
62 0 +4.140259674e+00 +7.017025967e+01 +7.017025967e+01 -8.7361e-01 -2.9650e+00 -1.0470e+00 +4.3035e-01 +5.2517e-02
63 0 +4.052367587e+00 +7.008236759e+01 +7.008236759e+01 -8.7981e-01 -2.9516e+00 -1.0394e+00 +4.1925e-01 +5.3443e-02
75 0 +3.980112896e+00 +7.001011290e+01 +7.001011290e+01 -8.9519e-01 -2.9438e+00 -1.0318e+00 +4.3367e-01 +5.0065e-02
% f evaluations | g evaluations | best noise-free fitness - Fopt (1.720100000000e+02) + sum g_i+ | measured fitness | best measured fitness or single-digit g-values | x1 | x2...
1 0 +2.729467388e+03 +2.901477388e+03 +2.901477388e+03 +0.0000e+00 +0.0000e+00 +0.0000e+00 +0.0000e+00 +0.0000e+00
4 0 +2.465587233e+03 +2.637597233e+03 +2.637597233e+03 +0.0000e+00 +5.0000e-01 +0.0000e+00 +0.0000e+00 +0.0000e+00
8 0 +1.604505743e+03 +1.776515743e+03 +1.776515743e+03 -1.7480e-01 +5.6553e-01 -4.5402e-01 +1.8772e-02 -9.3105e-02
9 0 +1.345534947e+03 +1.517544947e+03 +1.517544947e+03 -5.2257e-01 +6.9592e-01 -7.3033e-01 +5.6121e-02 -2.7834e-01
10 0 +1.237132945e+03 +1.409142945e+03 +1.409142945e+03 -2.4000e-01 +7.8305e-01 -1.1132e+00 +8.1078e-02 -4.0213e-01
13 0 +1.179039552e+03 +1.351049552e+03 +1.351049552e+03 -2.4292e-01 +7.9252e-01 -1.1208e+00 -4.3285e-02 -4.0369e-01
14 0 +1.060923236e+03 +1.232933236e+03 +1.232933236e+03 -2.6606e-01 +7.1776e-01 -1.1542e+00 -8.3665e-02 -4.8590e-01
15 0 +9.624345569e+02 +1.134444557e+03 +1.134444557e+03 -2.1052e-01 +6.3217e-01 -1.1463e+00 -1.3503e-01 -5.3603e-01
16 0 +8.699408436e+02 +1.041950844e+03 +1.041950844e+03 -2.1736e-01 +5.4523e-01 -1.1950e+00 -1.9501e-01 -5.8134e-01
17 0 +6.027128476e+02 +7.747228476e+02 +7.747228476e+02 -3.9225e-01 +2.7135e-01 -1.4857e+00 -4.0284e-01 -7.1045e-01
18 0 +5.028019436e+02 +6.748119436e+02 +6.748119436e+02 -1.5650e-01 -8.1932e-02 -1.5197e+00 -6.5432e-01 -7.8265e-01
19 0 +3.545207552e+02 +5.265307552e+02 +5.265307552e+02 -2.0623e-01 -4.0481e-02 -1.4961e+00 -7.4163e-01 -1.1352e+00
22 0 +3.025745370e+02 +4.745845370e+02 +4.745845370e+02 -2.8750e-01 -6.4640e-02 -1.5214e+00 -8.5053e-01 -1.1931e+00
24 0 +2.825009872e+02 +4.545109872e+02 +4.545109872e+02 -3.4389e-01 -1.7083e-02 -1.5232e+00 -8.3671e-01 -1.2043e+00
25 0 +2.716927564e+02 +4.437027564e+02 +4.437027564e+02 -4.0543e-01 -1.8184e-02 -1.5450e+00 -8.6516e-01 -1.1781e+00
26 0 +2.622282442e+02 +4.342382442e+02 +4.342382442e+02 -4.4174e-01 -4.6127e-02 -1.5724e+00 -8.3950e-01 -1.2256e+00
28 0 +2.566351099e+02 +4.286451099e+02 +4.286451099e+02 -5.1981e-01 -2.5892e-02 -1.5498e+00 -8.0373e-01 -1.2298e+00
31 0 +2.488529386e+02 +4.208629386e+02 +4.208629386e+02 -5.4141e-01 -2.2403e-02 -1.5507e+00 -8.2513e-01 -1.2665e+00
32 0 +2.374415514e+02 +4.094515514e+02 +4.094515514e+02 -5.7106e-01 +6.1921e-04 -1.5587e+00 -8.2575e-01 -1.3588e+00
36 0 +2.324136108e+02 +4.044236108e+02 +4.044236108e+02 -5.4529e-01 -3.4560e-02 -1.5402e+00 -8.1692e-01 -1.4226e+00
37 0 +2.281698213e+02 +4.001798213e+02 +4.001798213e+02 -5.5767e-01 -4.3157e-02 -1.5717e+00 -7.8973e-01 -1.4459e+00
39 0 +2.198189346e+02 +3.918289346e+02 +3.918289346e+02 -5.8092e-01 -5.4606e-02 -1.6016e+00 -7.8252e-01 -1.5148e+00
42 0 +2.173217180e+02 +3.893317180e+02 +3.893317180e+02 -5.9746e-01 -4.4257e-02 -1.5967e+00 -7.6869e-01 -1.5340e+00
45 0 +2.116914383e+02 +3.837014383e+02 +3.837014383e+02 -6.2305e-01 -5.3485e-02 -1.5780e+00 -7.7064e-01 -1.5889e+00
46 0 +2.023749206e+02 +3.743849206e+02 +3.743849206e+02 -6.6387e-01 -7.9194e-02 -1.5736e+00 -7.3136e-01 -1.6670e+00
47 0 +1.719151927e+02 +3.439251927e+02 +3.439251927e+02 -8.5892e-01 -1.5618e-01 -1.5515e+00 -5.8721e-01 -1.9749e+00
48 0 +8.763286418e+01 +2.596428642e+02 +2.596428642e+02 -2.0004e+00 -8.5250e-02 -1.4096e+00 -2.3926e-01 -3.0289e+00
51 0 +7.216138631e+01 +2.441713863e+02 +2.441713863e+02 -2.0387e+00 -8.3532e-02 -1.6650e+00 +3.2341e-02 -2.9761e+00
54 0 +6.825319952e+01 +2.402631995e+02 +2.402631995e+02 -2.0240e+00 -8.7398e-02 -1.6912e+00 +4.1651e-02 -3.0242e+00
57 0 +6.463122983e+01 +2.366412298e+02 +2.366412298e+02 -2.0268e+00 -9.7901e-02 -1.6784e+00 +4.1923e-02 -3.0477e+00
58 0 +5.303256899e+01 +2.250425690e+02 +2.250425690e+02 -2.0360e+00 -1.4449e-01 -1.6265e+00 +4.8397e-02 -3.1387e+00
59 0 +4.652047679e+01 +2.185304768e+02 +2.185304768e+02 -2.0458e+00 -3.9403e-01 -1.4173e+00 +1.5708e-01 -3.4463e+00
61 0 +3.978747230e+01 +2.117974723e+02 +2.117974723e+02 -2.0275e+00 -3.4901e-01 -1.4116e+00 +1.9118e-01 -3.4675e+00
64 0 +2.912819707e+01 +2.011381971e+02 +2.011381971e+02 -1.9602e+00 -3.5077e-01 -1.4515e+00 +2.7508e-01 -3.4783e+00
65 0 +2.029846949e+01 +1.923084695e+02 +1.923084695e+02 -1.9569e+00 -3.2087e-01 -1.5264e+00 +2.8323e-01 -3.5602e+00
66 0 +1.433934246e+01 +1.863493425e+02 +1.863493425e+02 -1.8900e+00 -2.7045e-01 -1.5454e+00 +3.3364e-01 -3.6182e+00
67 0 +1.129671051e+01 +1.833067105e+02 +1.833067105e+02 -1.8505e+00 -3.2609e-01 -1.6242e+00 +3.6755e-01 -3.6539e+00
68 0 +9.109356122e+00 +1.811193561e+02 +1.811193561e+02 -1.9140e+00 -3.0216e-01 -1.6459e+00 +4.5780e-01 -3.6613e+00
69 0 +8.173600252e+00 +1.801836003e+02 +1.801836003e+02 -1.9233e+00 -3.2717e-01 -1.6132e+00 +4.6256e-01 -3.7003e+00
70 0 +7.103120310e+00 +1.791131203e+02 +1.791131203e+02 -1.9255e+00 -3.0525e-01 -1.6349e+00 +4.6316e-01 -3.7489e+00
71 0 +5.752660242e+00 +1.777626602e+02 +1.777626602e+02 -1.8948e+00 -3.0182e-01 -1.6295e+00 +5.0605e-01 -3.7712e+00
72 0 +5.212883219e+00 +1.772228832e+02 +1.772228832e+02 -1.8958e+00 -3.2120e-01 -1.6467e+00 +5.4262e-01 -3.8074e+00
73 0 +4.803331973e+00 +1.768133320e+02 +1.768133320e+02 -1.8998e+00 -2.8698e-01 -1.6183e+00 +5.6785e-01 -3.8337e+00
76 0 +4.716617312e+00 +1.767266173e+02 +1.767266173e+02 -1.8906e+00 -2.9000e-01 -1.6129e+00 +5.9197e-01 -3.8226e+00
81 0 +4.672371430e+00 +1.766823714e+02 +1.766823714e+02 -1.8944e+00 -2.8757e-01 -1.5976e+00 +5.9726e-01 -3.8231e+00
% f evaluations | g evaluations | best noise-free fitness - Fopt (-2.725000000000e+01) + sum g_i+ | measured fitness | best measured fitness or single-digit g-values | x1 | x2...
1 0 +8.337016683e+03 +8.309766683e+03 +8.309766683e+03 +0.0000e+00 +0.0000e+00 +0.0000e+00 +0.0000e+00 +0.0000e+00
5 0 +7.752183999e+03 +7.724933999e+03 +7.724933999e+03 +0.0000e+00 +0.0000e+00 +5.0000e-01 +0.0000e+00 +0.0000e+00
8 0 +4.451809120e+03 +4.424559120e+03 +4.424559120e+03 -2.8051e-01 -3.4053e-01 +5.4760e-01 -2.2726e-01 +3.7982e-02
9 0 +3.110490863e+03 +3.083240863e+03 +3.083240863e+03 -4.5405e-01 -5.9493e-01 +8.1606e-01 -3.2906e-01 +2.9349e-01
11 0 +3.053231917e+03 +3.025981917e+03 +3.025981917e+03 -5.5146e-01 -5.1745e-01 +8.2271e-01 -3.2241e-01 +3.0014e-01
12 0 +2.721420412e+03 +2.694170412e+03 +2.694170412e+03 -5.9659e-01 -5.5236e-01 +8.2611e-01 -4.3358e-01 +2.9953e-01
13 0 +2.434947167e+03 +2.407697167e+03 +2.407697167e+03 -6.7983e-01 -6.4286e-01 +8.1429e-01 -4.2292e-01 +2.8365e-01
14 0 +2.393902888e+03 +2.366652888e+03 +2.366652888e+03 -7.2656e-01 -6.7694e-01 +8.7103e-01 -4.6598e-01 +1.9877e-01
15 0 +2.249528092e+03 +2.222278092e+03 +2.222278092e+03 -7.5331e-01 -6.9723e-01 +8.4575e-01 -4.9038e-01 +2.1051e-01
16 0 +1.821497413e+03 +1.794247413e+03 +1.794247413e+03 -9.1465e-01 -7.4055e-01 +7.4550e-01 -5.2626e-01 +2.3801e-01
17 0 +1.588046964e+03 +1.560796964e+03 +1.560796964e+03 -9.9273e-01 -8.3384e-01 +8.0114e-01 -5.9369e-01 +3.7051e-01
18 0 +1.230287904e+03 +1.203037904e+03 +1.203037904e+03 -1.0147e+00 -9.8199e-01 +6.8429e-01 -6.5624e-01 +3.6877e-01
19 0 +1.003393598e+03 +9.761435981e+02 +9.761435981e+02 -1.1575e+00 -1.1043e+00 +6.1631e-01 -6.6208e-01 +3.6972e-01
20 0 +7.738785538e+02 +7.466285538e+02 +7.466285538e+02 -1.2097e+00 -1.0876e+00 +5.3128e-01 -8.3285e-01 +3.9431e-01
21 0 +6.844652744e+02 +6.572152744e+02 +6.572152744e+02 -1.2060e+00 -1.0860e+00 +4.4349e-01 -8.0742e-01 +4.8770e-01
22 0 +5.562098815e+02 +5.289598815e+02 +5.289598815e+02 -1.2053e+00 -1.1788e+00 +3.9448e-01 -8.7585e-01 +5.2514e-01
23 0 +4.999334815e+02 +4.726834815e+02 +4.726834815e+02 -1.2119e+00 -1.1964e+00 +2.7945e-01 -8.9138e-01 +4.6800e-01
24 0 +3.988953585e+02 +3.716453585e+02 +3.716453585e+02 -1.2977e+00 -1.2238e+00 +2.2780e-01 -9.4999e-01 +5.2157e-01
25 0 +3.345235470e+02 +3.072735470e+02 +3.072735470e+02 -1.2689e+00 -1.2268e+00 +1.6568e-01 -1.0460e+00 +5.7798e-01
26 0 +2.620732950e+02 +2.348232950e+02 +2.348232950e+02 -1.2948e+00 -1.3232e+00 +1.0068e-01 -1.0541e+00 +6.3116e-01
27 0 +2.189444555e+02 +1.916944555e+02 +1.916944555e+02 -1.3377e+00 -1.3930e+00 +1.0272e-01 -1.1482e+00 +5.9215e-01
28 0 +1.646965598e+02 +1.374465598e+02 +1.374465598e+02 -1.4104e+00 -1.4085e+00 +1.6330e-02 -1.1965e+00 +6.3430e-01
29 0 +1.557456711e+02 +1.284956711e+02 +1.284956711e+02 -1.3750e+00 -1.4500e+00 -7.9006e-02 -1.2139e+00 +5.9494e-01
30 0 +1.185185732e+02 +9.126857321e+01 +9.126857321e+01 -1.3852e+00 -1.5142e+00 -9.2646e-02 -1.2708e+00 +6.7414e-01
31 0 +9.633805704e+01 +6.908805704e+01 +6.908805704e+01 -1.4689e+00 -1.5920e+00 -1.1230e-01 -1.2515e+00 +6.8445e-01
32 0 +6.841413267e+01 +4.116413267e+01 +4.116413267e+01 -1.5313e+00 -1.6038e+00 -1.4897e-01 -1.3394e+00 +7.1285e-01
33 0 +5.767890664e+01 +3.042890664e+01 +3.042890664e+01 -1.5472e+00 -1.6026e+00 -1.9122e-01 -1.3325e+00 +7.6821e-01
34 0 +4.843001123e+01 +2.118001123e+01 +2.118001123e+01 -1.5575e+00 -1.6360e+00 -2.0004e-01 -1.3578e+00 +7.9194e-01
35 0 +4.347655150e+01 +1.622655150e+01 +1.622655150e+01 -1.5753e+00 -1.6519e+00 -2.4069e-01 -1.3733e+00 +7.8564e-01
36 0 +3.765742474e+01 +1.040742474e+01 +1.040742474e+01 -1.6160e+00 -1.6564e+00 -2.3885e-01 -1.3893e+00 +8.0942e-01
37 0 +3.475267980e+01 +7.502679803e+00 +7.502679803e+00 -1.6113e+00 -1.6513e+00 -2.4701e-01 -1.4134e+00 +8.2482e-01
38 0 +2.956201745e+01 +2.312017453e+00 +2.312017453e+00 -1.6177e+00 -1.6730e+00 -2.5920e-01 -1.4207e+00 +8.5049e-01
39 0 +2.858675594e+01 +1.336755940e+00 +1.336755940e+00 -1.6203e+00 -1.6800e+00 -2.6134e-01 -1.4189e+00 +8.5528e-01
40 0 +2.792103159e+01 +6.710315931e-01 +6.710315931e-01 -1.6220e+00 -1.6843e+00 -2.6137e-01 -1.4235e+00 +8.5651e-01
41 0 +2.738833084e+01 +1.383308417e-01 +1.383308417e-01 -1.6238e+00 -1.6855e+00 -2.6344e-01 -1.4250e+00 +8.5931e-01
% f evaluations | g evaluations | best noise-free fitness - Fopt (-1.521800000000e+02) + sum g_i+ | measured fitness | best measured fitness or single-digit g-values | x1 | x2...
1 0 +1.249080838e+03 +1.096900838e+03 +1.096900838e+03 +0.0000e+00 +0.0000e+00 +0.0000e+00 +0.0000e+00 +0.0000e+00
6 0 +1.227777218e+03 +1.075597218e+03 +1.075597218e+03 +0.0000e+00 +0.0000e+00 +0.0000e+00 +5.0000e-01 +0.0000e+00
8 0 +7.936894941e+02 +6.415094941e+02 +6.415094941e+02 -2.0063e-02 -1.3773e-01 -3.4772e-01 +5.0560e-01 -3.1005e-02
9 0 +5.283892693e+02 +3.762092693e+02 +3.762092693e+02 -7.3774e-02 -5.0643e-01 -6.2988e-01 +5.2058e-01 -1.1401e-01
10 0 +4.555877353e+02 +3.034077353e+02 +3.034077353e+02 -1.0032e-01 -4.3421e-01 -8.7014e-01 +5.2798e-01 -1.5503e-01
11 0 +4.359334130e+02 +2.837534130e+02 +2.837534130e+02 -1.7432e-01 -6.1012e-01 -1.0339e+00 +7.9380e-01 -2.6939e-01
14 0 +3.925066471e+02 +2.403266471e+02 +2.403266471e+02 -2.6776e-01 -6.4200e-01 -1.0569e+00 +7.1779e-01 -3.2082e-01
15 0 +3.552370554e+02 +2.030570554e+02 +2.030570554e+02 -2.7641e-01 -6.2721e-01 -1.0940e+00 +6.8251e-01 -3.9772e-01
16 0 +2.544941802e+02 +1.023141802e+02 +1.023141802e+02 -3.1693e-01 -5.0899e-01 -1.2337e+00 +5.8564e-01 -7.0882e-01
17 0 +2.173426991e+02 +6.516269909e+01 +6.516269909e+01 -3.3678e-01 -5.7556e-01 -1.3643e+00 +4.6222e-01 -7.6027e-01
20 0 +1.947215940e+02 +4.254159397e+01 +4.254159397e+01 -3.3404e-01 -6.0759e-01 -1.3262e+00 +4.3264e-01 -8.0691e-01
22 0 +1.761918137e+02 +2.401181365e+01 +2.401181365e+01 -3.1833e-01 -6.5536e-01 -1.3115e+00 +3.8838e-01 -8.3727e-01
23 0 +1.621451162e+02 +9.965116216e+00 +9.965116216e+00 -3.1354e-01 -7.0840e-01 -1.3003e+00 +3.3732e-01 -8.6142e-01
24 0 +1.582482500e+02 +6.068250023e+00 +6.068250023e+00 -3.1774e-01 -7.3293e-01 -1.2977e+00 +3.1274e-01 -8.6773e-01
28 0 +1.546851087e+02 +2.505108743e+00 +2.505108743e+00 -3.1231e-01 -7.5273e-01 -1.2857e+00 +2.9376e-01 -8.7624e-01
% f evaluations | g evaluations | best noise-free fitness - Fopt (5.821500000000e+02) + sum g_i+ | measured fitness | best measured fitness or single-digit g-values | x1 | x2...
1 0 +3.516799071e+04 +3.575014071e+04 +3.575014071e+04 +0.0000e+00 +0.0000e+00 +0.0000e+00 +0.0000e+00 +0.0000e+00
5 0 +3.384335906e+04 +3.442550906e+04 +3.442550906e+04 +0.0000e+00 +0.0000e+00 +5.0000e-01 +0.0000e+00 +0.0000e+00
8 0 +2.245102374e+04 +2.303317374e+04 +2.303317374e+04 -4.8886e-02 -4.5745e-01 +5.3976e-01 -1.9010e-01 +2.5046e-02
9 0 +1.259942131e+04 +1.318157131e+04 +1.318157131e+04 +1.0591e-01 -1.1324e+00 +8.7459e-01 -3.2210e-01 +3.2999e-01
10 0 +8.210342958e+03 +8.792492958e+03 +8.792492958e+03 -5.8426e-02 -1.4287e+00 +8.1511e-01 -6.5348e-01 +2.5311e-01
11 0 +6.328413483e+03 +6.910563483e+03 +6.910563483e+03 -1.1173e-01 -1.5027e+00 +1.1424e+00 -8.9492e-01 +2.9831e-01
12 0 +5.228680147e+03 +5.810830147e+03 +5.810830147e+03 -2.4876e-01 -1.7624e+00 +1.2284e+00 -7.9992e-01 +2.3710e-01
13 0 +5.021308407e+03 +5.603458407e+03 +5.603458407e+03 -8.8606e-02 -1.8892e+00 +1.2395e+00 -8.7427e-01 +1.4316e-01
14 0 +4.929039774e+03 +5.511189774e+03 +5.511189774e+03 -5.7776e-02 -1.9359e+00 +1.2217e+00 -8.7023e-01 +2.5345e-01
15 0 +4.293629947e+03 +4.875779947e+03 +4.875779947e+03 -1.2360e-01 -1.9945e+00 +1.2079e+00 -9.5760e-01 +2.5898e-01
16 0 +3.732403304e+03 +4.314553304e+03 +4.314553304e+03 -1.8163e-01 -2.0680e+00 +1.2523e+00 -1.0264e+00 +2.7170e-01
17 0 +2.108935803e+03 +2.691085803e+03 +2.691085803e+03 -3.8927e-01 -2.3646e+00 +1.4996e+00 -1.2597e+00 +3.2948e-01
18 0 +1.580752060e+03 +2.162902060e+03 +2.162902060e+03 -4.5552e-01 -2.5915e+00 +1.9226e+00 -1.2841e+00 +3.9564e-01
19 0 +1.062961621e+03 +1.645111621e+03 +1.645111621e+03 -6.6842e-01 -2.9070e+00 +1.8164e+00 -1.4251e+00 +3.7789e-01
20 0 +7.766500338e+02 +1.358800034e+03 +1.358800034e+03 -6.7210e-01 -2.8736e+00 +1.8490e+00 -1.6280e+00 +4.2916e-01
23 0 +6.977376172e+02 +1.279887617e+03 +1.279887617e+03 -7.0867e-01 -2.8800e+00 +1.8655e+00 -1.6559e+00 +4.3777e-01
24 0 +4.838878279e+02 +1.066037828e+03 +1.066037828e+03 -8.3844e-01 -2.8516e+00 +1.7825e+00 -1.7790e+00 +4.5578e-01
25 0 +3.126617784e+02 +8.948117784e+02 +8.948117784e+02 -9.4636e-01 -2.7812e+00 +1.8730e+00 -1.8901e+00 +5.0934e-01
26 0 +2.139459853e+02 +7.960959853e+02 +7.960959853e+02 -1.1267e+00 -2.8644e+00 +1.8912e+00 -1.9033e+00 +5.1511e-01
29 0 +1.688968629e+02 +7.510468629e+02 +7.510468629e+02 -1.1228e+00 -2.9069e+00 +1.8927e+00 -1.9935e+00 +5.2181e-01
30 0 +1.234187333e+02 +7.055687333e+02 +7.055687333e+02 -1.1574e+00 -2.9177e+00 +1.9719e+00 -2.0335e+00 +5.5020e-01
31 0 +8.759853914e+01 +6.697485391e+02 +6.697485391e+02 -1.2066e+00 -2.9816e+00 +2.0009e+00 -2.0821e+00 +5.6728e-01
32 0 +6.027488774e+01 +6.424248877e+02 +6.424248877e+02 -1.2028e+00 -2.9915e+00 +2.0506e+00 -2.1621e+00 +5.9906e-01
33 0 +5.444687992e+01 +6.365968799e+02 +6.365968799e+02 -1.2066e+00 -3.0228e+00 +2.0788e+00 -2.1380e+00 +6.8638e-01
34 0 +4.687377518e+01 +6.290237752e+02 +6.290237752e+02 -1.2235e+00 -3.0379e+00 +2.1210e+00 -2.1460e+00 +6.7478e-01
36 0 +3.989041077e+01 +6.220404108e+02 +6.220404108e+02 -1.2439e+00 -3.0319e+00 +2.1212e+00 -2.1572e+00 +6.8150e-01
37 0 +3.390565036e+01 +6.160556504e+02 +6.160556504e+02 -1.2534e+00 -3.0211e+00 +2.1330e+00 -2.1718e+00 +6.8971e-01
38 0 +2.811882233e+01 +6.102688223e+02 +6.102688223e+02 -1.2746e+00 -3.0170e+00 +2.1411e+00 -2.1795e+00 +6.9539e-01
39 0 +1.490953656e+01 +5.970595366e+02 +5.970595366e+02 -1.3721e+00 -3.0204e+00 +2.1576e+00 -2.1876e+00 +7.0729e-01
40 0 +5.203544872e+00 +5.873535449e+02 +5.873535449e+02 -1.3976e+00 -2.9774e+00 +2.2171e+00 -2.2424e+00 +7.3839e-01
41 0 +4.910770346e+00 +5.870607703e+02 +5.870607703e+02 -1.4116e+00 -2.9647e+00 +2.1621e+00 -2.2608e+00 +8.1760e-01
42 0 +4.218373720e+00 +5.863683737e+02 +5.863683737e+02 -1.4081e+00 -2.9711e+00 +2.1788e+00 -2.2390e+00 +8.3591e-01
44 0 +3.459619446e+00 +5.856096194e+02 +5.856096194e+02 -1.4247e+00 -2.9840e+00 +2.1798e+00 -2.2405e+00 +8.3541e-01
45 0 +1.866101046e+00 +5.840161010e+02 +5.840161010e+02 -1.4238e+00 -2.9924e+00 +2.1947e+00 -2.2565e+00 +8.4416e-01
46 0 +1.074653183e+00 +5.832246532e+02 +5.832246532e+02 -1.4221e+00 -3.0122e+00 +2.2032e+00 -2.2659e+00 +8.5253e-01
47 0 +4.914301708e-01 +5.826414302e+02 +5.826414302e+02 -1.4352e+00 -3.0092e+00 +2.2205e+00 -2.2745e+00 +8.6080e-01
48 0 +4.459078059e-01 +5.825959078e+02 +5.825959078e+02 -1.4396e+00 -3.0087e+00 +2.2111e+00 -2.2971e+00 +8.5858e-01
51 0 +4.064304651e-01 +5.825564305e+02 +5.825564305e+02 -1.4392e+00 -3.0135e+00 +2.2114e+00 -2.2975e+00 +8.5982e-01
52 0 +3.694677937e-01 +5.825194678e+02 +5.825194678e+02 -1.4428e+00 -3.0149e+00 +2.2143e+00 -2.2986e+00 +8.6067e-01
53 0 +3.482642739e-01 +5.824982643e+02 +5.824982643e+02 -1.4451e+00 -3.0189e+00 +2.2154e+00 -2.2995e+00 +8.5967e-01
54 0 +3.442061878e-01 +5.824942062e+02 +5.824942062e+02 -1.4450e+00 -3.0200e+00 +2.2179e+00 -2.2953e+00 +8.6001e-01
55 0 +3.309728596e-01 +5.824809729e+02 +5.824809729e+02 -1.4467e+00 -3.0217e+00 +2.2178e+00 -2.2957e+00 +8.6434e-01
58 0 +3.207050017e-01 +5.824707050e+02 +5.824707050e+02 -1.4523e+00 -3.0232e+00 +2.2170e+00 -2.2946e+00 +8.6411e-01
66 0 +3.147053180e-01 +5.824647053e+02 +5.824647053e+02 -1.4517e+00 -3.0233e+00 +2.2176e+00 -2.2926e+00 +8.6812e-01
80 0 +3.080382543e-01 +5.824580383e+02 +5.824580383e+02 -1.4528e+00 -3.0236e+00 +2.2175e+00 -2.2897e+00 +8.7366e-01
86 0 +3.013179270e-01 +5.824513179e+02 +5.824513179e+02 -1.4522e+00 -3.0233e+00 +2.2208e+00 -2.2802e+00 +8.8102e-01
107 0 +2.938960720e-01 +5.824438961e+02 +5.824438961e+02 -1.4506e+00 -3.0208e+00 +2.2238e+00 -2.2801e+00 +8.8570e-01
125 0 +2.882712665e-01 +5.824382713e+02 +5.824382713e+02 -1.4503e+00 -3.0186e+00 +2.2272e+00 -2.2757e+00 +8.8930e-01
140 0 +2.793238760e-01 +5.824293239e+02 +5.824293239e+02 -1.4481e+00 -3.0140e+00 +2.2312e+00 -2.2669e+00 +8.9852e-01
146 0 +2.753883364e-01 +5.824253883e+02 +5.824253883e+02 -1.4486e+00 -3.0160e+00 +2.2337e+00 -2.2663e+00 +9.0108e-01
173 0 +2.691395553e-01 +5.824191396e+02 +5.824191396e+02 -1.4479e+00 -3.0133e+00 +2.2368e+00 -2.2618e+00 +9.0629e-01
203 0 +2.629450574e-01 +5.824129451e+02 +5.824129451e+02 -1.4460e+00 -3.0118e+00 +2.2385e+00 -2.2567e+00 +9.1172e-01
230 0 +2.567806222e-01 +5.824067806e+02 +5.824067806e+02 -1.4450e+00 -3.0095e+00 +2.2423e+00 -2.2516e+00 +9.1635e-01
251 0 +2.511622703e-01 +5.824011623e+02 +5.824011623e+02 -1.4445e+00 -3.0087e+00 +2.2449e+00 -2.2477e+00 +9.2213e-01
% f evaluations | g evaluations | best noise-free fitness - Fopt (1.752000000000e+01) + sum g_i+ | measured fitness | best measured fitness or single-digit g-values | x1 | x2...
1 0 +2.415373841e+03 +2.432893841e+03 +2.432893841e+03 +0.0000e+00 +0.0000e+00 +0.0000e+00 +0.0000e+00 +0.0000e+00
3 0 +2.171287645e+03 +2.188807645e+03 +2.188807645e+03 +5.0000e-01 +0.0000e+00 +0.0000e+00 +0.0000e+00 +0.0000e+00
5 0 +2.088735252e+03 +2.106255252e+03 +2.106255252e+03 +0.0000e+00 +0.0000e+00 +5.0000e-01 +0.0000e+00 +0.0000e+00
8 0 +1.048556980e+03 +1.066076980e+03 +1.066076980e+03 +2.7645e-02 -3.4214e-01 +5.3699e-01 -5.6686e-03 +7.1534e-03
9 0 +7.305469985e+02 +7.480669985e+02 +7.480669985e+02 +4.1148e-02 -5.0926e-01 +5.0015e-01 -8.4374e-03 +1.0648e-02
10 0 +5.337262765e+02 +5.512462765e+02 +5.512462765e+02 +7.5059e-02 -6.5630e-01 +5.8134e-01 -1.5391e-02 +1.9422e-02
11 0 +5.034976626e+02 +5.210176626e+02 +5.210176626e+02 +1.5808e-02 -7.3384e-01 +5.6389e-01 -9.8267e-02 -5.4361e-02
12 0 +4.550184383e+02 +4.725384383e+02 +4.725384383e+02 -1.1467e-02 -7.7850e-01 +5.5843e-01 -1.2481e-02 -8.9528e-02
13 0 +4.054270812e+02 +4.229470812e+02 +4.229470812e+02 -5.7432e-02 -8.3136e-01 +5.4281e-01 -7.2851e-03 -1.0873e-02
14 0 +3.287500842e+02 +3.462700842e+02 +3.462700842e+02 +5.4478e-03 -9.0339e-01 +4.9710e-01 +1.3018e-03 -3.2827e-03
15 0 +2.816856413e+02 +2.992056413e+02 +2.992056413e+02 +3.0005e-02 -9.9764e-01 +5.3417e-01 +1.8932e-02 +1.0626e-02
16 0 +2.258076670e+02 +2.433276670e+02 +2.433276670e+02 +3.4480e-02 -1.0752e+00 +4.6835e-01 +4.8313e-02 +2.1883e-02
17 0 +2.141923724e+02 +2.317123724e+02 +2.317123724e+02 +4.3515e-02 -1.1317e+00 +4.4163e-01 -3.6967e-02 +3.2341e-02
18 0 +1.734784795e+02 +1.909984795e+02 +1.909984795e+02 +1.0478e-01 -1.1594e+00 +4.1780e-01 -9.3361e-03 +1.0660e-01
19 0 +1.447079253e+02 +1.622279253e+02 +1.622279253e+02 +1.7697e-01 -1.2161e+00 +3.8787e-01 +2.3652e-02 +7.5860e-02
20 0 +1.184564742e+02 +1.359764742e+02 +1.359764742e+02 +1.7121e-01 -1.2987e+00 +3.6451e-01 +6.6977e-02 +1.2150e-01
21 0 +9.479868085e+01 +1.123186809e+02 +1.123186809e+02 +1.8564e-01 -1.2912e+00 +2.6210e-01 +8.1342e-02 +1.4160e-01
22 0 +7.153503721e+01 +8.905503721e+01 +8.905503721e+01 +2.5694e-01 -1.3310e+00 +2.2065e-01 +9.8493e-02 +1.9344e-01
23 0 +6.549589578e+01 +8.301589578e+01 +8.301589578e+01 +2.6630e-01 -1.4086e+00 +1.5913e-01 +6.2680e-02 +1.7981e-01
24 0 +5.871137113e+01 +7.623137113e+01 +7.623137113e+01 +2.8961e-01 -1.4318e+00 +1.1408e-01 +1.5353e-01 +1.7890e-01
25 0 +4.430148044e+01 +6.182148044e+01 +6.182148044e+01 +2.6891e-01 -1.4400e+00 +7.5075e-02 +1.5610e-01 +2.7554e-01
26 0 +3.852976460e+01 +5.604976460e+01 +5.604976460e+01 +3.3491e-01 -1.4105e+00 +1.1785e-02 +1.4207e-01 +3.1957e-01
27 0 +3.221404504e+01 +4.973404504e+01 +4.973404504e+01 +3.7860e-01 -1.4732e+00 +4.0061e-02 +1.5578e-01 +3.8699e-01
28 0 +2.397723213e+01 +4.149723213e+01 +4.149723213e+01 +3.5342e-01 -1.5067e+00 -2.0954e-02 +1.7774e-01 +4.6049e-01
29 0 +1.904054805e+01 +3.656054805e+01 +3.656054805e+01 +3.4979e-01 -1.4517e+00 +1.2665e-03 +2.3325e-01 +5.2945e-01
31 0 +1.501208282e+01 +3.253208282e+01 +3.253208282e+01 +3.4261e-01 -1.4494e+00 +1.2176e-03 +2.0657e-01 +5.7106e-01
32 0 +1.308001185e+01 +3.060001185e+01 +3.060001185e+01 +3.0437e-01 -1.4677e+00 +2.2196e-02 +2.1117e-01 +5.8656e-01
34 0 +1.213201129e+01 +2.965201129e+01 +2.965201129e+01 +3.0540e-01 -1.4634e+00 +3.9237e-02 +2.0126e-01 +6.0128e-01
35 0 +1.071737939e+01 +2.823737939e+01 +2.823737939e+01 +3.0782e-01 -1.4743e+00 +3.5511e-02 +2.0401e-01 +6.2317e-01
36 0 +1.031482790e+01 +2.783482790e+01 +2.783482790e+01 +3.0577e-01 -1.4901e+00 +3.3807e-02 +1.8568e-01 +6.2875e-01
37 0 +9.333202042e+00 +2.685320204e+01 +2.685320204e+01 +3.0389e-01 -1.4984e+00 +4.1522e-02 +1.9048e-01 +6.5043e-01
38 0 +8.572495467e+00 +2.609249547e+01 +2.609249547e+01 +3.1937e-01 -1.4951e+00 +3.7039e-02 +1.8559e-01 +6.6861e-01
41 0 +7.862871490e+00 +2.538287149e+01 +2.538287149e+01 +3.1373e-01 -1.4921e+00 +3.3923e-02 +1.8324e-01 +6.7863e-01
42 0 +5.660714926e+00 +2.318071493e+01 +2.318071493e+01 +2.9096e-01 -1.4837e+00 +2.3946e-02 +1.7509e-01 +7.2040e-01
43 0 +4.245918672e+00 +2.176591867e+01 +2.176591867e+01 +2.6846e-01 -1.4834e+00 +2.0054e-02 +1.7008e-01 +7.6459e-01
45 0 +4.113147158e+00 +2.163314716e+01 +2.163314716e+01 +2.7843e-01 -1.4781e+00 +2.0502e-02 +1.6889e-01 +7.6954e-01
48 0 +3.714629370e+00 +2.123462937e+01 +2.123462937e+01 +2.8077e-01 -1.4845e+00 +1.9610e-02 +1.7121e-01 +7.7971e-01
49 0 +2.564203977e+00 +2.008420398e+01 +2.008420398e+01 +2.8111e-01 -1.5091e+00 +1.6150e-02 +1.8111e-01 +8.2199e-01
50 0 +1.881660009e+00 +1.940166001e+01 +1.940166001e+01 +2.5982e-01 -1.5274e+00 +1.3441e-02 +1.9112e-01 +8.6201e-01
55 0 +1.684569125e+00 +1.920456912e+01 +1.920456912e+01 +2.5302e-01 -1.5219e+00 +6.2975e-03 +1.9539e-01 +8.6530e-01
56 0 +1.631593524e+00 +1.915159352e+01 +1.915159352e+01 +2.5607e-01 -1.5131e+00 -9.3807e-04 +1.9766e-01 +8.6189e-01
57 0 +1.445482794e+00 +1.896548279e+01 +1.896548279e+01 +2.6105e-01 -1.5175e+00 -7.0153e-03 +2.0284e-01 +8.6883e-01
58 0 +1.358819528e+00 +1.887881953e+01 +1.887881953e+01 +2.5738e-01 -1.5201e+00 -1.6340e-02 +2.0832e-01 +8.7320e-01
59 0 +1.291089610e+00 +1.881108961e+01 +1.881108961e+01 +2.5859e-01 -1.5145e+00 -1.6582e-02 +2.0706e-01 +8.8420e-01
60 0 +1.258172425e+00 +1.877817243e+01 +1.877817243e+01 +2.6440e-01 -1.5178e+00 -2.4364e-02 +2.0039e-01 +8.8677e-01
63 0 +1.214180902e+00 +1.873418090e+01 +1.873418090e+01 +2.6714e-01 -1.5196e+00 -2.5232e-02 +2.0394e-01 +8.9056e-01
64 0 +1.199865411e+00 +1.871986541e+01 +1.871986541e+01 +2.6813e-01 -1.5206e+00 -2.4136e-02 +2.0367e-01 +8.9226e-01
67 0 +1.160693529e+00 +1.868069353e+01 +1.868069353e+01 +2.6698e-01 -1.5235e+00 -2.2967e-02 +2.0673e-01 +8.9563e-01
68 0 +1.146338505e+00 +1.866633850e+01 +1.866633850e+01 +2.6738e-01 -1.5241e+00 -2.2495e-02 +2.0803e-01 +8.9760e-01
69 0 +1.120618969e+00 +1.864061897e+01 +1.864061897e+01 +2.7129e-01 -1.5261e+00 -1.9083e-02 +2.1410e-01 +9.0327e-01
70 0 +1.088535683e+00 +1.860853568e+01 +1.860853568e+01 +2.6581e-01 -1.5301e+00 -1.6203e-02 +2.1252e-01 +9.0984e-01
71 0 +1.044430193e+00 +1.856443019e+01 +1.856443019e+01 +2.6083e-01 -1.5310e+00 -2.1254e-02 +2.1891e-01 +9.1267e-01
77 0 +1.015841827e+00 +1.853584183e+01 +1.853584183e+01 +2.5860e-01 -1.5268e+00 -2.2613e-02 +2.2212e-01 +9.2433e-01
86 0 +9.979375093e-01 +1.851793751e+01 +1.851793751e+01 +2.5871e-01 -1.5296e+00 -1.9029e-02 +2.2668e-01 +9.2664e-01
92 0 +9.762489753e-01 +1.849624898e+01 +1.849624898e+01 +2.6083e-01 -1.5266e+00 -1.4362e-02 +2.3448e-01 +9.3279e-01
107 0 +9.329029818e-01 +1.845290298e+01 +1.845290298e+01 +2.6618e-01 -1.5140e+00 +2.2386e-05 +2.4795e-01 +9.4569e-01
123 0 +9.116446301e-01 +1.843164463e+01 +1.843164463e+01 +2.6778e-01 -1.5121e+00 +6.6522e-03 +2.5732e-01 +9.4361e-01
142 0 +8.890900498e-01 +1.840909005e+01 +1.840909005e+01 +2.7126e-01 -1.5069e+00 +1.5065e-02 +2.6226e-01 +9.4722e-01
148 0 +8.700250594e-01 +1.839002506e+01 +1.839002506e+01 +2.7193e-01 -1.5018e+00 +2.0440e-02 +2.7476e-01 +9.5711e-01
162 0 +8.484780429e-01 +1.836847804e+01 +1.836847804e+01 +2.7593e-01 -1.4988e+00 +2.8095e-02 +2.7767e-01 +9.5697e-01
168 0 +8.294641866e-01 +1.834946419e+01 +1.834946419e+01 +2.7575e-01 -1.4928e+00 +3.8397e-02 +2.8695e-01 +9.6036e-01
178 0 +8.089126790e-01 +1.832891268e+01 +1.832891268e+01 +2.8341e-01 -1.4890e+00 +4.1516e-02 +2.9137e-01 +9.6340e-01
184 0 +7.938650269e-01 +1.831386503e+01 +1.831386503e+01 +2.8556e-01 -1.4835e+00 +4.7998e-02 +2.9488e-01 +9.6536e-01
194 0 +7.760077814e-01 +1.829600778e+01 +1.829600778e+01 +2.8909e-01 -1.4808e+00 +5.3758e-02 +3.0468e-01 +9.6907e-01
205 0 +7.554936691e-01 +1.827549367e+01 +1.827549367e+01 +2.9208e-01 -1.4757e+00 +6.4043e-02 +3.1088e-01 +9.7423e-01
211 0 +7.396944083e-01 +1.825969441e+01 +1.825969441e+01 +2.8696e-01 -1.4658e+00 +7.4202e-02 +3.2762e-01 +9.8879e-01
216 0 +7.215611553e-01 +1.824156116e+01 +1.824156116e+01 +2.9071e-01 -1.4667e+00 +7.4237e-02 +3.3048e-01 +9.8684e-01
229 0 +7.071820321e-01 +1.822718203e+01 +1.822718203e+01 +2.9704e-01 -1.4651e+00 +7.7576e-02 +3.2958e-01 +9.8853e-01
232 0 +6.801335388e-01 +1.820013354e+01 +1.820013354e+01 +2.9779e-01 -1.4575e+00 +9.0336e-02 +3.4296e-01 +9.9463e-01
243 0 +6.738792743e-01 +1.819387927e+01 +1.819387927e+01 +3.0032e-01 -1.4569e+00 +8.9860e-02 +3.4406e-01 +9.9658e-01
% f evaluations | g evaluations | best noise-free fitness - Fopt (4.041000000000e+01) + sum g_i+ | measured fitness | best measured fitness or single-digit g-values | x1 | x2...
1 0 +2.583840189e+04 +2.587881189e+04 +2.587881189e+04 +0.0000e+00 +0.0000e+00 +0.0000e+00 +0.0000e+00 +0.0000e+00
3 0 +2.525631621e+04 +2.529672621e+04 +2.529672621e+04 +5.0000e-01 +0.0000e+00 +0.0000e+00 +0.0000e+00 +0.0000e+00
7 0 +2.430356629e+04 +2.434397629e+04 +2.434397629e+04 +0.0000e+00 +0.0000e+00 +0.0000e+00 +0.0000e+00 +5.0000e-01
8 0 +1.416454819e+04 +1.420495819e+04 +1.420495819e+04 +1.9140e-02 +8.7406e-03 +1.5495e-02 -4.9676e-01 +5.5047e-01
9 0 +8.341328152e+03 +8.381738152e+03 +8.381738152e+03 +3.6491e-02 +1.6664e-02 +2.9542e-02 -9.4708e-01 +4.5903e-01
10 0 +4.254126414e+03 +4.294536414e+03 +4.294536414e+03 +7.1680e-02 +3.2734e-02 +5.8030e-02 -1.3849e+00 +7.0268e-01
11 0 +3.135322899e+03 +3.175732899e+03 +3.175732899e+03 +9.1350e-02 +4.1716e-02 +7.3954e-02 -1.5330e+00 +9.2609e-01
12 0 +2.985127516e+03 +3.025537516e+03 +3.025537516e+03 +2.9418e-02 -2.3572e-02 +1.0845e-02 -1.6017e+00 +9.1966e-01
14 0 +2.776000678e+03 +2.816410678e+03 +2.816410678e+03 -3.5962e-02 +1.2365e-01 -2.3846e-02 -1.6605e+00 +9.0778e-01
15 0 +2.290872959e+03 +2.331282959e+03 +2.331282959e+03 +3.7059e-02 +1.3004e-01 -1.7867e-02 -1.7535e+00 +8.8082e-01
16 0 +1.828448517e+03 +1.868858517e+03 +1.868858517e+03 +7.3320e-02 +1.4243e-01 -1.1072e-02 -1.8601e+00 +9.2473e-01
17 0 +8.224383892e+02 +8.628483892e+02 +8.628483892e+02 +1.5442e-01 +1.8509e-01 +1.0326e-02 -2.1962e+00 +1.1158e+00
18 0 +6.445679134e+02 +6.849779134e+02 +6.849779134e+02 +1.2442e-01 +2.0633e-01 +1.7772e-02 -2.3141e+00 +1.2751e+00
19 0 +4.636787693e+02 +5.040887693e+02 +5.040887693e+02 +1.7423e-01 +2.2274e-01 +2.1906e-02 -2.4583e+00 +1.2189e+00
20 0 +4.304093964e+02 +4.708193964e+02 +4.708193964e+02 +1.9582e-01 +2.4270e-01 +4.0708e-02 -2.4538e+00 +1.2256e+00
21 0 +4.125592259e+02 +4.529692259e+02 +4.529692259e+02 +2.1085e-01 +2.4735e-01 +1.9099e-02 -2.4529e+00 +1.2313e+00
22 0 +4.014117032e+02 +4.418217032e+02 +4.418217032e+02 +2.3570e-01 +2.0659e-01 +3.0212e-02 -2.4525e+00 +1.2412e+00
23 0 +3.396330441e+02 +3.800430441e+02 +3.800430441e+02 +2.6801e-01 +2.2204e-01 +3.3230e-02 -2.4839e+00 +1.2561e+00
24 0 +1.566427584e+02 +1.970527584e+02 +1.970527584e+02 +3.7696e-01 +3.1895e-01 +3.5912e-02 -2.6105e+00 +1.3079e+00
25 0 +1.403030058e+02 +1.807130058e+02 +1.807130058e+02 +3.9855e-01 +2.9793e-01 +9.9438e-02 -2.6513e+00 +1.3199e+00
26 0 +1.217073768e+02 +1.621173768e+02 +1.621173768e+02 +4.2675e-01 +2.6416e-01 +5.7608e-02 -2.6917e+00 +1.3362e+00
27 0 +9.198985376e+01 +1.323998538e+02 +1.323998538e+02 +4.8342e-01 +2.7794e-01 +5.7151e-02 -2.6938e+00 +1.2959e+00
28 0 +5.814906554e+01 +9.855906554e+01 +9.855906554e+01 +5.4876e-01 +3.0943e-01 +5.8385e-02 -2.6829e+00 +1.3510e+00
29 0 +3.321204170e+01 +7.362204170e+01 +7.362204170e+01 +5.8001e-01 +3.6821e-01 +5.1062e-02 -2.7456e+00 +1.3500e+00
30 0 +1.531583153e+01 +5.572583153e+01 +5.572583153e+01 +6.6935e-01 +3.7179e-01 +5.2571e-02 -2.7661e+00 +1.3514e+00
31 0 +1.325215926e+01 +5.366215926e+01 +5.366215926e+01 +6.7761e-01 +3.8777e-01 +1.9963e-02 -2.7541e+00 +1.3478e+00
33 0 +1.111297911e+01 +5.152297911e+01 +5.152297911e+01 +6.8528e-01 +3.9574e-01 +1.6895e-02 -2.7635e+00 +1.3679e+00
34 0 +9.410125067e+00 +4.982012507e+01 +4.982012507e+01 +6.9658e-01 +4.0177e-01 +1.1587e-02 -2.7827e+00 +1.3599e+00
35 0 +7.607973073e+00 +4.801797307e+01 +4.801797307e+01 +7.1993e-01 +3.9608e-01 +7.1935e-03 -2.7818e+00 +1.3651e+00
36 0 +6.580015564e+00 +4.699001556e+01 +4.699001556e+01 +7.3543e-01 +4.0291e-01 -4.9246e-03 -2.7918e+00 +1.3747e+00
37 0 +5.982075333e+00 +4.639207533e+01 +4.639207533e+01 +7.4449e-01 +3.9611e-01 +1.0531e-02 -2.8062e+00 +1.3819e+00
38 0 +5.292526846e+00 +4.570252685e+01 +4.570252685e+01 +7.5775e-01 +3.8199e-01 +1.2639e-03 -2.8146e+00 +1.3723e+00
39 0 +5.223902319e+00 +4.563390232e+01 +4.563390232e+01 +7.7672e-01 +3.9285e-01 +7.9343e-03 -2.8125e+00 +1.3623e+00
40 0 +5.075185658e+00 +4.548518566e+01 +4.548518566e+01 +7.7997e-01 +3.8941e-01 +8.2836e-03 -2.8065e+00 +1.3662e+00
41 0 +4.873013124e+00 +4.528301312e+01 +4.528301312e+01 +7.8817e-01 +3.8576e-01 +4.3957e-03 -2.8109e+00 +1.3727e+00
42 0 +4.738682365e+00 +4.514868237e+01 +4.514868237e+01 +7.9329e-01 +3.7513e-01 +8.1566e-03 -2.8116e+00 +1.3712e+00
43 0 +4.479424879e+00 +4.488942488e+01 +4.488942488e+01 +7.9847e-01 +3.7061e-01 -1.0872e-03 -2.8075e+00 +1.3687e+00
44 0 +4.356839200e+00 +4.476683920e+01 +4.476683920e+01 +8.0645e-01 +3.6504e-01 -7.2380e-03 -2.8032e+00 +1.3710e+00
47 0 +4.264026401e+00 +4.467402640e+01 +4.467402640e+01 +8.0916e-01 +3.6065e-01 -1.4566e-02 -2.8093e+00 +1.3626e+00
49 0 +4.147415136e+00 +4.455741514e+01 +4.455741514e+01 +8.0830e-01 +3.5342e-01 -1.6915e-02 -2.8119e+00 +1.3661e+00
56 0 +4.072173824e+00 +4.448217382e+01 +4.448217382e+01 +8.0883e-01 +3.4559e-01 -2.4854e-02 -2.8173e+00 +1.3682e+00
% f evaluations | g evaluations | best noise-free fitness - Fopt (2.265900000000e+02) + sum g_i+ | measured fitness | best measured fitness or single-digit g-values | x1 | x2...
1 0 +1.588860493e+04 +1.611519493e+04 +1.611519493e+04 +0.0000e+00 +0.0000e+00 +0.0000e+00 +0.0000e+00 +0.0000e+00
4 0 +1.567316531e+04 +1.589975531e+04 +1.589975531e+04 +0.0000e+00 +5.0000e-01 +0.0000e+00 +0.0000e+00 +0.0000e+00
6 0 +1.473876308e+04 +1.496535308e+04 +1.496535308e+04 +0.0000e+00 +0.0000e+00 +0.0000e+00 +5.0000e-01 +0.0000e+00
8 0 +8.345532307e+03 +8.572122307e+03 +8.572122307e+03 -2.7108e-02 +1.0671e-02 -4.9589e-01 +5.5695e-01 +1.4096e-03
9 0 +5.088467490e+03 +5.315057490e+03 +5.315057490e+03 -4.9384e-02 +1.9440e-02 -9.0338e-01 +4.6850e-01 +2.5680e-03
10 0 +2.681627592e+03 +2.908217592e+03 +2.908217592e+03 -1.0084e-01 +3.9693e-02 -1.3308e+00 +7.2167e-01 +5.2435e-03
11 0 +2.121626550e+03 +2.348216550e+03 +2.348216550e+03 -1.3010e-01 +5.1214e-02 -1.4609e+00 +9.6628e-01 +6.7654e-03
12 0 +1.972467597e+03 +2.199057597e+03 +2.199057597e+03 -1.9966e-01 -9.1743e-03 -1.5004e+00 +9.5396e-01 -5.5871e-02
13 0 +1.875354844e+03 +2.101944844e+03 +2.101944844e+03 -1.1904e-01 -4.6160e-02 -1.5436e+00 +9.5431e-01 -9.4770e-02
15 0 +1.756164546e+03 +1.982754546e+03 +1.982754546e+03 -1.2509e-01 -3.3491e-02 -1.5894e+00 +9.4365e-01 -8.5032e-02
16 0 +1.630641915e+03 +1.857231915e+03 +1.857231915e+03 -1.3246e-01 -3.2148e-02 -1.6367e+00 +9.5653e-01 -9.1384e-02
17 0 +1.216396125e+03 +1.442986125e+03 +1.442986125e+03 -1.6180e-01 -3.3220e-02 -1.8212e+00 +1.0196e+00 -1.2497e-01
18 0 +5.830509360e+02 +8.096409360e+02 +8.096409360e+02 -2.4204e-01 -9.9653e-02 -2.2872e+00 +1.3083e+00 -2.9883e-01
19 0 +5.162973692e+02 +7.428873692e+02 +7.428873692e+02 -2.5372e-01 -2.0072e-01 -2.2999e+00 +1.5178e+00 -4.4222e-01
20 0 +3.832878362e+02 +6.098778362e+02 +6.098778362e+02 -2.8264e-01 -2.4837e-01 -2.5572e+00 +1.4519e+00 -5.5067e-01
23 0 +3.409473437e+02 +5.675373437e+02 +5.675373437e+02 -4.1036e-01 -2.1009e-01 -2.5861e+00 +1.4878e+00 -5.2778e-01
24 0 +2.811108219e+02 +5.077008219e+02 +5.077008219e+02 -4.8249e-01 -1.9797e-01 -2.6627e+00 +1.4942e+00 -6.2356e-01
25 0 +1.181295894e+02 +3.447195894e+02 +3.447195894e+02 -6.6639e-01 -1.8466e-01 -2.9696e+00 +1.4845e+00 -1.0692e+00
26 0 +1.120202534e+02 +3.386102534e+02 +3.386102534e+02 -9.7807e-01 -1.7265e-01 -3.2117e+00 +1.6985e+00 -9.9747e-01
28 0 +7.278103410e+01 +2.993710341e+02 +2.993710341e+02 -1.1013e+00 -1.1116e-02 -3.1378e+00 +1.6704e+00 -1.1824e+00
29 0 +5.176524748e+01 +2.783552475e+02 +2.783552475e+02 -1.2149e+00 -1.7676e-01 -3.1335e+00 +1.6012e+00 -1.3736e+00
30 0 +2.535587755e+01 +2.519458776e+02 +2.519458776e+02 -1.1296e+00 -1.0875e-01 -3.2643e+00 +1.6686e+00 -1.5931e+00
31 0 +9.709034362e+00 +2.362990344e+02 +2.362990344e+02 -1.2180e+00 -2.5751e-02 -3.2054e+00 +1.7354e+00 -1.8362e+00
32 0 +6.844650928e+00 +2.334346509e+02 +2.334346509e+02 -1.2848e+00 +8.0863e-02 -3.3406e+00 +1.5359e+00 -1.9244e+00
36 0 +5.805474550e+00 +2.323954746e+02 +2.323954746e+02 -1.2992e+00 +1.0873e-01 -3.3096e+00 +1.5348e+00 -1.9477e+00
37 0 +5.743916028e+00 +2.323339160e+02 +2.323339160e+02 -1.2954e+00 +1.3317e-01 -3.2794e+00 +1.5052e+00 -1.9579e+00
38 0 +5.019680041e+00 +2.316096800e+02 +2.316096800e+02 -1.2847e+00 +1.2436e-01 -3.2418e+00 +1.5348e+00 -1.9532e+00
39 0 +4.679999010e+00 +2.312699990e+02 +2.312699990e+02 -1.3145e+00 +1.3926e-01 -3.2209e+00 +1.5644e+00 -1.9621e+00
41 0 +4.500258505e+00 +2.310902585e+02 +2.310902585e+02 -1.3094e+00 +1.3078e-01 -3.2164e+00 +1.5692e+00 -1.9841e+00
42 0 +4.424248449e+00 +2.310142484e+02 +2.310142484e+02 -1.2947e+00 +1.4132e-01 -3.2108e+00 +1.5850e+00 -1.9884e+00
45 0 +4.347213972e+00 +2.309372140e+02 +2.309372140e+02 -1.2989e+00 +1.3751e-01 -3.2177e+00 +1.5969e+00 -1.9945e+00
56 0 +4.260238038e+00 +2.308502380e+02 +2.308502380e+02 -1.2722e+00 +1.1469e-01 -3.2263e+00 +1.6036e+00 -2.0038e+00
83 0 +4.165994210e+00 +2.307559942e+02 +2.307559942e+02 -1.2175e+00 +1.0157e-01 -3.2273e+00 +1.6041e+00 -2.0075e+00
94 0 +4.060240900e+00 +2.306502409e+02 +2.306502409e+02 -1.1529e+00 +1.0323e-01 -3.2282e+00 +1.6033e+00 -2.0047e+00
107 0 +3.932669718e+00 +2.305226697e+02 +2.305226697e+02 -1.0848e+00 +8.9320e-02 -3.2312e+00 +1.6080e+00 -2.0200e+00
108 0 +3.881965194e+00 +2.304719652e+02 +2.304719652e+02 -1.0515e+00 +8.1822e-02 -3.2472e+00 +1.6050e+00 -2.0069e+00
121 0 +3.788482787e+00 +2.303784828e+02 +2.303784828e+02 -1.0229e+00 +8.9742e-02 -3.2294e+00 +1.6043e+00 -1.9994e+00
127 0 +3.699158101e+00 +2.302891581e+02 +2.302891581e+02 -9.7987e-01 +1.1543e-01 -3.2294e+00 +1.5936e+00 -2.0092e+00
138 0 +3.629115356e+00 +2.302191154e+02 +2.302191154e+02 -9.5641e-01 +1.1523e-01 -3.2265e+00 +1.6064e+00 -2.0032e+00
150 0 +3.542993417e+00 +2.301329934e+02 +2.301329934e+02 -9.1838e-01 +1.2781e-01 -3.2329e+00 +1.6028e+00 -2.0117e+00
159 0 +3.448572447e+00 +2.300385724e+02 +2.300385724e+02 -8.8114e-01 +1.3979e-01 -3.2224e+00 +1.6027e+00 -2.0044e+00
167 0 +3.365978803e+00 +2.299559788e+02 +2.299559788e+02 -8.4598e-01 +1.6253e-01 -3.2326e+00 +1.5976e+00 -2.0056e+00
171 0 +3.308595099e+00 +2.298985951e+02 +2.298985951e+02 -8.2174e-01 +1.6494e-01 -3.2164e+00 +1.6034e+00 -2.0001e+00
185 0 +3.233658342e+00 +2.298236583e+02 +2.298236583e+02 -7.7942e-01 +1.8015e-01 -3.2274e+00 +1.5997e+00 -2.0000e+00
193 0 +3.154925590e+00 +2.297449256e+02 +2.297449256e+02 -7.7136e-01 +2.0124e-01 -3.2168e+00 +1.6068e+00 -2.0043e+00
205 0 +3.089677226e+00 +2.296796772e+02 +2.296796772e+02 -7.4768e-01 +2.2000e-01 -3.2163e+00 +1.5991e+00 -2.0084e+00
215 0 +3.017491880e+00 +2.296074919e+02 +2.296074919e+02 -7.2404e-01 +2.3463e-01 -3.2041e+00 +1.6026e+00 -2.0048e+00
229 0 +2.936982458e+00 +2.295269825e+02 +2.295269825e+02 -6.9626e-01 +2.5894e-01 -3.2071e+00 +1.6020e+00 -2.0071e+00
239 0 +2.881144490e+00 +2.294711445e+02 +2.294711445e+02 -6.7996e-01 +2.7018e-01 -3.1951e+00 +1.6044e+00 -2.0082e+00
240 0 +2.808266509e+00 +2.293982665e+02 +2.293982665e+02 -6.5106e-01 +2.9626e-01 -3.1932e+00 +1.5959e+00 -2.0113e+00
% f evaluations | g evaluations | best noise-free fitness - Fopt (-5.862000000000e+01) + sum g_i+ | measured fitness | best measured fitness or single-digit g-values | x1 | x2...
1 0 +1.758402007e+02 +1.172202007e+02 +1.172202007e+02 +0.0000e+00 +0.0000e+00 +0.0000e+00 +0.0000e+00 +0.0000e+00
3 0 +1.384118154e+02 +7.979181538e+01 +7.979181538e+01 +5.0000e-01 +0.0000e+00 +0.0000e+00 +0.0000e+00 +0.0000e+00
5 0 +9.999759724e+01 +4.137759724e+01 +4.137759724e+01 +0.0000e+00 +0.0000e+00 +5.0000e-01 +0.0000e+00 +0.0000e+00
10 0 +8.863500499e+01 +3.001500499e+01 +3.001500499e+01 +1.1989e-02 -1.2402e-02 +5.0778e-01 +4.1039e-02 -8.9419e-03
11 0 +7.038605178e+01 +1.176605178e+01 +1.176605178e+01 +3.7590e-02 +1.6808e-02 +5.1772e-01 +5.6151e-02 -2.0362e-02
13 0 +6.196402867e+01 +3.344028667e+00 +3.344028667e+00 +5.6340e-02 +2.5670e-02 +5.1429e-01 +6.7220e-02 -2.0662e-02
14 0 +5.988138984e+01 +1.261389839e+00 +1.261389839e+00 +6.1960e-02 +2.7440e-02 +5.1323e-01 +7.0537e-02 -1.9550e-02
19 0 +5.681476691e+01 -1.805233091e+00 -1.805233091e+00 +6.7861e-02 +2.7660e-02 +5.1788e-01 +8.0206e-02 -1.8832e-02
230 0 +5.103064977e+01 -7.589350229e+00 -7.589350229e+00 +9.8446e-01 -7.8091e-01 -4.2930e-01 -1.7792e+00 -1.3216e+00
