% f evaluations | g evaluations | best noise-free fitness - Fopt (1.491500000000e+02) + sum g_i+ | measured fitness | best measured fitness or single-digit g-values | x1 | x2...
1 0 +8.745656099e+01 +2.366065610e+02 +2.366065610e+02 +0.0000e+00 +0.0000e+00 +0.0000e+00
5 0 +2.262729699e+01 +1.717772970e+02 +1.717772970e+02 +0.0000e+00 +0.0000e+00 +5.0000e-01
6 0 +3.015108170e+00 +1.521651082e+02 +1.521651082e+02 -2.3313e-02 -1.3636e-01 +5.1461e-01
8 0 +1.381138401e+00 +1.505311384e+02 +1.505311384e+02 +3.2320e-03 -1.3636e-01 +5.5698e-01
9 0 +9.339718232e-01 +1.500839718e+02 +1.500839718e+02 +3.4415e-02 -1.7379e-01 +5.4572e-01
10 0 +3.920764050e-01 +1.495420764e+02 +1.495420764e+02 +7.5400e-02 -1.4538e-01 +5.4209e-01
12 0 +3.865334410e-01 +1.495365334e+02 +1.495365334e+02 +7.7831e-02 -1.4214e-01 +5.1742e-01
13 0 +2.975800443e-01 +1.494475800e+02 +1.494475800e+02 +7.3816e-02 -1.3630e-01 +5.1779e-01
15 0 +2.164855005e-01 +1.493664855e+02 +1.493664855e+02 +6.9012e-02 -1.3752e-01 +5.1713e-01
16 0 +1.702669140e-01 +1.493202669e+02 +1.493202669e+02 +6.4116e-02 -1.3660e-01 +5.1670e-01
17 0 +1.288057048e-01 +1.492788057e+02 +1.492788057e+02 +6.1425e-02 -1.4025e-01 +5.1461e-01
18 0 +9.516974109e-02 +1.492451697e+02 +1.492451697e+02 +5.9663e-02 -1.4249e-01 +5.1872e-01
19 0 +6.898436418e-02 +1.492189844e+02 +1.492189844e+02 +5.5096e-02 -1.4444e-01 +5.1930e-01
21 0 +6.569907485e-02 +1.492156991e+02 +1.492156991e+02 +5.3576e-02 -1.4357e-01 +5.2108e-01
24 0 +6.374241208e-02 +1.492137424e+02 +1.492137424e+02 +5.3300e-02 -1.4444e-01 +5.2194e-01
27 0 +6.288503778e-02 +1.492128850e+02 +1.492128850e+02 +5.2514e-02 -1.4455e-01 +5.2230e-01
65 0 +6.157813706e-02 +1.492115781e+02 +1.492115781e+02 +5.0735e-02 -1.4676e-01 +5.1832e-01
102 0 +5.973316171e-02 +1.492097332e+02 +1.492097332e+02 +4.8311e-02 -1.5122e-01 +5.0873e-01
128 0 +5.877213154e-02 +1.492087721e+02 +1.492087721e+02 +4.7902e-02 -1.5226e-01 +5.0499e-01
% f evaluations | g evaluations | best noise-free fitness - Fopt (-1.000000000000e+03) + sum g_i+ | measured fitness | best measured fitness or single-digit g-values | x1 | x2...
1 0 +2.249607145e+04 +2.149607145e+04 +2.149607145e+04 +0.0000e+00 +0.0000e+00 +0.0000e+00
4 0 +2.103030944e+04 +2.003030944e+04 +2.003030944e+04 +0.0000e+00 +5.0000e-01 +0.0000e+00
6 0 +1.182910686e+04 +1.082910686e+04 +1.082910686e+04 -4.9727e-01 +5.5219e-01 +1.0867e-03
7 0 +7.401664674e+03 +6.401664674e+03 +6.401664674e+03 -8.6877e-01 +4.7458e-01 +1.8986e-03
8 0 +4.048080257e+03 +3.048080257e+03 +3.048080257e+03 -1.2385e+00 +6.7354e-01 +3.5792e-03
9 0 +3.121965327e+03 +2.121965327e+03 +2.121965327e+03 -1.3646e+00 +8.4318e-01 +4.4741e-03
10 0 +2.756247992e+03 +1.756247992e+03 +1.756247992e+03 -1.4412e+00 +8.2482e-01 -8.8301e-02
11 0 +2.275372638e+03 +1.275372638e+03 +1.275372638e+03 -1.5470e+00 +7.9877e-01 -3.4028e-02
12 0 +1.796644078e+03 +7.966440778e+02 +7.966440778e+02 -1.6621e+00 +8.3802e-01 -3.6907e-02
13 0 +1.315170683e+03 +3.151706834e+02 +3.151706834e+02 -1.8038e+00 +9.0908e-01 -6.1296e-02
14 0 +1.182252643e+03 +1.822526427e+02 +1.822526427e+02 -1.8504e+00 +9.4892e-01 -8.4414e-02
15 0 +1.126689636e+03 +1.266896358e+02 +1.266896358e+02 -1.8717e+00 +9.7392e-01 -1.0121e-01
16 0 +1.065655867e+03 +6.565586728e+01 +6.565586728e+01 -1.8979e+00 +9.6476e-01 -1.0178e-01
18 0 +1.029719894e+03 +2.971989446e+01 +2.971989446e+01 -1.9125e+00 +9.7472e-01 -1.0077e-01
19 0 +1.001376671e+03 +1.376670646e+00 +1.376670646e+00 -1.9248e+00 +9.7534e-01 -9.9437e-02
21 0 +9.969512002e+02 -3.048799760e+00 -3.048799760e+00 -1.9266e+00 +9.6946e-01 -9.3617e-02
75 0 +4.292670180e+02 -5.707329820e+02 -5.707329820e+02 -3.2557e+00 -8.6535e-01 +9.0164e-02
% f evaluations | g evaluations | best noise-free fitness - Fopt (9.862000000000e+01) + sum g_i+ | measured fitness | best measured fitness or single-digit g-values | x1 | x2...
1 0 +3.794649923e+03 +3.893269923e+03 +3.893269923e+03 +0.0000e+00 +0.0000e+00 +0.0000e+00
5 0 +3.213905439e+03 +3.312525439e+03 +3.312525439e+03 +0.0000e+00 +0.0000e+00 +5.0000e-01
6 0 +1.553720140e+03 +1.652340140e+03 +1.652340140e+03 -1.1533e-01 -4.4492e-01 +5.7610e-01
7 0 +1.123546675e+03 +1.222166675e+03 +1.222166675e+03 -1.7113e-01 -6.6019e-01 +5.2200e-01
8 0 +7.671542383e+02 +8.657742383e+02 +8.657742383e+02 -2.9203e-01 -8.0002e-01 +6.5697e-01
9 0 +6.938833935e+02 +7.925033935e+02 +7.925033935e+02 -1.8173e-01 -9.1903e-01 +7.2827e-01
10 0 +5.146542831e+02 +6.132742831e+02 +6.132742831e+02 -2.7821e-01 -1.0675e+00 +7.2001e-01
11 0 +3.661815580e+02 +4.648015580e+02 +4.648015580e+02 -3.7266e-01 -1.1478e+00 +8.4667e-01
12 0 +2.593266395e+02 +3.579466395e+02 +3.579466395e+02 -4.5236e-01 -1.3009e+00 +8.8692e-01
13 0 +2.529376709e+02 +3.515576709e+02 +3.515576709e+02 -3.9041e-01 -1.3850e+00 +1.0301e+00
14 0 +1.950871333e+02 +2.937071333e+02 +2.937071333e+02 -4.7175e-01 -1.3932e+00 +1.0643e+00
15 0 +1.515596116e+02 +2.501796116e+02 +2.501796116e+02 -5.4864e-01 -1.4349e+00 +1.0785e+00
16 0 +6.024502920e+01 +1.588650292e+02 +1.588650292e+02 -8.1632e-01 -1.6672e+00 +1.0817e+00
17 0 +3.341717434e+01 +1.320371743e+02 +1.320371743e+02 -9.5949e-01 -1.5963e+00 +1.1962e+00
18 0 +1.393354320e+01 +1.125535432e+02 +1.125535432e+02 -9.9592e-01 -1.7283e+00 +1.3372e+00
19 0 +6.694446094e+00 +1.053144461e+02 +1.053144461e+02 -1.1782e+00 -1.8002e+00 +1.3219e+00
20 0 +1.836849351e+00 +1.004568494e+02 +1.004568494e+02 -1.2540e+00 -1.7716e+00 +1.5009e+00
23 0 +1.216879898e+00 +9.983687990e+01 +9.983687990e+01 -1.2200e+00 -1.7550e+00 +1.5336e+00
24 0 +1.200108326e+00 +9.982010833e+01 +9.982010833e+01 -1.1737e+00 -1.7563e+00 +1.5147e+00
25 0 +1.024431684e+00 +9.964443168e+01 +9.964443168e+01 -1.1576e+00 -1.7237e+00 +1.5490e+00
26 0 +7.263064501e-01 +9.934630645e+01 +9.934630645e+01 -1.1439e+00 -1.7575e+00 +1.5832e+00
29 0 +7.025393821e-01 +9.932253938e+01 +9.932253938e+01 -1.1481e+00 -1.7601e+00 +1.5823e+00
30 0 +6.079543050e-01 +9.922795431e+01 +9.922795431e+01 -1.1551e+00 -1.7585e+00 +1.5925e+00
31 0 +5.266348202e-01 +9.914663482e+01 +9.914663482e+01 -1.1629e+00 -1.7491e+00 +1.5900e+00
32 0 +5.088727048e-01 +9.912887270e+01 +9.912887270e+01 -1.1739e+00 -1.7453e+00 +1.5945e+00
35 0 +4.946545759e-01 +9.911465458e+01 +9.911465458e+01 -1.1689e+00 -1.7366e+00 +1.6027e+00
36 0 +4.879722765e-01 +9.910797228e+01 +9.910797228e+01 -1.1669e+00 -1.7379e+00 +1.6033e+00
42 0 +4.752193461e-01 +9.909521935e+01 +9.909521935e+01 -1.1617e+00 -1.7368e+00 +1.6118e+00
43 0 +4.619035943e-01 +9.908190359e+01 +9.908190359e+01 -1.1507e+00 -1.7270e+00 +1.6253e+00
46 0 +4.557736496e-01 +9.907577365e+01 +9.907577365e+01 -1.1536e+00 -1.7172e+00 +1.6217e+00
50 0 +4.443539304e-01 +9.906435393e+01 +9.906435393e+01 -1.1508e+00 -1.7146e+00 +1.6286e+00
60 0 +4.354859971e-01 +9.905548600e+01 +9.905548600e+01 -1.1451e+00 -1.7127e+00 +1.6308e+00
62 0 +4.201600729e-01 +9.904016007e+01 +9.904016007e+01 -1.1377e+00 -1.7018e+00 +1.6382e+00
63 0 +3.895307287e-01 +9.900953073e+01 +9.900953073e+01 -1.1217e+00 -1.6801e+00 +1.6554e+00
70 0 +3.865924496e-01 +9.900659245e+01 +9.900659245e+01 -1.1193e+00 -1.6763e+00 +1.6575e+00
76 0 +3.795523999e-01 +9.899955240e+01 +9.899955240e+01 -1.1204e+00 -1.6750e+00 +1.6653e+00
89 0 +3.690425978e-01 +9.898904260e+01 +9.898904260e+01 -1.1134e+00 -1.6706e+00 +1.6698e+00
90 0 +3.562549090e-01 +9.897625491e+01 +9.897625491e+01 -1.1061e+00 -1.6622e+00 +1.6813e+00
91 0 +3.049909117e-01 +9.892499091e+01 +9.892499091e+01 -1.0820e+00 -1.6176e+00 +1.7204e+00
96 0 +3.001240717e-01 +9.892012407e+01 +9.892012407e+01 -1.0789e+00 -1.6120e+00 +1.7261e+00
102 0 +2.907946949e-01 +9.891079469e+01 +9.891079469e+01 -1.0752e+00 -1.6139e+00 +1.7271e+00
114 0 +2.880274410e-01 +9.890802744e+01 +9.890802744e+01 -1.0723e+00 -1.6117e+00 +1.7281e+00
134 0 +2.816970452e-01 +9.890169705e+01 +9.890169705e+01 -1.0696e+00 -1.6072e+00 +1.7339e+00
149 0 +2.747210212e-01 +9.889472102e+01 +9.889472102e+01 -1.0667e+00 -1.6009e+00 +1.7407e+00
% f evaluations | g evaluations | best noise-free fitness - Fopt (-4.715000000000e+01) + sum g_i+ | measured fitness | best measured fitness or single-digit g-values | x1 | x2...
1 0 +1.125267799e+02 +6.537677993e+01 +6.537677993e+01 +0.0000e+00 +0.0000e+00 +0.0000e+00
5 0 +3.184667993e+01 -1.530332007e+01 -1.530332007e+01 +0.0000e+00 +0.0000e+00 +5.0000e-01
7 0 +1.199057608e+01 -3.515942392e+01 -3.515942392e+01 -7.0711e-02 -7.1063e-02 +5.0000e-01
% f evaluations | g evaluations | best noise-free fitness - Fopt (3.752000000000e+01) + sum g_i+ | measured fitness | best measured fitness or single-digit g-values | x1 | x2...
1 0 +1.154291979e+04 +1.158043979e+04 +1.158043979e+04 +0.0000e+00 +0.0000e+00 +0.0000e+00
5 0 +1.049662492e+04 +1.053414492e+04 +1.053414492e+04 +0.0000e+00 +0.0000e+00 +5.0000e-01
6 0 +5.565448756e+03 +5.602968756e+03 +5.602968756e+03 -2.0793e-02 -4.9539e-01 +5.6450e-01
7 0 +3.602699524e+03 +3.640219524e+03 +3.640219524e+03 -3.4726e-02 -8.2732e-01 +4.9139e-01
8 0 +1.912702250e+03 +1.950222250e+03 +1.950222250e+03 -7.0687e-02 -1.1942e+00 +7.3262e-01
9 0 +1.501515245e+03 +1.539035245e+03 +1.539035245e+03 -8.9522e-02 -1.2875e+00 +9.4565e-01
10 0 +1.440804842e+03 +1.478324842e+03 +1.478324842e+03 -2.2455e-01 -1.3641e+00 +9.3065e-01
11 0 +1.271276331e+03 +1.308796331e+03 +1.308796331e+03 -1.7684e-01 -1.4423e+00 +9.0059e-01
12 0 +1.051262275e+03 +1.088782275e+03 +1.088782275e+03 -1.4584e-01 -1.5437e+00 +9.4935e-01
13 0 +5.008603376e+02 +5.383803376e+02 +5.383803376e+02 -4.8170e-02 -1.9296e+00 +1.1930e+00
14 0 +3.858700805e+02 +4.233900805e+02 +4.233900805e+02 -5.7501e-02 -2.0954e+00 +1.4437e+00
17 0 +2.220201070e+02 +2.595401070e+02 +2.595401070e+02 +1.3554e-01 -2.2195e+00 +1.4653e+00
18 0 +1.304434165e+02 +1.679634165e+02 +1.679634165e+02 +3.5527e-01 -2.1756e+00 +1.5194e+00
19 0 +7.441222491e+01 +1.119322249e+02 +1.119322249e+02 +5.1938e-01 -2.3368e+00 +1.5169e+00
21 0 +5.286767328e+01 +9.038767328e+01 +9.038767328e+01 +5.7336e-01 -2.3475e+00 +1.6180e+00
22 0 +3.626192486e+01 +7.378192486e+01 +7.378192486e+01 +5.9745e-01 -2.4470e+00 +1.6703e+00
23 0 +2.405728961e+01 +6.157728961e+01 +6.157728961e+01 +6.1630e-01 -2.4809e+00 +1.7786e+00
24 0 +1.506601131e+01 +5.258601131e+01 +5.258601131e+01 +7.2798e-01 -2.5057e+00 +1.7907e+00
25 0 +9.421962990e+00 +4.694196299e+01 +4.694196299e+01 +7.6481e-01 -2.6009e+00 +1.8437e+00
26 0 +4.667785696e+00 +4.218778570e+01 +4.218778570e+01 +8.2857e-01 -2.5750e+00 +1.9359e+00
27 0 +3.648004550e+00 +4.116800455e+01 +4.116800455e+01 +9.3638e-01 -2.6135e+00 +1.9474e+00
28 0 +3.277021593e+00 +4.079702159e+01 +4.079702159e+01 +9.2509e-01 -2.6574e+00 +2.0531e+00
32 0 +3.117039484e+00 +4.063703948e+01 +4.063703948e+01 +9.2523e-01 -2.6532e+00 +2.0414e+00
33 0 +3.027734007e+00 +4.054773401e+01 +4.054773401e+01 +9.3217e-01 -2.6432e+00 +2.0384e+00
34 0 +2.956665556e+00 +4.047666556e+01 +4.047666556e+01 +9.3136e-01 -2.6374e+00 +2.0274e+00
37 0 +2.934116401e+00 +4.045411640e+01 +4.045411640e+01 +9.3270e-01 -2.6375e+00 +2.0201e+00
57 0 +2.883290219e+00 +4.040329022e+01 +4.040329022e+01 +9.5719e-01 -2.6637e+00 +1.9970e+00
85 0 +2.816999924e+00 +4.033699992e+01 +4.033699992e+01 +9.8798e-01 -2.7052e+00 +1.9595e+00
121 0 +2.754185650e+00 +4.027418565e+01 +4.027418565e+01 +1.0275e+00 -2.7490e+00 +1.9510e+00
146 0 +2.654512479e+00 +4.017451248e+01 +4.017451248e+01 +1.1027e+00 -2.8212e+00 +1.9247e+00
% f evaluations | g evaluations | best noise-free fitness - Fopt (2.177000000000e+01) + sum g_i+ | measured fitness | best measured fitness or single-digit g-values | x1 | x2...
1 0 +2.183501553e+02 +2.401201553e+02 +2.401201553e+02 +0.0000e+00 +0.0000e+00 +0.0000e+00
3 0 +1.630104315e+02 +1.847804315e+02 +1.847804315e+02 +5.0000e-01 +0.0000e+00 +0.0000e+00
5 0 +1.181025553e+02 +1.398725553e+02 +1.398725553e+02 +0.0000e+00 +0.0000e+00 +5.0000e-01
6 0 +2.913597374e+01 +5.090597374e+01 +5.090597374e+01 +2.4148e-01 +1.8043e-02 +9.3745e-01
7 0 +1.046491679e+01 +3.223491679e+01 +3.223491679e+01 +3.7466e-01 +2.7993e-02 +1.1458e+00
10 0 +3.857311408e+00 +2.562731141e+01 +2.562731141e+01 +3.8173e-01 +1.7710e-01 +1.2270e+00
12 0 +3.375628023e+00 +2.514562802e+01 +2.514562802e+01 +4.6791e-01 +2.7885e-01 +1.2337e+00
16 0 +3.108126387e+00 +2.487812639e+01 +2.487812639e+01 +4.3080e-01 +2.9715e-01 +1.2647e+00
17 0 +2.939248391e+00 +2.470924839e+01 +2.470924839e+01 +4.3011e-01 +2.8817e-01 +1.2733e+00
18 0 +2.799100325e+00 +2.456910032e+01 +2.456910032e+01 +4.2216e-01 +2.7862e-01 +1.2747e+00
19 0 +2.718793715e+00 +2.448879371e+01 +2.448879371e+01 +4.1823e-01 +2.6997e-01 +1.2828e+00
21 0 +2.679439966e+00 +2.444943997e+01 +2.444943997e+01 +4.2092e-01 +2.5721e-01 +1.2771e+00
31 0 +2.598637958e+00 +2.436863796e+01 +2.436863796e+01 +4.7005e-01 +2.1590e-01 +1.2703e+00
41 0 +2.560379778e+00 +2.433037978e+01 +2.433037978e+01 +5.0101e-01 +1.9900e-01 +1.2667e+00
64 0 +2.511205729e+00 +2.428120573e+01 +2.428120573e+01 +5.2496e-01 +1.7448e-01 +1.2599e+00
79 0 +2.449641110e+00 +2.421964111e+01 +2.421964111e+01 +5.9290e-01 +1.4803e-01 +1.2342e+00
87 0 +2.392135461e+00 +2.416213546e+01 +2.416213546e+01 +6.0538e-01 +1.3160e-01 +1.2589e+00
95 0 +2.338482659e+00 +2.410848266e+01 +2.410848266e+01 +6.3824e-01 +1.2708e-01 +1.2508e+00
97 0 +2.258658890e+00 +2.402865889e+01 +2.402865889e+01 +7.0039e-01 +1.0797e-01 +1.2319e+00
99 0 +2.235199452e+00 +2.400519945e+01 +2.400519945e+01 +7.0414e-01 +1.0460e-01 +1.2364e+00
109 0 +2.179953974e+00 +2.394995397e+01 +2.394995397e+01 +7.2666e-01 +9.4044e-02 +1.2427e+00
115 0 +2.122829971e+00 +2.389282997e+01 +2.389282997e+01 +7.5756e-01 +8.6850e-02 +1.2512e+00
120 0 +2.072340380e+00 +2.384234038e+01 +2.384234038e+01 +7.8730e-01 +8.7908e-02 +1.2557e+00
125 0 +2.006202342e+00 +2.377620234e+01 +2.377620234e+01 +8.1745e-01 +8.5710e-02 +1.2453e+00
131 0 +1.975353173e+00 +2.374535317e+01 +2.374535317e+01 +8.5126e-01 +7.5816e-02 +1.2296e+00
132 0 +1.912582832e+00 +2.368258283e+01 +2.368258283e+01 +8.6473e-01 +8.1394e-02 +1.2433e+00
135 0 +1.891368080e+00 +2.366136808e+01 +2.366136808e+01 +8.7462e-01 +8.2844e-02 +1.2435e+00
137 0 +1.855103645e+00 +2.362510364e+01 +2.362510364e+01 +8.9123e-01 +8.8995e-02 +1.2437e+00
138 0 +1.804188309e+00 +2.357418831e+01 +2.357418831e+01 +9.2498e-01 +1.0766e-01 +1.2543e+00
139 0 +1.730407356e+00 +2.350040736e+01 +2.350040736e+01 +9.6142e-01 +1.1801e-01 +1.2414e+00
140 0 +1.697421102e+00 +2.346742110e+01 +2.346742110e+01 +1.1106e+00 +1.5257e-01 +1.1951e+00
142 0 +1.515887013e+00 +2.328588701e+01 +2.328588701e+01 +1.1130e+00 +1.6756e-01 +1.2139e+00
145 0 +1.381051588e+00 +2.315105159e+01 +2.315105159e+01 +1.1255e+00 +1.4728e-01 +1.2460e+00
146 0 +1.368001315e+00 +2.313800131e+01 +2.313800131e+01 +1.1276e+00 +1.6783e-01 +1.2802e+00
150 0 +1.324130008e+00 +2.309413001e+01 +2.309413001e+01 +1.1287e+00 +1.7317e-01 +1.2718e+00
151 0 +1.294197727e+00 +2.306419773e+01 +2.306419773e+01 +1.1333e+00 +1.7504e-01 +1.2631e+00
% f evaluations | g evaluations | best noise-free fitness - Fopt (6.603000000000e+01) + sum g_i+ | measured fitness | best measured fitness or single-digit g-values | x1 | x2...
1 0 +1.771250047e+04 +1.777853047e+04 +1.777853047e+04 +0.0000e+00 +0.0000e+00 +0.0000e+00
3 0 +1.754979269e+04 +1.761582269e+04 +1.761582269e+04 +5.0000e-01 +0.0000e+00 +0.0000e+00
5 0 +1.646276087e+04 +1.652879087e+04 +1.652879087e+04 +0.0000e+00 +0.0000e+00 +5.0000e-01
6 0 +8.588695929e+03 +8.654725929e+03 +8.654725929e+03 +6.5157e-03 -4.9745e-01 +5.5005e-01
7 0 +5.318482332e+03 +5.384512332e+03 +5.384512332e+03 +1.0836e-02 -8.2725e-01 +4.7193e-01
8 0 +2.643557510e+03 +2.709587510e+03 +2.709587510e+03 +2.1179e-02 -1.1895e+00 +6.7140e-01
9 0 +1.950482586e+03 +2.016512586e+03 +2.016512586e+03 +2.6849e-02 -1.3071e+00 +8.5407e-01
10 0 +1.609793808e+03 +1.675823808e+03 +1.675823808e+03 -8.0311e-02 -1.3968e+00 +8.3696e-01
11 0 +1.234255692e+03 +1.300285692e+03 +1.300285692e+03 -1.7151e-02 -1.5194e+00 +8.0867e-01
12 0 +8.800165764e+02 +9.460465764e+02 +9.460465764e+02 -3.1323e-02 -1.6490e+00 +8.6198e-01
13 0 +4.873823043e+02 +5.534123043e+02 +5.534123043e+02 -1.0611e-01 -1.8542e+00 +1.0003e+00
14 0 +3.708055635e+02 +4.368355635e+02 +4.368355635e+02 -1.1602e-01 -1.9812e+00 +9.2151e-01
15 0 +3.341830531e+02 +4.002130531e+02 +4.002130531e+02 -3.3931e-02 -2.0336e+00 +9.5884e-01
16 0 +2.857602486e+02 +3.517902486e+02 +3.517902486e+02 -7.7268e-02 -2.1185e+00 +1.0012e+00
17 0 +2.584160642e+02 +3.244460642e+02 +3.244460642e+02 -6.5638e-02 -2.2158e+00 +9.6557e-01
19 0 +2.531389606e+02 +3.191689606e+02 +3.191689606e+02 -1.0592e-01 -2.3105e+00 +1.0197e+00
21 0 +2.481707449e+02 +3.142007449e+02 +3.142007449e+02 -1.3875e-01 -2.3687e+00 +9.6788e-01
22 0 +2.305486492e+02 +2.965786492e+02 +2.965786492e+02 -3.2182e-01 -2.4429e+00 +9.3654e-01
23 0 +1.995110872e+02 +2.655410872e+02 +2.655410872e+02 -1.0803e+00 -2.6867e+00 +8.6396e-01
26 0 +2.265892952e+01 +8.868892952e+01 +8.868892952e+01 -1.1855e+00 -2.3743e+00 +6.9045e-01
27 0 +6.308267203e+00 +7.233826720e+01 +7.233826720e+01 -1.2297e+00 -2.2295e+00 +6.1909e-01
33 0 +5.880647839e+00 +7.191064784e+01 +7.191064784e+01 -1.2422e+00 -2.2509e+00 +6.2225e-01
35 0 +5.698583894e+00 +7.172858389e+01 +7.172858389e+01 -1.2358e+00 -2.2558e+00 +6.1440e-01
36 0 +5.531614707e+00 +7.156161471e+01 +7.156161471e+01 -1.2277e+00 -2.2617e+00 +6.2197e-01
38 0 +5.433133235e+00 +7.146313323e+01 +7.146313323e+01 -1.2236e+00 -2.2590e+00 +6.2160e-01
40 0 +5.364844441e+00 +7.139484444e+01 +7.139484444e+01 -1.2165e+00 -2.2563e+00 +6.2413e-01
% f evaluations | g evaluations | best noise-free fitness - Fopt (1.720100000000e+02) + sum g_i+ | measured fitness | best measured fitness or single-digit g-values | x1 | x2...
1 0 +3.648149234e+02 +5.368249234e+02 +5.368249234e+02 +0.0000e+00 +0.0000e+00 +0.0000e+00
4 0 +1.009347685e+02 +2.729447685e+02 +2.729447685e+02 +0.0000e+00 +5.0000e-01 +0.0000e+00
6 0 +2.709524545e+01 +1.991052455e+02 +1.991052455e+02 -1.6257e-01 +5.6095e-01 -3.7127e-02
7 0 +1.341993896e+00 +1.733519939e+02 +1.733519939e+02 -2.1296e-01 +7.0634e-01 -1.2569e-01
9 0 +7.970291627e-01 +1.728070292e+02 +1.728070292e+02 -2.9246e-01 +6.8882e-01 -1.6109e-01
11 0 +2.870550828e-01 +1.722970551e+02 +1.722970551e+02 -2.9297e-01 +6.6511e-01 -1.5317e-01
14 0 +2.095419500e-01 +1.722195419e+02 +1.722195419e+02 -2.8370e-01 +6.5673e-01 -1.5342e-01
15 0 +8.335097899e-02 +1.720933510e+02 +1.720933510e+02 -2.7407e-01 +6.6369e-01 -1.5730e-01
17 0 +7.437149981e-02 +1.720843715e+02 +1.720843715e+02 -2.7118e-01 +6.6376e-01 -1.6138e-01
18 0 +6.628942247e-02 +1.720762894e+02 +1.720762894e+02 -2.7244e-01 +6.6844e-01 -1.6262e-01
23 0 +6.564514613e-02 +1.720756451e+02 +1.720756451e+02 -2.7235e-01 +6.6821e-01 -1.6260e-01
24 0 +6.413923466e-02 +1.720741392e+02 +1.720741392e+02 -2.7198e-01 +6.6728e-01 -1.6253e-01
62 0 +6.300315532e-02 +1.720730032e+02 +1.720730032e+02 -2.7296e-01 +6.6520e-01 -1.6770e-01
118 0 +6.156250427e-02 +1.720715625e+02 +1.720715625e+02 -2.7338e-01 +6.6260e-01 -1.7366e-01
151 0 +5.996171517e-02 +1.720699617e+02 +1.720699617e+02 -2.7487e-01 +6.5970e-01 -1.8073e-01
% f evaluations | g evaluations | best noise-free fitness - Fopt (-2.725000000000e+01) + sum g_i+ | measured fitness | best measured fitness or single-digit g-values | x1 | x2...
1 0 +5.876336114e+03 +5.849086114e+03 +5.849086114e+03 +0.0000e+00 +0.0000e+00 +0.0000e+00
5 0 +5.276067714e+03 +5.248817714e+03 +5.248817714e+03 +0.0000e+00 +0.0000e+00 +5.0000e-01
6 0 +2.532902991e+03 +2.505652991e+03 +2.505652991e+03 -3.0409e-01 -3.6916e-01 +5.5296e-01
7 0 +1.540082329e+03 +1.512832329e+03 +1.512832329e+03 -4.3568e-01 -5.6876e-01 +7.9460e-01
8 0 +1.315619241e+03 +1.288369241e+03 +1.288369241e+03 -4.5399e-01 -6.2445e-01 +9.8143e-01
9 0 +9.497337705e+02 +9.224837705e+02 +9.224837705e+02 -6.1863e-01 -6.3385e-01 +9.8790e-01
10 0 +6.948317665e+02 +6.675817665e+02 +6.675817665e+02 -6.7248e-01 -7.8372e-01 +9.7133e-01
11 0 +4.343324643e+02 +4.070824643e+02 +4.070824643e+02 -8.1145e-01 -8.4932e-01 +1.0163e+00
12 0 +2.523406431e+02 +2.250906431e+02 +2.250906431e+02 -9.6895e-01 -8.7362e-01 +1.0808e+00
13 0 +2.326242600e+02 +2.053742600e+02 +2.053742600e+02 -1.0029e+00 -8.8449e-01 +1.0356e+00
14 0 +1.519865933e+02 +1.247365933e+02 +1.247365933e+02 -1.0418e+00 -9.8092e-01 +1.0633e+00
15 0 +8.679330017e+01 +5.954330017e+01 +5.954330017e+01 -1.1370e+00 -1.0156e+00 +1.0995e+00
16 0 +6.848555399e+01 +4.123555399e+01 +4.123555399e+01 -1.1888e+00 -1.0102e+00 +1.1154e+00
17 0 +4.722484811e+01 +1.997484811e+01 +1.997484811e+01 -1.2161e+00 -1.0546e+00 +1.1177e+00
18 0 +4.142233679e+01 +1.417233679e+01 +1.417233679e+01 -1.2389e+00 -1.0534e+00 +1.1226e+00
19 0 +3.996278227e+01 +1.271278227e+01 +1.271278227e+01 -1.2386e+00 -1.0560e+00 +1.1314e+00
20 0 +3.603297945e+01 +8.782979454e+00 +8.782979454e+00 -1.2457e+00 -1.0649e+00 +1.1337e+00
21 0 +2.973408487e+01 +2.484084870e+00 +2.484084870e+00 -1.2597e+00 -1.0809e+00 +1.1335e+00
22 0 +2.885871010e+01 +1.608710104e+00 +1.608710104e+00 -1.2627e+00 -1.0834e+00 +1.1309e+00
23 0 +2.749436538e+01 +2.443653791e-01 +2.443653791e-01 -1.2661e+00 -1.0862e+00 +1.1327e+00
% f evaluations | g evaluations | best noise-free fitness - Fopt (-1.521800000000e+02) + sum g_i+ | measured fitness | best measured fitness or single-digit g-values | x1 | x2...
1 0 +1.258134434e+02 -2.636655665e+01 -2.636655665e+01 +0.0000e+00 +0.0000e+00 +0.0000e+00
5 0 +1.077513474e+02 -4.442865265e+01 -4.442865265e+01 +0.0000e+00 +0.0000e+00 +5.0000e-01
% f evaluations | g evaluations | best noise-free fitness - Fopt (5.821500000000e+02) + sum g_i+ | measured fitness | best measured fitness or single-digit g-values | x1 | x2...
1 0 +2.773232309e+04 +2.831447309e+04 +2.831447309e+04 +0.0000e+00 +0.0000e+00 +0.0000e+00
5 0 +2.610186011e+04 +2.668401011e+04 +2.668401011e+04 +0.0000e+00 +0.0000e+00 +5.0000e-01
6 0 +1.581181671e+04 +1.639396671e+04 +1.639396671e+04 -5.2832e-02 -4.9438e-01 +5.5289e-01
7 0 +9.177056592e+03 +9.759206592e+03 +9.759206592e+03 -1.0756e-01 -1.0065e+00 +4.5199e-01
8 0 +4.683017774e+03 +5.265167774e+03 +5.265167774e+03 -2.1855e-01 -1.4930e+00 +7.4100e-01
9 0 +3.465798644e+03 +4.047948644e+03 +4.047948644e+03 -2.8116e-01 -1.6456e+00 +1.0130e+00
10 0 +3.025901960e+03 +3.608051960e+03 +3.608051960e+03 -4.3181e-01 -1.7026e+00 +9.7657e-01
11 0 +2.473401884e+03 +3.055551884e+03 +3.055551884e+03 -4.0522e-01 -1.8639e+00 +9.5345e-01
12 0 +1.913922709e+03 +2.496072709e+03 +2.496072709e+03 -4.6947e-01 -2.0024e+00 +1.0163e+00
13 0 +7.055421793e+02 +1.287692179e+03 +1.287692179e+03 -7.5568e-01 -2.3978e+00 +1.2934e+00
14 0 +5.398804956e+02 +1.122030496e+03 +1.122030496e+03 -9.3143e-01 -2.3922e+00 +1.4602e+00
15 0 +3.653097757e+02 +9.474597757e+02 +9.474597757e+02 -8.5538e-01 -2.5647e+00 +1.5932e+00
16 0 +2.081429019e+02 +7.902929019e+02 +7.902929019e+02 -1.0044e+00 -2.7640e+00 +1.5144e+00
17 0 +8.858724843e+01 +6.707372484e+02 +6.707372484e+02 -1.1139e+00 -2.9637e+00 +1.6784e+00
19 0 +5.170375248e+01 +6.338537525e+02 +6.338537525e+02 -1.2533e+00 -2.9797e+00 +1.6774e+00
20 0 +3.046661153e+01 +6.126166115e+02 +6.126166115e+02 -1.3130e+00 -2.9742e+00 +1.8043e+00
22 0 +2.268904481e+01 +6.048390448e+02 +6.048390448e+02 -1.3305e+00 -3.0203e+00 +1.8124e+00
23 0 +1.768044617e+01 +5.998304462e+02 +5.998304462e+02 -1.3294e+00 -3.0514e+00 +1.8516e+00
24 0 +1.519262410e+01 +5.973426241e+02 +5.973426241e+02 -1.3365e+00 -3.1009e+00 +1.8522e+00
25 0 +9.476588012e+00 +5.916265880e+02 +5.916265880e+02 -1.3834e+00 -3.0999e+00 +1.8694e+00
26 0 +5.463907371e+00 +5.876139074e+02 +5.876139074e+02 -1.4145e+00 -3.1133e+00 +1.9062e+00
27 0 +3.055039389e+00 +5.852050394e+02 +5.852050394e+02 -1.4628e+00 -3.1257e+00 +1.9028e+00
29 0 +2.000126493e+00 +5.841501265e+02 +5.841501265e+02 -1.4722e+00 -3.1441e+00 +1.9169e+00
30 0 +1.301708532e+00 +5.834517085e+02 +5.834517085e+02 -1.4903e+00 -3.1613e+00 +1.9162e+00
31 0 +9.388967216e-01 +5.830888967e+02 +5.830888967e+02 -1.4948e+00 -3.1807e+00 +1.9313e+00
33 0 +7.392336160e-01 +5.828892336e+02 +5.828892336e+02 -1.5093e+00 -3.1994e+00 +1.9208e+00
34 0 +4.686506740e-01 +5.826186507e+02 +5.826186507e+02 -1.5200e+00 -3.1987e+00 +1.9274e+00
35 0 +3.106909335e-01 +5.824606909e+02 +5.824606909e+02 -1.5310e+00 -3.1932e+00 +1.9254e+00
36 0 +1.943228919e-01 +5.823443229e+02 +5.823443229e+02 -1.5413e+00 -3.1951e+00 +1.9322e+00
37 0 +1.814261327e-01 +5.823314261e+02 +5.823314261e+02 -1.5524e+00 -3.1979e+00 +1.9274e+00
39 0 +1.654636241e-01 +5.823154636e+02 +5.823154636e+02 -1.5528e+00 -3.1998e+00 +1.9289e+00
40 0 +1.545371757e-01 +5.823045372e+02 +5.823045372e+02 -1.5530e+00 -3.2022e+00 +1.9297e+00
42 0 +1.511443713e-01 +5.823011444e+02 +5.823011444e+02 -1.5512e+00 -3.2022e+00 +1.9316e+00
43 0 +1.474363409e-01 +5.822974363e+02 +5.822974363e+02 -1.5516e+00 -3.2031e+00 +1.9324e+00
44 0 +1.442374704e-01 +5.822942375e+02 +5.822942375e+02 -1.5520e+00 -3.2036e+00 +1.9334e+00
45 0 +1.368343491e-01 +5.822868343e+02 +5.822868343e+02 -1.5537e+00 -3.2048e+00 +1.9380e+00
52 0 +1.347968775e-01 +5.822847969e+02 +5.822847969e+02 -1.5561e+00 -3.2042e+00 +1.9413e+00
69 0 +1.317026983e-01 +5.822817027e+02 +5.822817027e+02 -1.5532e+00 -3.2005e+00 +1.9450e+00
94 0 +1.280723916e-01 +5.822780724e+02 +5.822780724e+02 -1.5502e+00 -3.1954e+00 +1.9506e+00
103 0 +1.257675782e-01 +5.822757676e+02 +5.822757676e+02 -1.5487e+00 -3.1928e+00 +1.9544e+00
122 0 +1.228720885e-01 +5.822728721e+02 +5.822728721e+02 -1.5471e+00 -3.1902e+00 +1.9606e+00
128 0 +1.191864305e-01 +5.822691864e+02 +5.822691864e+02 -1.5415e+00 -3.1844e+00 +1.9693e+00
138 0 +1.170032077e-01 +5.822670032e+02 +5.822670032e+02 -1.5421e+00 -3.1824e+00 +1.9696e+00
147 0 +1.142299076e-01 +5.822642299e+02 +5.822642299e+02 -1.5400e+00 -3.1793e+00 +1.9753e+00
% f evaluations | g evaluations | best noise-free fitness - Fopt (1.752000000000e+01) + sum g_i+ | measured fitness | best measured fitness or single-digit g-values | x1 | x2...
1 0 +2.330337332e+03 +2.347857332e+03 +2.347857332e+03 +0.0000e+00 +0.0000e+00 +0.0000e+00
3 0 +2.086251136e+03 +2.103771136e+03 +2.103771136e+03 +5.0000e-01 +0.0000e+00 +0.0000e+00
5 0 +1.911446676e+03 +1.928966676e+03 +1.928966676e+03 +0.0000e+00 +0.0000e+00 +5.0000e-01
6 0 +9.229151076e+02 +9.404351076e+02 +9.404351076e+02 +2.5149e-02 -3.1126e-01 +5.4316e-01
7 0 +6.240622895e+02 +6.415822895e+02 +6.415822895e+02 +3.7379e-02 -4.6261e-01 +5.2077e-01
8 0 +3.944947382e+02 +4.120147382e+02 +4.120147382e+02 +6.6538e-02 -5.9008e-01 +6.0115e-01
9 0 +2.689035396e+02 +2.864235396e+02 +2.864235396e+02 -6.2689e-03 -7.2521e-01 +6.0038e-01
10 0 +1.833509009e+02 +2.008709009e+02 +2.008709009e+02 +7.0289e-02 -8.1172e-01 +5.7494e-01
11 0 +1.157011465e+02 +1.332211465e+02 +1.332211465e+02 +9.0112e-02 -8.9470e-01 +6.5688e-01
12 0 +6.957156936e+01 +8.709156936e+01 +8.709156936e+01 +9.2102e-02 -1.0119e+00 +6.4095e-01
13 0 +3.956437380e+01 +5.708437380e+01 +5.708437380e+01 +1.7620e-01 -1.0596e+00 +6.6769e-01
14 0 +2.833350347e+01 +4.585350347e+01 +4.585350347e+01 +1.7353e-01 -1.1339e+00 +7.3089e-01
15 0 +1.748851807e+01 +3.500851807e+01 +3.500851807e+01 +2.1809e-01 -1.2038e+00 +6.8525e-01
16 0 +1.010773187e+01 +2.762773187e+01 +2.762773187e+01 +3.0343e-01 -1.2202e+00 +7.2266e-01
18 0 +5.891713182e+00 +2.341171318e+01 +2.341171318e+01 +3.3523e-01 -1.2018e+00 +6.8873e-01
19 0 +3.589093523e+00 +2.110909352e+01 +2.110909352e+01 +3.6693e-01 -1.1642e+00 +6.9785e-01
21 0 +2.307149038e+00 +1.982714904e+01 +1.982714904e+01 +3.9001e-01 -1.1734e+00 +6.9502e-01
22 0 +1.543159366e+00 +1.906315937e+01 +1.906315937e+01 +4.1332e-01 -1.1715e+00 +7.0387e-01
25 0 +1.085363920e+00 +1.860536392e+01 +1.860536392e+01 +4.2057e-01 -1.1614e+00 +7.0221e-01
26 0 +7.591599101e-01 +1.827915991e+01 +1.827915991e+01 +4.2513e-01 -1.1523e+00 +6.9503e-01
27 0 +5.278596912e-01 +1.804785969e+01 +1.804785969e+01 +4.3315e-01 -1.1430e+00 +6.9731e-01
28 0 +5.215011671e-01 +1.804150117e+01 +1.804150117e+01 +4.3549e-01 -1.1321e+00 +6.9163e-01
29 0 +3.846849661e-01 +1.790468497e+01 +1.790468497e+01 +4.3967e-01 -1.1340e+00 +6.8965e-01
30 0 +2.673395698e-01 +1.778733957e+01 +1.778733957e+01 +4.4459e-01 -1.1346e+00 +6.9026e-01
31 0 +3.504412673e-02 +1.755504413e+01 +1.755504413e+01 +4.6390e-01 -1.1358e+00 +6.9533e-01
33 0 +1.358161046e-02 +1.753358161e+01 +1.753358161e+01 +4.7023e-01 -1.1281e+00 +6.9604e-01
36 0 +1.197685174e-02 +1.753197685e+01 +1.753197685e+01 +4.7178e-01 -1.1287e+00 +6.9419e-01
38 0 +1.059463359e-02 +1.753059463e+01 +1.753059463e+01 +4.7191e-01 -1.1299e+00 +6.9457e-01
40 0 +1.044034636e-02 +1.753044035e+01 +1.753044035e+01 +4.7161e-01 -1.1300e+00 +6.9496e-01
59 0 +1.000404072e-02 +1.753000404e+01 +1.753000404e+01 +4.6997e-01 -1.1320e+00 +6.9072e-01
69 0 +9.939142855e-03 +1.752993914e+01 +1.752993914e+01 +4.7013e-01 -1.1321e+00 +6.9069e-01
90 0 +9.680362966e-03 +1.752968036e+01 +1.752968036e+01 +4.6968e-01 -1.1334e+00 +6.8822e-01
119 0 +9.546648998e-03 +1.752954665e+01 +1.752954665e+01 +4.6946e-01 -1.1340e+00 +6.8687e-01
% f evaluations | g evaluations | best noise-free fitness - Fopt (4.041000000000e+01) + sum g_i+ | measured fitness | best measured fitness or single-digit g-values | x1 | x2...
1 0 +7.377382868e+02 +7.781482868e+02 +7.781482868e+02 +0.0000e+00 +0.0000e+00 +0.0000e+00
3 0 +1.556526116e+02 +1.960626116e+02 +1.960626116e+02 +5.0000e-01 +0.0000e+00 +0.0000e+00
6 0 +7.323644628e+01 +1.136464463e+02 +1.136464463e+02 +6.3685e-01 +6.2494e-02 -2.0350e-02
8 0 +6.989554126e+01 +1.103055413e+02 +1.103055413e+02 +6.7300e-01 +1.4406e-02 -7.6275e-02
9 0 +5.119320951e+01 +9.160320951e+01 +9.160320951e+01 +7.0844e-01 +4.7886e-02 -8.7348e-02
10 0 +3.574969309e+01 +7.615969309e+01 +7.615969309e+01 +7.4313e-01 +8.1040e-02 -1.0140e-01
11 0 +5.172745721e+00 +4.558274572e+01 +4.558274572e+01 +8.8095e-01 +2.1320e-01 -1.6090e-01
16 0 +4.955777137e+00 +4.536577714e+01 +4.536577714e+01 +8.8107e-01 +2.1744e-01 -1.6356e-01
17 0 +4.331809982e+00 +4.474180998e+01 +4.474180998e+01 +8.8140e-01 +2.3404e-01 -1.7470e-01
18 0 +4.088225129e+00 +4.449822513e+01 +4.449822513e+01 +8.8115e-01 +2.4938e-01 -1.8753e-01
20 0 +3.981800989e+00 +4.439180099e+01 +4.439180099e+01 +8.7204e-01 +2.5292e-01 -1.8543e-01
21 0 +3.905035347e+00 +4.431503535e+01 +4.431503535e+01 +8.6557e-01 +2.5273e-01 -1.9306e-01
23 0 +3.878756837e+00 +4.428875684e+01 +4.428875684e+01 +8.5617e-01 +2.5858e-01 -1.9492e-01
76 0 +3.787725889e+00 +4.419772589e+01 +4.419772589e+01 +8.7894e-01 +2.0993e-01 -2.8148e-01
% f evaluations | g evaluations | best noise-free fitness - Fopt (2.265900000000e+02) + sum g_i+ | measured fitness | best measured fitness or single-digit g-values | x1 | x2...
1 0 +1.221813553e+03 +1.448403553e+03 +1.448403553e+03 +0.0000e+00 +0.0000e+00 +0.0000e+00
4 0 +1.006373930e+03 +1.232963930e+03 +1.232963930e+03 +0.0000e+00 +5.0000e-01 +0.0000e+00
6 0 +7.036572677e+02 +9.302472677e+02 +9.302472677e+02 -4.0029e-01 +6.5757e-01 -2.5482e-01
7 0 +3.678299897e+02 +5.944199897e+02 +5.944199897e+02 -4.8629e-01 +9.1662e-01 -6.7375e-01
8 0 +8.572801917e+01 +3.123180192e+02 +3.123180192e+02 -4.6727e-01 +1.2979e+00 -1.2904e+00
10 0 +4.144831564e+01 +2.680383156e+02 +2.680383156e+02 -2.9512e-01 +1.3890e+00 -1.4472e+00
11 0 +3.833385510e+01 +2.649238551e+02 +2.649238551e+02 -3.0998e-01 +1.3114e+00 -1.5209e+00
12 0 +3.334812404e+01 +2.599381240e+02 +2.599381240e+02 -2.7338e-01 +1.2823e+00 -1.4976e+00
13 0 +1.662113672e+01 +2.432111367e+02 +2.432111367e+02 -1.7395e-01 +1.2818e+00 -1.5398e+00
16 0 +7.366478911e+00 +2.339564789e+02 +2.339564789e+02 -1.2057e-01 +1.3330e+00 -1.6186e+00
17 0 +7.693970116e-01 +2.273593970e+02 +2.273593970e+02 -1.8247e-02 +1.3108e+00 -1.6452e+00
19 0 +1.427122517e-01 +2.267327123e+02 +2.267327123e+02 +1.7447e-02 +1.3430e+00 -1.6591e+00
24 0 +1.232443484e-01 +2.267132443e+02 +2.267132443e+02 +1.6119e-02 +1.3411e+00 -1.6582e+00
25 0 +1.052778718e-01 +2.266952779e+02 +2.266952779e+02 +1.3689e-02 +1.3407e+00 -1.6578e+00
26 0 +1.012815266e-01 +2.266912815e+02 +2.266912815e+02 +1.2870e-02 +1.3394e+00 -1.6598e+00
28 0 +9.437935338e-02 +2.266843794e+02 +2.266843794e+02 +1.1811e-02 +1.3387e+00 -1.6592e+00
29 0 +8.822652615e-02 +2.266782265e+02 +2.266782265e+02 +6.9218e-03 +1.3397e+00 -1.6592e+00
30 0 +8.117035978e-02 +2.266711704e+02 +2.266711704e+02 +5.0750e-03 +1.3352e+00 -1.6603e+00
51 0 +7.901331352e-02 +2.266690133e+02 +2.266690133e+02 +5.4460e-03 +1.3335e+00 -1.6677e+00
103 0 +7.760676526e-02 +2.266676068e+02 +2.266676068e+02 +4.1042e-03 +1.3312e+00 -1.6724e+00
% f evaluations | g evaluations | best noise-free fitness - Fopt (-5.862000000000e+01) + sum g_i+ | measured fitness | best measured fitness or single-digit g-values | x1 | x2...
1 0 +5.431357520e+01 -4.306424805e+00 -4.306424805e+00 +0.0000e+00 +0.0000e+00 +0.0000e+00
3 0 +1.688518990e+01 -4.173481010e+01 -4.173481010e+01 +5.0000e-01 +0.0000e+00 +0.0000e+00
