% f evaluations | g evaluations | best noise-free fitness - Fopt (3.590000000000e+01) + sum g_i+ | measured fitness | best measured fitness or single-digit g-values | x1 | x2...
1 0 +1.143844717e+02 +1.502844717e+02 +1.502844717e+02 +0.0000e+00 +0.0000e+00 +0.0000e+00
3 0 +2.898716339e+01 +6.488716339e+01 +6.488716339e+01 +1.0000e+00 +0.0000e+00 +0.0000e+00
4 0 +2.407790160e+01 +5.997790160e+01 +5.997790160e+01 +0.0000e+00 +1.0000e+00 +0.0000e+00
8 0 +2.375807633e+01 +5.965807633e+01 +5.965807633e+01 +1.2948e-01 +1.0753e+00 +8.3103e-03
48 0 +2.342870268e+01 +5.932870268e+01 +5.932870268e+01 +1.4622e-01 +1.0804e+00 +9.1971e-02
56 0 +2.285132803e+01 +5.875132803e+01 +5.875132803e+01 +3.3695e-01 +1.1508e+00 +1.5529e-01
94 0 +2.203833655e+01 +5.793833655e+01 +5.793833655e+01 +4.8888e-01 +1.2358e+00 +2.2151e-01
95 0 +2.179743681e+01 +5.769743681e+01 +5.769743681e+01 +5.5797e-01 +1.1288e+00 +2.3434e-01
97 0 +2.067838100e+01 +5.657838100e+01 +5.657838100e+01 +5.5724e-01 +1.1257e+00 +2.9825e-01
100 0 +1.893640115e+01 +5.483640115e+01 +5.483640115e+01 +5.4305e-01 +1.1252e+00 +4.2546e-01
102 0 +1.809248856e+01 +5.399248856e+01 +5.399248856e+01 +5.2848e-01 +1.1064e+00 +4.2396e-01
107 0 +1.772839347e+01 +5.362839347e+01 +5.362839347e+01 +5.4598e-01 +1.0925e+00 +4.4143e-01
114 0 +1.737637704e+01 +5.327637704e+01 +5.327637704e+01 +5.4919e-01 +1.0944e+00 +4.5545e-01
131 0 +1.667339281e+01 +5.257339281e+01 +5.257339281e+01 +5.7062e-01 +1.0915e+00 +4.8370e-01
132 0 +1.501178614e+01 +5.091178614e+01 +5.091178614e+01 +6.3286e-01 +1.0792e+00 +5.5791e-01
141 0 +1.476909771e+01 +5.066909771e+01 +5.066909771e+01 +6.3914e-01 +1.0769e+00 +5.7129e-01
% f evaluations | g evaluations | best noise-free fitness - Fopt (3.137000000000e+01) + sum g_i+ | measured fitness | best measured fitness or single-digit g-values | x1 | x2...
1 0 +6.057820710e+01 +9.194820710e+01 +9.194820710e+01 +0.0000e+00 +0.0000e+00 +0.0000e+00
4 0 +5.640817090e+01 +8.777817090e+01 +8.777817090e+01 +0.0000e+00 +1.0000e+00 +0.0000e+00
6 0 +2.772153386e+01 +5.909153386e+01 +5.909153386e+01 -6.9965e-01 +1.1070e+00 -7.0643e-01
11 0 +2.449607368e+01 +5.586607368e+01 +5.586607368e+01 -7.8957e-01 +1.1187e+00 -8.2592e-01
12 0 +2.364630601e+01 +5.501630601e+01 +5.501630601e+01 -8.4305e-01 +1.1060e+00 -9.0947e-01
14 0 +2.343905291e+01 +5.480905291e+01 +5.480905291e+01 -9.7612e-01 +1.0646e+00 -8.7148e-01
15 0 +2.274386202e+01 +5.411386202e+01 +5.411386202e+01 -1.0220e+00 +1.0739e+00 -9.5983e-01
20 0 +2.141357610e+01 +5.278357610e+01 +5.278357610e+01 -1.0806e+00 +1.0824e+00 -1.0210e+00
24 0 +2.137732944e+01 +5.274732944e+01 +5.274732944e+01 -1.0755e+00 +1.0896e+00 -1.0258e+00
59 0 +2.088736930e+01 +5.225736930e+01 +5.225736930e+01 -1.0822e+00 +1.0906e+00 -1.0473e+00
72 0 +1.980242941e+01 +5.117242941e+01 +5.117242941e+01 -1.0644e+00 +1.1091e+00 -1.1168e+00
75 0 +1.860317848e+01 +4.997317848e+01 +4.997317848e+01 -1.0270e+00 +1.0552e+00 -1.1797e+00
82 0 +1.757932588e+01 +4.894932588e+01 +4.894932588e+01 -1.0324e+00 +1.0624e+00 -1.2150e+00
129 0 +1.736366367e+01 +4.873366367e+01 +4.873366367e+01 -1.0365e+00 +1.0661e+00 -1.2204e+00
% f evaluations | g evaluations | best noise-free fitness - Fopt (-1.000000000000e+03) + sum g_i+ | measured fitness | best measured fitness or single-digit g-values | x1 | x2...
1 0 +6.079703817e+04 +5.979703817e+04 +5.979703817e+04 +0.0000e+00 +0.0000e+00 +0.0000e+00
6 0 +3.487459818e+04 +3.387459818e+04 +3.387459818e+04 -6.6992e-02 -9.7371e-01 -2.1772e-01
9 0 +3.390517081e+04 +3.290517081e+04 +3.290517081e+04 -1.8336e-01 -9.9743e-01 -1.3265e-01
10 0 +3.366551563e+04 +3.266551563e+04 +3.266551563e+04 -1.5378e-01 -8.3020e-01 +5.0814e-02
12 0 +3.248603667e+04 +3.148603667e+04 +3.148603667e+04 -2.0808e-01 -9.3409e-01 +1.8103e-01
13 0 +2.369199729e+04 +2.269199729e+04 +2.269199729e+04 -4.4270e-01 -1.1102e+00 +4.5296e-01
14 0 +1.599165493e+04 +1.499165493e+04 +1.499165493e+04 -1.8772e-01 -1.6974e+00 +9.8715e-01
15 0 +8.170133029e+03 +7.170133029e+03 +7.170133029e+03 -7.1347e-01 -2.2032e+00 +1.2717e+00
16 0 +3.703027356e+03 +2.703027356e+03 +2.703027356e+03 -8.7483e-01 -2.3045e+00 +1.7269e+00
21 0 +3.198666163e+03 +2.198666163e+03 +2.198666163e+03 -8.7443e-01 -2.5396e+00 +1.7900e+00
22 0 +1.942790444e+03 +9.427904435e+02 +9.427904435e+02 -8.9324e-01 -2.5329e+00 +1.9890e+00
25 0 +1.644865494e+03 +6.448654940e+02 +6.448654940e+02 -9.2405e-01 -2.6229e+00 +1.9879e+00
27 0 +1.556828358e+03 +5.568283577e+02 +5.568283577e+02 -9.2562e-01 -2.6232e+00 +1.9996e+00
28 0 +1.396680767e+03 +3.966807673e+02 +3.966807673e+02 -9.3237e-01 -2.6301e+00 +2.0189e+00
29 0 +1.145663449e+03 +1.456634491e+02 +1.456634491e+02 -9.4912e-01 -2.6477e+00 +2.0651e+00
30 0 +1.076074301e+03 +7.607430066e+01 +7.607430066e+01 -9.5831e-01 -2.6582e+00 +2.0850e+00
31 0 +1.034779274e+03 +3.477927438e+01 +3.477927438e+01 -9.6409e-01 -2.6652e+00 +2.0959e+00
32 0 +1.013060101e+03 +1.306010086e+01 +1.306010086e+01 -9.6696e-01 -2.6687e+00 +2.1010e+00
35 0 +9.958899467e+02 -4.110053284e+00 -4.110053284e+00 -9.6126e-01 -2.6917e+00 +2.0956e+00
70 0 +9.543530347e+02 -4.564696527e+01 -4.564696527e+01 -5.0000e+00 -1.1354e+00 +4.3014e-01
% f evaluations | g evaluations | best noise-free fitness - Fopt (1.319200000000e+02) + sum g_i+ | measured fitness | best measured fitness or single-digit g-values | x1 | x2...
1 0 +6.417320313e+04 +6.430512313e+04 +6.430512313e+04 +0.0000e+00 +0.0000e+00 +0.0000e+00
3 0 +6.209838788e+04 +6.223030788e+04 +6.223030788e+04 +1.0000e+00 +0.0000e+00 +0.0000e+00
6 0 +2.708361459e+04 +2.721553459e+04 +2.721553459e+04 +1.0398e+00 -9.1682e-03 -9.9917e-01
7 0 +1.673020300e+04 +1.686212300e+04 +1.686212300e+04 +9.0576e-01 -1.3623e-02 -1.4847e+00
8 0 +7.043515880e+03 +7.175435880e+03 +7.175435880e+03 +1.1751e+00 -2.4355e-02 -2.0378e+00
9 0 +4.265364983e+03 +4.397284983e+03 +4.397284983e+03 +1.3868e+00 -2.9520e-02 -2.2187e+00
10 0 +3.833881405e+03 +3.965801405e+03 +3.965801405e+03 +1.3666e+00 -1.3927e-01 -2.3155e+00
11 0 +3.531364111e+03 +3.663284111e+03 +3.663284111e+03 +1.3521e+00 -8.1562e-02 -2.3959e+00
12 0 +2.590294574e+03 +2.722214574e+03 +2.722214574e+03 +1.4348e+00 -8.6616e-02 -2.4518e+00
13 0 +1.390887434e+03 +1.522807434e+03 +1.522807434e+03 +1.6643e+00 -1.1288e-01 -2.5877e+00
14 0 +4.732053642e+02 +6.051253642e+02 +6.051253642e+02 +1.6879e+00 -5.2809e-02 -2.7642e+00
15 0 +2.615560996e+02 +3.934760996e+02 +3.934760996e+02 +1.7488e+00 -5.8989e-02 -2.8408e+00
16 0 +2.175412292e+02 +3.494612292e+02 +3.494612292e+02 +1.7968e+00 -7.8336e-02 -2.8672e+00
18 0 +2.122997588e+02 +3.442197588e+02 +3.442197588e+02 +1.7986e+00 -5.5947e-02 -2.8822e+00
19 0 +2.066248767e+02 +3.385448767e+02 +3.385448767e+02 +1.8131e+00 -5.9337e-02 -2.8942e+00
20 0 +1.973293192e+02 +3.292493192e+02 +3.292493192e+02 +1.8242e+00 -5.6614e-02 -2.9095e+00
21 0 +1.949067767e+02 +3.268267767e+02 +3.268267767e+02 +1.8745e+00 -5.4378e-02 -2.9669e+00
26 0 +1.854664593e+02 +3.173864593e+02 +3.173864593e+02 +1.8118e+00 +2.9096e-02 -3.0276e+00
27 0 +1.560107786e+02 +2.879307786e+02 +2.879307786e+02 +1.5870e+00 +2.1142e-01 -3.1256e+00
28 0 +1.035692401e+02 +2.354892401e+02 +2.354892401e+02 +6.8803e-01 +9.0536e-01 -3.5773e+00
29 0 +1.019078757e+02 +2.338278757e+02 +2.338278757e+02 +7.2539e-01 +1.0745e+00 -3.4191e+00
31 0 +8.812948465e+01 +2.200494847e+02 +2.200494847e+02 +4.4083e-01 +1.1461e+00 -3.3715e+00
32 0 +5.462927016e+01 +1.865492702e+02 +1.865492702e+02 -4.1721e-01 +1.5260e+00 -3.3681e+00
37 0 +5.282582195e+01 +1.847458219e+02 +1.847458219e+02 -4.5521e-01 +1.5555e+00 -3.3817e+00
38 0 +4.752723181e+01 +1.794472318e+02 +1.794472318e+02 -5.7566e-01 +1.6507e+00 -3.4268e+00
39 0 +4.018830062e+01 +1.721083006e+02 +1.721083006e+02 -1.0457e+00 +2.0392e+00 -3.6210e+00
41 0 +2.937611952e+01 +1.612961195e+02 +1.612961195e+02 -1.0715e+00 +1.9803e+00 -3.6765e+00
42 0 +2.826109542e+01 +1.601810954e+02 +1.601810954e+02 -1.2985e+00 +1.7879e+00 -3.5589e+00
44 0 +2.716352585e+01 +1.590835258e+02 +1.590835258e+02 -1.3350e+00 +1.7349e+00 -3.7054e+00
46 0 +2.508949694e+01 +1.570094969e+02 +1.570094969e+02 -1.4207e+00 +1.7629e+00 -3.7103e+00
47 0 +2.398122362e+01 +1.559012236e+02 +1.559012236e+02 -1.4834e+00 +1.8063e+00 -3.7346e+00
49 0 +2.335776928e+01 +1.552777693e+02 +1.552777693e+02 -1.5548e+00 +1.8917e+00 -3.6990e+00
52 0 +1.983051543e+01 +1.517505154e+02 +1.517505154e+02 -1.7042e+00 +2.0124e+00 -3.7544e+00
54 0 +1.948268017e+01 +1.514026802e+02 +1.514026802e+02 -1.7509e+00 +1.9687e+00 -3.7521e+00
55 0 +1.255851004e+01 +1.444785100e+02 +1.444785100e+02 -2.0167e+00 +2.1068e+00 -3.8648e+00
56 0 +1.487280242e+00 +1.334072802e+02 +1.334072802e+02 -3.2278e+00 +2.2940e+00 -4.2344e+00
60 0 +1.465386489e+00 +1.333853865e+02 +1.333853865e+02 -3.2395e+00 +2.2860e+00 -4.2346e+00
63 0 +1.407077597e+00 +1.333270776e+02 +1.333270776e+02 -3.2580e+00 +2.2922e+00 -4.2190e+00
65 0 +1.379111286e+00 +1.332991113e+02 +1.332991113e+02 -3.2895e+00 +2.2963e+00 -4.2165e+00
69 0 +1.322248579e+00 +1.332422486e+02 +1.332422486e+02 -3.3341e+00 +2.2990e+00 -4.1753e+00
73 0 +1.197289441e+00 +1.331172894e+02 +1.331172894e+02 -3.3612e+00 +2.3111e+00 -4.1467e+00
77 0 +9.793274939e-01 +1.328993275e+02 +1.328993275e+02 -3.4072e+00 +2.2344e+00 -4.1196e+00
79 0 +9.082736500e-01 +1.328282737e+02 +1.328282737e+02 -3.4149e+00 +2.2431e+00 -4.1080e+00
81 0 +8.898505633e-01 +1.328098506e+02 +1.328098506e+02 -3.4196e+00 +2.2354e+00 -4.1053e+00
82 0 +7.707488142e-01 +1.326907488e+02 +1.326907488e+02 -3.4517e+00 +2.2434e+00 -4.0828e+00
83 0 +7.408899638e-01 +1.326608900e+02 +1.326608900e+02 -3.4725e+00 +2.2734e+00 -4.0664e+00
86 0 +7.176581787e-01 +1.326376582e+02 +1.326376582e+02 -3.5167e+00 +2.2642e+00 -4.0413e+00
87 0 +6.937324829e-01 +1.326137325e+02 +1.326137325e+02 -3.5276e+00 +2.2653e+00 -4.0245e+00
89 0 +6.797150057e-01 +1.325997150e+02 +1.325997150e+02 -3.5144e+00 +2.2290e+00 -4.0141e+00
90 0 +6.730388864e-01 +1.325930389e+02 +1.325930389e+02 -3.5215e+00 +2.2259e+00 -4.0160e+00
91 0 +6.255307545e-01 +1.325455308e+02 +1.325455308e+02 -3.5361e+00 +2.2171e+00 -4.0055e+00
92 0 +4.656634496e-01 +1.323856634e+02 +1.323856634e+02 -3.6061e+00 +2.1810e+00 -3.9913e+00
95 0 +4.427956999e-01 +1.323627957e+02 +1.323627957e+02 -3.6073e+00 +2.1872e+00 -3.9784e+00
96 0 +3.874695071e-01 +1.323074695e+02 +1.323074695e+02 -3.6408e+00 +2.1797e+00 -3.9439e+00
107 0 +3.762691776e-01 +1.322962692e+02 +1.322962692e+02 -3.6473e+00 +2.1749e+00 -3.9366e+00
130 0 +3.710408883e-01 +1.322910409e+02 +1.322910409e+02 -3.6507e+00 +2.1729e+00 -3.9339e+00
133 0 +3.508413172e-01 +1.322708413e+02 +1.322708413e+02 -3.6698e+00 +2.1662e+00 -3.9283e+00
141 0 +3.461070523e-01 +1.322661071e+02 +1.322661071e+02 -3.6712e+00 +2.1642e+00 -3.9262e+00
% f evaluations | g evaluations | best noise-free fitness - Fopt (5.908400000000e+02) + sum g_i+ | measured fitness | best measured fitness or single-digit g-values | x1 | x2...
1 0 +6.628683860e+04 +6.687767860e+04 +6.687767860e+04 +0.0000e+00 +0.0000e+00 +0.0000e+00
3 0 +3.477557332e+04 +3.536641332e+04 +3.536641332e+04 +1.0000e+00 +0.0000e+00 +0.0000e+00
6 0 +1.510563217e+04 +1.569647217e+04 +1.569647217e+04 +1.6793e+00 -5.4304e-01 -7.7810e-02
7 0 +7.014180976e+03 +7.605020976e+03 +7.605020976e+03 +1.9848e+00 -8.9024e-01 -1.2756e-01
8 0 +3.878059236e+03 +4.468899236e+03 +4.468899236e+03 +2.1266e+00 -1.0850e+00 -1.5546e-01
9 0 +3.357171101e+03 +3.948011101e+03 +3.948011101e+03 +2.2495e+00 -1.0525e+00 -1.6867e-01
10 0 +3.099306974e+03 +3.690146974e+03 +3.690146974e+03 +2.2521e+00 -1.0672e+00 -2.5063e-01
11 0 +1.179421401e+03 +1.770261401e+03 +1.770261401e+03 +2.3777e+00 -1.2622e+00 -2.6817e-01
12 0 +4.430446289e+02 +1.033884629e+03 +1.033884629e+03 +2.5124e+00 -1.2796e+00 -2.9492e-01
13 0 +1.161351737e+02 +7.069751737e+02 +7.069751737e+02 +2.5751e+00 -1.3833e+00 -3.2115e-01
14 0 +1.126983299e+02 +7.035383299e+02 +7.035383299e+02 +2.5804e+00 -1.3856e+00 -3.0465e-01
15 0 +9.408439270e+01 +6.849243927e+02 +6.849243927e+02 +2.5947e+00 -1.3761e+00 -3.0796e-01
16 0 +6.141238902e+01 +6.522523890e+02 +6.522523890e+02 +2.6084e+00 -1.3861e+00 -3.1249e-01
17 0 +4.064127589e+01 +6.314812759e+02 +6.314812759e+02 +2.6239e+00 -1.3930e+00 -3.1658e-01
18 0 +2.454580419e+01 +6.153858042e+02 +6.153858042e+02 +2.6404e+00 -1.3975e+00 -3.2026e-01
19 0 +2.354883668e+01 +6.143888367e+02 +6.143888367e+02 +2.6429e+00 -1.4113e+00 -3.0975e-01
20 0 +2.337693367e+01 +6.142169337e+02 +6.142169337e+02 +2.6422e+00 -1.4176e+00 -3.1752e-01
32 0 +2.262797212e+01 +6.134679721e+02 +6.134679721e+02 +2.6668e+00 -1.4788e+00 -4.3179e-01
33 0 +2.154606864e+01 +6.123860686e+02 +6.123860686e+02 +2.7779e+00 -1.4504e+00 -5.4344e-01
34 0 +1.713720880e+01 +6.079772088e+02 +6.079772088e+02 +3.1361e+00 -1.3399e+00 -1.0621e+00
40 0 +1.672498894e+01 +6.075649889e+02 +6.075649889e+02 +3.1190e+00 -1.3437e+00 -1.0759e+00
41 0 +1.560721583e+01 +6.064472158e+02 +6.064472158e+02 +3.0715e+00 -1.3524e+00 -1.1179e+00
42 0 +1.378391635e+01 +6.046239164e+02 +6.046239164e+02 +2.8239e+00 -1.3892e+00 -1.0645e+00
43 0 +1.255295215e+01 +6.033929522e+02 +6.033929522e+02 +2.6809e+00 -1.4222e+00 -1.2743e+00
49 0 +1.038205379e+01 +6.012220538e+02 +6.012220538e+02 +2.4556e+00 -1.5736e+00 -1.5471e+00
54 0 +1.014908716e+01 +6.009890872e+02 +6.009890872e+02 +2.4358e+00 -1.5883e+00 -1.5763e+00
57 0 +9.988007529e+00 +6.008280075e+02 +6.008280075e+02 +2.4527e+00 -1.6104e+00 -1.5768e+00
62 0 +9.448127623e+00 +6.002881276e+02 +6.002881276e+02 +2.4387e+00 -1.6110e+00 -1.6186e+00
67 0 +9.098671542e+00 +5.999386715e+02 +5.999386715e+02 +2.4227e+00 -1.6150e+00 -1.6410e+00
83 0 +8.862301689e+00 +5.997023017e+02 +5.997023017e+02 +2.4147e+00 -1.6227e+00 -1.6581e+00
112 0 +8.704444206e+00 +5.995444442e+02 +5.995444442e+02 +2.4112e+00 -1.6272e+00 -1.6716e+00
114 0 +8.488557733e+00 +5.993285577e+02 +5.993285577e+02 +2.4118e+00 -1.6291e+00 -1.6961e+00
126 0 +8.121430926e+00 +5.989614309e+02 +5.989614309e+02 +2.3996e+00 -1.6406e+00 -1.7300e+00
% f evaluations | g evaluations | best noise-free fitness - Fopt (-1.330000000000e+00) + sum g_i+ | measured fitness | best measured fitness or single-digit g-values | x1 | x2...
1 0 +1.080159241e+05 +1.080145941e+05 +1.080145941e+05 +0.0000e+00 +0.0000e+00 +0.0000e+00
5 0 +6.874592624e+04 +6.874459624e+04 +6.874459624e+04 +0.0000e+00 +0.0000e+00 +1.0000e+00
6 0 +3.450271834e+04 +3.450138834e+04 +3.450138834e+04 -6.1025e-01 -2.2645e-01 +1.7592e+00
7 0 +1.609217722e+04 +1.609084722e+04 +1.609084722e+04 -1.1565e+00 -4.2913e-01 +2.2667e+00
8 0 +7.670060684e+03 +7.668730684e+03 +7.668730684e+03 -1.4685e+00 -5.4491e-01 +2.4864e+00
9 0 +6.763442998e+03 +6.762112998e+03 +6.762112998e+03 -1.4415e+00 -5.9143e-01 +2.6524e+00
10 0 +6.708362263e+03 +6.707032263e+03 +6.707032263e+03 -1.4587e+00 -5.4214e-01 +2.6715e+00
11 0 +5.109270133e+03 +5.107940133e+03 +5.107940133e+03 -1.5470e+00 -5.7902e-01 +2.7003e+00
12 0 +1.832978219e+03 +1.831648219e+03 +1.831648219e+03 -1.8173e+00 -6.9714e-01 +2.8193e+00
13 0 +6.845384868e+02 +6.832084868e+02 +6.832084868e+02 -1.9400e+00 -7.5452e-01 +2.8949e+00
14 0 +3.921688112e+02 +3.908388112e+02 +3.908388112e+02 -1.9888e+00 -7.7802e-01 +2.9290e+00
15 0 +2.193520679e+02 +2.180220679e+02 +2.180220679e+02 -2.0176e+00 -7.9214e-01 +2.9506e+00
16 0 +2.183712945e+02 +2.170412945e+02 +2.170412945e+02 -2.0225e+00 -7.9182e-01 +2.9459e+00
18 0 +2.122910481e+02 +2.109610481e+02 +2.109610481e+02 -2.0316e+00 -7.8622e-01 +2.9554e+00
19 0 +1.872921300e+02 +1.859621300e+02 +1.859621300e+02 -2.0398e+00 -7.8909e-01 +2.9603e+00
20 0 +9.284870175e+01 +9.151870175e+01 +9.151870175e+01 -2.0686e+00 -8.0289e-01 +2.9843e+00
21 0 +4.953161141e+01 +4.820161141e+01 +4.820161141e+01 -2.0993e+00 -8.1835e-01 +3.0114e+00
22 0 +4.890656484e+01 +4.757656484e+01 +4.757656484e+01 -2.1206e+00 -8.2863e-01 +3.0293e+00
26 0 +4.767713852e+01 +4.634713852e+01 +4.634713852e+01 -2.1497e+00 -7.9993e-01 +3.0216e+00
27 0 +4.652347015e+01 +4.519347015e+01 +4.519347015e+01 -2.1697e+00 -7.6736e-01 +3.0098e+00
28 0 +4.282468266e+01 +4.149468266e+01 +4.149468266e+01 -2.2646e+00 -6.4480e-01 +2.9700e+00
29 0 +2.882555723e+01 +2.749555723e+01 +2.749555723e+01 -2.8533e+00 -3.9441e-01 +2.9882e+00
30 0 +1.093928127e+01 +9.609281272e+00 +9.609281272e+00 -3.5600e+00 +3.4130e-01 +2.6338e+00
31 0 +9.227548642e+00 +7.897548642e+00 +7.897548642e+00 -3.5778e+00 +4.5469e-01 +2.7565e+00
32 0 +7.226222171e+00 +5.896222171e+00 +5.896222171e+00 -3.9065e+00 +5.5941e-01 +2.8323e+00
33 0 +4.964253499e+00 +3.634253499e+00 +3.634253499e+00 -3.9150e+00 +8.2176e-01 +2.7630e+00
34 0 +3.237972453e+00 +1.907972453e+00 +1.907972453e+00 -3.9723e+00 +1.1161e+00 +2.9023e+00
35 0 +3.026150396e+00 +1.696150396e+00 +1.696150396e+00 -4.0139e+00 +1.2206e+00 +3.0486e+00
38 0 +2.985251477e+00 +1.655251477e+00 +1.655251477e+00 -4.0111e+00 +1.2313e+00 +3.0610e+00
40 0 +2.892518403e+00 +1.562518403e+00 +1.562518403e+00 -4.0042e+00 +1.2436e+00 +3.0560e+00
41 0 +2.615600553e+00 +1.285600553e+00 +1.285600553e+00 -3.9739e+00 +1.2906e+00 +3.0342e+00
44 0 +2.563350422e+00 +1.233350422e+00 +1.233350422e+00 -3.9619e+00 +1.3064e+00 +3.0435e+00
53 0 +2.507123734e+00 +1.177123734e+00 +1.177123734e+00 -3.9413e+00 +1.3152e+00 +3.0400e+00
54 0 +2.312566040e+00 +9.825660403e-01 +9.825660403e-01 -3.8837e+00 +1.3411e+00 +3.0299e+00
60 0 +2.272843506e+00 +9.428435064e-01 +9.428435064e-01 -3.8803e+00 +1.3472e+00 +3.0266e+00
62 0 +2.125689144e+00 +7.956891442e-01 +7.956891442e-01 -3.8677e+00 +1.3674e+00 +3.0213e+00
67 0 +2.087798526e+00 +7.577985262e-01 +7.577985262e-01 -3.8603e+00 +1.3732e+00 +3.0314e+00
72 0 +2.023536200e+00 +6.935361999e-01 +6.935361999e-01 -3.8560e+00 +1.3806e+00 +3.0289e+00
89 0 +1.989195279e+00 +6.591952790e-01 +6.591952790e-01 -3.8514e+00 +1.3832e+00 +3.0277e+00
131 0 +1.944974817e+00 +6.149748172e-01 +6.149748172e-01 -3.8461e+00 +1.3876e+00 +3.0268e+00
132 0 +1.895326963e+00 +5.653269629e-01 +5.653269629e-01 -3.8363e+00 +1.3897e+00 +3.0287e+00
133 0 +1.625238345e+00 +2.952383453e-01 +2.952383453e-01 -3.8055e+00 +1.4164e+00 +3.0243e+00
138 0 +1.615768097e+00 +2.857680975e-01 +2.857680975e-01 -3.8045e+00 +1.4181e+00 +3.0237e+00
% f evaluations | g evaluations | best noise-free fitness - Fopt (1.460000000000e+01) + sum g_i+ | measured fitness | best measured fitness or single-digit g-values | x1 | x2...
1 0 +7.335970160e+04 +7.337430160e+04 +7.337430160e+04 +0.0000e+00 +0.0000e+00 +0.0000e+00
5 0 +3.822409912e+04 +3.823869912e+04 +3.823869912e+04 +0.0000e+00 +0.0000e+00 +1.0000e+00
6 0 +2.237608748e+04 +2.239068748e+04 +2.239068748e+04 -3.2272e-01 -2.3211e-01 +1.1726e+00
7 0 +1.311091719e+04 +1.312551719e+04 +1.312551719e+04 -2.9912e-01 -5.3605e-01 +1.3985e+00
8 0 +8.547221677e+03 +8.561821677e+03 +8.561821677e+03 -4.7350e-01 -5.7914e-01 +1.6365e+00
9 0 +5.743577716e+03 +5.758177716e+03 +5.758177716e+03 -5.7881e-01 -7.3158e-01 +1.6102e+00
10 0 +3.211166315e+03 +3.225766315e+03 +3.225766315e+03 -5.9035e-01 -8.8250e-01 +1.7203e+00
11 0 +2.114836785e+03 +2.129436785e+03 +2.129436785e+03 -5.6075e-01 -9.4835e-01 +1.8191e+00
12 0 +1.506269853e+03 +1.520869853e+03 +1.520869853e+03 -6.4173e-01 -1.0149e+00 +1.8694e+00
13 0 +1.098188073e+03 +1.112788073e+03 +1.112788073e+03 -6.2261e-01 -1.0747e+00 +1.8543e+00
14 0 +9.320317736e+02 +9.466317736e+02 +9.466317736e+02 -6.0098e-01 -1.1538e+00 +1.9115e+00
15 0 +4.926895187e+02 +5.072895187e+02 +5.072895187e+02 -6.4713e-01 -1.2214e+00 +1.8632e+00
16 0 +2.992125178e+02 +3.138125178e+02 +3.138125178e+02 -6.9415e-01 -1.2944e+00 +1.8732e+00
17 0 +2.101985184e+02 +2.247985184e+02 +2.247985184e+02 -6.7926e-01 -1.3243e+00 +1.8444e+00
18 0 +1.233271756e+02 +1.379271756e+02 +1.379271756e+02 -7.0457e-01 -1.3291e+00 +1.8162e+00
19 0 +6.356227054e+01 +7.816227054e+01 +7.816227054e+01 -7.2118e-01 -1.3563e+00 +1.7951e+00
20 0 +2.575734456e+01 +4.035734456e+01 +4.035734456e+01 -7.2796e-01 -1.3834e+00 +1.7847e+00
21 0 +1.500580194e+01 +2.960580194e+01 +2.960580194e+01 -7.2853e-01 -1.3983e+00 +1.7824e+00
22 0 +1.151703031e+01 +2.611703031e+01 +2.611703031e+01 -7.2750e-01 -1.4086e+00 +1.7825e+00
23 0 +6.791311910e+00 +2.139131191e+01 +2.139131191e+01 -7.2751e-01 -1.4098e+00 +1.7731e+00
24 0 +5.277958833e+00 +1.987795883e+01 +1.987795883e+01 -7.3530e-01 -1.4116e+00 +1.7718e+00
25 0 +2.447914621e+00 +1.704791462e+01 +1.704791462e+01 -7.3652e-01 -1.4230e+00 +1.7564e+00
29 0 +2.351969085e+00 +1.695196909e+01 +1.695196909e+01 -7.3100e-01 -1.4233e+00 +1.7365e+00
30 0 +1.972443116e+00 +1.657244312e+01 +1.657244312e+01 -7.0089e-01 -1.4262e+00 +1.7103e+00
31 0 +1.128582076e+00 +1.572858208e+01 +1.572858208e+01 -6.1107e-01 -1.4829e+00 +1.5906e+00
36 0 +7.930297877e-01 +1.539302979e+01 +1.539302979e+01 -5.7818e-01 -1.4832e+00 +1.5679e+00
39 0 +5.217127111e-01 +1.512171271e+01 +1.512171271e+01 -5.0594e-01 -1.4864e+00 +1.5336e+00
40 0 +3.797332513e-01 +1.497973325e+01 +1.497973325e+01 -4.3213e-01 -1.4888e+00 +1.5644e+00
46 0 +3.698341983e-01 +1.496983420e+01 +1.496983420e+01 -4.3202e-01 -1.4969e+00 +1.5677e+00
47 0 +3.505332897e-01 +1.495053329e+01 +1.495053329e+01 -4.2471e-01 -1.5036e+00 +1.5664e+00
48 0 +2.656676891e-01 +1.486566769e+01 +1.486566769e+01 -3.9549e-01 -1.5303e+00 +1.5607e+00
49 0 +1.010452215e-01 +1.470104522e+01 +1.470104522e+01 -2.7851e-01 -1.6377e+00 +1.5413e+00
51 0 +7.986450472e-02 +1.467986450e+01 +1.467986450e+01 -2.6349e-01 -1.6230e+00 +1.5462e+00
55 0 +7.920993771e-02 +1.467920994e+01 +1.467920994e+01 -2.6080e-01 -1.6207e+00 +1.5463e+00
56 0 +7.501151944e-02 +1.467501152e+01 +1.467501152e+01 -2.5521e-01 -1.6162e+00 +1.5458e+00
59 0 +6.571954773e-02 +1.466571955e+01 +1.466571955e+01 -2.5034e-01 -1.6111e+00 +1.5473e+00
63 0 +5.454455858e-02 +1.465454456e+01 +1.465454456e+01 -2.4506e-01 -1.6063e+00 +1.5495e+00
64 0 +4.804264406e-02 +1.464804264e+01 +1.464804264e+01 -2.4800e-01 -1.5900e+00 +1.5730e+00
66 0 +4.288479696e-02 +1.464288480e+01 +1.464288480e+01 -2.3569e-01 -1.5826e+00 +1.5718e+00
69 0 +4.156872828e-02 +1.464156873e+01 +1.464156873e+01 -2.3268e-01 -1.5882e+00 +1.5684e+00
74 0 +3.955806522e-02 +1.463955807e+01 +1.463955807e+01 -2.2685e-01 -1.5895e+00 +1.5702e+00
108 0 +3.890153605e-02 +1.463890154e+01 +1.463890154e+01 -2.2606e-01 -1.5889e+00 +1.5705e+00
130 0 +3.688394942e-02 +1.463688395e+01 +1.463688395e+01 -2.2376e-01 -1.5880e+00 +1.5731e+00
136 0 +3.622576254e-02 +1.463622576e+01 +1.463622576e+01 -2.2322e-01 -1.5866e+00 +1.5752e+00
144 0 +3.513307382e-02 +1.463513307e+01 +1.463513307e+01 -2.2281e-01 -1.5866e+00 +1.5756e+00
% f evaluations | g evaluations | best noise-free fitness - Fopt (-2.233600000000e+02) + sum g_i+ | measured fitness | best measured fitness or single-digit g-values | x1 | x2...
1 0 +1.231828298e+05 +1.229594698e+05 +1.229594698e+05 +0.0000e+00 +0.0000e+00 +0.0000e+00
4 0 +1.223842430e+05 +1.221608830e+05 +1.221608830e+05 +0.0000e+00 +1.0000e+00 +0.0000e+00
5 0 +8.872308061e+04 +8.849972061e+04 +8.849972061e+04 +0.0000e+00 +0.0000e+00 +1.0000e+00
6 0 +3.700997312e+04 +3.678661312e+04 +3.678661312e+04 -8.9265e-01 +1.0443e-02 +1.4506e+00
7 0 +3.173606726e+04 +3.151270726e+04 +3.151270726e+04 -1.3986e+00 +1.6363e-02 +1.5796e+00
8 0 +2.531111433e+04 +2.508775433e+04 +2.508775433e+04 -1.8596e+00 +2.1755e-02 +1.5623e+00
11 0 +1.967044056e+04 +1.944708056e+04 +1.944708056e+04 -1.9486e+00 +9.8594e-02 +1.3639e+00
12 0 +1.325642487e+04 +1.303306487e+04 +1.303306487e+04 -2.2068e+00 +2.6424e-01 +7.5771e-01
14 0 +1.173908255e+04 +1.151572255e+04 +1.151572255e+04 -2.3171e+00 +2.5087e-01 +7.9693e-01
15 0 +1.096366576e+04 +1.074030576e+04 +1.074030576e+04 -2.4782e+00 +5.4545e-01 +8.4856e-01
17 0 +8.857373478e+03 +8.634013478e+03 +8.634013478e+03 -2.5684e+00 +5.2909e-01 +7.0562e-01
18 0 +8.366098869e+03 +8.142738869e+03 +8.142738869e+03 -2.5780e+00 +5.8103e-01 +5.4419e-01
19 0 +6.859542583e+03 +6.636182583e+03 +6.636182583e+03 -2.7347e+00 +5.2738e-01 +5.0673e-01
20 0 +5.496011356e+03 +5.272651356e+03 +5.272651356e+03 -2.8994e+00 +5.4642e-01 +4.6970e-01
21 0 +3.716298169e+03 +3.492938169e+03 +3.492938169e+03 -3.4532e+00 +6.6624e-01 +3.4687e-01
23 0 +2.100193162e+03 +1.876833162e+03 +1.876833162e+03 -3.5792e+00 +4.4672e-01 +2.0548e-01
24 0 +1.160117315e+03 +9.367573148e+02 +9.367573148e+02 -3.6876e+00 +2.9264e-01 +7.8637e-02
25 0 +7.394605081e+02 +5.161005081e+02 +5.161005081e+02 -3.7539e+00 +2.1035e-01 -5.8864e-04
26 0 +5.994168891e+02 +3.760568891e+02 +3.760568891e+02 -3.7945e+00 +1.6402e-01 -4.9649e-02
28 0 +4.486152388e+02 +2.252552388e+02 +2.252552388e+02 -3.7690e+00 +1.5388e-01 -6.9883e-02
29 0 +3.921017448e+02 +1.687417448e+02 +1.687417448e+02 -3.7675e+00 +1.6475e-01 -8.6426e-02
30 0 +3.461532049e+02 +1.227932049e+02 +1.227932049e+02 -3.7572e+00 +1.6033e-01 -1.0283e-01
31 0 +3.124899701e+02 +8.912997008e+01 +8.912997008e+01 -3.7484e+00 +1.6599e-01 -1.0138e-01
32 0 +2.579838002e+02 +3.462380022e+01 +3.462380022e+01 -3.7415e+00 +1.7169e-01 -1.0581e-01
33 0 +2.343585577e+02 +1.099855774e+01 +1.099855774e+01 -3.7357e+00 +1.7612e-01 -1.0809e-01
34 0 +2.288017200e+02 +5.441719988e+00 +5.441719988e+00 -3.7338e+00 +1.7764e-01 -1.0906e-01
38 0 +2.236824055e+02 +3.224054824e-01 +3.224054824e-01 -3.7338e+00 +1.7941e-01 -1.0999e-01
% f evaluations | g evaluations | best noise-free fitness - Fopt (4.846300000000e+02) + sum g_i+ | measured fitness | best measured fitness or single-digit g-values | x1 | x2...
1 0 +3.220809821e+01 +5.168380982e+02 +5.168380982e+02 +0.0000e+00 +0.0000e+00 +0.0000e+00
6 0 +2.311676660e+01 +5.077467666e+02 +5.077467666e+02 -6.1442e-01 -5.5170e-02 -7.8705e-01
11 0 +2.287347152e+01 +5.075034715e+02 +5.075034715e+02 -6.2764e-01 -2.4498e-02 -8.2426e-01
12 0 +2.094766139e+01 +5.055776614e+02 +5.055776614e+02 -6.8079e-01 +1.0096e-01 -9.7067e-01
13 0 +1.257311484e+01 +4.972031148e+02 +4.972031148e+02 -8.9664e-01 +6.3519e-01 -1.5256e+00
17 0 +1.204200191e+01 +4.966720019e+02 +4.966720019e+02 -1.0739e+00 +5.7915e-01 -1.7351e+00
22 0 +1.193113111e+01 +4.965611311e+02 +4.965611311e+02 -1.0820e+00 +5.6825e-01 -1.7672e+00
23 0 +1.136642658e+01 +4.959964266e+02 +4.959964266e+02 -1.1256e+00 +6.0559e-01 -1.8229e+00
27 0 +1.062223473e+01 +4.952522347e+02 +4.952522347e+02 -1.1556e+00 +6.5287e-01 -1.8855e+00
33 0 +1.036988803e+01 +4.949998880e+02 +4.949998880e+02 -1.1797e+00 +6.6712e-01 -1.8887e+00
35 0 +1.015674555e+01 +4.947867455e+02 +4.947867455e+02 -1.1932e+00 +6.7530e-01 -1.9009e+00
36 0 +9.303904678e+00 +4.939339047e+02 +4.939339047e+02 -1.2474e+00 +7.0776e-01 -1.9500e+00
45 0 +8.942801922e+00 +4.935728019e+02 +4.935728019e+02 -1.2658e+00 +7.3090e-01 -1.9696e+00
50 0 +8.907836055e+00 +4.935378361e+02 +4.935378361e+02 -1.2665e+00 +7.4941e-01 -1.9605e+00
55 0 +8.700486009e+00 +4.933304860e+02 +4.933304860e+02 -1.2812e+00 +7.5842e-01 -1.9725e+00
82 0 +8.504019033e+00 +4.931340190e+02 +4.931340190e+02 -1.2974e+00 +7.6745e-01 -1.9823e+00
99 0 +8.314363560e+00 +4.929443636e+02 +4.929443636e+02 -1.3169e+00 +7.7282e-01 -1.9914e+00
% f evaluations | g evaluations | best noise-free fitness - Fopt (4.112500000000e+02) + sum g_i+ | measured fitness | best measured fitness or single-digit g-values | x1 | x2...
1 0 +1.971210257e+05 +1.975322757e+05 +1.975322757e+05 +0.0000e+00 +0.0000e+00 +0.0000e+00
6 0 +1.373417035e+05 +1.377529535e+05 +1.377529535e+05 -8.7110e-01 -1.9526e-01 -4.5062e-01
7 0 +7.512439732e+04 +7.553564732e+04 +7.553564732e+04 -2.5849e+00 -3.1987e-01 -1.1757e+00
8 0 +6.162274008e+04 +6.203399008e+04 +6.203399008e+04 -3.8764e+00 -7.7830e-02 -1.5131e+00
9 0 +3.389018094e+04 +3.430143094e+04 +3.430143094e+04 -3.8859e+00 -4.9605e-01 -2.1577e+00
10 0 +2.570581245e+04 +2.611706245e+04 +2.611706245e+04 -4.0563e+00 -9.8931e-01 -2.1772e+00
11 0 +1.163004722e+04 +1.204129722e+04 +1.204129722e+04 -4.1359e+00 -1.2536e+00 -2.8282e+00
12 0 +7.088365182e+03 +7.499615182e+03 +7.499615182e+03 -4.2760e+00 -1.5573e+00 -2.8971e+00
13 0 +4.173706310e+03 +4.584956310e+03 +4.584956310e+03 -4.4765e+00 -1.5708e+00 -3.0806e+00
14 0 +2.403725971e+03 +2.814975971e+03 +2.814975971e+03 -4.4574e+00 -1.6967e+00 -3.2599e+00
15 0 +1.207354933e+03 +1.618604933e+03 +1.618604933e+03 -4.5934e+00 -1.8251e+00 -3.3193e+00
16 0 +6.685470284e+02 +1.079797028e+03 +1.079797028e+03 -4.6476e+00 -1.8177e+00 -3.4449e+00
17 0 +2.948914166e+02 +7.061414166e+02 +7.061414166e+02 -4.6462e+00 -1.9011e+00 -3.5000e+00
18 0 +7.594275554e+01 +4.871927555e+02 +4.871927555e+02 -4.7252e+00 -1.9496e+00 -3.5375e+00
19 0 +8.725440657e+00 +4.199754407e+02 +4.199754407e+02 -4.7191e+00 -1.9811e+00 -3.6322e+00
20 0 +7.840369950e+00 +4.190903699e+02 +4.190903699e+02 -4.7205e+00 -2.0599e+00 -3.6170e+00
22 0 +7.401195381e+00 +4.186511954e+02 +4.186511954e+02 -4.7027e+00 -2.0699e+00 -3.6626e+00
24 0 +7.054661109e+00 +4.183046611e+02 +4.183046611e+02 -4.6756e+00 -2.0876e+00 -3.6628e+00
25 0 +6.882878802e+00 +4.181328788e+02 +4.181328788e+02 -4.6532e+00 -2.0929e+00 -3.6725e+00
26 0 +6.756972593e+00 +4.180069726e+02 +4.180069726e+02 -4.6369e+00 -2.1092e+00 -3.6628e+00
28 0 +6.492234546e+00 +4.177422345e+02 +4.177422345e+02 -4.6103e+00 -2.1378e+00 -3.6835e+00
29 0 +5.286743974e+00 +4.165367440e+02 +4.165367440e+02 -4.5175e+00 -2.1681e+00 -3.7051e+00
36 0 +5.138950019e+00 +4.163889500e+02 +4.163889500e+02 -4.5056e+00 -2.1741e+00 -3.7093e+00
37 0 +5.096995825e+00 +4.163469958e+02 +4.163469958e+02 -4.5054e+00 -2.1649e+00 -3.7326e+00
40 0 +4.749960586e+00 +4.159999606e+02 +4.159999606e+02 -4.4851e+00 -2.1770e+00 -3.7406e+00
43 0 +4.615868234e+00 +4.158658682e+02 +4.158658682e+02 -4.4676e+00 -2.1723e+00 -3.7322e+00
45 0 +4.496470763e+00 +4.157464708e+02 +4.157464708e+02 -4.4596e+00 -2.1780e+00 -3.7340e+00
46 0 +4.103605919e+00 +4.153536059e+02 +4.153536059e+02 -4.4276e+00 -2.1955e+00 -3.7504e+00
54 0 +3.997646752e+00 +4.152476468e+02 +4.152476468e+02 -4.3947e+00 -2.1747e+00 -3.7252e+00
55 0 +3.619412829e+00 +4.148694128e+02 +4.148694128e+02 -4.3647e+00 -2.1999e+00 -3.7337e+00
58 0 +3.007396228e+00 +4.142573962e+02 +4.142573962e+02 -4.2877e+00 -2.1845e+00 -3.7487e+00
59 0 +2.531522416e+00 +4.137815224e+02 +4.137815224e+02 -4.2078e+00 -2.1877e+00 -3.7458e+00
60 0 +2.308103362e+00 +4.135581034e+02 +4.135581034e+02 -4.1723e+00 -2.1840e+00 -3.8174e+00
62 0 +2.203829096e+00 +4.134538291e+02 +4.134538291e+02 -4.1621e+00 -2.1913e+00 -3.8128e+00
63 0 +1.746161276e+00 +4.129961613e+02 +4.129961613e+02 -4.1303e+00 -2.2156e+00 -3.8133e+00
64 0 +7.678201045e-01 +4.120178201e+02 +4.120178201e+02 -4.0028e+00 -2.3115e+00 -3.8019e+00
69 0 +7.526133705e-01 +4.120026134e+02 +4.120026134e+02 -3.9782e+00 -2.2813e+00 -3.8109e+00
71 0 +7.258556060e-01 +4.119758556e+02 +4.119758556e+02 -3.9620e+00 -2.2929e+00 -3.8118e+00
72 0 +6.719716820e-01 +4.119219717e+02 +4.119219717e+02 -3.9457e+00 -2.3015e+00 -3.8196e+00
73 0 +3.199820744e-01 +4.115699821e+02 +4.115699821e+02 -3.8795e+00 -2.3416e+00 -3.8396e+00
77 0 +2.482289343e-01 +4.114982289e+02 +4.114982289e+02 -3.8611e+00 -2.3534e+00 -3.8419e+00
80 0 +2.429805098e-01 +4.114929805e+02 +4.114929805e+02 -3.8580e+00 -2.3517e+00 -3.8445e+00
84 0 +2.281863631e-01 +4.114781864e+02 +4.114781864e+02 -3.8544e+00 -2.3558e+00 -3.8471e+00
87 0 +2.160250782e-01 +4.114660251e+02 +4.114660251e+02 -3.8449e+00 -2.3612e+00 -3.8483e+00
90 0 +1.966310508e-01 +4.114466311e+02 +4.114466311e+02 -3.8432e+00 -2.3562e+00 -3.8496e+00
91 0 +1.923293368e-01 +4.114423293e+02 +4.114423293e+02 -3.8420e+00 -2.3566e+00 -3.8497e+00
92 0 +1.900084726e-01 +4.114400085e+02 +4.114400085e+02 -3.8402e+00 -2.3555e+00 -3.8479e+00
94 0 +1.850769651e-01 +4.114350770e+02 +4.114350770e+02 -3.8387e+00 -2.3557e+00 -3.8486e+00
95 0 +1.729497426e-01 +4.114229497e+02 +4.114229497e+02 -3.8352e+00 -2.3577e+00 -3.8490e+00
96 0 +1.462000196e-01 +4.113962000e+02 +4.113962000e+02 -3.8210e+00 -2.3649e+00 -3.8504e+00
97 0 +1.146088012e-01 +4.113646088e+02 +4.113646088e+02 -3.8050e+00 -2.3646e+00 -3.8509e+00
100 0 +5.833519741e-02 +4.113083352e+02 +4.113083352e+02 -3.7744e+00 -2.3739e+00 -3.8511e+00
105 0 +5.713351884e-02 +4.113071335e+02 +4.113071335e+02 -3.7728e+00 -2.3716e+00 -3.8550e+00
106 0 +3.982691180e-02 +4.112898269e+02 +4.112898269e+02 -3.7596e+00 -2.3803e+00 -3.8574e+00
108 0 +3.978171825e-02 +4.112897817e+02 +4.112897817e+02 -3.7590e+00 -2.3790e+00 -3.8583e+00
109 0 +3.772772021e-02 +4.112877277e+02 +4.112877277e+02 -3.7555e+00 -2.3759e+00 -3.8518e+00
110 0 +3.486802787e-02 +4.112848680e+02 +4.112848680e+02 -3.7541e+00 -2.3769e+00 -3.8521e+00
111 0 +2.842633379e-02 +4.112784263e+02 +4.112784263e+02 -3.7505e+00 -2.3787e+00 -3.8523e+00
112 0 +1.577621539e-02 +4.112657762e+02 +4.112657762e+02 -3.7364e+00 -2.3862e+00 -3.8529e+00
113 0 +1.298229130e-02 +4.112629823e+02 +4.112629823e+02 -3.7218e+00 -2.3928e+00 -3.8523e+00
115 0 +8.378108932e-03 +4.112583781e+02 +4.112583781e+02 -3.7205e+00 -2.3900e+00 -3.8549e+00
118 0 +7.579134468e-03 +4.112575791e+02 +4.112575791e+02 -3.7189e+00 -2.3873e+00 -3.8525e+00
120 0 +7.078917405e-03 +4.112570789e+02 +4.112570789e+02 -3.7173e+00 -2.3859e+00 -3.8532e+00
121 0 +5.175875346e-03 +4.112551759e+02 +4.112551759e+02 -3.7137e+00 -2.3870e+00 -3.8520e+00
124 0 +4.665254407e-03 +4.112546653e+02 +4.112546653e+02 -3.7101e+00 -2.3881e+00 -3.8504e+00
127 0 +4.545703321e-03 +4.112545457e+02 +4.112545457e+02 -3.7087e+00 -2.3877e+00 -3.8486e+00
128 0 +4.217941650e-03 +4.112542179e+02 +4.112542179e+02 -3.7072e+00 -2.3880e+00 -3.8472e+00
130 0 +4.154254279e-03 +4.112541543e+02 +4.112541543e+02 -3.7088e+00 -2.3846e+00 -3.8458e+00
131 0 +3.494463371e-03 +4.112534945e+02 +4.112534945e+02 -3.7076e+00 -2.3842e+00 -3.8443e+00
132 0 +3.071980400e-03 +4.112530720e+02 +4.112530720e+02 -3.7067e+00 -2.3789e+00 -3.8384e+00
133 0 +2.532326268e-03 +4.112525323e+02 +4.112525323e+02 -3.7029e+00 -2.3762e+00 -3.8319e+00
136 0 +1.917137288e-03 +4.112519171e+02 +4.112519171e+02 -3.6995e+00 -2.3783e+00 -3.8322e+00
137 0 +1.836776662e-03 +4.112518368e+02 +4.112518368e+02 -3.6979e+00 -2.3814e+00 -3.8303e+00
138 0 +1.361958380e-03 +4.112513620e+02 +4.112513620e+02 -3.6974e+00 -2.3807e+00 -3.8295e+00
140 0 +1.332529188e-03 +4.112513325e+02 +4.112513325e+02 -3.6982e+00 -2.3807e+00 -3.8289e+00
142 0 +1.281778437e-03 +4.112512818e+02 +4.112512818e+02 -3.6981e+00 -2.3811e+00 -3.8286e+00
143 0 +1.229198897e-03 +4.112512292e+02 +4.112512292e+02 -3.6980e+00 -2.3815e+00 -3.8284e+00
147 0 +1.164765936e-03 +4.112511648e+02 +4.112511648e+02 -3.6980e+00 -2.3819e+00 -3.8279e+00
151 0 +1.137278620e-03 +4.112511373e+02 +4.112511373e+02 -3.6984e+00 -2.3820e+00 -3.8275e+00
% f evaluations | g evaluations | best noise-free fitness - Fopt (-4.847400000000e+02) + sum g_i+ | measured fitness | best measured fitness or single-digit g-values | x1 | x2...
1 0 +2.383285789e+01 -4.609071421e+02 -4.609071421e+02 +0.0000e+00 +0.0000e+00 +0.0000e+00
5 0 +1.279563287e+01 -4.719443671e+02 -4.719443671e+02 +0.0000e+00 +0.0000e+00 +1.0000e+00
125 0 +1.257359728e+01 -4.721664027e+02 -4.721664027e+02 +5.1978e-01 +3.8094e-01 +1.5747e+00
% f evaluations | g evaluations | best noise-free fitness - Fopt (1.731500000000e+02) + sum g_i+ | measured fitness | best measured fitness or single-digit g-values | x1 | x2...
1 0 +1.770760923e+05 +1.772492423e+05 +1.772492423e+05 +0.0000e+00 +0.0000e+00 +0.0000e+00
3 0 +1.054848002e+05 +1.056579502e+05 +1.056579502e+05 +1.0000e+00 +0.0000e+00 +0.0000e+00
6 0 +3.693563604e+04 +3.710878604e+04 +3.710878604e+04 +1.9295e+00 -1.8463e-01 +3.1936e-01
7 0 +1.879294828e+04 +1.896609828e+04 +1.896609828e+04 +2.3979e+00 -2.8377e-01 +4.9084e-01
8 0 +1.138682632e+04 +1.155997632e+04 +1.155997632e+04 +2.6581e+00 -3.4617e-01 +5.9877e-01
10 0 +1.091420144e+04 +1.108735144e+04 +1.108735144e+04 +2.7009e+00 -2.8974e-01 +5.2818e-01
11 0 +8.312074903e+03 +8.485224903e+03 +8.485224903e+03 +2.7928e+00 -2.8046e-01 +5.6651e-01
12 0 +3.753900385e+03 +3.927050385e+03 +3.927050385e+03 +3.0807e+00 -2.5633e-01 +6.9499e-01
14 0 +3.691541372e+03 +3.864691372e+03 +3.864691372e+03 +3.1659e+00 -2.7027e-01 +6.4460e-01
15 0 +2.578527223e+03 +2.751677223e+03 +2.751677223e+03 +3.1965e+00 -1.7744e-01 +6.6576e-01
16 0 +1.908700263e+03 +2.081850263e+03 +2.081850263e+03 +3.2290e+00 -8.4638e-02 +6.8395e-01
17 0 +1.246831416e+03 +1.419981416e+03 +1.419981416e+03 +3.2624e+00 +8.1217e-03 +7.0080e-01
18 0 +9.290140423e+02 +1.102164042e+03 +1.102164042e+03 +3.3211e+00 +1.6960e-01 +7.2906e-01
19 0 +7.180218612e+02 +8.911718612e+02 +8.911718612e+02 +3.3653e+00 +1.6291e-01 +7.0285e-01
21 0 +3.988359597e+02 +5.719859597e+02 +5.719859597e+02 +3.4086e+00 +1.5545e-01 +7.2673e-01
22 0 +5.842614653e+01 +2.315761465e+02 +2.315761465e+02 +3.4787e+00 +1.4575e-01 +7.6739e-01
23 0 +1.914860580e+01 +1.922986058e+02 +1.922986058e+02 +3.5131e+00 +1.4365e-01 +7.8959e-01
27 0 +6.740791654e+00 +1.798907917e+02 +1.798907917e+02 +3.5106e+00 +1.5281e-01 +7.8648e-01
28 0 +1.496675004e+00 +1.746466750e+02 +1.746466750e+02 +3.5167e+00 +1.6027e-01 +7.8916e-01
31 0 +1.382749696e+00 +1.745327497e+02 +1.745327497e+02 +3.5176e+00 +1.6064e-01 +7.8922e-01
33 0 +1.133632474e+00 +1.742836325e+02 +1.742836325e+02 +3.5174e+00 +1.6161e-01 +7.8910e-01
34 0 +7.514161327e-01 +1.739014161e+02 +1.739014161e+02 +3.5175e+00 +1.6260e-01 +7.8900e-01
36 0 +6.125699801e-01 +1.737625700e+02 +1.737625700e+02 +3.5187e+00 +1.6818e-01 +7.8849e-01
38 0 +4.456598946e-01 +1.735956599e+02 +1.735956599e+02 +3.5195e+00 +1.6781e-01 +7.8792e-01
39 0 +2.840236617e-01 +1.734340237e+02 +1.734340237e+02 +3.5204e+00 +1.6748e-01 +7.8800e-01
40 0 +1.620731803e-01 +1.733120732e+02 +1.733120732e+02 +3.5241e+00 +1.6640e-01 +7.8924e-01
42 0 +1.475654658e-01 +1.732975655e+02 +1.732975655e+02 +3.5249e+00 +1.6819e-01 +7.8913e-01
92 0 +1.443478211e-01 +1.732943478e+02 +1.732943478e+02 +3.5200e+00 +1.6778e-01 +7.9290e-01
% f evaluations | g evaluations | best noise-free fitness - Fopt (-5.333000000000e+01) + sum g_i+ | measured fitness | best measured fitness or single-digit g-values | x1 | x2...
1 0 +2.073904826e+05 +2.073371526e+05 +2.073371526e+05 +0.0000e+00 +0.0000e+00 +0.0000e+00
3 0 +1.174431735e+05 +1.173898435e+05 +1.173898435e+05 +1.0000e+00 +0.0000e+00 +0.0000e+00
6 0 +4.916175199e+04 +4.910842199e+04 +4.910842199e+04 +1.9389e+00 +3.4374e-01 +1.8825e-02
7 0 +2.387351145e+04 +2.382018145e+04 +2.382018145e+04 +2.4839e+00 +5.8065e-01 +3.1800e-02
8 0 +1.491513171e+04 +1.486180171e+04 +1.486180171e+04 +2.7722e+00 +7.2418e-01 +3.9661e-02
9 0 +1.241934639e+04 +1.236601639e+04 +1.236601639e+04 +2.8511e+00 +6.6213e-01 -6.7566e-02
10 0 +1.133753839e+04 +1.128420839e+04 +1.128420839e+04 +2.9506e+00 +5.7633e-01 +1.1131e-02
11 0 +7.654229369e+03 +7.600899369e+03 +7.600899369e+03 +3.0873e+00 +6.2585e-01 -3.6854e-02
12 0 +3.846378811e+03 +3.793048811e+03 +3.793048811e+03 +3.2732e+00 +7.3746e-01 -1.4338e-01
13 0 +3.660350571e+03 +3.607020571e+03 +3.607020571e+03 +3.3661e+00 +7.4978e-01 -8.4145e-02
14 0 +3.112465555e+03 +3.059135555e+03 +3.059135555e+03 +3.4247e+00 +7.1297e-01 -1.5636e-01
15 0 +2.030965102e+03 +1.977635102e+03 +1.977635102e+03 +3.4590e+00 +7.9057e-01 -2.0928e-01
16 0 +1.597642305e+03 +1.544312305e+03 +1.544312305e+03 +3.5076e+00 +8.5321e-01 -2.7022e-01
17 0 +1.111784864e+03 +1.058454864e+03 +1.058454864e+03 +3.5688e+00 +8.9662e-01 -3.3637e-01
18 0 +1.085029657e+03 +1.031699657e+03 +1.031699657e+03 +3.5963e+00 +9.4326e-01 -3.0676e-01
19 0 +8.000788854e+02 +7.467488854e+02 +7.467488854e+02 +3.5580e+00 +9.9992e-01 -3.5436e-01
20 0 +4.904692311e+02 +4.371392311e+02 +4.371392311e+02 +3.5875e+00 +1.0465e+00 -4.3778e-01
21 0 +3.781377496e+02 +3.248077496e+02 +3.248077496e+02 +3.6404e+00 +1.0679e+00 -5.0465e-01
22 0 +2.043186749e+02 +1.509886749e+02 +1.509886749e+02 +3.6054e+00 +1.1272e+00 -5.4733e-01
23 0 +1.120963092e+02 +5.876630924e+01 +5.876630924e+01 +3.6177e+00 +1.1553e+00 -5.8768e-01
24 0 +9.303228530e+01 +3.970228530e+01 +3.970228530e+01 +3.6275e+00 +1.1618e+00 -6.0174e-01
25 0 +8.996913534e+01 +3.663913534e+01 +3.663913534e+01 +3.6290e+00 +1.1666e+00 -5.9953e-01
26 0 +7.444040903e+01 +2.111040903e+01 +2.111040903e+01 +3.6247e+00 +1.1735e+00 -6.0538e-01
27 0 +6.107401600e+01 +7.744016002e+00 +7.744016002e+00 +3.6221e+00 +1.1833e+00 -6.1373e-01
28 0 +5.483966135e+01 +1.509661350e+00 +1.509661350e+00 +3.6223e+00 +1.1878e+00 -6.1747e-01
29 0 +5.353769102e+01 +2.076910176e-01 +2.076910176e-01 +3.6224e+00 +1.1887e+00 -6.1822e-01
% f evaluations | g evaluations | best noise-free fitness - Fopt (-5.550000000000e+01) + sum g_i+ | measured fitness | best measured fitness or single-digit g-values | x1 | x2...
1 0 +1.581786883e+05 +1.581231883e+05 +1.581231883e+05 +0.0000e+00 +0.0000e+00 +0.0000e+00
3 0 +1.376291444e+05 +1.375736444e+05 +1.375736444e+05 +1.0000e+00 +0.0000e+00 +0.0000e+00
4 0 +1.195421698e+05 +1.194866698e+05 +1.194866698e+05 +0.0000e+00 +1.0000e+00 +0.0000e+00
6 0 +6.576114661e+04 +6.570564661e+04 +6.570564661e+04 +3.2888e-01 +1.6183e+00 -7.1379e-01
7 0 +3.216048272e+04 +3.210498272e+04 +3.210498272e+04 +7.1272e-01 +2.2396e+00 -1.5469e+00
8 0 +1.549326004e+04 +1.543776004e+04 +1.543776004e+04 +9.5093e-01 +2.4589e+00 -2.0639e+00
9 0 +9.797079601e+03 +9.741579601e+03 +9.741579601e+03 +1.0743e+00 +2.5349e+00 -2.3317e+00
10 0 +7.418286453e+03 +7.362786453e+03 +7.362786453e+03 +1.1366e+00 +2.6948e+00 -2.3221e+00
11 0 +6.594115815e+03 +6.538615815e+03 +6.538615815e+03 +1.0438e+00 +2.7866e+00 -2.4109e+00
12 0 +3.913028570e+03 +3.857528570e+03 +3.857528570e+03 +1.1438e+00 +2.8661e+00 -2.5037e+00
13 0 +2.683064206e+03 +2.627564206e+03 +2.627564206e+03 +1.2805e+00 +2.9306e+00 -2.5841e+00
14 0 +1.549934144e+03 +1.494434144e+03 +1.494434144e+03 +1.2697e+00 +3.0848e+00 -2.6302e+00
15 0 +1.063720229e+03 +1.008220229e+03 +1.008220229e+03 +1.2591e+00 +3.0940e+00 -2.7130e+00
16 0 +4.794298552e+02 +4.239298552e+02 +4.239298552e+02 +1.2931e+00 +3.1622e+00 -2.7777e+00
17 0 +3.131972072e+02 +2.576972072e+02 +2.576972072e+02 +1.3171e+00 +3.2025e+00 -2.7963e+00
18 0 +2.322114959e+02 +1.767114959e+02 +1.767114959e+02 +1.3005e+00 +3.2167e+00 -2.8110e+00
19 0 +2.100407850e+02 +1.545407850e+02 +1.545407850e+02 +1.3053e+00 +3.2170e+00 -2.8353e+00
20 0 +1.376211125e+02 +8.212111247e+01 +8.212111247e+01 +1.3020e+00 +3.2408e+00 -2.8412e+00
21 0 +9.919543563e+01 +4.369543563e+01 +4.369543563e+01 +1.3083e+00 +3.2596e+00 -2.8546e+00
22 0 +7.890422065e+01 +2.340422065e+01 +2.340422065e+01 +1.3149e+00 +3.2619e+00 -2.8618e+00
23 0 +7.298066639e+01 +1.748066639e+01 +1.748066639e+01 +1.3257e+00 +3.2564e+00 -2.8671e+00
24 0 +6.507820950e+01 +9.578209495e+00 +9.578209495e+00 +1.3264e+00 +3.2603e+00 -2.8723e+00
25 0 +6.381168503e+01 +8.311685026e+00 +8.311685026e+00 +1.3279e+00 +3.2620e+00 -2.8717e+00
26 0 +6.108483298e+01 +5.584832984e+00 +5.584832984e+00 +1.3288e+00 +3.2634e+00 -2.8736e+00
27 0 +5.598008523e+01 +4.800852347e-01 +4.800852347e-01 +1.3300e+00 +3.2656e+00 -2.8773e+00
73 0 +5.305314333e+01 -2.446856666e+00 -2.446856666e+00 +9.7249e-01 +3.0143e+00 -3.4903e+00
% f evaluations | g evaluations | best noise-free fitness - Fopt (-1.903800000000e+02) + sum g_i+ | measured fitness | best measured fitness or single-digit g-values | x1 | x2...
1 0 +8.799116476e+04 +8.780078476e+04 +8.780078476e+04 +0.0000e+00 +0.0000e+00 +0.0000e+00
6 0 +3.561095073e+04 +3.542057073e+04 +3.542057073e+04 -2.0490e-02 -1.9063e-01 -9.8145e-01
7 0 +1.791040145e+04 +1.772002145e+04 +1.772002145e+04 +2.1949e-02 -2.6256e-01 -1.5850e+00
8 0 +9.715188415e+03 +9.524808415e+03 +9.524808415e+03 +8.8691e-02 -2.6639e-01 -1.9168e+00
9 0 +6.847344679e+03 +6.656964679e+03 +6.656964679e+03 +3.9673e-04 -4.0487e-01 -2.0466e+00
10 0 +5.784648436e+03 +5.594268436e+03 +5.594268436e+03 -7.5761e-02 -3.3507e-01 -2.1252e+00
11 0 +2.218395318e+03 +2.028015318e+03 +2.028015318e+03 -1.0780e-02 -3.6649e-01 -2.3418e+00
12 0 +1.162880204e+03 +9.725002039e+02 +9.725002039e+02 -2.0777e-02 -3.9910e-01 -2.4566e+00
13 0 +7.491056952e+02 +5.587256952e+02 +5.587256952e+02 -3.9244e-02 -4.2019e-01 -2.5138e+00
14 0 +5.271219724e+02 +3.367419724e+02 +3.367419724e+02 -5.4739e-02 -4.3379e-01 -2.5457e+00
15 0 +4.333049431e+02 +2.429249431e+02 +2.429249431e+02 -4.6578e-02 -4.2542e-01 -2.5608e+00
16 0 +4.203126495e+02 +2.299326495e+02 +2.299326495e+02 -4.0553e-02 -4.3200e-01 -2.5634e+00
17 0 +3.989600320e+02 +2.085800320e+02 +2.085800320e+02 -4.1642e-02 -4.3204e-01 -2.5733e+00
18 0 +3.902884577e+02 +1.999084577e+02 +1.999084577e+02 -3.4357e-02 -4.2712e-01 -2.5781e+00
19 0 +3.433274437e+02 +1.529474437e+02 +1.529474437e+02 -3.3005e-02 -4.3061e-01 -2.5874e+00
20 0 +2.153245899e+02 +2.494458986e+01 +2.494458986e+01 -6.5571e-03 -4.1795e-01 -2.6146e+00
21 0 +2.103373658e+02 +1.995736579e+01 +1.995736579e+01 -2.2532e-03 -4.1625e-01 -2.6207e+00
22 0 +1.902602035e+02 -1.197965126e-01 -1.197965126e-01 +2.0151e-04 -4.1581e-01 -2.6267e+00
24 0 +1.846565501e+02 -5.723449925e+00 -5.723449925e+00 +7.7525e-05 -4.1776e-01 -2.6275e+00
61 0 +1.403331346e+02 -5.004686544e+01 -5.004686544e+01 -2.3282e-01 -1.7535e+00 -2.4700e+00
149 0 +1.150431494e+02 -7.533685056e+01 -7.533685056e+01 -1.0662e+00 -2.6920e+00 -3.2017e+00
150 0 +1.107707514e+02 -7.960924856e+01 -7.960924856e+01 -6.6189e-02 -2.6920e+00 -3.2017e+00
151 0 +7.659350615e+01 -1.137864938e+02 -1.137864938e+02 -1.0662e+00 -1.6920e+00 -3.2017e+00
