% f evaluations | g evaluations | best noise-free fitness - Fopt (-1.025500000000e+02) + sum g_i+ | measured fitness | best measured fitness or single-digit g-values | x1 | x2...
1 0 +2.503737427e-01 -1.022996263e+02 -1.022996263e+02 +0.0000e+00 +0.0000e+00 +0.0000e+00 +0.0000e+00 +0.0000e+00
% f evaluations | g evaluations | best noise-free fitness - Fopt (7.169000000000e+01) + sum g_i+ | measured fitness | best measured fitness or single-digit g-values | x1 | x2...
1 0 +2.503737427e-01 +7.194037374e+01 +7.194037374e+01 +0.0000e+00 +0.0000e+00 +0.0000e+00 +0.0000e+00 +0.0000e+00
18 0 +1.944904591e-01 +7.188449046e+01 +7.188449046e+01 +1.8456e-03 +1.6837e-04 -1.1098e-03 +1.1283e-03 -5.5738e-04
22 0 +1.768650492e-01 +7.186686505e+01 +7.186686505e+01 +1.7916e-03 +5.7318e-04 -1.2170e-03 +1.2252e-03 -8.0706e-04
23 0 +1.701022652e-01 +7.186010227e+01 +7.186010227e+01 +1.7834e-03 +9.0368e-04 -1.4496e-03 +1.4111e-03 -5.7894e-04
24 0 +1.562094305e-01 +7.184620943e+01 +7.184620943e+01 +1.9327e-03 +1.2478e-03 -1.5777e-03 +1.4764e-03 -8.7655e-04
25 0 +1.256114947e-01 +7.181561149e+01 +7.181561149e+01 +2.7151e-03 +2.7316e-03 -2.4880e-03 +2.0101e-03 -1.1463e-03
28 0 +1.076356370e-01 +7.179763564e+01 +7.179763564e+01 +3.1496e-03 +2.3942e-03 -2.9798e-03 +2.0083e-03 -1.8213e-03
30 0 +1.059631399e-01 +7.179596314e+01 +7.179596314e+01 +3.3113e-03 +2.5383e-03 -2.9601e-03 +2.1167e-03 -1.8039e-03
31 0 +1.042550222e-01 +7.179425502e+01 +7.179425502e+01 +3.5998e-03 +2.2959e-03 -2.8088e-03 +2.2757e-03 -2.0485e-03
32 0 +9.242333752e-02 +7.178242334e+01 +7.178242334e+01 +3.5210e-03 +2.5436e-03 -2.8569e-03 +2.3051e-03 -2.4719e-03
33 0 +8.663504859e-02 +7.177663505e+01 +7.177663505e+01 +3.7101e-03 +2.7440e-03 -2.8932e-03 +2.0007e-03 -2.7549e-03
34 0 +7.771230866e-02 +7.176771231e+01 +7.176771231e+01 +3.6453e-03 +3.0140e-03 -2.8706e-03 +2.1155e-03 -3.1538e-03
35 0 +6.630493717e-02 +7.175630494e+01 +7.175630494e+01 +3.9945e-03 +4.1722e-03 -2.7604e-03 +1.8036e-03 -4.7118e-03
36 0 +5.188660605e-02 +7.174188661e+01 +7.174188661e+01 +4.2273e-03 +3.4118e-03 -2.3031e-03 +3.2172e-03 -5.7889e-03
39 0 +4.151260660e-02 +7.173151261e+01 +7.173151261e+01 +4.0935e-03 +4.0064e-03 -2.5906e-03 +3.9536e-03 -5.7275e-03
40 0 +3.352195161e-02 +7.172352195e+01 +7.172352195e+01 +4.9334e-03 +4.2542e-03 -2.7757e-03 +4.3991e-03 -5.7501e-03
43 0 +3.163248504e-02 +7.172163249e+01 +7.172163249e+01 +5.1688e-03 +4.9326e-03 -3.3775e-03 +4.9869e-03 -5.9504e-03
45 0 +2.801001604e-02 +7.171801002e+01 +7.171801002e+01 +5.3135e-03 +5.0202e-03 -3.3294e-03 +4.8663e-03 -6.0809e-03
46 0 +2.600711260e-02 +7.171600711e+01 +7.171600711e+01 +5.2963e-03 +5.1450e-03 -3.3237e-03 +4.7220e-03 -6.2415e-03
47 0 +2.357599614e-02 +7.171357600e+01 +7.171357600e+01 +5.4962e-03 +5.2132e-03 -3.2868e-03 +4.6250e-03 -6.3259e-03
48 0 +2.207138228e-02 +7.171207138e+01 +7.171207138e+01 +5.6323e-03 +5.2855e-03 -3.3783e-03 +4.4730e-03 -6.4111e-03
49 0 +2.154335109e-02 +7.171154335e+01 +7.171154335e+01 +5.7256e-03 +5.4745e-03 -3.2621e-03 +4.4154e-03 -6.4460e-03
50 0 +2.032391216e-02 +7.171032391e+01 +7.171032391e+01 +5.8018e-03 +5.4206e-03 -3.2326e-03 +4.4528e-03 -6.6730e-03
52 0 +1.994958448e-02 +7.170994958e+01 +7.170994958e+01 +5.8962e-03 +5.4091e-03 -3.2480e-03 +4.4793e-03 -6.6684e-03
54 0 +1.918040536e-02 +7.170918041e+01 +7.170918041e+01 +5.9919e-03 +5.4608e-03 -3.2897e-03 +4.5433e-03 -6.7901e-03
56 0 +1.879891153e-02 +7.170879891e+01 +7.170879891e+01 +6.0749e-03 +5.4615e-03 -3.3757e-03 +4.6052e-03 -6.8407e-03
57 0 +1.853970072e-02 +7.170853970e+01 +7.170853970e+01 +6.1503e-03 +5.4682e-03 -3.3589e-03 +4.5761e-03 -6.8968e-03
58 0 +1.816990087e-02 +7.170816990e+01 +7.170816990e+01 +6.1728e-03 +5.5342e-03 -3.3749e-03 +4.5917e-03 -6.9649e-03
59 0 +1.701098889e-02 +7.170701099e+01 +7.170701099e+01 +6.3924e-03 +5.7701e-03 -3.3870e-03 +4.7186e-03 -7.1644e-03
61 0 +1.641172816e-02 +7.170641173e+01 +7.170641173e+01 +6.4075e-03 +5.9086e-03 -4.0334e-03 +4.4182e-03 -7.4999e-03
63 0 +1.593812712e-02 +7.170593813e+01 +7.170593813e+01 +6.7846e-03 +5.9715e-03 -4.1395e-03 +4.5837e-03 -7.5883e-03
71 0 +1.584440249e-02 +7.170584440e+01 +7.170584440e+01 +6.7374e-03 +6.1018e-03 -4.1552e-03 +4.6431e-03 -7.6001e-03
% f evaluations | g evaluations | best noise-free fitness - Fopt (2.140100000000e+02) + sum g_i+ | measured fitness | best measured fitness or single-digit g-values | x1 | x2...
1 0 +2.503737427e-01 +2.142603737e+02 +2.142603737e+02 +0.0000e+00 +0.0000e+00 +0.0000e+00 +0.0000e+00 +0.0000e+00
15 0 +1.844420556e-01 +2.141944421e+02 +2.141944421e+02 +9.9275e-03 -6.2791e-04 -6.6014e-04 -5.8928e-04 -5.1708e-04
19 0 +9.630086791e-02 +2.141063009e+02 +2.141063009e+02 +1.0142e-02 -3.3219e-04 -1.4497e-03 +1.3462e-04 +1.7121e-03
20 0 +4.394742385e-02 +2.140539474e+02 +2.140539474e+02 +1.0319e-02 -4.0272e-04 -2.0238e-03 +2.5268e-03 +1.3100e-03
21 0 +2.439128858e-02 +2.140343913e+02 +2.140343913e+02 +1.0333e-02 -1.9983e-03 -3.8317e-03 +2.7693e-03 +1.9238e-03
22 0 +1.998487235e-02 +2.140299849e+02 +2.140299849e+02 +1.1326e-02 -2.0617e-03 -3.7951e-03 +2.6944e-03 +1.8739e-03
24 0 +1.788629102e-02 +2.140278863e+02 +2.140278863e+02 +1.1411e-02 -1.7310e-03 -4.1188e-03 +2.8183e-03 +1.9896e-03
26 0 +1.692659512e-02 +2.140269266e+02 +2.140269266e+02 +1.1449e-02 -1.7399e-03 -4.2839e-03 +2.6591e-03 +1.8983e-03
29 0 +1.655753023e-02 +2.140265575e+02 +2.140265575e+02 +1.1578e-02 -1.7541e-03 -4.3374e-03 +2.6297e-03 +1.9644e-03
33 0 +1.613216170e-02 +2.140261322e+02 +2.140261322e+02 +1.1765e-02 -1.9005e-03 -4.4733e-03 +2.5730e-03 +1.9986e-03
46 0 +1.580314105e-02 +2.140258031e+02 +2.140258031e+02 +1.2037e-02 -2.0072e-03 -4.5286e-03 +2.6647e-03 +1.9677e-03
% f evaluations | g evaluations | best noise-free fitness - Fopt (-5.848000000000e+01) + sum g_i+ | measured fitness | best measured fitness or single-digit g-values | x1 | x2...
1 0 +2.503737427e-01 -5.822962626e+01 -5.822962626e+01 +0.0000e+00 +0.0000e+00 +0.0000e+00 +0.0000e+00 +0.0000e+00
% f evaluations | g evaluations | best noise-free fitness - Fopt (-6.130800000000e+02) + sum g_i+ | measured fitness | best measured fitness or single-digit g-values | x1 | x2...
1 0 +2.503737427e-01 -6.128296263e+02 -6.128296263e+02 +0.0000e+00 +0.0000e+00 +0.0000e+00 +0.0000e+00 +0.0000e+00
% f evaluations | g evaluations | best noise-free fitness - Fopt (1.814100000000e+02) + sum g_i+ | measured fitness | best measured fitness or single-digit g-values | x1 | x2...
1 0 +2.503737427e-01 +1.816603737e+02 +1.816603737e+02 +0.0000e+00 +0.0000e+00 +0.0000e+00 +0.0000e+00 +0.0000e+00
21 0 +2.415590968e-01 +1.816515591e+02 +1.816515591e+02 +7.8588e-04 -1.9011e-05 -2.7417e-04 +4.1770e-04 -3.6386e-04
22 0 +2.357225783e-01 +1.816457226e+02 +1.816457226e+02 +4.8285e-04 -2.3922e-05 -1.0823e-03 +1.5859e-04 -7.9739e-04
23 0 +2.059560060e-01 +1.816159560e+02 +1.816159560e+02 +9.0911e-04 +2.5782e-04 -1.6258e-03 -8.0366e-05 -1.7574e-04
24 0 +1.734203756e-01 +1.815834204e+02 +1.815834204e+02 +1.2576e-03 +1.0960e-03 -1.9625e-03 -2.6916e-04 -1.1605e-05
25 0 +9.553530596e-02 +1.815055353e+02 +1.815055353e+02 +3.3617e-03 +3.5907e-03 -3.9332e-03 -9.3708e-04 +9.9808e-04
27 0 +7.397232648e-02 +1.814839723e+02 +1.814839723e+02 +3.0254e-03 +4.7472e-03 -4.5598e-03 -1.1175e-03 -4.5941e-04
32 0 +6.959858607e-02 +1.814795986e+02 +1.814795986e+02 +3.1054e-03 +4.7142e-03 -4.7848e-03 -1.1273e-03 -5.2487e-04
33 0 +6.579216042e-02 +1.814757922e+02 +1.814757922e+02 +3.2190e-03 +4.5846e-03 -4.9183e-03 -1.1226e-03 -4.0250e-04
34 0 +6.295868716e-02 +1.814729587e+02 +1.814729587e+02 +3.1907e-03 +4.6432e-03 -5.1275e-03 -1.1581e-03 -2.8738e-04
35 0 +5.959660548e-02 +1.814695966e+02 +1.814695966e+02 +3.3608e-03 +4.6682e-03 -5.2896e-03 -1.0798e-03 -2.6441e-04
36 0 +5.730986496e-02 +1.814673099e+02 +1.814673099e+02 +3.4197e-03 +4.5611e-03 -5.5071e-03 -1.0635e-03 -2.6470e-04
39 0 +5.493350470e-02 +1.814649335e+02 +1.814649335e+02 +3.5165e-03 +4.6239e-03 -5.5986e-03 -1.1517e-03 -2.7858e-04
41 0 +5.248695393e-02 +1.814624870e+02 +1.814624870e+02 +3.6386e-03 +4.6469e-03 -5.7078e-03 -1.2020e-03 -3.5536e-04
42 0 +4.809604971e-02 +1.814580960e+02 +1.814580960e+02 +3.7448e-03 +4.7319e-03 -6.0137e-03 -1.4064e-03 -4.3355e-04
43 0 +3.867236044e-02 +1.814486724e+02 +1.814486724e+02 +4.9553e-03 +4.5200e-03 -6.7010e-03 -1.8180e-03 -1.0723e-03
46 0 +3.458289917e-02 +1.814445829e+02 +1.814445829e+02 +5.1818e-03 +5.2511e-03 -6.7341e-03 -1.6816e-03 -1.2579e-03
49 0 +2.966083898e-02 +1.814396608e+02 +1.814396608e+02 +5.3491e-03 +5.3283e-03 -6.9731e-03 -1.5954e-03 -1.0099e-03
50 0 +2.942374796e-02 +1.814394237e+02 +1.814394237e+02 +5.1659e-03 +5.4896e-03 -6.9405e-03 -1.4387e-03 -7.3641e-04
52 0 +2.788170013e-02 +1.814378817e+02 +1.814378817e+02 +5.2744e-03 +5.5412e-03 -7.0874e-03 -1.4080e-03 -6.8132e-04
54 0 +2.747503137e-02 +1.814374750e+02 +1.814374750e+02 +5.2558e-03 +5.5934e-03 -7.1525e-03 -1.4599e-03 -6.8227e-04
55 0 +2.679179126e-02 +1.814367918e+02 +1.814367918e+02 +5.3046e-03 +5.6554e-03 -7.2079e-03 -1.4333e-03 -6.8504e-04
56 0 +2.469065023e-02 +1.814346907e+02 +1.814346907e+02 +5.5421e-03 +5.8650e-03 -7.3727e-03 -1.2533e-03 -6.9610e-04
57 0 +2.260311942e-02 +1.814326031e+02 +1.814326031e+02 +5.5999e-03 +6.1009e-03 -7.6855e-03 -1.3085e-03 -6.8432e-04
60 0 +2.168309444e-02 +1.814316831e+02 +1.814316831e+02 +5.7490e-03 +6.1839e-03 -7.7381e-03 -1.3835e-03 -7.3396e-04
61 0 +2.097827953e-02 +1.814309783e+02 +1.814309783e+02 +5.8570e-03 +6.1053e-03 -7.8730e-03 -1.3829e-03 -6.7066e-04
62 0 +2.059372118e-02 +1.814305937e+02 +1.814305937e+02 +5.8658e-03 +6.1066e-03 -7.9911e-03 -1.5432e-03 -6.8668e-04
63 0 +2.000337868e-02 +1.814300034e+02 +1.814300034e+02 +6.0491e-03 +6.0824e-03 -8.0395e-03 -1.5785e-03 -7.3400e-04
64 0 +1.987770603e-02 +1.814298777e+02 +1.814298777e+02 +6.1570e-03 +6.1866e-03 -8.0939e-03 -1.6054e-03 -6.1639e-04
67 0 +1.934492736e-02 +1.814293449e+02 +1.814293449e+02 +6.1735e-03 +6.2267e-03 -8.1471e-03 -1.5864e-03 -6.7513e-04
68 0 +1.859044954e-02 +1.814285904e+02 +1.814285904e+02 +6.2605e-03 +6.2984e-03 -8.1661e-03 -1.4523e-03 -7.6968e-04
69 0 +1.810578715e-02 +1.814281058e+02 +1.814281058e+02 +6.2601e-03 +6.4121e-03 -8.2829e-03 -1.4181e-03 -8.8035e-04
75 0 +1.769572695e-02 +1.814276957e+02 +1.814276957e+02 +6.3502e-03 +6.4471e-03 -8.3646e-03 -1.4102e-03 -8.5066e-04
76 0 +1.721399101e-02 +1.814272140e+02 +1.814272140e+02 +6.4724e-03 +6.5721e-03 -8.4470e-03 -1.4558e-03 -8.7460e-04
77 0 +1.684170443e-02 +1.814268417e+02 +1.814268417e+02 +6.6004e-03 +6.5539e-03 -8.5802e-03 -1.5198e-03 -8.3614e-04
80 0 +1.648811574e-02 +1.814264881e+02 +1.814264881e+02 +6.8155e-03 +6.5682e-03 -8.5761e-03 -1.4379e-03 -8.8746e-04
85 0 +1.621029514e-02 +1.814262103e+02 +1.814262103e+02 +6.9330e-03 +6.5712e-03 -8.7223e-03 -1.4272e-03 -9.4852e-04
100 0 +1.584056595e-02 +1.814258406e+02 +1.814258406e+02 +7.0987e-03 +6.7651e-03 -8.8838e-03 -1.4462e-03 -9.6629e-04
% f evaluations | g evaluations | best noise-free fitness - Fopt (-8.350000000000e+00) + sum g_i+ | measured fitness | best measured fitness or single-digit g-values | x1 | x2...
1 0 +2.503737427e-01 -8.099626257e+00 -8.099626257e+00 +0.0000e+00 +0.0000e+00 +0.0000e+00 +0.0000e+00 +0.0000e+00
% f evaluations | g evaluations | best noise-free fitness - Fopt (-2.563800000000e+02) + sum g_i+ | measured fitness | best measured fitness or single-digit g-values | x1 | x2...
1 0 +2.503737427e-01 -2.561296263e+02 -2.561296263e+02 +0.0000e+00 +0.0000e+00 +0.0000e+00 +0.0000e+00 +0.0000e+00
% f evaluations | g evaluations | best noise-free fitness - Fopt (-1.451600000000e+02) + sum g_i+ | measured fitness | best measured fitness or single-digit g-values | x1 | x2...
1 0 +2.503737427e-01 -1.449096263e+02 -1.449096263e+02 +0.0000e+00 +0.0000e+00 +0.0000e+00 +0.0000e+00 +0.0000e+00
% f evaluations | g evaluations | best noise-free fitness - Fopt (-2.915700000000e+02) + sum g_i+ | measured fitness | best measured fitness or single-digit g-values | x1 | x2...
1 0 +2.503737427e-01 -2.913196263e+02 -2.913196263e+02 +0.0000e+00 +0.0000e+00 +0.0000e+00 +0.0000e+00 +0.0000e+00
% f evaluations | g evaluations | best noise-free fitness - Fopt (1.396300000000e+02) + sum g_i+ | measured fitness | best measured fitness or single-digit g-values | x1 | x2...
1 0 +2.503737427e-01 +1.398803737e+02 +1.398803737e+02 +0.0000e+00 +0.0000e+00 +0.0000e+00 +0.0000e+00 +0.0000e+00
20 0 +2.346745679e-01 +1.398646746e+02 +1.398646746e+02 -3.3060e-04 -2.4899e-04 -2.0249e-04 -4.6265e-04 +7.5741e-04
21 0 +2.082981922e-01 +1.398382982e+02 +1.398382982e+02 +5.5010e-04 -4.8153e-04 -4.0411e-04 -5.9134e-04 +1.0937e-03
23 0 +1.889601925e-01 +1.398189602e+02 +1.398189602e+02 +8.4938e-04 -1.7557e-03 -2.5740e-05 -1.0471e-03 +1.0402e-03
25 0 +1.746097366e-01 +1.398046097e+02 +1.398046097e+02 +9.6946e-04 -2.0013e-03 -9.8938e-05 -7.7721e-04 +1.3517e-03
26 0 +1.704240397e-01 +1.398004240e+02 +1.398004240e+02 +1.3099e-03 -2.1567e-03 -1.3875e-05 -4.6108e-04 +1.2987e-03
27 0 +1.626374977e-01 +1.397926375e+02 +1.397926375e+02 +1.2031e-03 -2.4654e-03 +5.3057e-05 -2.6909e-04 +1.6180e-03
28 0 +1.555817610e-01 +1.397855818e+02 +1.397855818e+02 +1.2381e-03 -2.7289e-03 -3.6633e-04 -2.1141e-04 +1.6306e-03
29 0 +1.475506669e-01 +1.397775507e+02 +1.397775507e+02 +1.2999e-03 -2.5843e-03 -5.9353e-04 +5.5820e-05 +1.9503e-03
30 0 +1.444897336e-01 +1.397744897e+02 +1.397744897e+02 +1.2304e-03 -2.7494e-03 -8.1036e-04 +4.2977e-04 +2.1265e-03
31 0 +1.313871036e-01 +1.397613871e+02 +1.397613871e+02 +1.5147e-03 -2.8897e-03 -9.0690e-04 +2.9737e-04 +2.4766e-03
32 0 +1.256942796e-01 +1.397556943e+02 +1.397556943e+02 +1.9850e-03 -2.8997e-03 -1.0512e-03 +3.7102e-04 +2.5269e-03
33 0 +1.159132790e-01 +1.397459133e+02 +1.397459133e+02 +2.0901e-03 -2.9273e-03 -1.3123e-03 +1.8613e-04 +2.8955e-03
34 0 +1.070017360e-01 +1.397370017e+02 +1.397370017e+02 +2.2635e-03 -2.9602e-03 -1.1748e-03 +1.9534e-04 +3.3425e-03
35 0 +9.831430745e-02 +1.397283143e+02 +1.397283143e+02 +2.4308e-03 -3.3356e-03 -1.2202e-03 +5.0786e-05 +3.5837e-03
36 0 +8.873491015e-02 +1.397187349e+02 +1.397187349e+02 +2.5966e-03 -3.4898e-03 -1.3863e-03 +6.3467e-05 +3.9972e-03
37 0 +5.998400316e-02 +1.396899840e+02 +1.396899840e+02 +3.1939e-03 -3.7649e-03 -2.1401e-03 +3.0982e-04 +5.7115e-03
40 0 +5.407494562e-02 +1.396840749e+02 +1.396840749e+02 +3.0608e-03 -4.4589e-03 -1.8608e-03 +7.9935e-04 +6.1393e-03
41 0 +4.890972754e-02 +1.396789097e+02 +1.396789097e+02 +2.9797e-03 -4.9997e-03 -2.6954e-03 +8.0384e-04 +6.0726e-03
44 0 +4.301121257e-02 +1.396730112e+02 +1.396730112e+02 +3.1021e-03 -5.3317e-03 -2.6521e-03 +4.8985e-04 +6.2285e-03
45 0 +4.148946492e-02 +1.396714895e+02 +1.396714895e+02 +3.5685e-03 -5.4585e-03 -2.6668e-03 +6.0422e-04 +6.1732e-03
47 0 +3.874426005e-02 +1.396687443e+02 +1.396687443e+02 +3.6448e-03 -5.4884e-03 -2.7501e-03 +5.1634e-04 +6.3760e-03
48 0 +3.647846128e-02 +1.396664785e+02 +1.396664785e+02 +3.6974e-03 -5.6526e-03 -2.7765e-03 +4.4061e-04 +6.5383e-03
49 0 +3.426715698e-02 +1.396642672e+02 +1.396642672e+02 +3.7498e-03 -5.7159e-03 -2.9520e-03 +4.5697e-04 +6.6954e-03
50 0 +3.219953279e-02 +1.396621995e+02 +1.396621995e+02 +3.8471e-03 -5.7423e-03 -2.9909e-03 +4.2276e-04 +6.9182e-03
51 0 +2.619263284e-02 +1.396561926e+02 +1.396561926e+02 +4.0051e-03 -6.5063e-03 -3.2428e-03 +2.8720e-04 +7.4744e-03
52 0 +2.482260589e-02 +1.396548226e+02 +1.396548226e+02 +4.4089e-03 -6.4381e-03 -2.8790e-03 +2.9043e-05 +8.2702e-03
55 0 +2.297874167e-02 +1.396529787e+02 +1.396529787e+02 +4.4493e-03 -6.3606e-03 -3.0021e-03 +1.5320e-04 +8.3396e-03
56 0 +2.117118719e-02 +1.396511712e+02 +1.396511712e+02 +4.3935e-03 -6.4240e-03 -3.0263e-03 +3.4507e-04 +8.4737e-03
57 0 +2.074460523e-02 +1.396507446e+02 +1.396507446e+02 +4.3331e-03 -6.2463e-03 -2.9795e-03 +4.8875e-04 +8.5405e-03
58 0 +1.971637570e-02 +1.396497164e+02 +1.396497164e+02 +4.2501e-03 -6.2441e-03 -3.1603e-03 +4.8677e-04 +8.6918e-03
59 0 +1.926638530e-02 +1.396492664e+02 +1.396492664e+02 +4.3694e-03 -6.2823e-03 -3.2745e-03 +6.4874e-04 +8.7785e-03
62 0 +1.890021947e-02 +1.396489002e+02 +1.396489002e+02 +4.2675e-03 -6.3673e-03 -3.2462e-03 +7.0476e-04 +8.9930e-03
66 0 +1.823995539e-02 +1.396482400e+02 +1.396482400e+02 +4.3237e-03 -6.4128e-03 -3.2781e-03 +6.2711e-04 +9.0592e-03
67 0 +1.731371477e-02 +1.396473137e+02 +1.396473137e+02 +4.6141e-03 -6.5970e-03 -3.3019e-03 +5.3211e-04 +9.2385e-03
70 0 +1.686484783e-02 +1.396468648e+02 +1.396468648e+02 +4.5876e-03 -6.6283e-03 -3.4864e-03 +5.9396e-04 +9.3205e-03
76 0 +1.640214073e-02 +1.396464021e+02 +1.396464021e+02 +4.6771e-03 -6.7061e-03 -3.6433e-03 +5.5426e-04 +9.5627e-03
77 0 +1.609233883e-02 +1.396460923e+02 +1.396460923e+02 +4.6242e-03 -6.7963e-03 -3.5520e-03 +5.2736e-04 +9.7041e-03
84 0 +1.583875453e-02 +1.396458388e+02 +1.396458388e+02 +4.6884e-03 -6.8229e-03 -3.5727e-03 +5.8794e-04 +9.9513e-03
% f evaluations | g evaluations | best noise-free fitness - Fopt (6.596000000000e+02) + sum g_i+ | measured fitness | best measured fitness or single-digit g-values | x1 | x2...
1 0 +2.503737427e-01 +6.598503737e+02 +6.598503737e+02 +0.0000e+00 +0.0000e+00 +0.0000e+00 +0.0000e+00 +0.0000e+00
17 0 +2.496883381e-01 +6.598496883e+02 +6.598496883e+02 -1.5978e-03 -1.1303e-03 +4.4750e-03 -1.6955e-04 +1.0559e-03
21 0 +1.993917366e-01 +6.597993917e+02 +6.597993917e+02 -1.6390e-03 +7.8039e-06 +4.5758e-03 -7.5622e-04 +1.6951e-03
22 0 +1.499620404e-01 +6.597499620e+02 +6.597499620e+02 -1.3007e-03 +7.5289e-06 +4.6510e-03 -1.6929e-03 +1.7449e-03
23 0 +1.140008730e-01 +6.597140009e+02 +6.597140009e+02 -8.8686e-04 +4.4066e-04 +4.9085e-03 -2.4431e-03 +1.6346e-03
24 0 +1.026158781e-01 +6.597026159e+02 +6.597026159e+02 -3.6763e-04 +4.0562e-04 +4.9022e-03 -2.9226e-03 +2.3411e-03
25 0 +8.585102781e-02 +6.596858510e+02 +6.596858510e+02 -8.4879e-04 +5.2926e-04 +4.7353e-03 -3.7741e-03 +2.3240e-03
26 0 +8.064735659e-02 +6.596806474e+02 +6.596806474e+02 -5.2564e-04 +1.1258e-05 +5.0655e-03 -4.3461e-03 +1.8869e-03
27 0 +6.741568597e-02 +6.596674157e+02 +6.596674157e+02 -3.7575e-04 +7.3840e-04 +5.4576e-03 -4.8878e-03 +1.8468e-03
29 0 +6.101753902e-02 +6.596610175e+02 +6.596610175e+02 -5.7856e-04 +7.3301e-04 +5.7473e-03 -5.1548e-03 +2.0783e-03
30 0 +5.482340448e-02 +6.596548234e+02 +6.596548234e+02 -9.0681e-04 +8.2887e-04 +5.9487e-03 -5.1553e-03 +1.7742e-03
31 0 +5.205824478e-02 +6.596520582e+02 +6.596520582e+02 -8.7583e-04 +9.2253e-04 +6.4321e-03 -5.0772e-03 +1.7502e-03
32 0 +4.541883142e-02 +6.596454188e+02 +6.596454188e+02 -1.1163e-03 +1.0919e-03 +6.6167e-03 -5.4217e-03 +1.6468e-03
33 0 +2.906570898e-02 +6.596290657e+02 +6.596290657e+02 -1.3700e-03 +1.7831e-03 +8.1092e-03 -6.5274e-03 +1.7340e-03
38 0 +2.613548092e-02 +6.596261355e+02 +6.596261355e+02 -1.2316e-03 +1.8581e-03 +8.0884e-03 -6.9577e-03 +1.9330e-03
42 0 +2.389449795e-02 +6.596238945e+02 +6.596238945e+02 -1.3147e-03 +1.9358e-03 +8.2934e-03 -7.2176e-03 +1.8539e-03
44 0 +2.313540239e-02 +6.596231354e+02 +6.596231354e+02 -1.4058e-03 +1.9335e-03 +8.3309e-03 -7.2346e-03 +1.8547e-03
45 0 +2.256400226e-02 +6.596225640e+02 +6.596225640e+02 -1.4751e-03 +1.9803e-03 +8.3737e-03 -7.2644e-03 +1.8717e-03
46 0 +2.197469674e-02 +6.596219747e+02 +6.596219747e+02 -1.5316e-03 +1.9678e-03 +8.3339e-03 -7.3356e-03 +1.8674e-03
47 0 +2.138981005e-02 +6.596213898e+02 +6.596213898e+02 -1.5942e-03 +1.9320e-03 +8.3731e-03 -7.3918e-03 +1.8774e-03
48 0 +2.106958986e-02 +6.596210696e+02 +6.596210696e+02 -1.6927e-03 +1.9273e-03 +8.3660e-03 -7.4068e-03 +1.8781e-03
49 0 +2.059987185e-02 +6.596205999e+02 +6.596205999e+02 -1.7174e-03 +1.9466e-03 +8.3778e-03 -7.4917e-03 +1.9189e-03
50 0 +2.033040654e-02 +6.596203304e+02 +6.596203304e+02 -1.7341e-03 +1.9675e-03 +8.4063e-03 -7.5500e-03 +1.8477e-03
52 0 +1.960252067e-02 +6.596196025e+02 +6.596196025e+02 -1.8090e-03 +1.9173e-03 +8.4766e-03 -7.6728e-03 +1.8732e-03
53 0 +1.926189017e-02 +6.596192619e+02 +6.596192619e+02 -1.8638e-03 +1.9433e-03 +8.5033e-03 -7.7455e-03 +1.8909e-03
54 0 +1.893659752e-02 +6.596189366e+02 +6.596189366e+02 -1.8217e-03 +1.9428e-03 +8.5576e-03 -7.8159e-03 +1.9093e-03
55 0 +1.856394184e-02 +6.596185639e+02 +6.596185639e+02 -1.8491e-03 +1.9212e-03 +8.6270e-03 -7.8788e-03 +1.9072e-03
56 0 +1.758214355e-02 +6.596175821e+02 +6.596175821e+02 -1.9461e-03 +1.9726e-03 +8.7681e-03 -8.2339e-03 +1.9512e-03
57 0 +1.718010304e-02 +6.596171801e+02 +6.596171801e+02 -2.1385e-03 +1.7775e-03 +9.0457e-03 -8.2599e-03 +1.8662e-03
60 0 +1.674156446e-02 +6.596167416e+02 +6.596167416e+02 -2.0550e-03 +1.8961e-03 +9.2249e-03 -8.3000e-03 +1.8297e-03
61 0 +1.650437090e-02 +6.596165044e+02 +6.596165044e+02 -2.0396e-03 +1.9014e-03 +9.2633e-03 -8.3794e-03 +1.7855e-03
64 0 +1.607188295e-02 +6.596160719e+02 +6.596160719e+02 -2.0909e-03 +1.9717e-03 +9.3581e-03 -8.6579e-03 +1.6627e-03
66 0 +1.583587450e-02 +6.596158359e+02 +6.596158359e+02 -2.0547e-03 +1.9785e-03 +9.5071e-03 -8.7698e-03 +1.8284e-03
% f evaluations | g evaluations | best noise-free fitness - Fopt (1.737100000000e+02) + sum g_i+ | measured fitness | best measured fitness or single-digit g-values | x1 | x2...
1 0 +2.503737427e-01 +1.739603737e+02 +1.739603737e+02 +0.0000e+00 +0.0000e+00 +0.0000e+00 +0.0000e+00 +0.0000e+00
22 0 +2.425806157e-01 +1.739525806e+02 +1.739525806e+02 -7.3583e-05 -1.9641e-04 -4.8278e-05 -1.2714e-04 -3.4730e-06
23 0 +2.352536008e-01 +1.739452536e+02 +1.739452536e+02 -2.5975e-04 -2.1014e-04 -1.2309e-04 -2.6830e-04 -4.9660e-05
24 0 +2.299564014e-01 +1.739399564e+02 +1.739399564e+02 -3.2998e-04 -2.8488e-04 -5.2903e-05 -4.7990e-04 -9.7418e-05
25 0 +2.218271754e-01 +1.739318272e+02 +1.739318272e+02 -3.7596e-04 -3.8298e-04 -2.0936e-04 -6.1451e-04 -1.8776e-04
26 0 +1.971656080e-01 +1.739071656e+02 +1.739071656e+02 -3.3369e-04 -9.0361e-04 -4.1949e-04 -1.3623e-03 -5.3962e-04
27 0 +1.786750513e-01 +1.738886751e+02 +1.738886751e+02 -9.0796e-04 -9.7248e-04 -9.0958e-04 -1.9350e-03 -8.5153e-04
28 0 +1.736940719e-01 +1.738836941e+02 +1.738836941e+02 -1.1476e-03 -1.7695e-03 -1.3004e-03 -1.9343e-03 -4.5830e-04
30 0 +1.649140515e-01 +1.738749141e+02 +1.738749141e+02 -1.3181e-03 -2.0301e-03 -1.1045e-03 -2.0992e-03 -7.5400e-04
31 0 +1.507218004e-01 +1.738607218e+02 +1.738607218e+02 -1.2350e-03 -2.1910e-03 -1.3532e-03 -2.0671e-03 -1.1469e-03
32 0 +1.383910127e-01 +1.738483910e+02 +1.738483910e+02 -1.4308e-03 -2.3223e-03 -1.5368e-03 -1.9552e-03 -1.5318e-03
33 0 +9.981784418e-02 +1.738098178e+02 +1.738098178e+02 -1.4246e-03 -3.1032e-03 -1.9113e-03 -2.5888e-03 -3.2196e-03
34 0 +7.655675964e-02 +1.737865568e+02 +1.737865568e+02 -2.7230e-03 -3.4697e-03 -2.3934e-03 -2.0044e-03 -4.4869e-03
36 0 +7.246219887e-02 +1.737824622e+02 +1.737824622e+02 -2.8238e-03 -3.8382e-03 -2.5855e-03 -2.0884e-03 -4.2426e-03
38 0 +6.801730743e-02 +1.737780173e+02 +1.737780173e+02 -2.7694e-03 -3.9521e-03 -2.5041e-03 -2.3581e-03 -4.4207e-03
39 0 +6.415873657e-02 +1.737741587e+02 +1.737741587e+02 -3.1232e-03 -4.1661e-03 -2.2848e-03 -2.5242e-03 -4.4793e-03
41 0 +6.286143155e-02 +1.737728614e+02 +1.737728614e+02 -3.0732e-03 -4.2481e-03 -2.2305e-03 -2.4419e-03 -4.5114e-03
42 0 +5.904169488e-02 +1.737690417e+02 +1.737690417e+02 -3.0875e-03 -4.4282e-03 -2.2979e-03 -2.4611e-03 -4.6693e-03
43 0 +5.578802662e-02 +1.737657880e+02 +1.737657880e+02 -3.0989e-03 -4.5114e-03 -2.2427e-03 -2.4661e-03 -4.8982e-03
44 0 +5.281313014e-02 +1.737628131e+02 +1.737628131e+02 -3.1598e-03 -4.6949e-03 -2.2589e-03 -2.4209e-03 -5.0492e-03
45 0 +4.627648507e-02 +1.737562765e+02 +1.737562765e+02 -3.4867e-03 -5.5323e-03 -2.5208e-03 -2.1375e-03 -5.2566e-03
46 0 +4.447099971e-02 +1.737544710e+02 +1.737544710e+02 -3.6417e-03 -5.7824e-03 -2.1194e-03 -1.9866e-03 -6.1108e-03
47 0 +3.238587899e-02 +1.737423859e+02 +1.737423859e+02 -3.7290e-03 -5.8235e-03 -2.6920e-03 -2.6973e-03 -6.5079e-03
50 0 +2.993144938e-02 +1.737399314e+02 +1.737399314e+02 -3.9309e-03 -6.0680e-03 -2.7549e-03 -3.0754e-03 -6.5577e-03
52 0 +2.898648499e-02 +1.737389865e+02 +1.737389865e+02 -3.9557e-03 -6.1108e-03 -2.6696e-03 -3.0304e-03 -6.6969e-03
53 0 +2.869644265e-02 +1.737386964e+02 +1.737386964e+02 -3.9845e-03 -6.2843e-03 -2.5008e-03 -3.0831e-03 -6.7137e-03
55 0 +2.560926534e-02 +1.737356093e+02 +1.737356093e+02 -4.0167e-03 -6.4295e-03 -2.6422e-03 -3.1418e-03 -7.0122e-03
56 0 +2.376574451e-02 +1.737337657e+02 +1.737337657e+02 -3.8826e-03 -6.5305e-03 -2.6975e-03 -3.1280e-03 -7.1885e-03
57 0 +2.250476603e-02 +1.737325048e+02 +1.737325048e+02 -3.8378e-03 -6.6925e-03 -2.8568e-03 -3.2210e-03 -7.2025e-03
58 0 +2.130747745e-02 +1.737313075e+02 +1.737313075e+02 -3.8226e-03 -6.8017e-03 -2.9431e-03 -3.2410e-03 -7.4087e-03
59 0 +2.037108864e-02 +1.737303711e+02 +1.737303711e+02 -3.6922e-03 -6.9902e-03 -2.8616e-03 -3.2749e-03 -7.4554e-03
62 0 +1.981833747e-02 +1.737298183e+02 +1.737298183e+02 -3.6597e-03 -7.0366e-03 -2.8842e-03 -3.3928e-03 -7.5203e-03
63 0 +1.947775869e-02 +1.737294778e+02 +1.737294778e+02 -3.6758e-03 -7.0788e-03 -2.8439e-03 -3.4133e-03 -7.5972e-03
65 0 +1.879710434e-02 +1.737287971e+02 +1.737287971e+02 -3.7362e-03 -7.1875e-03 -2.8544e-03 -3.5193e-03 -7.6633e-03
66 0 +1.847304387e-02 +1.737284730e+02 +1.737284730e+02 -3.7512e-03 -7.2250e-03 -2.8550e-03 -3.5844e-03 -7.7276e-03
67 0 +1.762715527e-02 +1.737276272e+02 +1.737276272e+02 -3.7339e-03 -7.3693e-03 -2.7929e-03 -3.8524e-03 -7.9789e-03
71 0 +1.735913069e-02 +1.737273591e+02 +1.737273591e+02 -3.7210e-03 -7.3953e-03 -2.8697e-03 -3.7967e-03 -8.0964e-03
77 0 +1.630064311e-02 +1.737263006e+02 +1.737263006e+02 -4.0378e-03 -7.7352e-03 -3.0204e-03 -3.7985e-03 -8.2854e-03
78 0 +1.607147149e-02 +1.737260715e+02 +1.737260715e+02 -4.1834e-03 -8.0363e-03 -3.1758e-03 -3.6843e-03 -8.3902e-03
90 0 +1.583146339e-02 +1.737258315e+02 +1.737258315e+02 -4.1024e-03 -8.0955e-03 -3.2270e-03 -3.6927e-03 -8.5220e-03
% f evaluations | g evaluations | best noise-free fitness - Fopt (4.759300000000e+02) + sum g_i+ | measured fitness | best measured fitness or single-digit g-values | x1 | x2...
1 0 +2.503737427e-01 +4.761803737e+02 +4.761803737e+02 +0.0000e+00 +0.0000e+00 +0.0000e+00 +0.0000e+00 +0.0000e+00
19 0 +2.197575964e-01 +4.761497576e+02 +4.761497576e+02 +5.6516e-04 -4.4184e-04 +1.5399e-03 -1.2579e-03 -1.3348e-03
20 0 +1.904304777e-01 +4.761204305e+02 +4.761204305e+02 +2.7349e-04 -6.4673e-04 +2.0348e-03 -4.9268e-04 -1.5407e-03
21 0 +1.795477775e-01 +4.761095478e+02 +4.761095478e+02 +1.2876e-04 -7.9612e-04 +2.7738e-03 -5.1839e-04 -9.0036e-04
22 0 +1.747031525e-01 +4.761047032e+02 +4.761047032e+02 -5.8421e-04 -1.4619e-03 +2.8301e-03 -6.1474e-04 -1.0901e-03
23 0 +1.641446835e-01 +4.760941447e+02 +4.760941447e+02 -1.1103e-03 -9.0687e-04 +3.3677e-03 -4.5774e-04 -1.4087e-03
24 0 +1.381584763e-01 +4.760681585e+02 +4.760681585e+02 -9.7696e-04 -1.2088e-03 +4.0451e-03 +1.2975e-04 -1.7038e-03
25 0 +1.022315032e-01 +4.760322315e+02 +4.760322315e+02 -8.0334e-04 -2.2966e-03 +7.5728e-03 +1.6489e-03 -1.8872e-03
27 0 +6.259186277e-02 +4.759925919e+02 +4.759925919e+02 -3.0832e-04 -2.4766e-03 +7.4508e-03 +1.8778e-03 -3.7991e-03
28 0 +4.819557777e-02 +4.759781956e+02 +4.759781956e+02 -6.7128e-04 -2.4833e-03 +6.8013e-03 +3.7214e-03 -4.0169e-03
30 0 +4.644138945e-02 +4.759764414e+02 +4.759764414e+02 -7.0726e-04 -2.9680e-03 +6.6889e-03 +3.6881e-03 -4.0176e-03
34 0 +4.513926015e-02 +4.759751393e+02 +4.759751393e+02 -7.5737e-04 -3.0005e-03 +6.7593e-03 +3.6735e-03 -3.9820e-03
35 0 +4.143235539e-02 +4.759714324e+02 +4.759714324e+02 -9.5813e-04 -3.1271e-03 +7.0337e-03 +3.6755e-03 -3.8136e-03
36 0 +3.764936599e-02 +4.759676494e+02 +4.759676494e+02 -1.0102e-03 -3.2034e-03 +7.2374e-03 +3.7830e-03 -4.1273e-03
37 0 +3.473572196e-02 +4.759647357e+02 +4.759647357e+02 -1.1804e-03 -3.3728e-03 +7.5152e-03 +3.6985e-03 -4.2614e-03
38 0 +3.233610423e-02 +4.759623361e+02 +4.759623361e+02 -1.4210e-03 -3.4881e-03 +7.5820e-03 +3.9867e-03 -4.2976e-03
39 0 +3.076163185e-02 +4.759607616e+02 +4.759607616e+02 -1.2331e-03 -3.6505e-03 +7.8407e-03 +4.1596e-03 -4.2593e-03
41 0 +2.992873355e-02 +4.759599287e+02 +4.759599287e+02 -1.2093e-03 -3.5882e-03 +7.8569e-03 +4.1889e-03 -4.3530e-03
42 0 +2.816113067e-02 +4.759581611e+02 +4.759581611e+02 -1.2732e-03 -3.5194e-03 +8.0103e-03 +4.2489e-03 -4.4164e-03
43 0 +2.700006758e-02 +4.759570001e+02 +4.759570001e+02 -1.2899e-03 -3.4310e-03 +8.0978e-03 +4.3972e-03 -4.4641e-03
44 0 +2.624274812e-02 +4.759562427e+02 +4.759562427e+02 -1.2593e-03 -3.3554e-03 +8.2597e-03 +4.3754e-03 -4.5457e-03
48 0 +2.553814467e-02 +4.759555381e+02 +4.759555381e+02 -1.2974e-03 -3.3857e-03 +8.3551e-03 +4.4232e-03 -4.5022e-03
50 0 +2.422877275e-02 +4.759542288e+02 +4.759542288e+02 -1.3237e-03 -3.5113e-03 +8.5620e-03 +4.4482e-03 -4.5514e-03
52 0 +2.279078797e-02 +4.759527908e+02 +4.759527908e+02 -1.2426e-03 -3.5513e-03 +8.6135e-03 +4.7852e-03 -4.7401e-03
53 0 +2.077257111e-02 +4.759507726e+02 +4.759507726e+02 -1.2243e-03 -3.7033e-03 +8.9339e-03 +4.9155e-03 -4.8702e-03
54 0 +1.763534498e-02 +4.759476353e+02 +4.759476353e+02 -1.2035e-03 -4.3398e-03 +1.0299e-02 +5.2390e-03 -5.3018e-03
58 0 +1.687104678e-02 +4.759468710e+02 +4.759468710e+02 -1.1933e-03 -4.4707e-03 +1.0194e-02 +5.1899e-03 -5.4782e-03
61 0 +1.601304333e-02 +4.759460130e+02 +4.759460130e+02 -1.1322e-03 -4.4112e-03 +1.0263e-02 +5.3406e-03 -5.6699e-03
65 0 +1.584019890e-02 +4.759458402e+02 +4.759458402e+02 -1.2571e-03 -4.4545e-03 +1.0242e-02 +5.4804e-03 -5.7326e-03
% f evaluations | g evaluations | best noise-free fitness - Fopt (-1.000000000000e+03) + sum g_i+ | measured fitness | best measured fitness or single-digit g-values | x1 | x2...
1 0 +2.503737427e-01 -9.997496263e+02 -9.997496263e+02 +0.0000e+00 +0.0000e+00 +0.0000e+00 +0.0000e+00 +0.0000e+00
