% f evaluations | g evaluations | best noise-free fitness - Fopt (7.627000000000e+01) + sum g_i+ | measured fitness | best measured fitness or single-digit g-values | x1 | x2...
1 0 +5.445689776e+06 +5.445766046e+06 +5.445766046e+06 +0.0000e+00 +0.0000e+00 +0.0000e+00 +0.0000e+00 +0.0000e+00
5 0 +4.387831024e+06 +4.387907294e+06 +4.387907294e+06 +0.0000e+00 +0.0000e+00 +5.0000e-01 +0.0000e+00 +0.0000e+00
8 0 +2.148568562e+06 +2.148644832e+06 +2.148644832e+06 -6.5265e-02 -3.8411e-01 +7.0197e-01 -2.3549e-01 -4.4185e-02
9 0 +1.566163556e+06 +1.566239826e+06 +1.566239826e+06 -1.2301e-01 -7.2398e-01 +8.3500e-01 -4.4385e-01 -8.3280e-02
10 0 +5.835884490e+05 +5.836647190e+05 +5.836647190e+05 -1.6947e-01 -9.9742e-01 +8.1456e-01 -6.1148e-01 -1.1473e-01
11 0 +4.953900947e+05 +4.954663647e+05 +4.954663647e+05 -1.5632e-01 -1.1099e+00 +8.9047e-01 -6.6540e-01 -9.3280e-02
12 0 +4.886222518e+05 +4.886985218e+05 +4.886985218e+05 -1.9019e-01 -1.1039e+00 +8.8911e-01 -7.1658e-01 -1.2500e-01
15 0 +4.750655402e+05 +4.751418102e+05 +4.751418102e+05 -2.3682e-01 -1.1605e+00 +8.4875e-01 -6.9161e-01 -1.2758e-01
16 0 +4.285640704e+05 +4.286403404e+05 +4.286403404e+05 -2.3644e-01 -1.2026e+00 +8.6802e-01 -7.1017e-01 -1.2442e-01
17 0 +1.580838427e+05 +1.581601127e+05 +1.581601127e+05 -2.4037e-01 -1.3791e+00 +8.6700e-01 -7.9324e-01 -8.0314e-02
18 0 +1.246205439e+05 +1.246968139e+05 +1.246968139e+05 -2.4623e-01 -1.4617e+00 +8.0700e-01 -8.3599e-01 -3.7198e-02
19 0 +6.779094080e+04 +6.786721080e+04 +6.786721080e+04 -2.5137e-01 -1.5689e+00 +7.6562e-01 -8.8915e-01 +5.0086e-03
20 0 +3.675825507e+04 +3.683452507e+04 +3.683452507e+04 -2.5394e-01 -1.6411e+00 +7.5090e-01 -9.2403e-01 +2.8434e-02
21 0 +1.981241966e+04 +1.988868966e+04 +1.988868966e+04 -2.5519e-01 -1.6840e+00 +7.4638e-01 -9.4452e-01 +4.0785e-02
22 0 +1.489941857e+04 +1.497568857e+04 +1.497568857e+04 -2.5580e-01 -1.7082e+00 +7.4513e-01 -9.5599e-01 +4.7256e-02
23 0 +5.671920381e+03 +5.748190381e+03 +5.748190381e+03 -2.4474e-01 -1.7284e+00 +8.2237e-01 -9.6161e-01 +3.7397e-02
24 0 +3.692063513e+03 +3.768333513e+03 +3.768333513e+03 -2.7943e-01 -1.7154e+00 +8.2268e-01 -1.0104e+00 +2.1717e-03
25 0 +3.601035199e+03 +3.677305199e+03 +3.677305199e+03 -2.7962e-01 -1.7201e+00 +8.2238e-01 -1.0128e+00 +3.3696e-03
28 0 +3.303635949e+03 +3.379905949e+03 +3.379905949e+03 -2.8302e-01 -1.7253e+00 +8.2853e-01 -1.0090e+00 -3.8894e-03
29 0 +2.826843527e+03 +2.903113527e+03 +2.903113527e+03 -2.8432e-01 -1.7269e+00 +8.3145e-01 -1.0118e+00 -5.9859e-03
30 0 +1.755216781e+03 +1.831486781e+03 +1.831486781e+03 -2.9422e-01 -1.7250e+00 +8.3143e-01 -1.0259e+00 -1.5974e-02
31 0 +9.038503644e+02 +9.801203644e+02 +9.801203644e+02 -3.0037e-01 -1.7278e+00 +8.4268e-01 -1.0377e+00 -2.5447e-02
32 0 +3.540110934e+02 +4.302810934e+02 +4.302810934e+02 -3.0320e-01 -1.7314e+00 +8.5438e-01 -1.0448e+00 -3.1696e-02
33 0 +2.256761961e+02 +3.019461961e+02 +3.019461961e+02 -3.0362e-01 -1.7334e+00 +8.6030e-01 -1.0470e+00 -3.3831e-02
34 0 +1.441540563e+02 +2.204240563e+02 +2.204240563e+02 -3.0349e-01 -1.7349e+00 +8.6455e-01 -1.0479e+00 -3.4934e-02
35 0 +1.169995901e+02 +1.932695901e+02 +1.932695901e+02 -3.0420e-01 -1.7360e+00 +8.6414e-01 -1.0485e+00 -3.7460e-02
36 0 +3.933135924e+01 +1.156013592e+02 +1.156013592e+02 -3.0637e-01 -1.7417e+00 +8.6268e-01 -1.0503e+00 -3.3830e-02
39 0 +3.415393115e+01 +1.104239311e+02 +1.104239311e+02 -3.0648e-01 -1.7420e+00 +8.6307e-01 -1.0513e+00 -3.3908e-02
40 0 +2.780275614e+01 +1.040727561e+02 +1.040727561e+02 -3.0675e-01 -1.7426e+00 +8.6264e-01 -1.0516e+00 -3.4072e-02
41 0 +2.110975907e+01 +9.737975907e+01 +9.737975907e+01 -3.0692e-01 -1.7432e+00 +8.6250e-01 -1.0518e+00 -3.3751e-02
42 0 +1.304887347e+01 +8.931887347e+01 +8.931887347e+01 -3.0776e-01 -1.7461e+00 +8.6189e-01 -1.0530e+00 -3.3575e-02
137 0 +1.286088762e+01 +8.913088762e+01 +8.913088762e+01 -3.0747e-01 -1.7489e+00 +8.5644e-01 -1.0519e+00 -3.6712e-02
% f evaluations | g evaluations | best noise-free fitness - Fopt (-2.255000000000e+01) + sum g_i+ | measured fitness | best measured fitness or single-digit g-values | x1 | x2...
1 0 +2.352302546e+06 +2.352279996e+06 +2.352279996e+06 +0.0000e+00 +0.0000e+00 +0.0000e+00 +0.0000e+00 +0.0000e+00
3 0 +1.182147633e+06 +1.182125083e+06 +1.182125083e+06 +5.0000e-01 +0.0000e+00 +0.0000e+00 +0.0000e+00 +0.0000e+00
8 0 +4.163394961e+05 +4.163169461e+05 +4.163169461e+05 +7.5075e-01 +1.6529e-02 +1.5918e-01 +6.4821e-02 -1.8430e-01
9 0 +2.904348771e+05 +2.904123271e+05 +2.904123271e+05 +8.3576e-01 +2.3874e-02 +2.2991e-01 +9.3623e-02 -2.6619e-01
10 0 +2.798425248e+05 +2.798199748e+05 +2.798199748e+05 +8.7749e-01 +2.6053e-02 +2.5090e-01 +1.0217e-01 -2.2326e-01
12 0 +2.612588035e+05 +2.612362535e+05 +2.612362535e+05 +9.1443e-01 -2.3955e-02 +2.4592e-01 +7.4776e-02 -2.4246e-01
13 0 +2.426665770e+05 +2.426440270e+05 +2.426440270e+05 +9.4248e-01 -2.2436e-02 +2.2723e-01 +1.0707e-01 -2.6031e-01
14 0 +2.077450332e+05 +2.077224832e+05 +2.077224832e+05 +9.6957e-01 -2.0018e-02 +2.5630e-01 +1.1635e-01 -2.8910e-01
15 0 +7.150132230e+04 +7.147877230e+04 +7.147877230e+04 +1.0542e+00 -1.1309e-02 +4.0442e-01 +1.1872e-01 -3.9310e-01
16 0 +3.837587109e+04 +3.835332109e+04 +3.835332109e+04 +1.1238e+00 -6.8515e-03 +4.5107e-01 +1.3420e-01 -4.0571e-01
17 0 +2.943529274e+04 +2.941274274e+04 +2.941274274e+04 +1.1606e+00 -4.9982e-03 +4.6185e-01 +1.4485e-01 -3.9894e-01
19 0 +1.472111176e+04 +1.469856176e+04 +1.469856176e+04 +1.1927e+00 -3.0659e-03 +4.7405e-01 +1.5545e-01 -4.2433e-01
22 0 +1.350154152e+04 +1.347899152e+04 +1.347899152e+04 +1.1947e+00 -9.2675e-03 +4.8008e-01 +1.5443e-01 -4.2482e-01
23 0 +1.196288943e+04 +1.194033943e+04 +1.194033943e+04 +1.1982e+00 -9.0488e-03 +4.8206e-01 +1.5538e-01 -4.2768e-01
24 0 +6.985111648e+03 +6.962561648e+03 +6.962561648e+03 +1.2105e+00 -8.1962e-03 +4.9131e-01 +1.5836e-01 -4.4000e-01
25 0 +3.787463696e+03 +3.764913696e+03 +3.764913696e+03 +1.2212e+00 -7.2285e-03 +5.0642e-01 +1.5954e-01 -4.5755e-01
26 0 +3.249833052e+03 +3.227283052e+03 +3.227283052e+03 +1.2191e+00 -7.0026e-03 +5.1619e-01 +1.5685e-01 -4.6646e-01
27 0 +2.852864707e+03 +2.830314707e+03 +2.830314707e+03 +1.2234e+00 -7.9100e-03 +5.1370e-01 +1.6065e-01 -4.7285e-01
28 0 +2.409683096e+03 +2.387133096e+03 +2.387133096e+03 +1.2306e+00 -7.3478e-03 +5.1863e-01 +1.6179e-01 -4.7116e-01
30 0 +2.379196449e+03 +2.356646449e+03 +2.356646449e+03 +1.2333e+00 -8.3082e-03 +5.1654e-01 +1.5538e-01 -4.7219e-01
31 0 +1.737689284e+03 +1.715139284e+03 +1.715139284e+03 +1.2384e+00 -7.8810e-03 +5.2005e-01 +1.5648e-01 -4.7635e-01
32 0 +2.735345456e+02 +2.509845456e+02 +2.509845456e+02 +1.2557e+00 -7.2329e-03 +5.2939e-01 +1.5545e-01 -4.8980e-01
33 0 +1.607377805e+02 +1.381877805e+02 +1.381877805e+02 +1.2580e+00 -7.0121e-03 +5.3112e-01 +1.5607e-01 -4.9180e-01
34 0 +1.251181768e+02 +1.025681768e+02 +1.025681768e+02 +1.2554e+00 -6.4169e-03 +5.3496e-01 +1.5854e-01 -4.9365e-01
35 0 +9.370434016e+01 +7.115434016e+01 +7.115434016e+01 +1.2567e+00 -6.3354e-03 +5.3550e-01 +1.5882e-01 -4.9439e-01
36 0 +9.255555745e+01 +7.000555745e+01 +7.000555745e+01 +1.2567e+00 -6.3125e-03 +5.3576e-01 +1.5848e-01 -4.9438e-01
39 0 +9.052334619e+01 +6.797334619e+01 +6.797334619e+01 +1.2564e+00 -6.3255e-03 +5.3599e-01 +1.5861e-01 -4.9481e-01
40 0 +8.343234507e+01 +6.088234507e+01 +6.088234507e+01 +1.2567e+00 -6.3004e-03 +5.3619e-01 +1.5871e-01 -4.9507e-01
41 0 +6.514193246e+01 +4.259193246e+01 +4.259193246e+01 +1.2584e+00 -6.2551e-03 +5.3666e-01 +1.5888e-01 -4.9598e-01
42 0 +5.043297763e+01 +2.788297763e+01 +2.788297763e+01 +1.2592e+00 -6.1308e-03 +5.3791e-01 +1.5932e-01 -4.9728e-01
43 0 +3.353738517e+01 +1.098738517e+01 +1.098738517e+01 +1.2612e+00 -6.1925e-03 +5.3801e-01 +1.5896e-01 -4.9818e-01
44 0 +2.959831937e+01 +7.048319374e+00 +7.048319374e+00 +1.2618e+00 -6.1601e-03 +5.3856e-01 +1.5903e-01 -4.9893e-01
45 0 +2.831180675e+01 +5.761806749e+00 +5.761806749e+00 +1.2620e+00 -6.1174e-03 +5.3903e-01 +1.5917e-01 -4.9938e-01
49 0 +2.776019230e+01 +5.210192300e+00 +5.210192300e+00 +1.2629e+00 -6.0336e-03 +5.3895e-01 +1.5966e-01 -4.9931e-01
223 0 +2.742462095e+01 +4.874620954e+00 +4.874620954e+00 +1.2690e+00 +1.2023e-02 +5.5380e-01 +1.4583e-01 -4.8376e-01
224 0 +2.670103291e+01 +4.151032911e+00 +4.151032911e+00 +1.2824e+00 +5.8350e-02 +5.9530e-01 +1.1472e-01 -4.4259e-01
% f evaluations | g evaluations | best noise-free fitness - Fopt (1.366000000000e+01) + sum g_i+ | measured fitness | best measured fitness or single-digit g-values | x1 | x2...
1 0 +6.739884890e+06 +6.739898550e+06 +6.739898550e+06 +0.0000e+00 +0.0000e+00 +0.0000e+00 +0.0000e+00 +0.0000e+00
4 0 +4.371764863e+06 +4.371778523e+06 +4.371778523e+06 +0.0000e+00 +5.0000e-01 +0.0000e+00 +0.0000e+00 +0.0000e+00
8 0 +2.150148302e+06 +2.150161962e+06 +2.150161962e+06 -7.4618e-02 +9.2984e-01 +8.2094e-04 +1.8873e-01 -1.5507e-01
9 0 +1.571929127e+06 +1.571942787e+06 +1.571942787e+06 -1.4463e-01 +1.2843e+00 +1.5912e-03 +3.6581e-01 -3.0056e-01
10 0 +5.140000674e+05 +5.140137274e+05 +5.140137274e+05 -2.2268e-01 +1.5634e+00 +2.4499e-03 +5.6324e-01 -4.6277e-01
11 0 +4.598740560e+05 +4.598877160e+05 +4.598877160e+05 -2.5136e-01 +1.6544e+00 +2.7655e-03 +6.3579e-01 -5.2238e-01
14 0 +4.499160570e+05 +4.499297170e+05 +4.499297170e+05 -2.9099e-01 +1.6852e+00 -4.3900e-02 +6.0686e-01 -4.9951e-01
15 0 +4.423217648e+05 +4.423354248e+05 +4.423354248e+05 -2.9387e-01 +1.7054e+00 -1.1484e-02 +5.7529e-01 -5.0549e-01
16 0 +3.721406423e+05 +3.721543023e+05 +3.721543023e+05 -3.0148e-01 +1.7500e+00 -1.2520e-02 +5.8106e-01 -5.2594e-01
17 0 +1.884845840e+05 +1.884982440e+05 +1.884982440e+05 -3.2441e-01 +1.8942e+00 +8.1050e-02 +4.9897e-01 -5.8239e-01
18 0 +1.174510686e+05 +1.174647286e+05 +1.174647286e+05 -3.4798e-01 +2.0422e+00 +1.7390e-01 +4.1801e-01 -6.4060e-01
19 0 +4.872108261e+04 +4.873474261e+04 +4.873474261e+04 -3.7029e-01 +2.1793e+00 +2.3364e-01 +3.7034e-01 -6.9718e-01
20 0 +2.520420651e+04 +2.521786651e+04 +2.521786651e+04 -3.8098e-01 +2.2444e+00 +2.5698e-01 +3.5293e-01 -7.2458e-01
21 0 +1.573693833e+04 +1.575059833e+04 +1.575059833e+04 -3.8689e-01 +2.2804e+00 +2.6842e-01 +3.4483e-01 -7.3983e-01
22 0 +1.299191643e+04 +1.300557643e+04 +1.300557643e+04 -3.9074e-01 +2.3037e+00 +2.7524e-01 +3.4018e-01 -7.4978e-01
27 0 +1.141515944e+04 +1.142881944e+04 +1.142881944e+04 -3.9865e-01 +2.3072e+00 +2.8067e-01 +3.4544e-01 -7.5263e-01
28 0 +4.454206395e+03 +4.467866395e+03 +4.467866395e+03 -4.0693e-01 +2.3241e+00 +2.9206e-01 +3.6247e-01 -7.6381e-01
29 0 +3.654069326e+03 +3.667729326e+03 +3.667729326e+03 -4.1271e-01 +2.3299e+00 +3.0542e-01 +3.7374e-01 -7.6847e-01
30 0 +1.598126429e+03 +1.611786429e+03 +1.611786429e+03 -4.1920e-01 +2.3422e+00 +3.1519e-01 +3.8700e-01 -7.7675e-01
31 0 +9.106062563e+02 +9.242662563e+02 +9.242662563e+02 -4.2211e-01 +2.3493e+00 +3.1821e-01 +3.9310e-01 -7.8126e-01
36 0 +7.438970742e+02 +7.575570742e+02 +7.575570742e+02 -4.2813e-01 +2.3549e+00 +3.2006e-01 +3.9034e-01 -7.8318e-01
37 0 +4.013823325e+02 +4.150423325e+02 +4.150423325e+02 -4.2908e-01 +2.3586e+00 +3.2044e-01 +3.9250e-01 -7.8542e-01
38 0 +1.545474406e+02 +1.682074406e+02 +1.682074406e+02 -4.3063e-01 +2.3648e+00 +3.2124e-01 +3.9616e-01 -7.8909e-01
39 0 +7.409573677e+01 +8.775573677e+01 +8.775573677e+01 -4.3141e-01 +2.3679e+00 +3.2161e-01 +3.9796e-01 -7.9092e-01
40 0 +3.616317044e+01 +4.982317044e+01 +4.982317044e+01 -4.3185e-01 +2.3696e+00 +3.2180e-01 +3.9899e-01 -7.9198e-01
44 0 +3.547784746e+01 +4.913784746e+01 +4.913784746e+01 -4.3262e-01 +2.3701e+00 +3.2117e-01 +3.9872e-01 -7.9128e-01
45 0 +3.333131960e+01 +4.699131960e+01 +4.699131960e+01 -4.3273e-01 +2.3705e+00 +3.2122e-01 +3.9895e-01 -7.9150e-01
46 0 +3.095771875e+01 +4.461771875e+01 +4.461771875e+01 -4.3282e-01 +2.3709e+00 +3.2119e-01 +3.9912e-01 -7.9172e-01
47 0 +1.363811080e+01 +2.729811080e+01 +2.729811080e+01 -4.3320e-01 +2.3725e+00 +3.2110e-01 +3.9982e-01 -7.9263e-01
48 0 +8.454175480e+00 +2.211417548e+01 +2.211417548e+01 -4.3398e-01 +2.3754e+00 +3.2121e-01 +4.0132e-01 -7.9430e-01
54 0 +7.315788471e+00 +2.097578847e+01 +2.097578847e+01 -4.3476e-01 +2.3746e+00 +3.2099e-01 +4.0103e-01 -7.9383e-01
55 0 +7.093526874e+00 +2.075352687e+01 +2.075352687e+01 -4.3465e-01 +2.3742e+00 +3.2096e-01 +4.0082e-01 -7.9361e-01
% f evaluations | g evaluations | best noise-free fitness - Fopt (9.378400000000e+02) + sum g_i+ | measured fitness | best measured fitness or single-digit g-values | x1 | x2...
1 0 +8.250763278e+02 +1.762916328e+03 +1.762916328e+03 +0.0000e+00 +0.0000e+00 +0.0000e+00 +0.0000e+00 +0.0000e+00
10 0 +5.720825998e+02 +1.509922600e+03 +1.509922600e+03 +3.2347e-03 +2.6961e-04 -4.4122e-04 -3.7300e-03 -5.9678e-04
11 0 +4.217409836e+02 +1.359580984e+03 +1.359580984e+03 +7.2927e-03 +1.0843e-03 -1.9090e-03 -5.0617e-03 -2.5821e-03
12 0 +2.826629510e+02 +1.220502951e+03 +1.220502951e+03 +1.0044e-02 +1.6367e-03 -2.9043e-03 -6.7623e-03 +1.0567e-03
13 0 +2.002015059e+02 +1.138041506e+03 +1.138041506e+03 +1.2804e-02 +2.1908e-03 +8.5727e-04 -8.4679e-03 +1.1872e-03
14 0 +1.098517435e+02 +1.047691743e+03 +1.047691743e+03 +1.3783e-02 +3.0188e-03 -2.4906e-04 -1.3171e-02 +1.0675e-03
15 0 +6.681934236e+01 +1.004659342e+03 +1.004659342e+03 +1.6801e-02 +6.8310e-03 -9.9737e-04 -1.3735e-02 +1.7613e-03
16 0 +3.515086977e+01 +9.729908698e+02 +9.729908698e+02 +2.0779e-02 +4.4100e-03 -1.8762e-03 -1.5226e-02 +2.3310e-03
17 0 +3.096890827e+01 +9.688089083e+02 +9.688089083e+02 +2.0839e-02 +4.9662e-03 -5.5650e-04 -1.8020e-02 +6.2213e-03
148 0 +3.090218723e+01 +9.687421872e+02 +9.687421872e+02 +2.0622e-02 +5.7642e-03 +2.9327e-04 -1.8053e-02 +5.9148e-03
% f evaluations | g evaluations | best noise-free fitness - Fopt (-7.872000000000e+01) + sum g_i+ | measured fitness | best measured fitness or single-digit g-values | x1 | x2...
1 0 +9.761742109e+04 +9.753870109e+04 +9.753870109e+04 +0.0000e+00 +0.0000e+00 +0.0000e+00 +0.0000e+00 +0.0000e+00
3 0 +9.237710387e+04 +9.229838387e+04 +9.229838387e+04 +5.0000e-01 +0.0000e+00 +0.0000e+00 +0.0000e+00 +0.0000e+00
4 0 +5.408603412e+04 +5.400731412e+04 +5.400731412e+04 +0.0000e+00 +5.0000e-01 +0.0000e+00 +0.0000e+00 +0.0000e+00
6 0 +2.491147157e+04 +2.483275157e+04 +2.483275157e+04 +0.0000e+00 +0.0000e+00 +0.0000e+00 +5.0000e-01 +0.0000e+00
10 0 +2.441662098e+04 +2.433790098e+04 +2.433790098e+04 -1.8404e-03 +3.6055e-03 +3.0678e-02 +5.0602e-01 +5.8843e-03
12 0 +2.285666160e+04 +2.277794160e+04 +2.277794160e+04 -2.3070e-03 -1.8467e-02 +3.9337e-02 +5.1870e-01 -3.1525e-02
13 0 +7.479844966e+03 +7.401124966e+03 +7.401124966e+03 -3.0994e-03 -2.5542e-02 +5.4042e-02 +4.7354e-01 -4.5425e-02
14 0 +4.011335161e+03 +3.932615161e+03 +3.932615161e+03 -4.8272e-03 -2.8594e-02 +6.3558e-02 +4.5284e-01 -5.1630e-02
15 0 +3.040924486e+03 +2.962204486e+03 +2.962204486e+03 -7.6580e-03 -2.9860e-02 +7.2344e-02 +4.4239e-01 -5.4521e-02
16 0 +2.849178021e+03 +2.770458021e+03 +2.770458021e+03 -5.4618e-03 -3.0870e-02 +6.9224e-02 +4.3880e-01 -5.6340e-02
17 0 +2.754010245e+03 +2.675290245e+03 +2.675290245e+03 -5.5404e-03 -3.4722e-02 +7.0980e-02 +4.4043e-01 -6.3000e-02
19 0 +2.630822065e+03 +2.552102065e+03 +2.552102065e+03 -5.7055e-03 -2.8160e-02 +7.1463e-02 +4.3893e-01 -6.7400e-02
20 0 +2.256207477e+03 +2.177487477e+03 +2.177487477e+03 -5.9223e-03 -2.8849e-02 +7.3171e-02 +4.3445e-01 -6.8629e-02
21 0 +6.195035418e+02 +5.407835418e+02 +5.407835418e+02 -6.7941e-03 -3.1249e-02 +8.0000e-02 +4.1654e-01 -7.3752e-02
22 0 +3.745402711e+02 +2.958202711e+02 +2.958202711e+02 -6.3030e-03 -3.2052e-02 +8.0502e-02 +4.1045e-01 -7.4252e-02
23 0 +2.444739679e+02 +1.657539679e+02 +1.657539679e+02 -6.4677e-03 -3.2541e-02 +8.1865e-02 +4.0680e-01 -7.5276e-02
25 0 +1.656571090e+02 +8.693710897e+01 +8.693710897e+01 -8.7186e-03 -3.3700e-02 +8.7004e-02 +4.0647e-01 -7.7128e-02
30 0 +1.478592516e+02 +6.913925158e+01 +6.913925158e+01 -9.3676e-03 -3.3891e-02 +8.7222e-02 +4.0614e-01 -7.7883e-02
31 0 +9.915851097e+01 +2.043851097e+01 +2.043851097e+01 -9.3196e-03 -3.4146e-02 +8.7692e-02 +4.0428e-01 -7.8404e-02
32 0 +9.368706481e+01 +1.496706481e+01 +1.496706481e+01 -9.3594e-03 -3.3880e-02 +8.7813e-02 +4.0406e-01 -7.8717e-02
33 0 +8.387949165e+01 +5.159491646e+00 +5.159491646e+00 -9.4245e-03 -3.4061e-02 +8.8048e-02 +4.0358e-01 -7.8834e-02
34 0 +8.213179737e+01 +3.411797366e+00 +3.411797366e+00 -9.4360e-03 -3.4163e-02 +8.8094e-02 +4.0348e-01 -7.8809e-02
37 0 +8.127186139e+01 +2.551861392e+00 +2.551861392e+00 -9.4068e-03 -3.4160e-02 +8.8048e-02 +4.0340e-01 -7.8821e-02
39 0 +7.878237948e+01 +6.237948064e-02 +6.237948064e-02 -9.4117e-03 -3.4185e-02 +8.8099e-02 +4.0325e-01 -7.8869e-02
% f evaluations | g evaluations | best noise-free fitness - Fopt (-1.277000000000e+01) + sum g_i+ | measured fitness | best measured fitness or single-digit g-values | x1 | x2...
1 0 +3.412618892e+06 +3.412606122e+06 +3.412606122e+06 +0.0000e+00 +0.0000e+00 +0.0000e+00 +0.0000e+00 +0.0000e+00
8 0 +1.847432356e+06 +1.847419586e+06 +1.847419586e+06 -2.6892e-01 -1.5362e-01 -2.8883e-01 -6.9266e-02 -2.5664e-01
9 0 +3.535562335e+05 +3.535434635e+05 +3.535434635e+05 -5.9545e-01 -3.5022e-01 -6.3779e-01 -1.7080e-01 -5.6933e-01
10 0 +2.558397133e+05 +2.558269433e+05 +2.558269433e+05 -6.6453e-01 -3.8948e-01 -7.1200e-01 -1.8826e-01 -6.3523e-01
14 0 +2.491447953e+05 +2.491320253e+05 +2.491320253e+05 -7.2321e-01 -4.3068e-01 -6.6472e-01 -2.4267e-01 -6.0576e-01
15 0 +2.138523778e+05 +2.138396078e+05 +2.138396078e+05 -7.5013e-01 -4.4626e-01 -6.9354e-01 -2.4890e-01 -6.3151e-01
16 0 +6.582560578e+04 +6.581283578e+04 +6.581283578e+04 -8.5573e-01 -5.1226e-01 -8.0657e-01 -2.6019e-01 -7.3917e-01
17 0 +3.148149061e+04 +3.146872061e+04 +3.146872061e+04 -9.0302e-01 -5.4100e-01 -8.5718e-01 -2.6791e-01 -7.8623e-01
18 0 +1.512959373e+04 +1.511682373e+04 +1.511682373e+04 -9.2960e-01 -5.5477e-01 -8.8561e-01 -2.8006e-01 -8.0934e-01
19 0 +8.202542730e+03 +8.189772730e+03 +8.189772730e+03 -9.4306e-01 -5.6113e-01 -8.9999e-01 -2.8819e-01 -8.2019e-01
20 0 +7.907955028e+03 +7.895185028e+03 +7.895185028e+03 -9.4363e-01 -5.6483e-01 -9.0060e-01 -2.8580e-01 -8.1987e-01
23 0 +7.588074892e+03 +7.575304892e+03 +7.575304892e+03 -9.4460e-01 -5.6663e-01 -8.9436e-01 -2.8587e-01 -8.2760e-01
24 0 +6.600406799e+03 +6.587636799e+03 +6.587636799e+03 -9.4732e-01 -5.6810e-01 -8.9726e-01 -2.8702e-01 -8.2999e-01
25 0 +4.076823094e+03 +4.064053094e+03 +4.064053094e+03 -9.5796e-01 -5.7591e-01 -9.0862e-01 -2.9527e-01 -8.3533e-01
26 0 +2.737744627e+03 +2.724974627e+03 +2.724974627e+03 -9.6714e-01 -5.8052e-01 -9.1847e-01 -2.9139e-01 -8.4884e-01
27 0 +2.175816534e+03 +2.163046534e+03 +2.163046534e+03 -9.6759e-01 -5.9134e-01 -9.1895e-01 -2.9879e-01 -8.5379e-01
28 0 +2.010560516e+03 +1.997790516e+03 +1.997790516e+03 -9.6844e-01 -5.8810e-01 -9.1986e-01 -3.0289e-01 -8.5649e-01
29 0 +1.869952391e+03 +1.857182391e+03 +1.857182391e+03 -9.7310e-01 -5.8853e-01 -9.1829e-01 -3.0354e-01 -8.5600e-01
30 0 +1.559504585e+03 +1.546734585e+03 +1.546734585e+03 -9.7506e-01 -5.8945e-01 -9.2243e-01 -3.0496e-01 -8.5493e-01
31 0 +1.118862732e+03 +1.106092732e+03 +1.106092732e+03 -9.7794e-01 -5.9085e-01 -9.2560e-01 -3.0609e-01 -8.5679e-01
32 0 +3.841963412e+02 +3.714263412e+02 +3.714263412e+02 -9.8557e-01 -5.9453e-01 -9.3465e-01 -3.0932e-01 -8.6093e-01
33 0 +2.227637782e+02 +2.099937782e+02 +2.099937782e+02 -9.8854e-01 -5.9597e-01 -9.3701e-01 -3.1020e-01 -8.6389e-01
34 0 +2.001203947e+02 +1.873503947e+02 +1.873503947e+02 -9.8912e-01 -5.9639e-01 -9.3797e-01 -3.1156e-01 -8.6300e-01
35 0 +1.946561382e+02 +1.818861382e+02 +1.818861382e+02 -9.8949e-01 -5.9584e-01 -9.3844e-01 -3.1121e-01 -8.6285e-01
37 0 +1.882968462e+02 +1.755268462e+02 +1.755268462e+02 -9.8919e-01 -5.9626e-01 -9.3896e-01 -3.1089e-01 -8.6282e-01
38 0 +1.750104130e+02 +1.622404130e+02 +1.622404130e+02 -9.8945e-01 -5.9639e-01 -9.3905e-01 -3.1093e-01 -8.6321e-01
39 0 +1.605714855e+02 +1.478014855e+02 +1.478014855e+02 -9.8972e-01 -5.9655e-01 -9.3934e-01 -3.1100e-01 -8.6346e-01
40 0 +1.118343457e+02 +9.906434570e+01 +9.906434570e+01 -9.9079e-01 -5.9717e-01 -9.4053e-01 -3.1130e-01 -8.6445e-01
41 0 +6.704893229e+01 +5.427893229e+01 +5.427893229e+01 -9.9278e-01 -5.9836e-01 -9.4293e-01 -3.1188e-01 -8.6610e-01
42 0 +4.298531549e+01 +3.021531549e+01 +3.021531549e+01 -9.9411e-01 -5.9922e-01 -9.4514e-01 -3.1237e-01 -8.6672e-01
43 0 +4.021626371e+01 +2.744626371e+01 +2.744626371e+01 -9.9422e-01 -5.9925e-01 -9.4518e-01 -3.1196e-01 -8.6732e-01
44 0 +3.954777638e+01 +2.677777638e+01 +2.677777638e+01 -9.9415e-01 -5.9954e-01 -9.4508e-01 -3.1213e-01 -8.6747e-01
46 0 +3.856760572e+01 +2.579760572e+01 +2.579760572e+01 -9.9421e-01 -5.9914e-01 -9.4510e-01 -3.1257e-01 -8.6782e-01
47 0 +3.636394738e+01 +2.359394738e+01 +2.359394738e+01 -9.9446e-01 -5.9930e-01 -9.4544e-01 -3.1262e-01 -8.6804e-01
48 0 +3.498983313e+01 +2.221983313e+01 +2.221983313e+01 -9.9470e-01 -5.9944e-01 -9.4559e-01 -3.1261e-01 -8.6843e-01
49 0 +3.392949389e+01 +2.115949389e+01 +2.115949389e+01 -9.9494e-01 -5.9961e-01 -9.4586e-01 -3.1292e-01 -8.6843e-01
50 0 +3.339291717e+01 +2.062291717e+01 +2.062291717e+01 -9.9521e-01 -5.9936e-01 -9.4616e-01 -3.1276e-01 -8.6843e-01
51 0 +3.300028043e+01 +2.023028043e+01 +2.023028043e+01 -9.9557e-01 -5.9926e-01 -9.4606e-01 -3.1299e-01 -8.6865e-01
% f evaluations | g evaluations | best noise-free fitness - Fopt (-7.665100000000e+02) + sum g_i+ | measured fitness | best measured fitness or single-digit g-values | x1 | x2...
1 0 +4.067203926e+04 +3.990552926e+04 +3.990552926e+04 +0.0000e+00 +0.0000e+00 +0.0000e+00 +0.0000e+00 +0.0000e+00
6 0 +3.162569527e+03 +2.396059527e+03 +2.396059527e+03 +0.0000e+00 +0.0000e+00 +0.0000e+00 +5.0000e-01 +0.0000e+00
8 0 +1.780788462e+03 +1.014278462e+03 +1.014278462e+03 -7.0711e-02 +0.0000e+00 +0.0000e+00 +5.0000e-01 +0.0000e+00
9 0 +2.467797646e+01 -7.418320235e+02 -7.418320235e+02 -7.0711e-02 -7.1063e-02 +0.0000e+00 +5.0000e-01 +0.0000e+00
% f evaluations | g evaluations | best noise-free fitness - Fopt (-1.898200000000e+02) + sum g_i+ | measured fitness | best measured fitness or single-digit g-values | x1 | x2...
1 0 +2.065738215e+06 +2.065548395e+06 +2.065548395e+06 +0.0000e+00 +0.0000e+00 +0.0000e+00 +0.0000e+00 +0.0000e+00
3 0 +1.911140868e+06 +1.910951048e+06 +1.910951048e+06 +5.0000e-01 +0.0000e+00 +0.0000e+00 +0.0000e+00 +0.0000e+00
4 0 +1.737178402e+06 +1.736988582e+06 +1.736988582e+06 +0.0000e+00 +5.0000e-01 +0.0000e+00 +0.0000e+00 +0.0000e+00
8 0 +5.074536406e+05 +5.072638206e+05 +5.072638206e+05 +8.6754e-02 +6.8438e-01 -9.1823e-02 +2.3379e-02 -4.4666e-01
9 0 +2.692676141e+05 +2.690777941e+05 +2.690777941e+05 +1.2528e-01 +8.2793e-01 -1.3260e-01 +3.3762e-02 -6.4501e-01
10 0 +1.325385324e+05 +1.323487124e+05 +1.323487124e+05 +1.4955e-01 +8.9285e-01 -1.5829e-01 +4.0302e-02 -7.6998e-01
11 0 +1.172939299e+05 +1.171041099e+05 +1.171041099e+05 +1.5751e-01 +9.4980e-01 -1.6671e-01 +4.2447e-02 -7.6515e-01
14 0 +1.100507680e+05 +1.098609480e+05 +1.098609480e+05 +1.1145e-01 +9.6796e-01 -1.7045e-01 +4.0778e-02 -8.0136e-01
15 0 +8.118680308e+04 +8.099698308e+04 +8.099698308e+04 +1.3924e-01 +9.7842e-01 -1.8036e-01 +4.4936e-02 -8.4012e-01
16 0 +5.293767882e+04 +5.274785882e+04 +5.274785882e+04 +1.6348e-01 +9.9891e-01 -1.9136e-01 +5.0647e-02 -8.7672e-01
17 0 +1.830786349e+04 +1.811804349e+04 +1.811804349e+04 +2.0725e-01 +1.0372e+00 -2.1147e-01 +6.1192e-02 -9.4310e-01
18 0 +1.256894956e+04 +1.237912956e+04 +1.237912956e+04 +2.2349e-01 +1.0559e+00 -2.1987e-01 +6.5940e-02 -9.6885e-01
19 0 +5.057399175e+03 +4.867579175e+03 +4.867579175e+03 +2.3483e-01 +1.0719e+00 -2.2634e-01 +6.9788e-02 -9.8754e-01
20 0 +3.782631040e+03 +3.592811040e+03 +3.592811040e+03 +2.3929e-01 +1.0787e+00 -2.2899e-01 +7.1398e-02 -9.9503e-01
25 0 +3.653452138e+03 +3.463632138e+03 +3.463632138e+03 +2.4251e-01 +1.0800e+00 -2.3015e-01 +7.1863e-02 -9.9939e-01
26 0 +3.505632450e+03 +3.315812450e+03 +3.315812450e+03 +2.4490e-01 +1.0828e+00 -2.3136e-01 +7.2413e-02 -1.0025e+00
27 0 +1.039528713e+03 +8.497087128e+02 +8.497087128e+02 +2.5422e-01 +1.0942e+00 -2.3619e-01 +7.4693e-02 -1.0150e+00
28 0 +7.812750984e+02 +5.914550984e+02 +5.914550984e+02 +2.5778e-01 +1.1000e+00 -2.3838e-01 +7.5976e-02 -1.0208e+00
29 0 +3.146522682e+02 +1.248322682e+02 +1.248322682e+02 +2.6080e-01 +1.1048e+00 -2.4020e-01 +7.7030e-02 -1.0255e+00
30 0 +2.718981462e+02 +8.207814623e+01 +8.207814623e+01 +2.6146e-01 +1.1059e+00 -2.4060e-01 +7.7260e-02 -1.0266e+00
35 0 +2.551573652e+02 +6.533736515e+01 +6.533736515e+01 +2.6302e-01 +1.1063e+00 -2.4025e-01 +7.6897e-02 -1.0266e+00
36 0 +1.928382461e+02 +3.018246101e+00 +3.018246101e+00 +2.6382e-01 +1.1081e+00 -2.4084e-01 +7.7288e-02 -1.0281e+00
37 0 +1.893828339e+02 -4.371660753e-01 -4.371660753e-01 +2.6387e-01 +1.1082e+00 -2.4087e-01 +7.7307e-02 -1.0281e+00
% f evaluations | g evaluations | best noise-free fitness - Fopt (-3.079000000000e+01) + sum g_i+ | measured fitness | best measured fitness or single-digit g-values | x1 | x2...
1 0 +1.050628318e+07 +1.050625239e+07 +1.050625239e+07 +0.0000e+00 +0.0000e+00 +0.0000e+00 +0.0000e+00 +0.0000e+00
4 0 +8.824365953e+06 +8.824335163e+06 +8.824335163e+06 +0.0000e+00 +5.0000e-01 +0.0000e+00 +0.0000e+00 +0.0000e+00
8 0 +6.043243878e+06 +6.043213088e+06 +6.043213088e+06 -2.6843e-01 +7.2777e-01 -3.2558e-01 -1.3899e-01 +2.7290e-02
9 0 +3.206102621e+06 +3.206071831e+06 +3.206071831e+06 -7.7096e-01 +9.9552e-01 -9.3513e-01 -3.9919e-01 +7.8380e-02
10 0 +2.700440198e+06 +2.700409408e+06 +2.700409408e+06 -7.8240e-01 +1.2960e+00 -9.7764e-01 -3.4027e-01 +2.2768e-01
11 0 +1.196497804e+06 +1.196467014e+06 +1.196467014e+06 -1.0667e+00 +1.3563e+00 -1.3356e+00 -4.5764e-01 +3.2473e-01
12 0 +8.358151671e+05 +8.357843771e+05 +8.357843771e+05 -1.1010e+00 +1.5028e+00 -1.3965e+00 -4.3177e-01 +4.2788e-01
13 0 +6.568835788e+05 +6.568527888e+05 +6.568527888e+05 -1.1974e+00 +1.5553e+00 -1.3760e+00 -4.9125e-01 +4.1586e-01
14 0 +5.233031810e+05 +5.232723910e+05 +5.232723910e+05 -1.1779e+00 +1.6028e+00 -1.4462e+00 -5.5748e-01 +3.9579e-01
15 0 +4.503145350e+05 +4.502837450e+05 +4.502837450e+05 -1.2190e+00 +1.6294e+00 -1.4925e+00 -5.1873e-01 +3.5746e-01
16 0 +3.720444438e+05 +3.720136538e+05 +3.720136538e+05 -1.2676e+00 +1.6341e+00 -1.5440e+00 -5.4154e-01 +4.0187e-01
17 0 +3.147971173e+05 +3.147663273e+05 +3.147663273e+05 -1.2912e+00 +1.7142e+00 -1.5587e+00 -5.5666e-01 +4.1135e-01
18 0 +2.708062043e+05 +2.707754143e+05 +2.707754143e+05 -1.3388e+00 +1.7204e+00 -1.5910e+00 -6.0755e-01 +3.7160e-01
19 0 +2.285730717e+05 +2.285422817e+05 +2.285422817e+05 -1.3307e+00 +1.7450e+00 -1.6736e+00 -6.0947e-01 +3.7575e-01
20 0 +1.766551783e+05 +1.766243883e+05 +1.766243883e+05 -1.4014e+00 +1.7710e+00 -1.7097e+00 -5.9257e-01 +3.9132e-01
21 0 +1.191018796e+05 +1.190710896e+05 +1.190710896e+05 -1.4371e+00 +1.8008e+00 -1.7447e+00 -6.4052e-01 +4.3417e-01
22 0 +3.699943341e+04 +3.696864341e+04 +3.696864341e+04 -1.5154e+00 +1.8926e+00 -1.8236e+00 -6.8918e-01 +4.5065e-01
23 0 +2.463886887e+04 +2.460807887e+04 +2.460807887e+04 -1.5358e+00 +1.9230e+00 -1.8448e+00 -6.8841e-01 +4.3645e-01
24 0 +1.806271109e+04 +1.803192109e+04 +1.803192109e+04 -1.5512e+00 +1.9162e+00 -1.8633e+00 -6.9592e-01 +4.4475e-01
25 0 +1.640850977e+04 +1.637771977e+04 +1.637771977e+04 -1.5515e+00 +1.9231e+00 -1.8661e+00 -6.9191e-01 +4.5546e-01
26 0 +1.518893974e+04 +1.515814974e+04 +1.515814974e+04 -1.5603e+00 +1.9261e+00 -1.8603e+00 -6.9604e-01 +4.5777e-01
27 0 +1.308513547e+04 +1.305434547e+04 +1.305434547e+04 -1.5581e+00 +1.9312e+00 -1.8641e+00 -7.0586e-01 +4.5920e-01
28 0 +9.627928878e+03 +9.597138878e+03 +9.597138878e+03 -1.5646e+00 +1.9367e+00 -1.8718e+00 -7.0911e-01 +4.6019e-01
29 0 +4.378046965e+03 +4.347256965e+03 +4.347256965e+03 -1.5824e+00 +1.9494e+00 -1.8907e+00 -7.1426e-01 +4.6232e-01
30 0 +3.747032761e+03 +3.716242761e+03 +3.716242761e+03 -1.5906e+00 +1.9508e+00 -1.8954e+00 -7.0984e-01 +4.6220e-01
31 0 +3.129764917e+03 +3.098974917e+03 +3.098974917e+03 -1.5945e+00 +1.9518e+00 -1.9012e+00 -7.1736e-01 +4.6924e-01
32 0 +2.808849995e+03 +2.778059995e+03 +2.778059995e+03 -1.5951e+00 +1.9597e+00 -1.9018e+00 -7.1874e-01 +4.6778e-01
33 0 +2.746019688e+03 +2.715229688e+03 +2.715229688e+03 -1.5961e+00 +1.9590e+00 -1.9024e+00 -7.2055e-01 +4.6523e-01
35 0 +2.335679085e+03 +2.304889085e+03 +2.304889085e+03 -1.5965e+00 +1.9609e+00 -1.9097e+00 -7.2034e-01 +4.6479e-01
36 0 +6.980615489e+02 +6.672715489e+02 +6.672715489e+02 -1.6097e+00 +1.9692e+00 -1.9218e+00 -7.2326e-01 +4.6632e-01
37 0 +3.468080294e+02 +3.160180294e+02 +3.160180294e+02 -1.6142e+00 +1.9726e+00 -1.9279e+00 -7.2418e-01 +4.6670e-01
38 0 +2.262981927e+02 +1.955081927e+02 +1.955081927e+02 -1.6174e+00 +1.9743e+00 -1.9296e+00 -7.2494e-01 +4.6717e-01
39 0 +2.227727657e+02 +1.919827657e+02 +1.919827657e+02 -1.6220e+00 +1.9745e+00 -1.9259e+00 -7.2466e-01 +4.6792e-01
40 0 +1.386258563e+02 +1.078358563e+02 +1.078358563e+02 -1.6235e+00 +1.9758e+00 -1.9277e+00 -7.2554e-01 +4.6817e-01
41 0 +1.358755524e+02 +1.050855524e+02 +1.050855524e+02 -1.6236e+00 +1.9759e+00 -1.9279e+00 -7.2514e-01 +4.6789e-01
45 0 +1.228074822e+02 +9.201748217e+01 +9.201748217e+01 -1.6243e+00 +1.9759e+00 -1.9280e+00 -7.2517e-01 +4.6817e-01
46 0 +8.543983154e+01 +5.464983154e+01 +5.464983154e+01 -1.6251e+00 +1.9769e+00 -1.9295e+00 -7.2578e-01 +4.6825e-01
47 0 +6.075851633e+01 +2.996851633e+01 +2.996851633e+01 -1.6270e+00 +1.9782e+00 -1.9307e+00 -7.2631e-01 +4.6843e-01
48 0 +5.126382796e+01 +2.047382796e+01 +2.047382796e+01 -1.6285e+00 +1.9787e+00 -1.9309e+00 -7.2635e-01 +4.6856e-01
49 0 +4.914852057e+01 +1.835852057e+01 +1.835852057e+01 -1.6287e+00 +1.9785e+00 -1.9313e+00 -7.2623e-01 +4.6882e-01
50 0 +4.800309523e+01 +1.721309523e+01 +1.721309523e+01 -1.6286e+00 +1.9788e+00 -1.9314e+00 -7.2598e-01 +4.6879e-01
51 0 +4.524271184e+01 +1.445271184e+01 +1.445271184e+01 -1.6286e+00 +1.9791e+00 -1.9315e+00 -7.2622e-01 +4.6912e-01
52 0 +4.073746895e+01 +9.947468953e+00 +9.947468953e+00 -1.6287e+00 +1.9793e+00 -1.9319e+00 -7.2645e-01 +4.6896e-01
53 0 +3.603133722e+01 +5.241337222e+00 +5.241337222e+00 -1.6289e+00 +1.9795e+00 -1.9322e+00 -7.2662e-01 +4.6897e-01
54 0 +3.227557267e+01 +1.485572673e+00 +1.485572673e+00 -1.6291e+00 +1.9798e+00 -1.9326e+00 -7.2680e-01 +4.6900e-01
55 0 +3.143401996e+01 +6.440199556e-01 +6.440199556e-01 -1.6291e+00 +1.9799e+00 -1.9327e+00 -7.2685e-01 +4.6902e-01
61 0 +3.085350671e+01 +6.350670780e-02 +6.350670780e-02 -1.6292e+00 +1.9799e+00 -1.9328e+00 -7.2689e-01 +4.6901e-01
% f evaluations | g evaluations | best noise-free fitness - Fopt (2.090000000000e+01) + sum g_i+ | measured fitness | best measured fitness or single-digit g-values | x1 | x2...
1 0 +2.312956856e+06 +2.312977756e+06 +2.312977756e+06 +0.0000e+00 +0.0000e+00 +0.0000e+00 +0.0000e+00 +0.0000e+00
3 0 +2.114709930e+06 +2.114730830e+06 +2.114730830e+06 +5.0000e-01 +0.0000e+00 +0.0000e+00 +0.0000e+00 +0.0000e+00
6 0 +1.329488812e+06 +1.329509712e+06 +1.329509712e+06 +0.0000e+00 +0.0000e+00 +0.0000e+00 +5.0000e-01 +0.0000e+00
7 0 +9.578582575e+05 +9.578791575e+05 +9.578791575e+05 +0.0000e+00 +0.0000e+00 +0.0000e+00 +0.0000e+00 +5.0000e-01
8 0 +4.118587795e+05 +4.118796795e+05 +4.118796795e+05 +3.3245e-02 -7.3711e-03 -1.7828e-02 +1.6492e-01 +7.2724e-01
9 0 +2.885130414e+05 +2.885339414e+05 +2.885339414e+05 +5.2070e-02 -1.1545e-02 -2.7923e-02 +2.5831e-01 +8.2903e-01
10 0 +2.735031451e+05 +2.735240451e+05 +2.735240451e+05 +1.7529e-02 -5.6471e-02 -7.5522e-02 +2.5744e-01 +8.5563e-01
11 0 +2.624856831e+05 +2.625065831e+05 +2.625065831e+05 -3.2016e-03 -8.4703e-02 -2.5886e-02 +2.6103e-01 +8.7871e-01
13 0 +2.354485348e+05 +2.354694348e+05 +2.354694348e+05 -2.9313e-02 -4.3786e-02 -2.9017e-02 +2.6299e-01 +9.3037e-01
14 0 +2.003517240e+05 +2.003726240e+05 +2.003726240e+05 -2.3293e-02 -4.5295e-02 -3.2490e-02 +3.0073e-01 +9.6240e-01
15 0 +7.253279521e+04 +7.255369521e+04 +7.255369521e+04 -1.3599e-02 -6.6757e-02 -4.4183e-02 +4.8337e-01 +1.0395e+00
16 0 +3.616821118e+04 +3.618911118e+04 +3.618911118e+04 -1.9825e-02 -8.8612e-02 -6.9639e-02 +5.3141e-01 +1.1103e+00
17 0 +2.473429195e+04 +2.475519195e+04 +2.475519195e+04 -2.5274e-02 -1.0037e-01 -8.5097e-02 +5.3923e-01 +1.1473e+00
18 0 +1.861468082e+04 +1.863558082e+04 +1.863558082e+04 -2.9322e-02 -1.0756e-01 -9.5161e-02 +5.3793e-01 +1.1697e+00
19 0 +1.196257517e+04 +1.198347517e+04 +1.198347517e+04 -2.0881e-02 -1.0083e-01 -8.9237e-02 +5.5099e-01 +1.1850e+00
20 0 +1.011539089e+04 +1.013629089e+04 +1.013629089e+04 -2.9973e-02 -9.8078e-02 -9.0348e-02 +5.5960e-01 +1.1883e+00
21 0 +9.495071877e+03 +9.515971877e+03 +9.515971877e+03 -3.0457e-02 -1.0358e-01 -8.6436e-02 +5.6192e-01 +1.1897e+00
22 0 +8.803732581e+03 +8.824632581e+03 +8.824632581e+03 -2.8490e-02 -1.0495e-01 -8.9281e-02 +5.6521e-01 +1.1903e+00
23 0 +7.678685657e+03 +7.699585657e+03 +7.699585657e+03 -2.7901e-02 -1.0471e-01 -8.9389e-02 +5.6734e-01 +1.1948e+00
24 0 +4.955209002e+03 +4.976109002e+03 +4.976109002e+03 -2.2592e-02 -1.0002e-01 -8.4147e-02 +5.8324e-01 +1.2031e+00
25 0 +3.261592177e+03 +3.282492177e+03 +3.282492177e+03 -2.5071e-02 -1.0442e-01 -8.9471e-02 +5.9230e-01 +1.2193e+00
26 0 +3.191359543e+03 +3.212259543e+03 +3.212259543e+03 -2.4384e-02 -1.0659e-01 -9.2177e-02 +5.9762e-01 +1.2165e+00
28 0 +3.034386024e+03 +3.055286024e+03 +3.055286024e+03 -2.2392e-02 -1.0915e-01 -8.9161e-02 +5.9906e-01 +1.2183e+00
29 0 +2.774431578e+03 +2.795331578e+03 +2.795331578e+03 -2.1704e-02 -1.0646e-01 -8.8734e-02 +6.0217e-01 +1.2210e+00
30 0 +2.438017533e+03 +2.458917533e+03 +2.458917533e+03 -2.1884e-02 -1.0735e-01 -8.9918e-02 +6.0426e-01 +1.2253e+00
31 0 +9.569110730e+02 +9.778110730e+02 +9.778110730e+02 -2.3559e-02 -1.1475e-01 -9.5911e-02 +6.1013e-01 +1.2418e+00
32 0 +3.773803111e+02 +3.982803111e+02 +3.982803111e+02 -2.3245e-02 -1.1856e-01 -9.9788e-02 +6.1763e-01 +1.2498e+00
33 0 +2.715044727e+02 +2.924044727e+02 +2.924044727e+02 -2.2508e-02 -1.1923e-01 -1.0093e-01 +6.2154e-01 +1.2509e+00
35 0 +1.406248695e+02 +1.615248695e+02 +1.615248695e+02 -2.2069e-02 -1.1932e-01 -1.0129e-01 +6.2399e-01 +1.2544e+00
36 0 +1.373168546e+02 +1.582168546e+02 +1.582168546e+02 -2.1847e-02 -1.2001e-01 -1.0102e-01 +6.2404e-01 +1.2544e+00
38 0 +1.312951374e+02 +1.521951374e+02 +1.521951374e+02 -2.1479e-02 -1.2029e-01 -1.0197e-01 +6.2390e-01 +1.2547e+00
39 0 +1.132424003e+02 +1.341424003e+02 +1.341424003e+02 -2.1377e-02 -1.2027e-01 -1.0200e-01 +6.2434e-01 +1.2553e+00
40 0 +6.934538472e+01 +9.024538472e+01 +9.024538472e+01 -2.1179e-02 -1.2043e-01 -1.0213e-01 +6.2559e-01 +1.2582e+00
41 0 +6.287950054e+01 +8.377950054e+01 +8.377950054e+01 -2.0735e-02 -1.2052e-01 -1.0247e-01 +6.2730e-01 +1.2579e+00
42 0 +5.404333893e+01 +7.494333893e+01 +7.494333893e+01 -2.1168e-02 -1.2132e-01 -1.0349e-01 +6.2766e-01 +1.2591e+00
43 0 +4.374277106e+01 +6.464277106e+01 +6.464277106e+01 -1.9697e-02 -1.2115e-01 -1.0372e-01 +6.2767e-01 +1.2601e+00
44 0 +3.907157690e+01 +5.997157690e+01 +5.997157690e+01 -1.9472e-02 -1.2217e-01 -1.0277e-01 +6.2793e-01 +1.2605e+00
45 0 +3.105039530e+01 +5.195039530e+01 +5.195039530e+01 -1.9663e-02 -1.2164e-01 -1.0236e-01 +6.2857e-01 +1.2616e+00
46 0 +2.748797590e+01 +4.838797590e+01 +4.838797590e+01 -1.9152e-02 -1.2188e-01 -1.0247e-01 +6.2928e-01 +1.2628e+00
% f evaluations | g evaluations | best noise-free fitness - Fopt (-1.000000000000e+03) + sum g_i+ | measured fitness | best measured fitness or single-digit g-values | x1 | x2...
1 0 +5.356025026e+06 +5.355025026e+06 +5.355025026e+06 +0.0000e+00 +0.0000e+00 +0.0000e+00 +0.0000e+00 +0.0000e+00
3 0 +4.996113904e+06 +4.995113904e+06 +4.995113904e+06 +5.0000e-01 +0.0000e+00 +0.0000e+00 +0.0000e+00 +0.0000e+00
6 0 +4.626578570e+06 +4.625578570e+06 +4.625578570e+06 +0.0000e+00 +0.0000e+00 +0.0000e+00 +5.0000e-01 +0.0000e+00
7 0 +2.689456355e+06 +2.688456355e+06 +2.688456355e+06 +0.0000e+00 +0.0000e+00 +0.0000e+00 +0.0000e+00 +5.0000e-01
8 0 +1.961187000e+06 +1.960187000e+06 +1.960187000e+06 +5.1820e-02 -1.2817e-01 -1.2646e-01 +1.0503e-01 +8.8393e-01
9 0 +6.689226778e+05 +6.679226778e+05 +6.679226778e+05 +1.2764e-01 -3.1572e-01 -3.1151e-01 +2.5870e-01 +1.2121e+00
10 0 +5.026090416e+05 +5.016090416e+05 +5.016090416e+05 +1.5870e-01 -3.9254e-01 -3.8731e-01 +3.2165e-01 +1.3228e+00
11 0 +4.989509163e+05 +4.979509163e+05 +4.979509163e+05 +1.6202e-01 -3.5259e-01 -3.9540e-01 +3.2837e-01 +1.3471e+00
15 0 +4.705842478e+05 +4.695842478e+05 +4.695842478e+05 +1.1184e-01 -3.8954e-01 -4.0521e-01 +3.0594e-01 +1.4259e+00
16 0 +4.192719107e+05 +4.182719107e+05 +4.182719107e+05 +1.1969e-01 -4.0938e-01 -4.2517e-01 +3.1953e-01 +1.4642e+00
17 0 +1.471691839e+05 +1.461691839e+05 +1.461691839e+05 +1.5570e-01 -4.9944e-01 -5.1495e-01 +3.8052e-01 +1.6013e+00
18 0 +8.727913645e+04 +8.627913645e+04 +8.627913645e+04 +1.7993e-01 -5.5978e-01 -5.7486e-01 +4.2117e-01 +1.6823e+00
19 0 +4.207246080e+04 +4.107246080e+04 +4.107246080e+04 +1.9693e-01 -6.0216e-01 -6.1700e-01 +4.4978e-01 +1.7419e+00
20 0 +2.400320549e+04 +2.300320549e+04 +2.300320549e+04 +2.0565e-01 -6.2394e-01 -6.3867e-01 +4.6449e-01 +1.7733e+00
21 0 +1.639070022e+04 +1.539070022e+04 +1.539070022e+04 +2.1074e-01 -6.3666e-01 -6.5133e-01 +4.7309e-01 +1.7919e+00
22 0 +1.469146959e+04 +1.369146959e+04 +1.369146959e+04 +2.1388e-01 -5.8290e-01 -6.5899e-01 +4.8122e-01 +1.8189e+00
25 0 +1.437939652e+04 +1.337939652e+04 +1.337939652e+04 +2.0464e-01 -5.8421e-01 -6.5622e-01 +4.7532e-01 +1.8251e+00
26 0 +1.349239557e+04 +1.249239557e+04 +1.249239557e+04 +2.0581e-01 -5.8706e-01 -6.5921e-01 +4.7741e-01 +1.8309e+00
27 0 +1.268976221e+04 +1.168976221e+04 +1.168976221e+04 +2.0638e-01 -5.8838e-01 -6.6074e-01 +4.7855e-01 +1.8353e+00
28 0 +7.223119551e+03 +6.223119551e+03 +6.223119551e+03 +2.0885e-01 -5.9414e-01 -6.6726e-01 +4.8334e-01 +1.8525e+00
29 0 +3.620415634e+03 +2.620415634e+03 +2.620415634e+03 +2.1303e-01 -6.0423e-01 -6.7797e-01 +4.9092e-01 +1.8748e+00
30 0 +1.894215891e+03 +8.942158914e+02 +8.942158914e+02 +2.1508e-01 -6.0912e-01 -6.8328e-01 +4.9473e-01 +1.8869e+00
31 0 +1.222439848e+03 +2.224398477e+02 +2.224398477e+02 +2.1581e-01 -6.1085e-01 -6.8518e-01 +4.9610e-01 +1.8913e+00
32 0 +1.181996219e+03 +1.819962189e+02 +1.819962189e+02 +2.1605e-01 -6.0045e-01 -6.8573e-01 +4.9700e-01 +1.8949e+00
34 0 +1.135409173e+03 +1.354091728e+02 +1.354091728e+02 +2.0648e-01 -6.0105e-01 -6.8215e-01 +4.9770e-01 +1.8977e+00
35 0 +1.085427940e+03 +8.542794002e+01 +8.542794002e+01 +2.0659e-01 -6.0131e-01 -6.8243e-01 +4.9792e-01 +1.8984e+00
37 0 +1.046511958e+03 +4.651195777e+01 +4.651195777e+01 +2.0667e-01 -6.0153e-01 -6.8264e-01 +4.9736e-01 +1.8992e+00
41 0 +1.022123386e+03 +2.212338560e+01 +2.212338560e+01 +2.0600e-01 -6.0249e-01 -6.8290e-01 +4.9744e-01 +1.8996e+00
83 0 +9.743847419e+02 -2.561525808e+01 -2.561525808e+01 -5.6071e-01 +9.9057e-01 -3.2842e+00 -2.3462e+00 +2.4376e+00
103 0 +2.595607569e+02 -7.404392431e+02 -7.404392431e+02 -1.2392e+00 -2.4570e+00 -9.5949e-02 +1.1620e+00 +1.5086e+00
203 0 +1.781767732e+02 -8.218232268e+02 -8.218232268e+02 +1.9066e+00 +1.6355e+00 +2.1098e+00 +1.6000e+00 +3.1167e+00
% f evaluations | g evaluations | best noise-free fitness - Fopt (8.561000000000e+01) + sum g_i+ | measured fitness | best measured fitness or single-digit g-values | x1 | x2...
1 0 +5.122410777e+06 +5.122496387e+06 +5.122496387e+06 +0.0000e+00 +0.0000e+00 +0.0000e+00 +0.0000e+00 +0.0000e+00
4 0 +4.738157742e+06 +4.738243352e+06 +4.738243352e+06 +0.0000e+00 +5.0000e-01 +0.0000e+00 +0.0000e+00 +0.0000e+00
8 0 +3.284440017e+06 +3.284525627e+06 +3.284525627e+06 -3.5109e-01 +9.0831e-02 -1.7011e-01 +5.9122e-01 -2.8500e-01
9 0 +7.764981767e+05 +7.765837867e+05 +7.765837867e+05 -8.5981e-01 +5.7901e-01 -2.7057e-01 +1.0803e+00 -6.4463e-01
10 0 +3.893018471e+05 +3.893874571e+05 +3.893874571e+05 -9.5830e-01 +6.5647e-01 -3.6758e-01 +1.1580e+00 -8.1846e-01
11 0 +3.488178412e+05 +3.489034512e+05 +3.489034512e+05 -1.0238e+00 +6.6711e-01 -3.8902e-01 +1.1687e+00 -7.9225e-01
12 0 +3.361491660e+05 +3.362347760e+05 +3.362347760e+05 -1.0137e+00 +6.9779e-01 -3.9601e-01 +1.2382e+00 -7.8729e-01
13 0 +3.303809845e+05 +3.304665945e+05 +3.304665945e+05 -1.0332e+00 +6.3853e-01 -3.6890e-01 +1.2711e+00 -8.0311e-01
14 0 +3.109775893e+05 +3.110631993e+05 +3.110631993e+05 -1.0611e+00 +6.7220e-01 -3.2465e-01 +1.2690e+00 -8.2833e-01
15 0 +2.766093928e+05 +2.766950028e+05 +2.766950028e+05 -1.0839e+00 +6.7806e-01 -3.5005e-01 +1.2752e+00 -8.6384e-01
16 0 +2.426440109e+05 +2.427296209e+05 +2.427296209e+05 -1.1227e+00 +6.8939e-01 -3.6657e-01 +1.2873e+00 -8.8500e-01
17 0 +9.387546344e+04 +9.396107344e+04 +9.396107344e+04 -1.2839e+00 +7.3690e-01 -4.2641e-01 +1.3382e+00 -9.5989e-01
18 0 +3.508110113e+04 +3.516671113e+04 +3.516671113e+04 -1.3856e+00 +7.6689e-01 -4.6439e-01 +1.3702e+00 -1.0075e+00
19 0 +1.905455542e+04 +1.914016542e+04 +1.914016542e+04 -1.4305e+00 +7.8038e-01 -4.7603e-01 +1.3847e+00 -1.0209e+00
20 0 +1.059886953e+04 +1.068447953e+04 +1.068447953e+04 -1.4566e+00 +7.8830e-01 -4.8126e-01 +1.3931e+00 -1.0265e+00
23 0 +6.572449662e+03 +6.658059662e+03 +6.658059662e+03 -1.4699e+00 +7.9268e-01 -4.8524e-01 +1.3972e+00 -1.0355e+00
25 0 +6.408831726e+03 +6.494441726e+03 +6.494441726e+03 -1.4693e+00 +7.9115e-01 -4.9234e-01 +1.3976e+00 -1.0338e+00
26 0 +5.222349998e+03 +5.307959998e+03 +5.307959998e+03 -1.4741e+00 +7.9276e-01 -4.9487e-01 +1.3992e+00 -1.0384e+00
27 0 +3.204657210e+03 +3.290267210e+03 +3.290267210e+03 -1.4887e+00 +7.9881e-01 -4.9612e-01 +1.4034e+00 -1.0536e+00
28 0 +3.142472840e+03 +3.228082840e+03 +3.228082840e+03 -1.4921e+00 +7.9924e-01 -4.9620e-01 +1.4039e+00 -1.0508e+00
30 0 +2.851248453e+03 +2.936858453e+03 +2.936858453e+03 -1.4944e+00 +7.9967e-01 -4.9983e-01 +1.4049e+00 -1.0531e+00
31 0 +2.670392301e+03 +2.756002301e+03 +2.756002301e+03 -1.4958e+00 +8.0405e-01 -5.0039e-01 +1.4037e+00 -1.0546e+00
32 0 +2.345965090e+03 +2.431575090e+03 +2.431575090e+03 -1.4993e+00 +8.0444e-01 -4.9997e-01 +1.4051e+00 -1.0579e+00
33 0 +6.857917803e+02 +7.714017803e+02 +7.714017803e+02 -1.5132e+00 +8.0837e-01 -5.0489e-01 +1.4097e+00 -1.0699e+00
34 0 +3.095286208e+02 +3.951386208e+02 +3.951386208e+02 -1.5199e+00 +8.0957e-01 -5.0532e-01 +1.4122e+00 -1.0760e+00
35 0 +1.336180246e+02 +2.192280246e+02 +2.192280246e+02 -1.5239e+00 +8.1068e-01 -5.0669e-01 +1.4136e+00 -1.0794e+00
36 0 +6.489262126e+01 +1.505026213e+02 +1.505026213e+02 -1.5262e+00 +8.1146e-01 -5.0788e-01 +1.4143e+00 -1.0813e+00
37 0 +6.253186112e+01 +1.481418611e+02 +1.481418611e+02 -1.5294e+00 +8.1181e-01 -5.0817e-01 +1.4146e+00 -1.0774e+00
39 0 +4.279114002e+01 +1.284011400e+02 +1.284011400e+02 -1.5294e+00 +8.1426e-01 -5.0906e-01 +1.4195e+00 -1.0781e+00
40 0 +4.220529035e+01 +1.278152903e+02 +1.278152903e+02 -1.5297e+00 +8.1435e-01 -5.0849e-01 +1.4195e+00 -1.0783e+00
42 0 +3.805291768e+01 +1.236629177e+02 +1.236629177e+02 -1.5301e+00 +8.1402e-01 -5.0867e-01 +1.4198e+00 -1.0786e+00
43 0 +1.864155134e+01 +1.042515513e+02 +1.042515513e+02 -1.5314e+00 +8.1457e-01 -5.0942e-01 +1.4202e+00 -1.0797e+00
45 0 +1.852408976e+01 +1.041340898e+02 +1.041340898e+02 -1.5319e+00 +8.1467e-01 -5.0955e-01 +1.4202e+00 -1.0790e+00
46 0 +1.269907768e+01 +9.830907768e+01 +9.830907768e+01 -1.5332e+00 +8.1788e-01 -5.0799e-01 +1.4194e+00 -1.0799e+00
49 0 +1.155185785e+01 +9.716185785e+01 +9.716185785e+01 -1.5326e+00 +8.1897e-01 -5.0942e-01 +1.4198e+00 -1.0799e+00
51 0 +1.081206521e+01 +9.642206521e+01 +9.642206521e+01 -1.5329e+00 +8.1910e-01 -5.0956e-01 +1.4199e+00 -1.0802e+00
53 0 +1.043138800e+01 +9.604138800e+01 +9.604138800e+01 -1.5335e+00 +8.1915e-01 -5.0999e-01 +1.4200e+00 -1.0801e+00
% f evaluations | g evaluations | best noise-free fitness - Fopt (-4.439500000000e+02) + sum g_i+ | measured fitness | best measured fitness or single-digit g-values | x1 | x2...
1 0 +3.818379566e+05 +3.813940066e+05 +3.813940066e+05 +0.0000e+00 +0.0000e+00 +0.0000e+00 +0.0000e+00 +0.0000e+00
4 0 +3.653909796e+05 +3.649470296e+05 +3.649470296e+05 +0.0000e+00 +5.0000e-01 +0.0000e+00 +0.0000e+00 +0.0000e+00
5 0 +2.159675383e+05 +2.155235883e+05 +2.155235883e+05 +0.0000e+00 +0.0000e+00 +5.0000e-01 +0.0000e+00 +0.0000e+00
6 0 +1.307962097e+05 +1.303522597e+05 +1.303522597e+05 +0.0000e+00 +0.0000e+00 +0.0000e+00 +5.0000e-01 +0.0000e+00
8 0 +6.470657258e+04 +6.426262258e+04 +6.426262258e+04 -2.4470e-02 +2.7292e-03 +2.7524e-02 +5.4166e-01 -8.7841e-02
9 0 +4.434988827e+04 +4.390593827e+04 +4.390593827e+04 -3.7398e-02 +4.1710e-03 +4.2065e-02 +5.5846e-01 -1.3425e-01
10 0 +2.720364244e+04 +2.675969244e+04 +2.675969244e+04 -6.3318e-02 +7.0618e-03 +7.1220e-02 +6.0649e-01 -1.3896e-01
13 0 +1.927481828e+04 +1.883086828e+04 +1.883086828e+04 -5.2126e-02 +5.9510e-03 +6.1617e-02 +6.3556e-01 -1.5793e-01
14 0 +6.236422823e+03 +5.792472823e+03 +5.792472823e+03 -6.4051e-02 +7.5944e-03 +8.1843e-02 +6.5656e-01 -1.9386e-01
15 0 +4.686514318e+03 +4.242564318e+03 +4.242564318e+03 -6.9876e-02 +8.3204e-03 +9.0054e-02 +6.5814e-01 -2.0203e-01
16 0 +3.678675031e+03 +3.234725031e+03 +3.234725031e+03 -6.9700e-02 +8.3987e-03 +9.1986e-02 +6.7031e-01 -2.0505e-01
17 0 +3.488769406e+03 +3.044819406e+03 +3.044819406e+03 -6.7315e-02 +8.1742e-03 +9.0205e-02 +6.7026e-01 -2.1162e-01
18 0 +3.359139648e+03 +2.915189648e+03 +2.915189648e+03 -6.5192e-02 +1.1022e-02 +9.3611e-02 +6.7079e-01 -2.1233e-01
19 0 +3.216770731e+03 +2.772820731e+03 +2.772820731e+03 -6.8170e-02 +1.4445e-02 +9.2769e-02 +6.7202e-01 -2.1381e-01
20 0 +2.921933762e+03 +2.477983762e+03 +2.477983762e+03 -7.0153e-02 +1.3150e-02 +9.5673e-02 +6.7410e-01 -2.1638e-01
21 0 +2.610991437e+03 +2.167041437e+03 +2.167041437e+03 -7.0313e-02 +1.3334e-02 +9.6816e-02 +6.7844e-01 -2.1856e-01
22 0 +1.234717034e+03 +7.907670345e+02 +7.907670345e+02 -6.8190e-02 +1.6144e-02 +9.8188e-02 +6.9681e-01 -2.2551e-01
23 0 +5.319384116e+02 +8.798841163e+01 +8.798841163e+01 -6.8417e-02 +1.7377e-02 +1.0067e-01 +7.0613e-01 -2.3089e-01
24 0 +4.803031249e+02 +3.635312491e+01 +3.635312491e+01 -6.8492e-02 +1.7505e-02 +1.0101e-01 +7.0715e-01 -2.3155e-01
29 0 +4.593874983e+02 +1.543749834e+01 +1.543749834e+01 -6.9080e-02 +1.7893e-02 +1.0083e-01 +7.0777e-01 -2.3164e-01
30 0 +4.454891803e+02 +1.539180254e+00 +1.539180254e+00 -6.9094e-02 +1.7904e-02 +1.0096e-01 +7.0807e-01 -2.3183e-01
171 0 +4.357001237e+02 -8.249876347e+00 -8.249876347e+00 +1.2396e-02 -3.8608e+00 +4.1830e+00 +1.2078e+00 +2.9755e+00
198 0 +3.625636692e+02 -8.138633084e+01 -8.138633084e+01 -2.9863e+00 +3.4012e-01 -2.0206e+00 +2.9668e+00 +1.8503e+00
199 0 +3.102387850e+02 -1.337112150e+02 -1.337112150e+02 -2.9863e+00 +3.4012e-01 -2.0281e+00 +2.9743e+00 +1.8503e+00
201 0 +2.692625909e+02 -1.746874091e+02 -1.746874091e+02 -2.9938e+00 +3.4012e-01 -2.0281e+00 +2.9668e+00 +1.8428e+00
% f evaluations | g evaluations | best noise-free fitness - Fopt (-5.860400000000e+02) + sum g_i+ | measured fitness | best measured fitness or single-digit g-values | x1 | x2...
1 0 +4.381426049e+06 +4.380840009e+06 +4.380840009e+06 +0.0000e+00 +0.0000e+00 +0.0000e+00 +0.0000e+00 +0.0000e+00
3 0 +3.940336793e+06 +3.939750753e+06 +3.939750753e+06 +5.0000e-01 +0.0000e+00 +0.0000e+00 +0.0000e+00 +0.0000e+00
4 0 +3.316211909e+06 +3.315625869e+06 +3.315625869e+06 +0.0000e+00 +5.0000e-01 +0.0000e+00 +0.0000e+00 +0.0000e+00
8 0 +1.724010629e+06 +1.723424589e+06 +1.723424589e+06 +1.5477e-01 +8.7376e-01 +1.3346e-01 +2.6151e-01 +1.2480e-02
9 0 +3.918362351e+05 +3.912501951e+05 +3.912501951e+05 +3.3421e-01 +1.2644e+00 +2.9235e-01 +5.4387e-01 +5.4732e-02
10 0 +2.754333305e+05 +2.748472905e+05 +2.748472905e+05 +3.7684e-01 +1.3686e+00 +3.2899e-01 +6.1651e-01 +5.7353e-02
11 0 +2.704080330e+05 +2.698219930e+05 +2.698219930e+05 +3.5999e-01 +1.3998e+00 +3.1113e-01 +6.0469e-01 +3.3787e-02
13 0 +2.661276261e+05 +2.655415861e+05 +2.655415861e+05 +3.4903e-01 +1.4227e+00 +2.8981e-01 +5.9782e-01 +9.0080e-02
15 0 +2.315769774e+05 +2.309909374e+05 +2.309909374e+05 +3.6516e-01 +1.4593e+00 +3.0282e-01 +6.2476e-01 +9.1085e-02
16 0 +8.491860924e+04 +8.433256924e+04 +8.433256924e+04 +4.7050e-01 +1.5932e+00 +3.3839e-01 +7.2085e-01 +6.9285e-02
17 0 +3.841111420e+04 +3.782507420e+04 +3.782507420e+04 +4.9520e-01 +1.6858e+00 +3.4627e-01 +7.6004e-01 +4.8429e-02
18 0 +2.909344211e+04 +2.850740211e+04 +2.850740211e+04 +4.8713e-01 +1.7246e+00 +3.4316e-01 +7.6606e-01 +3.7452e-02
19 0 +1.818919337e+04 +1.760315337e+04 +1.760315337e+04 +5.0447e-01 +1.7395e+00 +3.5818e-01 +7.8825e-01 +4.6104e-02
20 0 +1.245705439e+04 +1.187101439e+04 +1.187101439e+04 +4.9948e-01 +1.7609e+00 +3.5863e-01 +7.9341e-01 +4.2671e-02
21 0 +1.201058364e+04 +1.142454364e+04 +1.142454364e+04 +5.0150e-01 +1.7616e+00 +3.5358e-01 +7.9666e-01 +4.2271e-02
23 0 +1.141744789e+04 +1.083140789e+04 +1.083140789e+04 +5.0648e-01 +1.7649e+00 +3.5319e-01 +7.9296e-01 +4.2567e-02
24 0 +1.002170893e+04 +9.435668928e+03 +9.435668928e+03 +5.0787e-01 +1.7686e+00 +3.5460e-01 +7.9566e-01 +4.2902e-02
25 0 +5.819267276e+03 +5.233227276e+03 +5.233227276e+03 +5.1168e-01 +1.7857e+00 +3.5803e-01 +8.0465e-01 +4.1637e-02
26 0 +3.929373404e+03 +3.343333404e+03 +3.343333404e+03 +5.1148e-01 +1.8043e+00 +3.5656e-01 +8.0860e-01 +3.5504e-02
27 0 +3.261309939e+03 +2.675269939e+03 +2.675269939e+03 +5.1825e-01 +1.8075e+00 +3.6052e-01 +8.1484e-01 +3.7415e-02
29 0 +3.222405925e+03 +2.636365925e+03 +2.636365925e+03 +5.1738e-01 +1.8086e+00 +3.6154e-01 +8.1428e-01 +3.9349e-02
31 0 +2.911574107e+03 +2.325534107e+03 +2.325534107e+03 +5.1825e-01 +1.8129e+00 +3.6206e-01 +8.1632e-01 +3.8572e-02
32 0 +2.578209569e+03 +1.992169569e+03 +1.992169569e+03 +5.2016e-01 +1.8162e+00 +3.6362e-01 +8.1913e-01 +3.9008e-02
33 0 +9.111553661e+02 +3.251153661e+02 +3.251153661e+02 +5.2805e-01 +1.8290e+00 +3.7011e-01 +8.3051e-01 +4.1107e-02
34 0 +6.437973316e+02 +5.775733162e+01 +5.775733162e+01 +5.2924e-01 +1.8322e+00 +3.7101e-01 +8.3257e-01 +4.0990e-02
35 0 +6.034613270e+02 +1.742132698e+01 +1.742132698e+01 +5.2947e-01 +1.8327e+00 +3.7119e-01 +8.3295e-01 +4.0984e-02
38 0 +6.020000859e+02 +1.596008588e+01 +1.596008588e+01 +5.2854e-01 +1.8328e+00 +3.7209e-01 +8.3299e-01 +4.1057e-02
41 0 +5.861458250e+02 +1.058250201e-01 +1.058250201e-01 +5.2866e-01 +1.8330e+00 +3.7220e-01 +8.3317e-01 +4.1101e-02
169 0 +5.703554655e+02 -1.568453454e+01 -1.568453454e+01 -9.3438e-01 +1.4233e+00 +9.3749e-01 +1.7964e+00 +4.4763e+00
170 0 +5.567671389e+02 -2.927286109e+01 -2.927286109e+01 -9.3436e-01 +1.4239e+00 +9.3710e-01 +1.7963e+00 +4.4765e+00
% f evaluations | g evaluations | best noise-free fitness - Fopt (-1.000000000000e+03) + sum g_i+ | measured fitness | best measured fitness or single-digit g-values | x1 | x2...
1 0 +1.170476118e+05 +1.160476118e+05 +1.160476118e+05 +0.0000e+00 +0.0000e+00 +0.0000e+00 +0.0000e+00 +0.0000e+00
3 0 +6.610287938e+02 -3.389712062e+02 -3.389712062e+02 +5.0000e-01 +0.0000e+00 +0.0000e+00 +0.0000e+00 +0.0000e+00
10 0 +1.299631714e+02 -8.700368286e+02 -8.700368286e+02 +5.0000e-01 -7.0711e-02 +0.0000e+00 -7.1063e-02 +0.0000e+00
94 0 +4.364522526e+01 -9.563547747e+02 -9.563547747e+02 +1.8020e-01 +5.5774e-01 -4.5711e+00 -7.1835e-01 +1.0705e+00
95 0 +3.322994798e+01 -9.667700520e+02 -9.667700520e+02 +2.3119e-01 +5.5774e-01 -4.5711e+00 -7.1835e-01 +1.1419e+00
181 0 +1.675563110e+01 -9.832443689e+02 -9.832443689e+02 +2.3828e+00 +1.2796e-01 -2.0498e+00 -1.5495e+00 +2.6273e+00
