% f evaluations | g evaluations | best noise-free fitness - Fopt (-1.000000000000e+03) + sum g_i+ | measured fitness | best measured fitness or single-digit g-values | x1 | x2...
1 0 +8.057169867e+01 -9.194283013e+02 -9.194283013e+02 +0.0000e+00 +0.0000e+00 +0.0000e+00 +0.0000e+00 +0.0000e+00
3 0 +5.435129452e+01 -9.456487055e+02 -9.456487055e+02 +1.0000e+00 +0.0000e+00 +0.0000e+00 +0.0000e+00 +0.0000e+00
% f evaluations | g evaluations | best noise-free fitness - Fopt (1.000000000000e+03) + sum g_i+ | measured fitness | best measured fitness or single-digit g-values | x1 | x2...
1 0 +7.299933294e+01 +1.072999333e+03 +1.072999333e+03 +0.0000e+00 +0.0000e+00 +0.0000e+00 +0.0000e+00 +0.0000e+00
3 0 +5.432329943e+01 +1.054323299e+03 +1.054323299e+03 +1.0000e+00 +0.0000e+00 +0.0000e+00 +0.0000e+00 +0.0000e+00
8 0 +4.024194581e+01 +1.040241946e+03 +1.040241946e+03 +1.9288e+00 -2.5064e-01 +4.7170e-02 -2.3854e-01 +1.2387e-01
12 0 +3.760325158e+01 +1.037603252e+03 +1.037603252e+03 +2.1213e+00 +2.0865e-01 +5.4940e-02 -2.7783e-01 +1.4428e-01
15 0 +3.538839343e+01 +1.035388393e+03 +1.035388393e+03 +2.0742e+00 +2.1476e-01 +6.1809e-02 -5.0519e-01 +1.0090e-02
16 0 +3.262650425e+01 +1.032626504e+03 +1.032626504e+03 +2.0134e+00 +2.4450e-01 +1.3008e-01 -5.1709e-01 +3.4840e-02
17 0 +3.044325102e+01 +1.030443251e+03 +1.030443251e+03 +2.0319e+00 +2.4288e-01 +2.1590e-01 -5.5567e-01 +6.3116e-02
18 0 +2.841627327e+01 +1.028416273e+03 +1.028416273e+03 +1.9962e+00 +2.7401e-01 +3.0209e-01 -5.7214e-01 +5.5633e-02
19 0 +2.817518721e+01 +1.028175187e+03 +1.028175187e+03 +1.9485e+00 +1.9271e-01 +3.3542e-01 -5.7420e-01 +5.7007e-02
20 0 +2.706939137e+01 +1.027069391e+03 +1.027069391e+03 +1.9120e+00 +2.2221e-01 +3.6911e-01 -6.2782e-01 +1.1855e-01
21 0 +2.645907613e+01 +1.026459076e+03 +1.026459076e+03 +1.9243e+00 +2.3756e-01 +4.5035e-01 -6.7954e-01 +1.0015e-01
23 0 +2.569280839e+01 +1.025692808e+03 +1.025692808e+03 +1.8834e+00 +2.6078e-01 +4.6015e-01 -6.8042e-01 +8.6483e-02
24 0 +2.504641718e+01 +1.025046417e+03 +1.025046417e+03 +1.8432e+00 +2.8158e-01 +4.7430e-01 -6.9641e-01 +8.4959e-02
25 0 +2.324332895e+01 +1.023243329e+03 +1.023243329e+03 +1.6880e+00 +3.5999e-01 +5.3402e-01 -7.7476e-01 +9.1972e-02
26 0 +2.208491178e+01 +1.022084912e+03 +1.022084912e+03 +1.5646e+00 +4.1470e-01 +5.9933e-01 -8.9638e-01 +1.4408e-01
28 0 +2.169692851e+01 +1.021696929e+03 +1.021696929e+03 +1.5921e+00 +4.3586e-01 +6.2707e-01 -9.1082e-01 +1.1851e-01
31 0 +2.100141379e+01 +1.021001414e+03 +1.021001414e+03 +1.6052e+00 +5.4693e-01 +6.2863e-01 -9.3929e-01 +1.2972e-01
32 0 +1.936513646e+01 +1.019365136e+03 +1.019365136e+03 +1.6980e+00 +5.7475e-01 +6.8757e-01 -1.0903e+00 +1.9567e-01
33 0 +1.800794655e+01 +1.018007947e+03 +1.018007947e+03 +1.7338e+00 +6.9025e-01 +7.2716e-01 -1.1619e+00 +3.3236e-01
34 0 +1.668461966e+01 +1.016684620e+03 +1.016684620e+03 +1.7735e+00 +7.5794e-01 +8.9303e-01 -1.2403e+00 +3.4604e-01
35 0 +1.494260772e+01 +1.014942608e+03 +1.014942608e+03 +1.8102e+00 +8.5846e-01 +9.3168e-01 -1.4039e+00 +3.6262e-01
36 0 +9.767994717e+00 +1.009767995e+03 +1.009767995e+03 +1.9256e+00 +1.3488e+00 +1.1381e+00 -1.9591e+00 +5.5083e-01
39 0 +7.524251368e+00 +1.007524251e+03 +1.007524251e+03 +1.8693e+00 +2.3670e+00 +2.2343e+00 -2.0074e+00 +1.1130e+00
46 0 +7.089891189e+00 +1.007089891e+03 +1.007089891e+03 +2.0596e+00 +2.3921e+00 +2.1878e+00 -2.0356e+00 +1.0981e+00
47 0 +6.971381427e+00 +1.006971381e+03 +1.006971381e+03 +2.0475e+00 +2.4055e+00 +2.1694e+00 -2.0778e+00 +1.1037e+00
49 0 +6.868666266e+00 +1.006868666e+03 +1.006868666e+03 +2.0504e+00 +2.3929e+00 +2.1861e+00 -2.0915e+00 +1.0930e+00
50 0 +6.627729194e+00 +1.006627729e+03 +1.006627729e+03 +2.0644e+00 +2.3623e+00 +2.1881e+00 -2.1157e+00 +1.1208e+00
51 0 +6.578267731e+00 +1.006578268e+03 +1.006578268e+03 +2.0773e+00 +2.3798e+00 +2.2208e+00 -2.1348e+00 +1.1452e+00
56 0 +6.449478298e+00 +1.006449478e+03 +1.006449478e+03 +2.0622e+00 +2.3639e+00 +2.2167e+00 -2.1568e+00 +1.1647e+00
57 0 +6.240159644e+00 +1.006240160e+03 +1.006240160e+03 +2.0497e+00 +2.3803e+00 +2.1992e+00 -2.1849e+00 +1.1737e+00
58 0 +5.845453021e+00 +1.005845453e+03 +1.005845453e+03 +1.9915e+00 +2.4500e+00 +2.1538e+00 -2.3085e+00 +1.1707e+00
61 0 +5.325271004e+00 +1.005325271e+03 +1.005325271e+03 +2.0077e+00 +2.4150e+00 +2.1952e+00 -2.3758e+00 +1.1904e+00
64 0 +5.247606521e+00 +1.005247607e+03 +1.005247607e+03 +2.0300e+00 +2.4108e+00 +2.1928e+00 -2.4045e+00 +1.2064e+00
67 0 +5.126758462e+00 +1.005126758e+03 +1.005126758e+03 +2.0221e+00 +2.4143e+00 +2.1740e+00 -2.4165e+00 +1.2056e+00
69 0 +4.948397110e+00 +1.004948397e+03 +1.004948397e+03 +1.9989e+00 +2.4196e+00 +2.1713e+00 -2.4396e+00 +1.2182e+00
70 0 +4.674799041e+00 +1.004674799e+03 +1.004674799e+03 +1.9671e+00 +2.4479e+00 +2.1312e+00 -2.4870e+00 +1.2452e+00
71 0 +4.433969215e+00 +1.004433969e+03 +1.004433969e+03 +1.9335e+00 +2.3892e+00 +2.1068e+00 -2.5220e+00 +1.2481e+00
72 0 +4.300005761e+00 +1.004300006e+03 +1.004300006e+03 +1.9177e+00 +2.3765e+00 +2.1271e+00 -2.5805e+00 +1.2945e+00
73 0 +4.152024101e+00 +1.004152024e+03 +1.004152024e+03 +1.9069e+00 +2.3890e+00 +2.1378e+00 -2.6322e+00 +1.2366e+00
75 0 +3.985916043e+00 +1.003985916e+03 +1.003985916e+03 +1.9079e+00 +2.3886e+00 +2.1000e+00 -2.6649e+00 +1.2367e+00
76 0 +3.707829117e+00 +1.003707829e+03 +1.003707829e+03 +1.8218e+00 +2.3730e+00 +2.0144e+00 -2.7673e+00 +1.2248e+00
78 0 +3.628770545e+00 +1.003628771e+03 +1.003628771e+03 +1.8230e+00 +2.3810e+00 +2.0279e+00 -2.7830e+00 +1.2428e+00
85 0 +3.517796399e+00 +1.003517796e+03 +1.003517796e+03 +1.8136e+00 +2.3799e+00 +2.0515e+00 -2.8269e+00 +1.2510e+00
86 0 +3.442456751e+00 +1.003442457e+03 +1.003442457e+03 +1.7861e+00 +2.3774e+00 +2.0723e+00 -2.8990e+00 +1.2523e+00
89 0 +3.367087601e+00 +1.003367088e+03 +1.003367088e+03 +1.7998e+00 +2.4111e+00 +2.0956e+00 -2.9012e+00 +1.2594e+00
93 0 +3.310839467e+00 +1.003310839e+03 +1.003310839e+03 +1.7705e+00 +2.4417e+00 +2.0843e+00 -2.9109e+00 +1.2511e+00
99 0 +3.185829978e+00 +1.003185830e+03 +1.003185830e+03 +1.7812e+00 +2.4444e+00 +2.0983e+00 -2.9759e+00 +1.2705e+00
100 0 +3.142409111e+00 +1.003142409e+03 +1.003142409e+03 +1.7938e+00 +2.4500e+00 +2.0956e+00 -3.0119e+00 +1.2809e+00
108 0 +3.069920858e+00 +1.003069921e+03 +1.003069921e+03 +1.7966e+00 +2.4908e+00 +2.1002e+00 -3.0309e+00 +1.2626e+00
118 0 +3.013008410e+00 +1.003013008e+03 +1.003013008e+03 +1.7830e+00 +2.4982e+00 +2.1274e+00 -3.0639e+00 +1.2548e+00
121 0 +2.885501052e+00 +1.002885501e+03 +1.002885501e+03 +1.8052e+00 +2.5600e+00 +2.1634e+00 -3.1501e+00 +1.2754e+00
125 0 +2.881316371e+00 +1.002881316e+03 +1.002881316e+03 +1.7990e+00 +2.5594e+00 +2.1622e+00 -3.1510e+00 +1.2828e+00
133 0 +2.801052093e+00 +1.002801052e+03 +1.002801052e+03 +1.7826e+00 +2.6075e+00 +2.1959e+00 -3.2130e+00 +1.2861e+00
148 0 +2.737083310e+00 +1.002737083e+03 +1.002737083e+03 +1.7606e+00 +2.6425e+00 +2.2194e+00 -3.2858e+00 +1.3027e+00
169 0 +2.688721453e+00 +1.002688721e+03 +1.002688721e+03 +1.7749e+00 +2.6706e+00 +2.2309e+00 -3.3636e+00 +1.3131e+00
234 0 +2.627403682e+00 +1.002627404e+03 +1.002627404e+03 +1.7440e+00 +2.7305e+00 +2.2736e+00 -3.5030e+00 +1.2942e+00
% f evaluations | g evaluations | best noise-free fitness - Fopt (-4.913000000000e+01) + sum g_i+ | measured fitness | best measured fitness or single-digit g-values | x1 | x2...
1 0 +6.940722089e+01 +2.027722089e+01 +2.027722089e+01 +0.0000e+00 +0.0000e+00 +0.0000e+00 +0.0000e+00 +0.0000e+00
3 0 +4.956424978e+01 +4.342497846e-01 +4.342497846e-01 +1.0000e+00 +0.0000e+00 +0.0000e+00 +0.0000e+00 +0.0000e+00
5 0 +4.555189452e+01 -3.578105479e+00 -3.578105479e+00 +0.0000e+00 +0.0000e+00 +1.0000e+00 +0.0000e+00 +0.0000e+00
7 0 +2.613990814e+01 -2.299009186e+01 -2.299009186e+01 +0.0000e+00 +0.0000e+00 +0.0000e+00 +0.0000e+00 +1.0000e+00
82 0 +2.203785236e+01 -2.709214764e+01 -2.709214764e+01 -1.8045e+00 -1.5869e+00 +4.6552e+00 -2.0681e+00 -1.8472e+00
107 0 +2.132397290e+01 -2.780602710e+01 -2.780602710e+01 +1.1085e+00 -1.4974e+00 -9.1149e-04 -2.0123e+00 +7.1832e-01
% f evaluations | g evaluations | best noise-free fitness - Fopt (2.977300000000e+02) + sum g_i+ | measured fitness | best measured fitness or single-digit g-values | x1 | x2...
1 0 +4.678244042e+01 +3.445124404e+02 +3.445124404e+02 +0.0000e+00 +0.0000e+00 +0.0000e+00 +0.0000e+00 +0.0000e+00
3 0 +4.660939374e+01 +3.443393937e+02 +3.443393937e+02 +1.0000e+00 +0.0000e+00 +0.0000e+00 +0.0000e+00 +0.0000e+00
5 0 +3.698817228e+01 +3.347181723e+02 +3.347181723e+02 +0.0000e+00 +0.0000e+00 +1.0000e+00 +0.0000e+00 +0.0000e+00
7 0 +3.468982081e+01 +3.324198208e+02 +3.324198208e+02 +0.0000e+00 +0.0000e+00 +0.0000e+00 +0.0000e+00 +1.0000e+00
8 0 +2.007692606e+01 +3.178069261e+02 +3.178069261e+02 +6.6511e-03 -8.0029e-01 +3.7645e-01 +4.1958e-02 +1.4648e+00
10 0 +1.652398934e+01 +3.142539893e+02 +3.142539893e+02 -2.2935e-01 -1.1271e+00 +2.3202e-01 -1.8530e-01 +1.3422e+00
11 0 +1.565276988e+01 +3.133827699e+02 +3.133827699e+02 +1.9065e-01 -1.3246e+00 +1.4047e-01 -3.2692e-01 +1.2639e+00
13 0 +1.508268765e+01 +3.128126877e+02 +3.128126877e+02 +1.8336e-01 -1.4432e+00 +1.5425e-01 -1.4517e-01 +1.1408e+00
15 0 +1.349676087e+01 +3.112267609e+02 +3.112267609e+02 +1.7083e-01 -1.4756e+00 +2.2221e-01 -1.8778e-01 +1.0922e+00
16 0 +9.391101888e+00 +3.071211019e+02 +3.071211019e+02 +1.9843e-01 -1.5280e+00 +5.5734e-01 -2.9473e-01 +9.1125e-01
17 0 +8.191411755e+00 +3.059214118e+02 +3.059214118e+02 +3.6104e-02 -1.7833e+00 +6.2522e-01 -5.0616e-01 +7.7283e-01
18 0 +7.845141224e+00 +3.055751412e+02 +3.055751412e+02 +1.1853e-01 -1.9554e+00 +9.6612e-01 -4.2498e-01 +8.0074e-01
20 0 +7.602877984e+00 +3.053328780e+02 +3.053328780e+02 +1.0931e-01 -1.8915e+00 +1.0279e+00 -4.2668e-01 +6.2182e-01
22 0 +7.513938767e+00 +3.052439388e+02 +3.052439388e+02 +4.3150e-02 -1.9318e+00 +1.0652e+00 -4.6037e-01 +5.8343e-01
27 0 +7.394528912e+00 +3.051245289e+02 +3.051245289e+02 -1.2857e-01 -1.8837e+00 +1.0873e+00 -4.1986e-01 +5.6193e-01
% f evaluations | g evaluations | best noise-free fitness - Fopt (5.157000000000e+01) + sum g_i+ | measured fitness | best measured fitness or single-digit g-values | x1 | x2...
1 0 +7.372267219e+01 +1.252926722e+02 +1.252926722e+02 +0.0000e+00 +0.0000e+00 +0.0000e+00 +0.0000e+00 +0.0000e+00
6 0 +7.251148154e+01 +1.240814815e+02 +1.240814815e+02 +0.0000e+00 +0.0000e+00 +0.0000e+00 +1.0000e+00 +0.0000e+00
8 0 +6.717308657e+01 +1.187430866e+02 +1.187430866e+02 -6.6716e-01 -3.3026e-01 -5.3452e-01 +1.1876e+00 -3.5343e-01
11 0 +6.151247443e+01 +1.130824744e+02 +1.130824744e+02 -1.3503e+00 -6.3005e-01 -1.0667e+00 +1.4198e+00 -6.7959e-01
14 0 +5.733508111e+01 +1.089050811e+02 +1.089050811e+02 -2.3193e+00 -6.5150e-01 -1.2528e+00 +1.5755e+00 -7.1970e-01
16 0 +5.522196187e+01 +1.067919619e+02 +1.067919619e+02 -2.4162e+00 -6.0896e-01 -1.7334e+00 +1.6562e+00 -6.8410e-01
17 0 +5.272894455e+01 +1.042989446e+02 +1.042989446e+02 -2.4773e+00 -8.6413e-01 -1.7708e+00 +1.5813e+00 -2.6679e-01
18 0 +5.143080104e+01 +1.030008010e+02 +1.030008010e+02 -2.6547e+00 -6.0325e-01 -1.8772e+00 +1.3259e+00 +5.1187e-03
21 0 +5.074932748e+01 +1.023193275e+02 +1.023193275e+02 -2.6473e+00 -7.2456e-01 -2.0241e+00 +1.1683e+00 +4.1205e-02
137 0 +2.505640429e+01 +7.662640429e+01 +7.662640429e+01 -3.6980e-01 -4.8647e+00 +1.2896e-01 -2.0710e+00 -4.2711e+00
141 0 +2.208687112e+01 +7.365687112e+01 +7.365687112e+01 +9.2676e-01 -5.0000e+00 +5.1810e-01 -2.0739e+00 -2.8051e+00
142 0 +2.070346915e+01 +7.227346915e+01 +7.227346915e+01 +8.7624e-01 -5.0000e+00 +7.9371e-01 -1.1140e+00 -2.8135e+00
144 0 +1.526044115e+01 +6.683044115e+01 +6.683044115e+01 +9.1713e-01 -5.0000e+00 +3.3319e-01 -9.4604e-01 -2.7239e+00
146 0 +1.398902813e+01 +6.555902813e+01 +6.555902813e+01 +9.2812e-01 -4.7506e+00 +3.3649e-01 -9.4630e-01 -2.7115e+00
147 0 +1.229451975e+01 +6.386451975e+01 +6.386451975e+01 +9.3740e-01 -4.6493e+00 +1.4613e-01 -8.6102e-01 -2.6184e+00
148 0 +1.021472730e+01 +6.178472730e+01 +6.178472730e+01 +7.7821e-01 -4.6064e+00 +4.8627e-02 -8.3525e-01 -2.7770e+00
149 0 +9.268763292e+00 +6.083876329e+01 +6.083876329e+01 +6.6906e-01 -4.4785e+00 -7.1394e-02 -7.1083e-01 -2.8428e+00
150 0 +8.334140530e+00 +5.990414053e+01 +5.990414053e+01 +6.3217e-01 -4.4167e+00 -2.3079e-01 -8.8792e-01 -2.8665e+00
151 0 +8.297896003e+00 +5.986789600e+01 +5.986789600e+01 +5.0440e-01 -4.5803e+00 -3.5368e-01 -8.5807e-01 -2.8078e+00
153 0 +8.098845379e+00 +5.966884538e+01 +5.966884538e+01 +4.6868e-01 -4.5784e+00 -3.6963e-01 -8.7715e-01 -2.8978e+00
154 0 +7.876285954e+00 +5.944628595e+01 +5.944628595e+01 +4.6809e-01 -4.5289e+00 -4.5288e-01 -8.8004e-01 -2.9225e+00
155 0 +7.717042545e+00 +5.928704255e+01 +5.928704255e+01 +4.9045e-01 -4.5373e+00 -5.0561e-01 -9.5430e-01 -2.9561e+00
156 0 +7.557207914e+00 +5.912720791e+01 +5.912720791e+01 +4.9734e-01 -4.5244e+00 -5.7397e-01 -9.5065e-01 -3.0275e+00
159 0 +7.402326168e+00 +5.897232617e+01 +5.897232617e+01 +4.4752e-01 -4.5145e+00 -7.4789e-01 -1.0380e+00 -3.1115e+00
% f evaluations | g evaluations | best noise-free fitness - Fopt (8.200000000000e+00) + sum g_i+ | measured fitness | best measured fitness or single-digit g-values | x1 | x2...
1 0 +6.753337247e+01 +7.573337247e+01 +7.573337247e+01 +0.0000e+00 +0.0000e+00 +0.0000e+00 +0.0000e+00 +0.0000e+00
6 0 +3.590841126e+01 +4.410841126e+01 +4.410841126e+01 +0.0000e+00 +0.0000e+00 +0.0000e+00 +1.0000e+00 +0.0000e+00
9 0 +3.401994030e+01 +4.221994030e+01 +4.221994030e+01 +2.3196e-01 -7.7128e-03 -4.9112e-04 +1.0398e+00 -2.8590e-04
10 0 +3.199141002e+01 +4.019141002e+01 +4.019141002e+01 +2.2708e-01 -1.5427e-01 -4.9112e-04 +1.0398e+00 -2.8590e-04
11 0 +2.718671502e+01 +3.538671502e+01 +3.538671502e+01 +2.4244e-01 -2.4890e-01 -3.1479e-03 +1.2548e+00 -1.8325e-03
14 0 +2.502197556e+01 +3.322197556e+01 +3.322197556e+01 +2.5546e-01 -2.8564e-01 +4.1655e-02 +1.2974e+00 +6.6444e-02
16 0 +2.446440335e+01 +3.266440335e+01 +3.266440335e+01 +2.6919e-01 -2.5715e-01 +5.0031e-02 +1.3310e+00 +8.3704e-02
17 0 +2.360214211e+01 +3.180214211e+01 +3.180214211e+01 +2.9114e-01 -2.6788e-01 +6.8889e-02 +1.3421e+00 +1.2144e-01
18 0 +2.175168785e+01 +2.995168785e+01 +2.995168785e+01 +3.7073e-01 -3.5317e-01 +1.4174e-01 +1.3472e+00 +2.6655e-01
19 0 +1.956224803e+01 +2.776224803e+01 +2.776224803e+01 +3.9328e-01 -2.6052e-01 +1.8601e-01 +1.4738e+00 +3.8014e-01
22 0 +1.882582516e+01 +2.702582516e+01 +2.702582516e+01 +4.5197e-01 -2.7473e-01 +2.0850e-01 +1.5481e+00 +3.9844e-01
23 0 +1.794672766e+01 +2.614672766e+01 +2.614672766e+01 +3.9904e-01 -3.1207e-01 +2.2623e-01 +1.6053e+00 +4.4546e-01
24 0 +1.763134369e+01 +2.583134369e+01 +2.583134369e+01 +3.7076e-01 -2.8090e-01 +2.1518e-01 +1.6952e+00 +4.4050e-01
27 0 +1.724688687e+01 +2.544688687e+01 +2.544688687e+01 +3.7252e-01 -2.5866e-01 +2.3682e-01 +1.6989e+00 +4.7950e-01
30 0 +1.697029942e+01 +2.517029942e+01 +2.517029942e+01 +3.5169e-01 -2.4060e-01 +2.2936e-01 +1.6949e+00 +5.2798e-01
31 0 +1.630030526e+01 +2.450030526e+01 +2.450030526e+01 +4.1702e-01 -2.0422e-01 +2.2810e-01 +1.6972e+00 +5.9432e-01
35 0 +1.620456336e+01 +2.440456336e+01 +2.440456336e+01 +4.1682e-01 -2.1527e-01 +1.8104e-01 +1.6919e+00 +6.1350e-01
38 0 +1.568652524e+01 +2.388652524e+01 +2.388652524e+01 +4.1222e-01 -1.9345e-01 +1.6866e-01 +1.7459e+00 +6.4291e-01
40 0 +1.499053974e+01 +2.319053974e+01 +2.319053974e+01 +3.9234e-01 -1.5351e-01 +1.5228e-01 +1.8244e+00 +7.2162e-01
41 0 +1.478225527e+01 +2.298225527e+01 +2.298225527e+01 +3.8010e-01 -6.7294e-02 +1.1299e-01 +1.8529e+00 +7.2945e-01
42 0 +1.426124984e+01 +2.246124984e+01 +2.246124984e+01 +4.6440e-01 -6.5295e-02 +1.0143e-01 +1.9032e+00 +7.4455e-01
43 0 +1.386878465e+01 +2.206878465e+01 +2.206878465e+01 +5.0412e-01 -5.7417e-02 +6.9200e-02 +1.8893e+00 +8.2898e-01
44 0 +1.358681578e+01 +2.178681578e+01 +2.178681578e+01 +5.2527e-01 -7.8604e-02 +6.0572e-03 +1.9527e+00 +8.6224e-01
45 0 +1.333918458e+01 +2.153918458e+01 +2.153918458e+01 +5.6817e-01 -4.9704e-02 +3.6523e-02 +2.0064e+00 +9.2153e-01
48 0 +1.300813913e+01 +2.120813913e+01 +2.120813913e+01 +5.1917e-01 -1.7365e-02 +1.9921e-02 +2.0179e+00 +9.5823e-01
53 0 +1.283123930e+01 +2.103123930e+01 +2.103123930e+01 +5.0639e-01 -3.3121e-04 +8.4010e-04 +1.9885e+00 +1.0004e+00
56 0 +1.258698023e+01 +2.078698023e+01 +2.078698023e+01 +4.9477e-01 +3.2877e-02 -1.6399e-02 +2.0048e+00 +1.0373e+00
59 0 +1.210568383e+01 +2.030568383e+01 +2.030568383e+01 +4.6352e-01 +1.0579e-01 -6.6956e-02 +2.0510e+00 +1.1313e+00
60 0 +1.180931236e+01 +2.000931236e+01 +2.000931236e+01 +4.2626e-01 +1.7246e-01 -4.6489e-02 +2.0590e+00 +1.1920e+00
61 0 +1.172648217e+01 +1.992648217e+01 +1.992648217e+01 +3.9054e-01 +1.4783e-01 -4.8447e-02 +2.0732e+00 +1.2809e+00
67 0 +1.146382417e+01 +1.966382417e+01 +1.966382417e+01 +4.2136e-01 +1.7479e-01 -6.5273e-02 +2.0379e+00 +1.3133e+00
71 0 +1.119883938e+01 +1.939883938e+01 +1.939883938e+01 +3.9715e-01 +2.2920e-01 -1.0742e-01 +2.0468e+00 +1.3607e+00
76 0 +1.078595505e+01 +1.898595505e+01 +1.898595505e+01 +3.5386e-01 +3.5548e-01 -1.3057e-01 +2.0569e+00 +1.4603e+00
84 0 +1.067406111e+01 +1.887406111e+01 +1.887406111e+01 +3.5390e-01 +3.7200e-01 -1.0515e-01 +2.0533e+00 +1.5113e+00
96 0 +1.037050281e+01 +1.857050281e+01 +1.857050281e+01 +2.5828e-01 +4.6581e-01 -1.4932e-01 +2.0067e+00 +1.5969e+00
108 0 +1.022955949e+01 +1.842955949e+01 +1.842955949e+01 +2.5511e-01 +4.9457e-01 -2.1121e-01 +2.0294e+00 +1.6685e+00
116 0 +9.978623640e+00 +1.817862364e+01 +1.817862364e+01 +1.8294e-01 +5.1019e-01 -1.6476e-01 +1.9895e+00 +1.7953e+00
135 0 +9.745400904e+00 +1.794540090e+01 +1.794540090e+01 +1.5687e-01 +5.8162e-01 -2.4880e-01 +1.9729e+00 +1.9212e+00
156 0 +9.549717877e+00 +1.774971788e+01 +1.774971788e+01 +8.5163e-02 +6.1731e-01 -2.8657e-01 +1.9592e+00 +2.0485e+00
191 0 +9.327942264e+00 +1.752794226e+01 +1.752794226e+01 +2.4988e-02 +6.7226e-01 -3.8630e-01 +1.9436e+00 +2.2434e+00
249 0 +9.119920282e+00 +1.731992028e+01 +1.731992028e+01 -1.1570e-01 +6.9599e-01 -5.5431e-01 +1.8139e+00 +2.4410e+00
% f evaluations | g evaluations | best noise-free fitness - Fopt (-9.986000000000e+01) + sum g_i+ | measured fitness | best measured fitness or single-digit g-values | x1 | x2...
1 0 +7.929402508e+01 -2.056597492e+01 -2.056597492e+01 +0.0000e+00 +0.0000e+00 +0.0000e+00 +0.0000e+00 +0.0000e+00
99 0 +7.327541366e+01 -2.658458634e+01 -2.658458634e+01 -3.1780e+00 +1.1442e+00 -1.9055e+00 -5.3136e-01 +1.2135e+00
247 0 +5.679640456e+01 -4.306359544e+01 -4.306359544e+01 -3.4695e+00 -1.6247e+00 +3.7859e+00 +5.9745e-01 +1.8267e+00
248 0 +4.501154169e+01 -5.484845831e+01 -5.484845831e+01 -2.4695e+00 -1.6247e+00 +3.7859e+00 +5.9745e-01 +1.8267e+00
% f evaluations | g evaluations | best noise-free fitness - Fopt (1.890500000000e+02) + sum g_i+ | measured fitness | best measured fitness or single-digit g-values | x1 | x2...
1 0 +6.472688866e+01 +2.537768887e+02 +2.537768887e+02 +0.0000e+00 +0.0000e+00 +0.0000e+00 +0.0000e+00 +0.0000e+00
6 0 +1.810171372e+01 +2.071517137e+02 +2.071517137e+02 +0.0000e+00 +0.0000e+00 +0.0000e+00 +1.0000e+00 +0.0000e+00
10 0 +1.646220465e+01 +2.055122047e+02 +2.055122047e+02 -1.4142e-01 -1.2040e-03 +0.0000e+00 +1.0000e+00 +0.0000e+00
11 0 +1.344123671e+01 +2.024912367e+02 +2.024912367e+02 -1.8516e-01 -1.6373e-01 -2.8031e-02 +1.1815e+00 +2.1232e-02
12 0 +1.128593377e+01 +2.003359338e+02 +2.003359338e+02 -2.1220e-01 -2.4371e-01 -2.0528e-01 +1.1330e+00 -1.2574e-01
13 0 +9.636374709e+00 +1.986863747e+02 +1.986863747e+02 -2.1220e-01 -2.4371e-01 -1.4556e-01 +1.1513e+00 -2.0382e-01
14 0 +8.896340426e+00 +1.979463404e+02 +1.979463404e+02 -2.3884e-01 -3.2246e-01 -1.0542e-01 +1.1228e+00 -2.2959e-01
15 0 +8.254857610e+00 +1.973048576e+02 +1.973048576e+02 -2.8621e-01 -3.3774e-01 -9.8330e-02 +1.1750e+00 -2.9844e-01
16 0 +7.957867055e+00 +1.970078671e+02 +1.970078671e+02 -2.1211e-01 -3.8021e-01 -9.3237e-02 +1.2032e+00 -3.4186e-01
18 0 +7.831226070e+00 +1.968812261e+02 +1.968812261e+02 -2.1317e-01 -3.8274e-01 -5.2110e-02 +1.2279e+00 -3.2792e-01
19 0 +7.721183076e+00 +1.967711831e+02 +1.967711831e+02 -2.1958e-01 -4.0168e-01 -4.8901e-02 +1.2190e+00 -3.2569e-01
20 0 +7.574422542e+00 +1.966244225e+02 +1.966244225e+02 -2.2474e-01 -4.1621e-01 -5.7745e-02 +1.2356e+00 -3.1972e-01
24 0 +7.184753347e+00 +1.962347533e+02 +1.962347533e+02 -2.4368e-01 -4.5360e-01 -4.9861e-02 +1.2578e+00 -3.3977e-01
25 0 +5.667888056e+00 +1.947178881e+02 +1.947178881e+02 -2.4395e-01 -5.8219e-01 -9.3418e-03 +1.3082e+00 -4.0958e-01
26 0 +2.033402074e+00 +1.910834021e+02 +1.910834021e+02 -1.7969e-01 -1.0884e+00 +1.5516e-01 +1.4962e+00 -7.0428e-01
32 0 +1.989160838e+00 +1.910391608e+02 +1.910391608e+02 -2.1331e-01 -1.1228e+00 +2.4223e-01 +1.5409e+00 -6.9453e-01
33 0 +1.927106192e+00 +1.909771062e+02 +1.909771062e+02 -2.8027e-01 -1.0838e+00 +2.3309e-01 +1.5544e+00 -7.0619e-01
36 0 +1.851640718e+00 +1.909016407e+02 +1.909016407e+02 -3.1156e-01 -1.0992e+00 +2.3304e-01 +1.5362e+00 -6.9888e-01
43 0 +1.661053633e+00 +1.907110536e+02 +1.907110536e+02 -4.3657e-01 -1.1560e+00 +2.6783e-01 +1.4687e+00 -6.7576e-01
44 0 +1.418839737e+00 +1.904688397e+02 +1.904688397e+02 -4.2458e-01 -1.1436e+00 +3.0788e-01 +1.4610e+00 -7.4239e-01
46 0 +1.338584093e+00 +1.903885841e+02 +1.903885841e+02 -4.2710e-01 -1.1526e+00 +3.0814e-01 +1.4697e+00 -7.4562e-01
49 0 +1.263186208e+00 +1.903131862e+02 +1.903131862e+02 -4.2284e-01 -1.1407e+00 +3.3067e-01 +1.5029e+00 -7.2989e-01
51 0 +1.219403500e+00 +1.902694035e+02 +1.902694035e+02 -4.2701e-01 -1.1497e+00 +3.2682e-01 +1.5094e+00 -7.2285e-01
52 0 +1.184184745e+00 +1.902341847e+02 +1.902341847e+02 -4.3029e-01 -1.1566e+00 +3.3088e-01 +1.5142e+00 -7.2165e-01
53 0 +1.101664130e+00 +1.901516641e+02 +1.901516641e+02 -4.4365e-01 -1.1832e+00 +3.4926e-01 +1.5323e+00 -7.1458e-01
56 0 +1.095546075e+00 +1.901455461e+02 +1.901455461e+02 -4.4868e-01 -1.1828e+00 +3.4623e-01 +1.5393e+00 -7.1863e-01
59 0 +1.049320265e+00 +1.900993203e+02 +1.900993203e+02 -4.5241e-01 -1.1897e+00 +3.4609e-01 +1.5340e+00 -7.2598e-01
60 0 +9.686039102e-01 +1.900186039e+02 +1.900186039e+02 -4.5274e-01 -1.1886e+00 +3.5697e-01 +1.5313e+00 -7.4250e-01
63 0 +9.344161440e-01 +1.899844161e+02 +1.899844161e+02 -4.5676e-01 -1.1914e+00 +3.7022e-01 +1.5284e+00 -7.5999e-01
64 0 +9.095733562e-01 +1.899595734e+02 +1.899595734e+02 -4.6260e-01 -1.1928e+00 +3.6877e-01 +1.5359e+00 -7.6231e-01
66 0 +8.649910439e-01 +1.899149910e+02 +1.899149910e+02 -4.7339e-01 -1.1998e+00 +3.7620e-01 +1.5402e+00 -7.6097e-01
67 0 +7.632227092e-01 +1.898132227e+02 +1.898132227e+02 -4.8713e-01 -1.2311e+00 +3.8282e-01 +1.5569e+00 -7.7135e-01
68 0 +7.228414812e-01 +1.897728415e+02 +1.897728415e+02 -5.0859e-01 -1.2541e+00 +3.7153e-01 +1.5620e+00 -7.9280e-01
69 0 +6.626672088e-01 +1.897126672e+02 +1.897126672e+02 -5.1572e-01 -1.2645e+00 +3.9334e-01 +1.5925e+00 -7.9902e-01
70 0 +6.516687561e-01 +1.897016688e+02 +1.897016688e+02 -5.3308e-01 -1.2865e+00 +4.1623e-01 +1.5813e+00 -7.8630e-01
72 0 +6.259487687e-01 +1.896759488e+02 +1.896759488e+02 -5.1993e-01 -1.2997e+00 +4.1940e-01 +1.5826e+00 -7.9284e-01
73 0 +5.940090317e-01 +1.896440090e+02 +1.896440090e+02 -5.2024e-01 -1.2981e+00 +4.3076e-01 +1.5805e+00 -8.0908e-01
77 0 +5.881270100e-01 +1.896381270e+02 +1.896381270e+02 -5.0923e-01 -1.2962e+00 +4.4662e-01 +1.5791e+00 -8.0061e-01
80 0 +5.607919162e-01 +1.896107919e+02 +1.896107919e+02 -5.1228e-01 -1.3142e+00 +4.6359e-01 +1.5937e+00 -8.0506e-01
84 0 +5.395834952e-01 +1.895895835e+02 +1.895895835e+02 -5.3854e-01 -1.3177e+00 +4.9077e-01 +1.6072e+00 -8.2513e-01
85 0 +5.270042690e-01 +1.895770043e+02 +1.895770043e+02 -5.5436e-01 -1.3808e+00 +5.1202e-01 +1.6480e+00 -8.1828e-01
87 0 +5.240367629e-01 +1.895740368e+02 +1.895740368e+02 -5.4749e-01 -1.3783e+00 +5.0881e-01 +1.6574e+00 -8.2570e-01
88 0 +5.081684191e-01 +1.895581684e+02 +1.895581684e+02 -5.3124e-01 -1.3992e+00 +5.1709e-01 +1.6401e+00 -8.4875e-01
102 0 +5.009084336e-01 +1.895509084e+02 +1.895509084e+02 -5.3119e-01 -1.4357e+00 +5.3445e-01 +1.6384e+00 -8.7891e-01
113 0 +4.845012107e-01 +1.895345012e+02 +1.895345012e+02 -5.6321e-01 -1.4829e+00 +6.2670e-01 +1.6821e+00 -8.8995e-01
114 0 +4.368547779e-01 +1.894868548e+02 +1.894868548e+02 -5.9972e-01 -1.5033e+00 +7.7032e-01 +1.7108e+00 -8.4098e-01
125 0 +4.341739591e-01 +1.894841740e+02 +1.894841740e+02 -6.0478e-01 -1.5015e+00 +7.8465e-01 +1.6999e+00 -8.4782e-01
131 0 +4.233982308e-01 +1.894733982e+02 +1.894733982e+02 -6.1138e-01 -1.5174e+00 +7.9238e-01 +1.6938e+00 -8.2979e-01
133 0 +4.163943691e-01 +1.894663944e+02 +1.894663944e+02 -6.2096e-01 -1.5166e+00 +8.0623e-01 +1.7054e+00 -8.3043e-01
136 0 +4.072723380e-01 +1.894572723e+02 +1.894572723e+02 -6.2442e-01 -1.5192e+00 +8.2383e-01 +1.6975e+00 -8.3213e-01
143 0 +3.951143892e-01 +1.894451144e+02 +1.894451144e+02 -6.2709e-01 -1.5333e+00 +8.3676e-01 +1.7052e+00 -8.2965e-01
144 0 +3.775359450e-01 +1.894275359e+02 +1.894275359e+02 -6.3133e-01 -1.5529e+00 +8.6769e-01 +1.7178e+00 -8.2052e-01
146 0 +3.698793198e-01 +1.894198793e+02 +1.894198793e+02 -6.2448e-01 -1.5531e+00 +8.7049e-01 +1.7215e+00 -8.3421e-01
153 0 +3.523903870e-01 +1.894023904e+02 +1.894023904e+02 -6.1542e-01 -1.6049e+00 +9.1054e-01 +1.7543e+00 -8.6661e-01
154 0 +3.461295839e-01 +1.893961296e+02 +1.893961296e+02 -6.2043e-01 -1.6093e+00 +9.1101e-01 +1.7525e+00 -8.5942e-01
159 0 +3.373932733e-01 +1.893873933e+02 +1.893873933e+02 -6.2283e-01 -1.6101e+00 +9.1752e-01 +1.7433e+00 -8.5481e-01
161 0 +3.264118742e-01 +1.893764119e+02 +1.893764119e+02 -6.3888e-01 -1.6198e+00 +9.2667e-01 +1.7309e+00 -8.4960e-01
162 0 +3.226899917e-01 +1.893726900e+02 +1.893726900e+02 -6.3663e-01 -1.6220e+00 +9.3437e-01 +1.7235e+00 -8.3299e-01
163 0 +3.120274068e-01 +1.893620274e+02 +1.893620274e+02 -6.3539e-01 -1.6180e+00 +9.5050e-01 +1.7154e+00 -8.4047e-01
166 0 +3.073750106e-01 +1.893573750e+02 +1.893573750e+02 -6.3525e-01 -1.6236e+00 +9.5820e-01 +1.7180e+00 -8.4175e-01
170 0 +2.995008334e-01 +1.893495008e+02 +1.893495008e+02 -6.3691e-01 -1.6270e+00 +9.6429e-01 +1.7162e+00 -8.3277e-01
176 0 +2.934805375e-01 +1.893434805e+02 +1.893434805e+02 -6.3769e-01 -1.6355e+00 +9.7163e-01 +1.7150e+00 -8.2784e-01
177 0 +2.881463364e-01 +1.893381463e+02 +1.893381463e+02 -6.3490e-01 -1.6353e+00 +9.8032e-01 +1.7109e+00 -8.2749e-01
179 0 +2.814685951e-01 +1.893314686e+02 +1.893314686e+02 -6.3159e-01 -1.6354e+00 +9.9578e-01 +1.7147e+00 -8.2614e-01
181 0 +2.731639803e-01 +1.893231640e+02 +1.893231640e+02 -6.2991e-01 -1.6374e+00 +1.0060e+00 +1.7085e+00 -8.1715e-01
183 0 +2.660028925e-01 +1.893160029e+02 +1.893160029e+02 -6.2359e-01 -1.6400e+00 +1.0130e+00 +1.7097e+00 -8.0524e-01
187 0 +2.629398835e-01 +1.893129399e+02 +1.893129399e+02 -6.2808e-01 -1.6364e+00 +1.0193e+00 +1.7079e+00 -7.9884e-01
196 0 +2.552539465e-01 +1.893052539e+02 +1.893052539e+02 -6.2611e-01 -1.6416e+00 +1.0326e+00 +1.7045e+00 -7.9918e-01
197 0 +2.477024318e-01 +1.892977024e+02 +1.892977024e+02 -6.2476e-01 -1.6512e+00 +1.0436e+00 +1.7057e+00 -7.9288e-01
198 0 +2.255322051e-01 +1.892755322e+02 +1.892755322e+02 -6.1587e-01 -1.6820e+00 +1.0944e+00 +1.7070e+00 -7.7088e-01
200 0 +2.231766342e-01 +1.892731766e+02 +1.892731766e+02 -6.1079e-01 -1.6865e+00 +1.0931e+00 +1.7046e+00 -7.7597e-01
205 0 +2.185385664e-01 +1.892685386e+02 +1.892685386e+02 -6.1035e-01 -1.6824e+00 +1.1052e+00 +1.7006e+00 -7.8560e-01
207 0 +2.130890111e-01 +1.892630890e+02 +1.892630890e+02 -6.0798e-01 -1.6901e+00 +1.1138e+00 +1.6947e+00 -7.8233e-01
209 0 +2.079024285e-01 +1.892579024e+02 +1.892579024e+02 -6.1342e-01 -1.6892e+00 +1.1259e+00 +1.6923e+00 -7.7640e-01
211 0 +2.028415202e-01 +1.892528415e+02 +1.892528415e+02 -6.1378e-01 -1.6958e+00 +1.1299e+00 +1.6922e+00 -7.6377e-01
217 0 +1.975627265e-01 +1.892475627e+02 +1.892475627e+02 -6.1712e-01 -1.7008e+00 +1.1410e+00 +1.6874e+00 -7.6270e-01
221 0 +1.940640728e-01 +1.892440641e+02 +1.892440641e+02 -6.1529e-01 -1.7032e+00 +1.1500e+00 +1.6843e+00 -7.6078e-01
226 0 +1.812799105e-01 +1.892312799e+02 +1.892312799e+02 -6.0916e-01 -1.7227e+00 +1.1778e+00 +1.6658e+00 -7.4745e-01
227 0 +1.546168624e-01 +1.892046169e+02 +1.892046169e+02 -6.0641e-01 -1.8047e+00 +1.2733e+00 +1.6459e+00 -7.3563e-01
240 0 +1.504719628e-01 +1.892004720e+02 +1.892004720e+02 -5.9966e-01 -1.7985e+00 +1.2913e+00 +1.6452e+00 -7.1263e-01
% f evaluations | g evaluations | best noise-free fitness - Fopt (-2.680000000000e+01) + sum g_i+ | measured fitness | best measured fitness or single-digit g-values | x1 | x2...
1 0 +3.495211252e+01 +8.152112519e+00 +8.152112519e+00 +0.0000e+00 +0.0000e+00 +0.0000e+00 +0.0000e+00 +0.0000e+00
7 0 +2.251987121e+01 -4.280128790e+00 -4.280128790e+00 +0.0000e+00 +0.0000e+00 +0.0000e+00 +0.0000e+00 +1.0000e+00
12 0 +2.093625944e+01 -5.863740555e+00 -5.863740555e+00 -1.2139e-01 +2.1601e-02 -5.2602e-02 +1.2666e-02 +9.9002e-01
% f evaluations | g evaluations | best noise-free fitness - Fopt (1.986000000000e+01) + sum g_i+ | measured fitness | best measured fitness or single-digit g-values | x1 | x2...
1 0 +5.764133870e+01 +7.750133870e+01 +7.750133870e+01 +0.0000e+00 +0.0000e+00 +0.0000e+00 +0.0000e+00 +0.0000e+00
5 0 +3.922676026e+01 +5.908676026e+01 +5.908676026e+01 +0.0000e+00 +0.0000e+00 +1.0000e+00 +0.0000e+00 +0.0000e+00
8 0 +2.423620882e+01 +4.409620882e+01 +4.409620882e+01 -1.6948e-01 -4.7385e-01 +1.8499e+00 +7.4449e-02 +1.3746e-01
11 0 +2.036985068e+01 +4.022985068e+01 +4.022985068e+01 -2.4157e-01 -9.0602e-01 +2.0814e+00 +1.0611e-01 +1.9593e-01
13 0 +1.773628800e+01 +3.759628800e+01 +3.759628800e+01 -1.0863e-01 -9.1592e-01 +2.1200e+00 -9.1871e-02 +2.4098e-01
15 0 +1.723537476e+01 +3.709537476e+01 +3.709537476e+01 -9.9966e-02 -9.6085e-01 +2.0339e+00 -9.5675e-02 +2.6269e-01
16 0 +1.589172390e+01 +3.575172390e+01 +3.575172390e+01 -7.6115e-02 -1.0078e+00 +2.0449e+00 -1.4100e-01 +3.3376e-01
17 0 +1.147118987e+01 +3.133118987e+01 +3.133118987e+01 +1.7789e-02 -1.1776e+00 +2.1369e+00 -3.2632e-01 +6.1580e-01
19 0 +1.120053753e+01 +3.106053753e+01 +3.106053753e+01 +2.4650e-01 -1.7430e+00 +1.6905e+00 -3.7568e-01 +8.7338e-01
21 0 +9.570110640e+00 +2.943011064e+01 +2.943011064e+01 +3.5125e-01 -1.7205e+00 +1.8687e+00 -6.1080e-01 +1.1214e+00
23 0 +9.117556854e+00 +2.897755685e+01 +2.897755685e+01 +2.2288e-01 -1.7381e+00 +1.8471e+00 -6.5498e-01 +1.1508e+00
24 0 +8.407992425e+00 +2.826799242e+01 +2.826799242e+01 +1.9514e-01 -1.7852e+00 +1.8832e+00 -8.4213e-01 +1.1248e+00
25 0 +8.096284849e+00 +2.795628485e+01 +2.795628485e+01 +1.2961e-01 -1.7977e+00 +1.9257e+00 -9.8335e-01 +1.2423e+00
28 0 +7.869475762e+00 +2.772947576e+01 +2.772947576e+01 +6.5368e-02 -1.8137e+00 +1.9676e+00 -1.0193e+00 +1.1916e+00
29 0 +7.697747380e+00 +2.755774738e+01 +2.755774738e+01 +9.7768e-02 -1.8073e+00 +2.0347e+00 -1.0794e+00 +1.1633e+00
30 0 +7.545485082e+00 +2.740548508e+01 +2.740548508e+01 +4.6653e-02 -1.7836e+00 +2.1102e+00 -1.1126e+00 +1.1582e+00
32 0 +7.411956871e+00 +2.727195687e+01 +2.727195687e+01 +1.6539e-02 -1.8374e+00 +2.1989e+00 -1.1531e+00 +1.0560e+00
155 0 +5.187323539e+00 +2.504732354e+01 +2.504732354e+01 +1.7448e+00 -1.8547e+00 +4.9859e-01 +2.4306e+00 +4.6755e-01
156 0 +5.033823563e+00 +2.489382356e+01 +2.489382356e+01 +1.6612e+00 -1.8247e+00 +3.7474e-01 +2.4437e+00 +5.0307e-01
157 0 +4.909910608e+00 +2.476991061e+01 +2.476991061e+01 +1.6140e+00 -1.8990e+00 +3.7991e-01 +2.5072e+00 +4.4928e-01
164 0 +4.703473791e+00 +2.456347379e+01 +2.456347379e+01 +1.6122e+00 -1.8820e+00 +3.8562e-01 +2.5151e+00 +4.4835e-01
165 0 +4.527612132e+00 +2.438761213e+01 +2.438761213e+01 +1.6128e+00 -1.8638e+00 +3.8879e-01 +2.5195e+00 +4.4371e-01
166 0 +4.064596385e+00 +2.392459639e+01 +2.392459639e+01 +1.6180e+00 -1.7905e+00 +3.9824e-01 +2.5327e+00 +4.2119e-01
169 0 +3.896476719e+00 +2.375647672e+01 +2.375647672e+01 +1.6039e+00 -1.7735e+00 +4.1598e-01 +2.5502e+00 +4.4195e-01
172 0 +3.595866026e+00 +2.345586603e+01 +2.345586603e+01 +1.6176e+00 -1.7717e+00 +4.1366e-01 +2.5607e+00 +4.5057e-01
173 0 +3.357476903e+00 +2.321747690e+01 +2.321747690e+01 +1.6735e+00 -1.7651e+00 +4.0283e-01 +2.6020e+00 +4.8489e-01
176 0 +3.227990285e+00 +2.308799029e+01 +2.308799029e+01 +1.6523e+00 -1.7414e+00 +3.8939e-01 +2.5978e+00 +5.0300e-01
178 0 +3.051700811e+00 +2.291170081e+01 +2.291170081e+01 +1.6445e+00 -1.7354e+00 +4.0429e-01 +2.6059e+00 +5.0169e-01
180 0 +2.959762985e+00 +2.281976298e+01 +2.281976298e+01 +1.6312e+00 -1.7243e+00 +4.1075e-01 +2.6070e+00 +4.8841e-01
181 0 +2.919685010e+00 +2.277968501e+01 +2.277968501e+01 +1.6256e+00 -1.7231e+00 +4.1467e-01 +2.6136e+00 +4.9120e-01
183 0 +2.851855070e+00 +2.271185507e+01 +2.271185507e+01 +1.6239e+00 -1.7085e+00 +4.2046e-01 +2.6155e+00 +4.9524e-01
184 0 +2.795465988e+00 +2.265546599e+01 +2.265546599e+01 +1.6252e+00 -1.7042e+00 +4.2515e-01 +2.6222e+00 +4.9158e-01
185 0 +2.632370804e+00 +2.249237080e+01 +2.249237080e+01 +1.6166e+00 -1.6871e+00 +4.4629e-01 +2.6501e+00 +4.8896e-01
187 0 +2.623529482e+00 +2.248352948e+01 +2.248352948e+01 +1.6178e+00 -1.6732e+00 +4.5175e-01 +2.6526e+00 +4.7597e-01
188 0 +2.544157650e+00 +2.240415765e+01 +2.240415765e+01 +1.6249e+00 -1.6707e+00 +4.5184e-01 +2.6580e+00 +4.7988e-01
189 0 +2.502593704e+00 +2.236259370e+01 +2.236259370e+01 +1.6274e+00 -1.6711e+00 +4.4746e-01 +2.6666e+00 +4.7903e-01
191 0 +2.414896884e+00 +2.227489688e+01 +2.227489688e+01 +1.6408e+00 -1.6683e+00 +4.5062e-01 +2.6756e+00 +4.8495e-01
192 0 +2.377613456e+00 +2.223761346e+01 +2.223761346e+01 +1.6471e+00 -1.6664e+00 +4.5197e-01 +2.6830e+00 +4.8409e-01
196 0 +2.337762106e+00 +2.219776211e+01 +2.219776211e+01 +1.6487e+00 -1.6598e+00 +4.5655e-01 +2.6894e+00 +4.8891e-01
198 0 +2.263946467e+00 +2.212394647e+01 +2.212394647e+01 +1.6516e+00 -1.6504e+00 +4.6582e-01 +2.7078e+00 +4.9646e-01
199 0 +2.209543354e+00 +2.206954335e+01 +2.206954335e+01 +1.6560e+00 -1.6362e+00 +4.7355e-01 +2.7185e+00 +4.9467e-01
200 0 +2.125920456e+00 +2.198592046e+01 +2.198592046e+01 +1.6676e+00 -1.5808e+00 +4.8179e-01 +2.7406e+00 +5.4608e-01
201 0 +2.049163660e+00 +2.190916366e+01 +2.190916366e+01 +1.6701e+00 -1.5858e+00 +5.4519e-01 +2.7890e+00 +5.4815e-01
202 0 +2.028159317e+00 +2.188815932e+01 +2.188815932e+01 +1.6272e+00 -1.5621e+00 +5.2000e-01 +2.8441e+00 +5.2989e-01
205 0 +1.985111131e+00 +2.184511113e+01 +2.184511113e+01 +1.6677e+00 -1.5270e+00 +5.4062e-01 +2.8869e+00 +5.3134e-01
207 0 +1.936694266e+00 +2.179669427e+01 +2.179669427e+01 +1.6865e+00 -1.5079e+00 +5.7208e-01 +2.9394e+00 +5.1194e-01
208 0 +1.776326549e+00 +2.163632655e+01 +2.163632655e+01 +1.7298e+00 -1.4639e+00 +6.4434e-01 +3.0601e+00 +4.6743e-01
213 0 +1.698124879e+00 +2.155812488e+01 +2.155812488e+01 +1.7291e+00 -1.4404e+00 +6.1713e-01 +3.0572e+00 +4.3890e-01
214 0 +1.542028009e+00 +2.140202801e+01 +2.140202801e+01 +1.7563e+00 -1.3709e+00 +5.9688e-01 +3.0540e+00 +4.5918e-01
217 0 +1.402884173e+00 +2.126288417e+01 +2.126288417e+01 +1.7436e+00 -1.3426e+00 +6.1837e-01 +3.0513e+00 +4.4626e-01
218 0 +1.354747694e+00 +2.121474769e+01 +2.121474769e+01 +1.7447e+00 -1.3104e+00 +6.3361e-01 +3.0583e+00 +4.2950e-01
219 0 +1.231750592e+00 +2.109175059e+01 +2.109175059e+01 +1.7645e+00 -1.3122e+00 +6.6190e-01 +3.0442e+00 +4.4396e-01
220 0 +1.212310731e+00 +2.107231073e+01 +2.107231073e+01 +1.7617e+00 -1.3074e+00 +6.6144e-01 +3.0505e+00 +4.5529e-01
223 0 +1.163757898e+00 +2.102375790e+01 +2.102375790e+01 +1.7605e+00 -1.3093e+00 +6.8215e-01 +3.0574e+00 +4.6045e-01
224 0 +1.091114699e+00 +2.095111470e+01 +2.095111470e+01 +1.7927e+00 -1.3021e+00 +6.9588e-01 +3.0713e+00 +4.7178e-01
227 0 +1.035271750e+00 +2.089527175e+01 +2.089527175e+01 +1.7929e+00 -1.2955e+00 +6.9990e-01 +3.0839e+00 +4.5826e-01
228 0 +9.714773092e-01 +2.083147731e+01 +2.083147731e+01 +1.7932e+00 -1.2783e+00 +7.0958e-01 +3.0814e+00 +4.5571e-01
231 0 +9.357908708e-01 +2.079579087e+01 +2.079579087e+01 +1.7977e+00 -1.2733e+00 +7.1859e-01 +3.0867e+00 +4.5527e-01
232 0 +8.901253806e-01 +2.075012538e+01 +2.075012538e+01 +1.7889e+00 -1.2506e+00 +7.4497e-01 +3.0960e+00 +4.4028e-01
233 0 +7.891150866e-01 +2.064911509e+01 +2.064911509e+01 +1.8210e+00 -1.2461e+00 +7.5550e-01 +3.1164e+00 +4.4434e-01
234 0 +7.738328450e-01 +2.063383284e+01 +2.063383284e+01 +1.8410e+00 -1.2541e+00 +7.7370e-01 +3.0918e+00 +4.3019e-01
236 0 +7.514020691e-01 +2.061140207e+01 +2.061140207e+01 +1.8525e+00 -1.2451e+00 +7.8743e-01 +3.0967e+00 +4.4293e-01
239 0 +7.122736451e-01 +2.057227365e+01 +2.057227365e+01 +1.8589e+00 -1.2255e+00 +7.8681e-01 +3.0975e+00 +4.3305e-01
240 0 +6.709466347e-01 +2.053094663e+01 +2.053094663e+01 +1.8414e+00 -1.2048e+00 +8.1410e-01 +3.0969e+00 +4.2225e-01
243 0 +6.493975161e-01 +2.050939752e+01 +2.050939752e+01 +1.8565e+00 -1.1916e+00 +8.1118e-01 +3.0928e+00 +4.1402e-01
246 0 +6.385016345e-01 +2.049850163e+01 +2.049850163e+01 +1.8653e+00 -1.1925e+00 +8.1004e-01 +3.0958e+00 +4.1734e-01
247 0 +6.242118534e-01 +2.048421185e+01 +2.048421185e+01 +1.8688e+00 -1.1885e+00 +8.1799e-01 +3.0983e+00 +4.1885e-01
248 0 +6.133640828e-01 +2.047336408e+01 +2.047336408e+01 +1.8760e+00 -1.1840e+00 +8.2257e-01 +3.1005e+00 +4.2041e-01
% f evaluations | g evaluations | best noise-free fitness - Fopt (-1.607900000000e+02) + sum g_i+ | measured fitness | best measured fitness or single-digit g-values | x1 | x2...
1 0 +5.539024960e+01 -1.053997504e+02 -1.053997504e+02 +0.0000e+00 +0.0000e+00 +0.0000e+00 +0.0000e+00 +0.0000e+00
4 0 +4.154068832e+01 -1.192493117e+02 -1.192493117e+02 +0.0000e+00 +1.0000e+00 +0.0000e+00 +0.0000e+00 +0.0000e+00
218 0 +2.575407271e+01 -1.350359273e+02 -1.350359273e+02 -3.0760e-01 -3.7612e-01 +4.0000e+00 +2.0442e-01 +1.1918e+00
220 0 +8.869464937e+00 -1.519205351e+02 -1.519205351e+02 -3.0760e-01 -1.3761e+00 +4.0000e+00 +1.2044e+00 +1.1918e+00
% f evaluations | g evaluations | best noise-free fitness - Fopt (1.420200000000e+02) + sum g_i+ | measured fitness | best measured fitness or single-digit g-values | x1 | x2...
1 0 +3.321443486e+01 +1.752344349e+02 +1.752344349e+02 +0.0000e+00 +0.0000e+00 +0.0000e+00 +0.0000e+00 +0.0000e+00
9 0 +3.265657530e+01 +1.746765753e+02 +1.746765753e+02 -4.3268e-02 -1.1974e-01 -9.6435e-02 -8.4446e-02 +4.6622e-01
11 0 +2.689801571e+01 +1.689180157e+02 +1.689180157e+02 -1.2088e-01 -9.8514e-02 -2.6943e-01 -2.3593e-01 +4.1007e-01
12 0 +2.567593276e+01 +1.676959328e+02 +1.676959328e+02 -2.2513e-01 -7.7256e-02 -3.5638e-01 -4.3938e-01 +3.6288e-01
18 0 +2.490280759e+01 +1.669228076e+02 +1.669228076e+02 -2.4243e-01 -1.3001e-01 -3.5195e-01 -4.6054e-01 +3.8447e-01
19 0 +2.426592440e+01 +1.662859244e+02 +1.662859244e+02 -2.4780e-01 -2.1961e-01 -3.1400e-01 -4.4526e-01 +4.0094e-01
20 0 +2.353515369e+01 +1.655551537e+02 +1.655551537e+02 -2.9706e-01 -2.8494e-01 -3.6596e-01 -4.6969e-01 +3.9798e-01
21 0 +2.320150306e+01 +1.652215031e+02 +1.652215031e+02 -3.4037e-01 -3.2218e-01 -3.3548e-01 -5.4134e-01 +4.2396e-01
24 0 +2.275151670e+01 +1.647715167e+02 +1.647715167e+02 -3.4541e-01 -3.5235e-01 -3.3229e-01 -5.5039e-01 +3.8559e-01
26 0 +2.227812843e+01 +1.642981284e+02 +1.642981284e+02 -3.5736e-01 -3.5324e-01 -3.2903e-01 -5.9980e-01 +3.1603e-01
28 0 +2.186691975e+01 +1.638869197e+02 +1.638869197e+02 -3.5616e-01 -4.0464e-01 -3.6018e-01 -6.5309e-01 +2.9252e-01
33 0 +2.131840721e+01 +1.633384072e+02 +1.633384072e+02 -3.9179e-01 -4.4498e-01 -3.2548e-01 -7.0540e-01 +2.9716e-01
42 0 +2.073549907e+01 +1.627554991e+02 +1.627554991e+02 -4.4673e-01 -5.0644e-01 -3.1856e-01 -7.5945e-01 +2.6878e-01
46 0 +2.036206843e+01 +1.623820684e+02 +1.623820684e+02 -4.2834e-01 -5.1589e-01 -2.8525e-01 -8.4677e-01 +2.6290e-01
47 0 +1.959571295e+01 +1.616157130e+02 +1.616157130e+02 -4.4544e-01 -6.4811e-01 -2.9279e-01 -9.3464e-01 +2.5596e-01
52 0 +1.945577182e+01 +1.614757718e+02 +1.614757718e+02 -4.4606e-01 -6.4835e-01 -3.0752e-01 -9.7530e-01 +2.1443e-01
61 0 +1.895606525e+01 +1.609760653e+02 +1.609760653e+02 -4.6502e-01 -6.5136e-01 -2.2708e-01 -1.0701e+00 +1.7973e-01
62 0 +1.858009479e+01 +1.606000948e+02 +1.606000948e+02 -4.9253e-01 -6.8909e-01 -1.9624e-01 -1.1245e+00 +1.9738e-01
64 0 +1.789027951e+01 +1.599102795e+02 +1.599102795e+02 -8.1251e-01 -6.4653e-01 -6.6989e-03 -1.4329e+00 +5.3750e-02
69 0 +1.766864762e+01 +1.596886476e+02 +1.596886476e+02 -9.0193e-01 -6.3946e-01 +1.3169e-01 -1.3688e+00 +1.2506e-01
72 0 +1.714439514e+01 +1.591643951e+02 +1.591643951e+02 -9.1756e-01 -7.3250e-01 +2.5029e-01 -1.3590e+00 -5.0531e-03
78 0 +1.696181272e+01 +1.589818127e+02 +1.589818127e+02 -9.3559e-01 -7.1347e-01 +2.1190e-01 -1.3753e+00 -4.1961e-02
92 0 +1.652726963e+01 +1.585472696e+02 +1.585472696e+02 -9.8006e-01 -7.4445e-01 +2.8390e-01 -1.5135e+00 -2.6700e-02
98 0 +1.617632878e+01 +1.581963288e+02 +1.581963288e+02 -9.7529e-01 -7.9641e-01 +2.6085e-01 -1.5993e+00 -5.8380e-02
107 0 +1.569038018e+01 +1.577103802e+02 +1.577103802e+02 -9.4795e-01 -9.5759e-01 +2.9429e-01 -1.7692e+00 -1.2638e-01
115 0 +1.547739462e+01 +1.574973946e+02 +1.574973946e+02 -8.8964e-01 -9.6558e-01 +2.4330e-01 -1.8992e+00 -7.2481e-02
144 0 +1.513550230e+01 +1.571555023e+02 +1.571555023e+02 -8.1458e-01 -1.0503e+00 +3.6274e-01 -2.0615e+00 -1.4937e-01
219 0 +1.476801866e+01 +1.567880187e+02 +1.567880187e+02 -6.4369e-01 -1.1619e+00 +4.5823e-01 -2.4356e+00 -2.1702e-01
% f evaluations | g evaluations | best noise-free fitness - Fopt (6.289000000000e+01) + sum g_i+ | measured fitness | best measured fitness or single-digit g-values | x1 | x2...
1 0 +7.544469122e+01 +1.383346912e+02 +1.383346912e+02 +0.0000e+00 +0.0000e+00 +0.0000e+00 +0.0000e+00 +0.0000e+00
5 0 +7.299402206e+01 +1.358840221e+02 +1.358840221e+02 +0.0000e+00 +0.0000e+00 +1.0000e+00 +0.0000e+00 +0.0000e+00
8 0 +6.376548890e+01 +1.266554889e+02 +1.266554889e+02 -8.3887e-01 -1.7151e-01 +1.3687e+00 +3.0474e-01 -1.9509e-01
9 0 +2.941278556e+01 +9.230278556e+01 +9.230278556e+01 -3.7933e+00 -7.7556e-01 +3.6670e+00 +1.3780e+00 -8.8218e-01
13 0 +2.250441851e+01 +8.539441851e+01 +8.539441851e+01 -4.5362e+00 -5.2594e-01 +3.1675e+00 +1.6523e+00 -6.3490e-01
16 0 +2.052194063e+01 +8.341194063e+01 +8.341194063e+01 -4.4288e+00 -5.8305e-01 +3.0537e+00 +1.6689e+00 -4.9534e-01
17 0 +1.927811614e+01 +8.216811614e+01 +8.216811614e+01 -4.4281e+00 -5.6012e-01 +2.9305e+00 +1.5800e+00 -4.8299e-01
18 0 +1.786152966e+01 +8.075152966e+01 +8.075152966e+01 -4.3975e+00 -4.7467e-01 +2.8351e+00 +1.6011e+00 -4.0573e-01
19 0 +1.641904107e+01 +7.930904107e+01 +7.930904107e+01 -4.2820e+00 -4.3263e-01 +2.7566e+00 +1.5641e+00 -3.7244e-01
20 0 +1.338156853e+01 +7.627156853e+01 +7.627156853e+01 -4.0452e+00 -3.1577e-01 +2.3575e+00 +1.4115e+00 -1.4997e-02
21 0 +1.136257058e+01 +7.425257058e+01 +7.425257058e+01 -3.9205e+00 -3.8924e-01 +1.9172e+00 +1.7167e+00 -2.8337e-01
31 0 +1.118839242e+01 +7.407839242e+01 +7.407839242e+01 -3.8473e+00 -2.8036e-01 +1.8656e+00 +1.6629e+00 -2.9235e-01
126 0 +1.054257406e+01 +7.343257406e+01 +7.343257406e+01 -2.8142e+00 +5.6736e-01 +4.8217e+00 +2.0700e-01 +3.4660e+00
127 0 +7.517579606e+00 +7.040757961e+01 +7.040757961e+01 -2.5900e+00 +5.2402e-01 +4.7632e+00 +1.2524e-01 +3.4810e+00
128 0 +5.188161500e+00 +6.807816150e+01 +6.807816150e+01 -2.4496e+00 +6.1015e-01 +4.7495e+00 +2.6683e-01 +3.6041e+00
129 0 +3.704768362e+00 +6.659476836e+01 +6.659476836e+01 -2.3813e+00 +4.6228e-01 +4.6643e+00 +4.1839e-01 +3.5285e+00
132 0 +2.733489130e+00 +6.562348913e+01 +6.562348913e+01 -2.2914e+00 +4.7498e-01 +4.6254e+00 +4.3322e-01 +3.5247e+00
133 0 +2.306631637e+00 +6.519663164e+01 +6.519663164e+01 -2.2204e+00 +4.9637e-01 +4.5960e+00 +4.9355e-01 +3.5256e+00
134 0 +2.180568426e+00 +6.507056843e+01 +6.507056843e+01 -2.1531e+00 +4.6473e-01 +4.5609e+00 +4.5753e-01 +3.4814e+00
135 0 +2.093164517e+00 +6.498316452e+01 +6.498316452e+01 -2.1077e+00 +5.3016e-01 +4.5729e+00 +4.1270e-01 +3.5201e+00
136 0 +2.067377729e+00 +6.495737773e+01 +6.495737773e+01 -2.0814e+00 +5.8454e-01 +4.5939e+00 +4.4440e-01 +3.4501e+00
137 0 +2.035290227e+00 +6.492529023e+01 +6.492529023e+01 -2.0434e+00 +6.0992e-01 +4.5154e+00 +4.8098e-01 +3.4704e+00
140 0 +1.995017961e+00 +6.488501796e+01 +6.488501796e+01 -1.8774e+00 +6.7151e-01 +4.5584e+00 +4.7342e-01 +3.5282e+00
% f evaluations | g evaluations | best noise-free fitness - Fopt (-1.316100000000e+02) + sum g_i+ | measured fitness | best measured fitness or single-digit g-values | x1 | x2...
1 0 +7.363406154e+01 -5.797593846e+01 -5.797593846e+01 +0.0000e+00 +0.0000e+00 +0.0000e+00 +0.0000e+00 +0.0000e+00
3 0 +7.287286013e+01 -5.873713987e+01 -5.873713987e+01 +1.0000e+00 +0.0000e+00 +0.0000e+00 +0.0000e+00 +0.0000e+00
9 0 +4.260157967e+01 -8.900842033e+01 -8.900842033e+01 -2.1532e+00 +1.8845e+00 +7.9716e-01 +2.2631e+00 +4.2487e+00
% f evaluations | g evaluations | best noise-free fitness - Fopt (1.153900000000e+02) + sum g_i+ | measured fitness | best measured fitness or single-digit g-values | x1 | x2...
1 0 +6.670020130e+01 +1.820902013e+02 +1.820902013e+02 +0.0000e+00 +0.0000e+00 +0.0000e+00 +0.0000e+00 +0.0000e+00
3 0 +5.499349617e+01 +1.703834962e+02 +1.703834962e+02 +1.0000e+00 +0.0000e+00 +0.0000e+00 +0.0000e+00 +0.0000e+00
6 0 +4.559371462e+01 +1.609837146e+02 +1.609837146e+02 +0.0000e+00 +0.0000e+00 +0.0000e+00 +1.0000e+00 +0.0000e+00
12 0 +4.462040314e+01 +1.600104031e+02 +1.600104031e+02 +8.1919e-03 -2.4501e-03 -1.6504e-03 +1.0082e+00 +9.9281e-02
13 0 +4.364989999e+01 +1.590399000e+02 +1.590399000e+02 +2.9993e-02 -1.1642e-02 -2.5453e-02 +1.1019e+00 +8.9112e-02
14 0 +4.084561886e+01 +1.562356189e+02 +1.562356189e+02 +1.1466e-01 -4.0213e-02 -6.6103e-02 +1.0997e+00 +1.0801e-01
15 0 +3.397796322e+01 +1.493679632e+02 +1.493679632e+02 +4.4869e-01 -1.5158e-01 -2.1668e-01 +1.0221e+00 +1.9361e-01
17 0 +3.046687179e+01 +1.458568718e+02 +1.458568718e+02 +5.4260e-01 -1.8844e-01 -4.8192e-02 +1.0599e+00 +1.9503e-01
18 0 +3.000618207e+01 +1.453961821e+02 +1.453961821e+02 +5.2868e-01 -1.7957e-01 +2.4681e-03 +9.7898e-01 +3.6999e-01
22 0 +2.914355268e+01 +1.445335527e+02 +1.445335527e+02 +5.6882e-01 -2.3280e-01 +9.6330e-03 +9.6311e-01 +3.7122e-01
23 0 +2.876131645e+01 +1.441513164e+02 +1.441513164e+02 +5.8631e-01 -2.4559e-01 +1.1302e-02 +9.7131e-01 +3.8047e-01
24 0 +2.744121124e+01 +1.428312112e+02 +1.428312112e+02 +6.5626e-01 -2.9781e-01 +1.2711e-02 +1.0018e+00 +4.1855e-01
25 0 +2.565677673e+01 +1.410467767e+02 +1.410467767e+02 +9.2807e-01 -5.1552e-01 -5.4933e-02 +1.0878e+00 +5.8209e-01
26 0 +2.178033861e+01 +1.371703386e+02 +1.371703386e+02 +9.5832e-01 -6.6266e-01 +3.0569e-01 +1.1677e+00 +5.5040e-01
31 0 +2.087188194e+01 +1.362618819e+02 +1.362618819e+02 +1.0021e+00 -7.5633e-01 +3.6870e-01 +1.3770e+00 +5.6278e-01
35 0 +2.023338202e+01 +1.356233820e+02 +1.356233820e+02 +1.0018e+00 -7.7350e-01 +4.5742e-01 +1.3756e+00 +5.8409e-01
39 0 +1.987699926e+01 +1.352669993e+02 +1.352669993e+02 +1.0410e+00 -7.4208e-01 +4.9282e-01 +1.3509e+00 +6.1244e-01
41 0 +1.907077752e+01 +1.344607775e+02 +1.344607775e+02 +1.1187e+00 -7.1205e-01 +5.7360e-01 +1.3936e+00 +6.1337e-01
42 0 +1.710684056e+01 +1.324968406e+02 +1.324968406e+02 +1.3834e+00 -7.7166e-01 +8.4685e-01 +1.4538e+00 +7.0327e-01
43 0 +1.577756352e+01 +1.311675635e+02 +1.311675635e+02 +1.5303e+00 -5.4952e-01 +1.0881e+00 +1.6111e+00 +7.8167e-01
46 0 +1.438187321e+01 +1.297718732e+02 +1.297718732e+02 +1.6855e+00 -5.3718e-01 +9.8758e-01 +1.6560e+00 +8.4209e-01
50 0 +1.377389938e+01 +1.291638994e+02 +1.291638994e+02 +1.7016e+00 -5.7054e-01 +1.0085e+00 +1.8420e+00 +7.6405e-01
52 0 +1.309088745e+01 +1.284808875e+02 +1.284808875e+02 +1.7311e+00 -5.8712e-01 +1.0797e+00 +1.8594e+00 +7.8026e-01
53 0 +1.273811397e+01 +1.281281140e+02 +1.281281140e+02 +1.7442e+00 -5.7819e-01 +1.1246e+00 +1.8645e+00 +7.6579e-01
54 0 +1.251239220e+01 +1.279023922e+02 +1.279023922e+02 +1.7336e+00 -5.7665e-01 +1.1676e+00 +1.8825e+00 +7.8014e-01
56 0 +1.215232430e+01 +1.275423243e+02 +1.275423243e+02 +1.7812e+00 -6.0039e-01 +1.2214e+00 +1.8932e+00 +7.7466e-01
57 0 +1.194373906e+01 +1.273337391e+02 +1.273337391e+02 +1.7952e+00 -5.7954e-01 +1.2542e+00 +1.9146e+00 +7.5624e-01
59 0 +1.164418970e+01 +1.270341897e+02 +1.270341897e+02 +1.8293e+00 -5.6026e-01 +1.3184e+00 +1.9180e+00 +7.7982e-01
60 0 +1.121953430e+01 +1.266095343e+02 +1.266095343e+02 +1.8422e+00 -5.0376e-01 +1.4597e+00 +2.0302e+00 +7.1582e-01
63 0 +1.085084444e+01 +1.262408444e+02 +1.262408444e+02 +1.9235e+00 -4.8137e-01 +1.4257e+00 +2.0664e+00 +6.9514e-01
67 0 +1.049376097e+01 +1.258837610e+02 +1.258837610e+02 +1.9672e+00 -4.3527e-01 +1.4608e+00 +2.0403e+00 +6.8737e-01
68 0 +1.028593308e+01 +1.256759331e+02 +1.256759331e+02 +2.0097e+00 -4.1726e-01 +1.4757e+00 +2.0422e+00 +6.9920e-01
69 0 +9.784118511e+00 +1.251741185e+02 +1.251741185e+02 +2.1859e+00 -3.4051e-01 +1.5174e+00 +2.0551e+00 +7.3352e-01
73 0 +9.687996691e+00 +1.250779967e+02 +1.250779967e+02 +2.1794e+00 -3.2922e-01 +1.5353e+00 +2.0674e+00 +7.1491e-01
77 0 +9.478249718e+00 +1.248682497e+02 +1.248682497e+02 +2.1916e+00 -3.3860e-01 +1.5854e+00 +2.1213e+00 +7.2294e-01
78 0 +9.260341075e+00 +1.246503411e+02 +1.246503411e+02 +2.1985e+00 -3.1697e-01 +1.6811e+00 +2.1306e+00 +7.0747e-01
80 0 +9.116121869e+00 +1.245061219e+02 +1.245061219e+02 +2.2548e+00 -3.4587e-01 +1.8080e+00 +2.1575e+00 +6.6924e-01
85 0 +8.837486070e+00 +1.242274861e+02 +1.242274861e+02 +2.3031e+00 -2.6645e-01 +1.8454e+00 +2.2003e+00 +7.0278e-01
87 0 +8.703384957e+00 +1.240933850e+02 +1.240933850e+02 +2.3147e+00 -2.5218e-01 +1.8245e+00 +2.2292e+00 +6.9316e-01
94 0 +8.483933989e+00 +1.238739340e+02 +1.238739340e+02 +2.3716e+00 -2.1413e-01 +1.8569e+00 +2.2878e+00 +6.8253e-01
95 0 +8.244652109e+00 +1.236346521e+02 +1.236346521e+02 +2.4631e+00 -1.1487e-01 +1.9009e+00 +2.3588e+00 +6.6279e-01
101 0 +8.077804410e+00 +1.234678044e+02 +1.234678044e+02 +2.4852e+00 -1.0168e-01 +2.0028e+00 +2.3599e+00 +7.0553e-01
102 0 +7.866425031e+00 +1.232564250e+02 +1.232564250e+02 +2.5730e+00 -6.3558e-02 +2.1226e+00 +2.4048e+00 +6.9566e-01
105 0 +7.684934891e+00 +1.230749349e+02 +1.230749349e+02 +2.7145e+00 +1.3247e-01 +2.3238e+00 +2.4601e+00 +6.7545e-01
108 0 +7.255318125e+00 +1.226453181e+02 +1.226453181e+02 +2.7867e+00 +1.3946e-01 +2.2446e+00 +2.5635e+00 +6.1744e-01
115 0 +7.211904416e+00 +1.226019044e+02 +1.226019044e+02 +2.7917e+00 +1.4489e-01 +2.2604e+00 +2.5545e+00 +6.2123e-01
123 0 +7.059024861e+00 +1.224490249e+02 +1.224490249e+02 +2.8495e+00 +1.7768e-01 +2.3210e+00 +2.5545e+00 +6.2629e-01
130 0 +6.714327159e+00 +1.221043272e+02 +1.221043272e+02 +2.9623e+00 +2.3382e-01 +2.4431e+00 +2.7016e+00 +5.8475e-01
134 0 +6.513424479e+00 +1.219034245e+02 +1.219034245e+02 +3.0412e+00 +1.6067e-01 +2.5528e+00 +2.6964e+00 +5.4027e-01
138 0 +6.440903560e+00 +1.218309036e+02 +1.218309036e+02 +3.0778e+00 +1.7189e-01 +2.5693e+00 +2.7172e+00 +6.1345e-01
148 0 +6.262120489e+00 +1.216521205e+02 +1.216521205e+02 +3.1057e+00 +2.3779e-01 +2.6042e+00 +2.7238e+00 +5.8922e-01
152 0 +6.153804577e+00 +1.215438046e+02 +1.215438046e+02 +3.1809e+00 +3.0821e-01 +2.5810e+00 +2.7098e+00 +5.6706e-01
157 0 +6.013652885e+00 +1.214036529e+02 +1.214036529e+02 +3.1824e+00 +3.3077e-01 +2.6272e+00 +2.7177e+00 +5.4943e-01
158 0 +5.863760720e+00 +1.212537607e+02 +1.212537607e+02 +3.1955e+00 +3.6625e-01 +2.6658e+00 +2.7200e+00 +4.9053e-01
162 0 +5.640412505e+00 +1.210304125e+02 +1.210304125e+02 +3.2192e+00 +4.2015e-01 +2.7227e+00 +2.7822e+00 +4.6452e-01
163 0 +5.602078075e+00 +1.209920781e+02 +1.209920781e+02 +3.2444e+00 +4.2099e-01 +2.7247e+00 +2.8038e+00 +4.4226e-01
169 0 +5.458648986e+00 +1.208486490e+02 +1.208486490e+02 +3.2718e+00 +4.5114e-01 +2.7575e+00 +2.7859e+00 +4.3697e-01
172 0 +5.334041718e+00 +1.207240417e+02 +1.207240417e+02 +3.3287e+00 +4.9573e-01 +2.7969e+00 +2.7745e+00 +4.4301e-01
175 0 +5.221376219e+00 +1.206113762e+02 +1.206113762e+02 +3.3722e+00 +4.8077e-01 +2.8002e+00 +2.7986e+00 +4.2113e-01
183 0 +5.037662875e+00 +1.204276629e+02 +1.204276629e+02 +3.3875e+00 +5.1344e-01 +2.8591e+00 +2.8335e+00 +4.0014e-01
184 0 +4.774257575e+00 +1.201642576e+02 +1.201642576e+02 +3.4342e+00 +5.9650e-01 +2.9727e+00 +2.8857e+00 +3.7011e-01
192 0 +4.628026192e+00 +1.200180262e+02 +1.200180262e+02 +3.5095e+00 +6.1219e-01 +2.9539e+00 +2.9320e+00 +3.6621e-01
194 0 +4.375687186e+00 +1.197656872e+02 +1.197656872e+02 +3.5614e+00 +6.6757e-01 +3.0166e+00 +2.9495e+00 +3.6804e-01
195 0 +4.001747026e+00 +1.193917470e+02 +1.193917470e+02 +3.7438e+00 +8.4647e-01 +3.2014e+00 +3.0013e+00 +3.8496e-01
197 0 +3.852609588e+00 +1.192426096e+02 +1.192426096e+02 +3.7483e+00 +8.4270e-01 +3.1887e+00 +3.0460e+00 +3.7790e-01
200 0 +3.755220431e+00 +1.191452204e+02 +1.191452204e+02 +3.7559e+00 +8.4611e-01 +3.1965e+00 +3.0505e+00 +2.8533e-01
207 0 +3.701271406e+00 +1.190912714e+02 +1.190912714e+02 +3.7557e+00 +8.4872e-01 +3.2271e+00 +3.0472e+00 +2.7860e-01
211 0 +3.610450125e+00 +1.190004501e+02 +1.190004501e+02 +3.7959e+00 +8.5963e-01 +3.2600e+00 +3.0635e+00 +2.5909e-01
212 0 +3.426812515e+00 +1.188168125e+02 +1.188168125e+02 +3.9159e+00 +8.9601e-01 +3.3346e+00 +3.1035e+00 +2.0697e-01
213 0 +3.317460924e+00 +1.187074609e+02 +1.187074609e+02 +4.2898e+00 +9.4583e-01 +3.7269e+00 +3.2791e+00 -8.0370e-02
220 0 +3.100553982e+00 +1.184905540e+02 +1.184905540e+02 +4.3037e+00 +9.7799e-01 +3.7228e+00 +3.2082e+00 -9.1239e-02
223 0 +3.044673845e+00 +1.184346738e+02 +1.184346738e+02 +4.3071e+00 +1.0055e+00 +3.7063e+00 +3.1853e+00 -9.7202e-02
226 0 +3.019030318e+00 +1.184090303e+02 +1.184090303e+02 +4.3051e+00 +1.0225e+00 +3.6996e+00 +3.1912e+00 -1.0238e-01
234 0 +2.948174519e+00 +1.183381745e+02 +1.183381745e+02 +4.2921e+00 +1.0634e+00 +3.7168e+00 +3.1853e+00 -9.1386e-02
240 0 +2.880967220e+00 +1.182709672e+02 +1.182709672e+02 +4.2993e+00 +1.1100e+00 +3.7057e+00 +3.1991e+00 -8.5928e-02
245 0 +2.802062638e+00 +1.181920626e+02 +1.181920626e+02 +4.3107e+00 +1.1982e+00 +3.7154e+00 +3.2155e+00 -8.8130e-02
