% f evaluations | g evaluations | best noise-free fitness - Fopt (4.078000000000e+01) + sum g_i+ | measured fitness | best measured fitness or single-digit g-values | x1 | x2...
1 0 +2.342962888e+01 +6.420962888e+01 +6.420962888e+01 +0.0000e+00 +0.0000e+00 +0.0000e+00
4 0 +2.094585073e+01 +6.172585073e+01 +6.172585073e+01 +0.0000e+00 +5.0000e-01 +0.0000e+00
8 0 +1.935866288e+01 +6.013866288e+01 +6.013866288e+01 +1.1151e-02 +5.2790e-01 +1.2134e-01
12 0 +1.898470507e+01 +5.976470507e+01 +5.976470507e+01 +4.5362e-02 +5.5753e-01 +1.0692e-01
14 0 +1.860695128e+01 +5.938695128e+01 +5.938695128e+01 +7.9841e-02 +5.8362e-01 +1.1485e-01
15 0 +1.811658109e+01 +5.889658109e+01 +5.889658109e+01 +1.7758e-01 +6.0439e-01 +1.1874e-01
16 0 +1.727784813e+01 +5.805784813e+01 +5.805784813e+01 +2.4238e-01 +6.6492e-01 +7.2508e-02
32 0 +1.696568783e+01 +5.774568783e+01 +5.774568783e+01 +2.9324e-01 +6.8761e-01 +5.2723e-02
34 0 +1.643913498e+01 +5.721913498e+01 +5.721913498e+01 +4.5935e-01 +7.5800e-01 -3.3361e-02
42 0 +1.620929805e+01 +5.698929805e+01 +5.698929805e+01 +5.4188e-01 +8.4464e-01 -2.6838e-02
61 0 +1.578263584e+01 +5.656263584e+01 +5.656263584e+01 +4.9591e-01 +1.0122e+00 +1.0343e-01
82 0 +1.517458321e+01 +5.595458321e+01 +5.595458321e+01 +5.6159e-01 +1.4346e+00 +3.2934e-01
89 0 +1.497730226e+01 +5.575730226e+01 +5.575730226e+01 +5.4476e-01 +1.4821e+00 +3.1714e-01
111 0 +1.477603879e+01 +5.555603879e+01 +5.555603879e+01 +5.2954e-01 +1.5815e+00 +3.8785e-01
% f evaluations | g evaluations | best noise-free fitness - Fopt (-1.600000000000e+00) + sum g_i+ | measured fitness | best measured fitness or single-digit g-values | x1 | x2...
1 0 +1.240367020e+01 +1.080367020e+01 +1.080367020e+01 +0.0000e+00 +0.0000e+00 +0.0000e+00
5 0 +1.225188379e+01 +1.065188379e+01 +1.065188379e+01 +0.0000e+00 +0.0000e+00 +5.0000e-01
11 0 +1.195853019e+01 +1.035853019e+01 +1.035853019e+01 -8.6489e-03 +2.0966e-02 +4.6491e-01
13 0 +1.174755061e+01 +1.014755061e+01 +1.014755061e+01 -1.4248e-02 +3.7656e-02 +4.2576e-01
17 0 +1.128253827e+01 +9.682538273e+00 +9.682538273e+00 -1.0460e-01 +7.0360e-02 +2.9488e-01
22 0 +1.119991584e+01 +9.599915841e+00 +9.599915841e+00 -1.5227e-01 +3.2486e-02 +2.7382e-01
% f evaluations | g evaluations | best noise-free fitness - Fopt (-3.708400000000e+02) + sum g_i+ | measured fitness | best measured fitness or single-digit g-values | x1 | x2...
1 0 +3.578233172e+01 -3.350576683e+02 -3.350576683e+02 +0.0000e+00 +0.0000e+00 +0.0000e+00
4 0 +3.140150106e+01 -3.394384989e+02 -3.394384989e+02 +0.0000e+00 +5.0000e-01 +0.0000e+00
5 0 +2.847921642e+01 -3.423607836e+02 -3.423607836e+02 +0.0000e+00 +0.0000e+00 +5.0000e-01
65 0 +2.897547422e+00 -3.679424526e+02 -3.679424526e+02 -1.4406e+00 +2.6451e+00 +1.2876e+00
% f evaluations | g evaluations | best noise-free fitness - Fopt (-3.256000000000e+01) + sum g_i+ | measured fitness | best measured fitness or single-digit g-values | x1 | x2...
1 0 +5.303999905e+01 +2.047999905e+01 +2.047999905e+01 +0.0000e+00 +0.0000e+00 +0.0000e+00
3 0 +2.434249113e+01 -8.217508874e+00 -8.217508874e+00 +5.0000e-01 +0.0000e+00 +0.0000e+00
23 0 +1.805976941e+01 -1.450023059e+01 -1.450023059e+01 -2.2838e+00 +1.5327e+00 -4.5715e-01
79 0 +1.303971794e+01 -1.952028206e+01 -1.952028206e+01 +1.2093e+00 +3.1058e+00 -6.3255e-01
136 0 +1.250616061e+01 -2.005383939e+01 -2.005383939e+01 +3.2130e+00 +2.0334e+00 +7.2571e-01
137 0 +9.810647847e+00 -2.274935215e+01 -2.274935215e+01 +3.2130e+00 +1.5334e+00 +1.2257e+00
138 0 +9.550048186e+00 -2.300995181e+01 -2.300995181e+01 +3.7666e+00 +1.2478e+00 +3.1886e-01
% f evaluations | g evaluations | best noise-free fitness - Fopt (5.154000000000e+02) + sum g_i+ | measured fitness | best measured fitness or single-digit g-values | x1 | x2...
1 0 +2.054857278e+01 +5.359485728e+02 +5.359485728e+02 +0.0000e+00 +0.0000e+00 +0.0000e+00
4 0 +2.021948382e+01 +5.356194838e+02 +5.356194838e+02 +0.0000e+00 +5.0000e-01 +0.0000e+00
5 0 +1.026359280e+01 +5.256635928e+02 +5.256635928e+02 +0.0000e+00 +0.0000e+00 +5.0000e-01
6 0 +4.087384569e+00 +5.194873846e+02 +5.194873846e+02 -3.5268e-01 +1.1335e-02 +8.5424e-01
8 0 +2.643207852e+00 +5.180432079e+02 +5.180432079e+02 -5.2107e-01 -1.7344e-01 +8.5469e-01
9 0 +2.003385726e+00 +5.174033857e+02 +5.174033857e+02 -7.4629e-01 -6.5458e-02 +8.4392e-01
11 0 +1.893655229e+00 +5.172936552e+02 +5.172936552e+02 -7.8816e-01 -9.2047e-02 +9.5866e-01
12 0 +1.790289050e+00 +5.171902890e+02 +5.171902890e+02 -8.2129e-01 -5.6818e-02 +9.7136e-01
13 0 +1.329582381e+00 +5.167295824e+02 +5.167295824e+02 -9.4997e-01 +9.3063e-02 +1.0026e+00
17 0 +1.263274027e+00 +5.166632740e+02 +5.166632740e+02 -9.7705e-01 +1.2089e-01 +9.6712e-01
19 0 +1.141630495e+00 +5.165416305e+02 +5.165416305e+02 -1.0279e+00 +5.6455e-02 +9.1001e-01
20 0 +8.806030775e-01 +5.162806031e+02 +5.162806031e+02 -1.1146e+00 +6.0778e-02 +9.5969e-01
21 0 +7.533238602e-01 +5.161533239e+02 +5.161533239e+02 -1.2139e+00 +6.2574e-02 +9.7113e-01
24 0 +7.131523011e-01 +5.161131523e+02 +5.161131523e+02 -1.2689e+00 +1.0952e-01 +9.9396e-01
25 0 +7.003728639e-01 +5.161003729e+02 +5.161003729e+02 -1.3091e+00 +1.3663e-01 +9.8161e-01
% f evaluations | g evaluations | best noise-free fitness - Fopt (1.559800000000e+02) + sum g_i+ | measured fitness | best measured fitness or single-digit g-values | x1 | x2...
1 0 +2.467922958e+01 +1.806592296e+02 +1.806592296e+02 +0.0000e+00 +0.0000e+00 +0.0000e+00
4 0 +2.043393466e+01 +1.764139347e+02 +1.764139347e+02 +0.0000e+00 +5.0000e-01 +0.0000e+00
6 0 +1.779378377e+01 +1.737737838e+02 +1.737737838e+02 -2.1799e-01 +9.1027e-01 +1.8481e-01
8 0 +1.631503944e+01 +1.722950394e+02 +1.722950394e+02 -7.4963e-03 +1.0379e+00 +2.2834e-01
11 0 +1.533667070e+01 +1.713166707e+02 +1.713166707e+02 +2.6252e-04 +1.0278e+00 +3.5269e-01
12 0 +1.460194724e+01 +1.705819472e+02 +1.705819472e+02 +1.0795e-03 +1.1161e+00 +4.4117e-01
13 0 +1.334195240e+01 +1.693219524e+02 +1.693219524e+02 -1.0065e-01 +1.1145e+00 +5.1379e-01
14 0 +1.287845239e+01 +1.688584524e+02 +1.688584524e+02 -1.7768e-01 +1.1155e+00 +6.1223e-01
16 0 +1.251432098e+01 +1.684943210e+02 +1.684943210e+02 -1.5525e-01 +1.1486e+00 +6.4229e-01
17 0 +1.226108890e+01 +1.682410889e+02 +1.682410889e+02 -1.3993e-01 +1.1709e+00 +6.8436e-01
21 0 +1.196926201e+01 +1.679492620e+02 +1.679492620e+02 -1.6859e-01 +1.2008e+00 +7.2928e-01
22 0 +1.161029153e+01 +1.675902915e+02 +1.675902915e+02 -2.2631e-01 +1.2641e+00 +7.8091e-01
25 0 +1.132187222e+01 +1.673018722e+02 +1.673018722e+02 -2.0715e-01 +1.2820e+00 +8.7740e-01
26 0 +1.109679899e+01 +1.670767990e+02 +1.670767990e+02 -2.5340e-01 +1.3362e+00 +9.4763e-01
29 0 +1.079922881e+01 +1.667792288e+02 +1.667792288e+02 -2.1777e-01 +1.3793e+00 +9.5379e-01
30 0 +1.064174263e+01 +1.666217426e+02 +1.666217426e+02 -1.9717e-01 +1.4241e+00 +9.6212e-01
34 0 +1.043082428e+01 +1.664108243e+02 +1.664108243e+02 -2.3874e-01 +1.4609e+00 +9.6505e-01
36 0 +1.001727464e+01 +1.659972746e+02 +1.659972746e+02 -2.8525e-01 +1.5732e+00 +9.4342e-01
38 0 +9.951138275e+00 +1.659311383e+02 +1.659311383e+02 -2.6357e-01 +1.5880e+00 +9.7360e-01
39 0 +9.405672503e+00 +1.653856725e+02 +1.653856725e+02 -3.3986e-01 +1.7539e+00 +1.0553e+00
44 0 +9.305779189e+00 +1.652857792e+02 +1.652857792e+02 -3.5106e-01 +1.8036e+00 +1.0078e+00
52 0 +9.009822872e+00 +1.649898229e+02 +1.649898229e+02 -3.4420e-01 +1.9350e+00 +1.1018e+00
56 0 +8.903697244e+00 +1.648836972e+02 +1.648836972e+02 -3.6739e-01 +1.9773e+00 +1.1222e+00
60 0 +8.478673823e+00 +1.644586738e+02 +1.644586738e+02 -4.8767e-01 +2.2561e+00 +1.1721e+00
62 0 +7.993297961e+00 +1.639732980e+02 +1.639732980e+02 -4.1394e-01 +2.4927e+00 +1.3274e+00
63 0 +7.298971208e+00 +1.632789712e+02 +1.632789712e+02 -2.9819e-01 +2.6540e+00 +1.3034e+00
66 0 +7.011004834e+00 +1.629910048e+02 +1.629910048e+02 -1.1713e-01 +2.9110e+00 +1.5889e+00
67 0 +6.661072789e+00 +1.626410728e+02 +1.626410728e+02 -4.0060e-01 +3.1920e+00 +1.5624e+00
70 0 +6.007956851e+00 +1.619879569e+02 +1.619879569e+02 -4.7128e-01 +3.1266e+00 +1.3871e+00
73 0 +5.853556419e+00 +1.618335564e+02 +1.618335564e+02 -5.2646e-01 +3.0066e+00 +1.1951e+00
% f evaluations | g evaluations | best noise-free fitness - Fopt (-1.764600000000e+02) + sum g_i+ | measured fitness | best measured fitness or single-digit g-values | x1 | x2...
1 0 +9.271901886e+00 -1.671880981e+02 -1.671880981e+02 +0.0000e+00 +0.0000e+00 +0.0000e+00
3 0 +1.635975314e+00 -1.748240247e+02 -1.748240247e+02 +5.0000e-01 +0.0000e+00 +0.0000e+00
% f evaluations | g evaluations | best noise-free fitness - Fopt (1.195800000000e+02) + sum g_i+ | measured fitness | best measured fitness or single-digit g-values | x1 | x2...
1 0 +2.262450097e+01 +1.422045010e+02 +1.422045010e+02 +0.0000e+00 +0.0000e+00 +0.0000e+00
4 0 +2.080214436e+01 +1.403821444e+02 +1.403821444e+02 +0.0000e+00 +5.0000e-01 +0.0000e+00
6 0 +1.179956862e+01 +1.313795686e+02 +1.313795686e+02 -3.6899e-01 +6.2678e-01 -3.1269e-01
9 0 +8.425926804e+00 +1.280059268e+02 +1.280059268e+02 -7.2680e-01 +4.9777e-01 -6.3723e-01
10 0 +8.056767695e+00 +1.276367677e+02 +1.276367677e+02 -9.8359e-01 +8.7505e-01 -8.4148e-01
12 0 +6.353644210e+00 +1.259336442e+02 +1.259336442e+02 -1.1946e+00 +8.0771e-01 -7.2554e-01
13 0 +4.935331487e+00 +1.245153315e+02 +1.245153315e+02 -1.2256e+00 +9.2040e-01 -5.0454e-01
14 0 +3.145842736e+00 +1.227258427e+02 +1.227258427e+02 -1.3972e+00 +9.3402e-01 -3.2331e-01
18 0 +2.267215826e+00 +1.218472158e+02 +1.218472158e+02 -1.5572e+00 +7.7789e-01 -2.1134e-01
19 0 +2.219011838e+00 +1.217990118e+02 +1.217990118e+02 -1.6604e+00 +8.3648e-01 +8.7035e-03
20 0 +2.142365604e+00 +1.217223656e+02 +1.217223656e+02 -1.7184e+00 +7.2614e-01 +1.7739e-02
22 0 +2.128986606e+00 +1.217089866e+02 +1.217089866e+02 -1.7665e+00 +7.1596e-01 +8.8392e-03
112 0 +2.089191886e+00 +1.216691919e+02 +1.216691919e+02 +9.8717e-01 -3.1201e+00 -3.0191e+00
% f evaluations | g evaluations | best noise-free fitness - Fopt (1.460000000000e+01) + sum g_i+ | measured fitness | best measured fitness or single-digit g-values | x1 | x2...
1 0 +3.009090328e+01 +4.469090328e+01 +4.469090328e+01 +0.0000e+00 +0.0000e+00 +0.0000e+00
3 0 +2.855657283e+01 +4.315657283e+01 +4.315657283e+01 +5.0000e-01 +0.0000e+00 +0.0000e+00
7 0 +2.675435881e+01 +4.135435881e+01 +4.135435881e+01 +3.4178e-02 +5.3788e-01 +2.4474e-01
10 0 +2.570288246e+01 +4.030288246e+01 +4.030288246e+01 +1.5550e-01 +6.0998e-01 +2.7839e-01
12 0 +2.452646705e+01 +3.912646705e+01 +3.912646705e+01 +3.5515e-01 +6.4489e-01 +3.0659e-01
14 0 +2.355542292e+01 +3.815542292e+01 +3.815542292e+01 +5.4398e-01 +7.6402e-01 +2.5430e-01
16 0 +2.340665952e+01 +3.800665952e+01 +3.800665952e+01 +5.7280e-01 +7.9411e-01 +2.8194e-01
21 0 +2.274826355e+01 +3.734826355e+01 +3.734826355e+01 +8.5930e-01 +9.6208e-01 +2.5348e-01
114 0 +1.851738998e+01 +3.311738998e+01 +3.311738998e+01 -2.9911e+00 +2.5451e-02 +1.4757e+00
115 0 +1.520670529e+01 +2.980670529e+01 +2.980670529e+01 -2.4911e+00 +2.5451e-02 +1.4757e+00
120 0 +1.372578148e+01 +2.832578148e+01 +2.832578148e+01 -2.4808e+00 +1.4994e-01 +1.4713e+00
122 0 +1.250622914e+01 +2.710622914e+01 +2.710622914e+01 -2.4745e+00 +1.5497e-01 +1.4219e+00
123 0 +1.182945165e+01 +2.642945165e+01 +2.642945165e+01 -2.4589e+00 +1.7484e-01 +1.3788e+00
124 0 +1.163284242e+01 +2.623284242e+01 +2.623284242e+01 -2.4606e+00 +1.4162e-01 +1.3414e+00
125 0 +1.138633260e+01 +2.598633260e+01 +2.598633260e+01 -2.4240e+00 +1.5554e-01 +1.3103e+00
127 0 +1.116032867e+01 +2.576032867e+01 +2.576032867e+01 -2.4045e+00 +1.4061e-01 +1.3152e+00
129 0 +1.090018166e+01 +2.550018166e+01 +2.550018166e+01 -2.3668e+00 +1.4230e-01 +1.3325e+00
130 0 +1.041614322e+01 +2.501614322e+01 +2.501614322e+01 -2.2860e+00 +8.4932e-02 +1.3191e+00
133 0 +1.017764574e+01 +2.477764574e+01 +2.477764574e+01 -2.1872e+00 +9.8456e-02 +1.3381e+00
134 0 +9.808186716e+00 +2.440818672e+01 +2.440818672e+01 -2.1777e+00 +1.2412e-01 +1.2963e+00
135 0 +9.755581764e+00 +2.435558176e+01 +2.435558176e+01 -2.1556e+00 +1.3208e-01 +1.2522e+00
139 0 +9.521723166e+00 +2.412172317e+01 +2.412172317e+01 -2.1084e+00 +1.2219e-01 +1.2648e+00
142 0 +9.292091682e+00 +2.389209168e+01 +2.389209168e+01 -2.0106e+00 +9.5694e-02 +1.2667e+00
148 0 +9.088410707e+00 +2.368841071e+01 +2.368841071e+01 -1.9555e+00 +1.4818e-01 +1.2695e+00
% f evaluations | g evaluations | best noise-free fitness - Fopt (-2.550000000000e+01) + sum g_i+ | measured fitness | best measured fitness or single-digit g-values | x1 | x2...
1 0 +6.680255664e+00 -1.881974434e+01 -1.881974434e+01 +0.0000e+00 +0.0000e+00 +0.0000e+00
4 0 +2.833744374e+00 -2.266625563e+01 -2.266625563e+01 +0.0000e+00 +5.0000e-01 +0.0000e+00
% f evaluations | g evaluations | best noise-free fitness - Fopt (-2.799000000000e+01) + sum g_i+ | measured fitness | best measured fitness or single-digit g-values | x1 | x2...
1 0 +2.580181788e+01 -2.188182125e+00 -2.188182125e+00 +0.0000e+00 +0.0000e+00 +0.0000e+00
3 0 +7.899093978e+00 -2.009090602e+01 -2.009090602e+01 +5.0000e-01 +0.0000e+00 +0.0000e+00
42 0 +7.360373706e+00 -2.062962629e+01 -2.062962629e+01 -1.5986e+00 -2.1634e+00 -3.2532e-01
44 0 +6.044489916e+00 -2.194551008e+01 -2.194551008e+01 -1.5986e+00 -1.6634e+00 -3.2532e-01
% f evaluations | g evaluations | best noise-free fitness - Fopt (-5.112000000000e+01) + sum g_i+ | measured fitness | best measured fitness or single-digit g-values | x1 | x2...
1 0 +3.533041395e+01 -1.578958605e+01 -1.578958605e+01 +0.0000e+00 +0.0000e+00 +0.0000e+00
3 0 +2.629557095e+01 -2.482442905e+01 -2.482442905e+01 +5.0000e-01 +0.0000e+00 +0.0000e+00
4 0 +2.373384915e+01 -2.738615085e+01 -2.738615085e+01 +0.0000e+00 +5.0000e-01 +0.0000e+00
80 0 +9.028375272e+00 -4.209162473e+01 -4.209162473e+01 -2.2062e+00 +5.7040e-01 +3.4792e-01
83 0 +6.883438387e+00 -4.423656161e+01 -4.423656161e+01 -2.2062e+00 +5.7040e-01 +8.4792e-01
% f evaluations | g evaluations | best noise-free fitness - Fopt (-4.336200000000e+02) + sum g_i+ | measured fitness | best measured fitness or single-digit g-values | x1 | x2...
1 0 +2.471889605e+01 -4.089011040e+02 -4.089011040e+02 +0.0000e+00 +0.0000e+00 +0.0000e+00
3 0 +2.301272803e+01 -4.106072720e+02 -4.106072720e+02 +5.0000e-01 +0.0000e+00 +0.0000e+00
4 0 +1.466661543e+01 -4.189533846e+02 -4.189533846e+02 +0.0000e+00 +5.0000e-01 +0.0000e+00
140 0 +1.111969770e+01 -4.225003023e+02 -4.225003023e+02 -2.8252e+00 +2.6866e+00 -1.0374e+00
143 0 +8.905067198e+00 -4.247149328e+02 -4.247149328e+02 -2.8252e+00 +2.6866e+00 -5.3743e-01
% f evaluations | g evaluations | best noise-free fitness - Fopt (1.088800000000e+02) + sum g_i+ | measured fitness | best measured fitness or single-digit g-values | x1 | x2...
1 0 +4.469953017e+01 +1.535795302e+02 +1.535795302e+02 +0.0000e+00 +0.0000e+00 +0.0000e+00
4 0 +3.518600740e+01 +1.440660074e+02 +1.440660074e+02 +0.0000e+00 +5.0000e-01 +0.0000e+00
6 0 +2.966864846e+01 +1.385486485e+02 +1.385486485e+02 -3.0180e-01 +8.4185e-01 +2.0509e-01
8 0 +2.784358987e+01 +1.367235899e+02 +1.367235899e+02 -5.4035e-01 +8.8905e-01 +1.4710e-01
11 0 +2.703409125e+01 +1.359140912e+02 +1.359140912e+02 -5.8746e-01 +9.7317e-01 +6.7544e-02
12 0 +2.659611693e+01 +1.354761169e+02 +1.354761169e+02 -5.6540e-01 +1.0691e+00 -9.5309e-03
13 0 +2.629004209e+01 +1.351700421e+02 +1.351700421e+02 -6.6300e-01 +1.1417e+00 -3.8391e-02
78 0 +8.295818385e+00 +1.171758184e+02 +1.171758184e+02 -7.2065e-01 +1.5126e+00 +1.2725e+00
79 0 +5.870250056e+00 +1.147502501e+02 +1.147502501e+02 -2.2065e-01 +1.5126e+00 +1.2725e+00
84 0 +4.849434796e+00 +1.137294348e+02 +1.137294348e+02 -1.8024e-01 +1.4865e+00 +1.3878e+00
85 0 +2.951717819e+00 +1.118317178e+02 +1.118317178e+02 -1.3505e-01 +1.3777e+00 +1.4298e+00
86 0 +1.811435659e+00 +1.106914357e+02 +1.106914357e+02 +3.1516e-02 +9.1343e-01 +1.5115e+00
91 0 +1.018796588e+00 +1.098987966e+02 +1.098987966e+02 -2.0082e-02 +9.2728e-01 +1.6245e+00
95 0 +8.459039062e-01 +1.097259039e+02 +1.097259039e+02 -3.4310e-02 +8.7936e-01 +1.6233e+00
96 0 +7.782581040e-01 +1.096582581e+02 +1.096582581e+02 -2.6801e-02 +8.2993e-01 +1.6235e+00
97 0 +6.855536586e-01 +1.095655537e+02 +1.095655537e+02 -6.9804e-02 +8.1120e-01 +1.6062e+00
99 0 +6.126539214e-01 +1.094926539e+02 +1.094926539e+02 -8.3620e-02 +8.0309e-01 +1.6254e+00
100 0 +5.763270652e-01 +1.094563271e+02 +1.094563271e+02 -1.0504e-01 +8.0706e-01 +1.6377e+00
101 0 +5.498427190e-01 +1.094298427e+02 +1.094298427e+02 -1.0897e-01 +7.9307e-01 +1.6580e+00
102 0 +5.456857717e-01 +1.094256858e+02 +1.094256858e+02 -1.1931e-01 +8.0046e-01 +1.6796e+00
104 0 +5.315156940e-01 +1.094115157e+02 +1.094115157e+02 -1.2958e-01 +7.8767e-01 +1.6808e+00
105 0 +5.230909169e-01 +1.094030909e+02 +1.094030909e+02 -1.3745e-01 +7.7823e-01 +1.6831e+00
106 0 +5.031138823e-01 +1.093831139e+02 +1.093831139e+02 -1.7301e-01 +7.4378e-01 +1.6901e+00
107 0 +4.951240125e-01 +1.093751240e+02 +1.093751240e+02 -2.2075e-01 +7.2914e-01 +1.6874e+00
108 0 +4.894580559e-01 +1.093694581e+02 +1.093694581e+02 -2.2270e-01 +6.9414e-01 +1.7231e+00
109 0 +4.693891631e-01 +1.093493892e+02 +1.093493892e+02 -2.1503e-01 +6.5608e-01 +1.6916e+00
110 0 +4.498702842e-01 +1.093298703e+02 +1.093298703e+02 -2.2018e-01 +6.1260e-01 +1.6674e+00
112 0 +4.357869718e-01 +1.093157870e+02 +1.093157870e+02 -2.2276e-01 +5.7765e-01 +1.7611e+00
113 0 +4.263803738e-01 +1.093063804e+02 +1.093063804e+02 -2.4149e-01 +5.7764e-01 +1.7606e+00
114 0 +3.727260375e-01 +1.092527260e+02 +1.092527260e+02 -2.8100e-01 +5.4700e-01 +1.7599e+00
115 0 +2.300857650e-01 +1.091100858e+02 +1.091100858e+02 -4.6378e-01 +4.6592e-01 +1.7559e+00
118 0 +1.310077638e-01 +1.090110078e+02 +1.090110078e+02 -5.7017e-01 +4.7822e-01 +1.5870e+00
119 0 +7.980887788e-02 +1.089598089e+02 +1.089598089e+02 -7.4634e-01 +3.9058e-01 +1.5512e+00
123 0 +6.968834047e-02 +1.089496883e+02 +1.089496883e+02 -7.5484e-01 +3.7456e-01 +1.5427e+00
124 0 +5.788389068e-02 +1.089378839e+02 +1.089378839e+02 -7.3004e-01 +3.3266e-01 +1.5314e+00
125 0 +4.535443984e-02 +1.089253544e+02 +1.089253544e+02 -7.5777e-01 +2.9109e-01 +1.5330e+00
126 0 +3.862760078e-02 +1.089186276e+02 +1.089186276e+02 -7.5077e-01 +2.5608e-01 +1.5680e+00
127 0 +3.511966766e-02 +1.089151197e+02 +1.089151197e+02 -7.5683e-01 +2.0842e-01 +1.5542e+00
128 0 +2.385788620e-02 +1.089038579e+02 +1.089038579e+02 -7.9964e-01 +1.9716e-01 +1.5775e+00
129 0 +2.165693939e-02 +1.089016569e+02 +1.089016569e+02 -8.3542e-01 +1.7750e-01 +1.6063e+00
130 0 +1.804180131e-02 +1.088980418e+02 +1.088980418e+02 -8.7133e-01 +1.8750e-01 +1.5730e+00
131 0 +1.645864981e-02 +1.088964586e+02 +1.088964586e+02 -8.6929e-01 +1.7511e-01 +1.5671e+00
132 0 +1.490159557e-02 +1.088949016e+02 +1.088949016e+02 -8.8040e-01 +1.5672e-01 +1.5543e+00
134 0 +1.464262815e-02 +1.088946426e+02 +1.088946426e+02 -8.7733e-01 +1.4540e-01 +1.5586e+00
135 0 +1.414473350e-02 +1.088941447e+02 +1.088941447e+02 -8.8815e-01 +1.3912e-01 +1.5588e+00
136 0 +1.379587860e-02 +1.088937959e+02 +1.088937959e+02 -8.9699e-01 +1.3282e-01 +1.5650e+00
137 0 +1.312847377e-02 +1.088931285e+02 +1.088931285e+02 -9.0372e-01 +1.2326e-01 +1.5606e+00
138 0 +1.018751552e-02 +1.088901875e+02 +1.088901875e+02 -9.2789e-01 +8.6482e-02 +1.5369e+00
140 0 +8.993359636e-03 +1.088889934e+02 +1.088889934e+02 -9.3880e-01 +8.9777e-02 +1.5533e+00
144 0 +8.891389969e-03 +1.088888914e+02 +1.088888914e+02 -9.5804e-01 +8.5892e-02 +1.5688e+00
146 0 +7.165261343e-03 +1.088871653e+02 +1.088871653e+02 -9.6375e-01 +7.8627e-02 +1.5604e+00
147 0 +4.398439672e-03 +1.088843984e+02 +1.088843984e+02 -9.8621e-01 +5.0866e-02 +1.5254e+00
149 0 +4.179674903e-03 +1.088841797e+02 +1.088841797e+02 -9.9243e-01 +5.3890e-02 +1.5268e+00
150 0 +3.798273510e-03 +1.088837983e+02 +1.088837983e+02 -1.0008e+00 +3.4726e-02 +1.5405e+00
% f evaluations | g evaluations | best noise-free fitness - Fopt (1.112000000000e+01) + sum g_i+ | measured fitness | best measured fitness or single-digit g-values | x1 | x2...
1 0 +1.545635780e+01 +2.657635780e+01 +2.657635780e+01 +0.0000e+00 +0.0000e+00 +0.0000e+00
3 0 +8.474609770e+00 +1.959460977e+01 +1.959460977e+01 +5.0000e-01 +0.0000e+00 +0.0000e+00
6 0 +5.716831077e+00 +1.683683108e+01 +1.683683108e+01 +8.2997e-01 -2.4095e-01 +2.8820e-01
7 0 +5.045622334e+00 +1.616562233e+01 +1.616562233e+01 +1.1355e+00 -4.6404e-01 -3.8738e-02
9 0 +4.512896898e+00 +1.563289690e+01 +1.563289690e+01 +1.0962e+00 -6.9923e-01 +3.6378e-02
12 0 +3.533499348e+00 +1.465349935e+01 +1.465349935e+01 +1.1283e+00 -6.8781e-01 +1.5663e-01
13 0 +2.976093302e+00 +1.409609330e+01 +1.409609330e+01 +1.1206e+00 -6.8097e-01 +2.8120e-01
15 0 +2.920007487e+00 +1.404000749e+01 +1.404000749e+01 +1.1612e+00 -7.0306e-01 +3.0022e-01
16 0 +2.777088173e+00 +1.389708817e+01 +1.389708817e+01 +1.1421e+00 -7.2637e-01 +3.4013e-01
17 0 +2.687412095e+00 +1.380741209e+01 +1.380741209e+01 +1.1293e+00 -7.6736e-01 +3.6573e-01
18 0 +2.583398728e+00 +1.370339873e+01 +1.370339873e+01 +1.1261e+00 -7.6619e-01 +4.1562e-01
19 0 +2.513458646e+00 +1.363345865e+01 +1.363345865e+01 +1.1440e+00 -7.8766e-01 +4.5711e-01
20 0 +2.447912275e+00 +1.356791228e+01 +1.356791228e+01 +1.1165e+00 -7.9785e-01 +4.9761e-01
22 0 +2.378709075e+00 +1.349870907e+01 +1.349870907e+01 +1.1146e+00 -8.1768e-01 +5.6863e-01
23 0 +2.343956690e+00 +1.346395669e+01 +1.346395669e+01 +1.0802e+00 -8.4449e-01 +5.9310e-01
26 0 +2.285584763e+00 +1.340558476e+01 +1.340558476e+01 +1.0615e+00 -9.3964e-01 +6.8211e-01
142 0 +2.006366017e+00 +1.312636602e+01 +1.312636602e+01 +1.7728e+00 +2.9085e+00 +6.4837e-01
146 0 +1.836703484e+00 +1.295670348e+01 +1.295670348e+01 +1.8521e+00 +2.8157e+00 +6.2142e-01
147 0 +1.591082090e+00 +1.271108209e+01 +1.271108209e+01 +1.9152e+00 +2.7174e+00 +5.7691e-01
150 0 +1.464074153e+00 +1.258407415e+01 +1.258407415e+01 +1.7038e+00 +2.6486e+00 +4.6277e-01
151 0 +1.135479965e+00 +1.225547996e+01 +1.225547996e+01 +1.6897e+00 +2.5354e+00 +5.1385e-01
