% f evaluations | g evaluations | best noise-free fitness - Fopt (-5.235000000000e+01) + sum g_i+ | measured fitness | best measured fitness or single-digit g-values | x1 | x2...
1 0 +7.774068784e+01 +2.539068784e+01 +2.539068784e+01 +0.0000e+00 +0.0000e+00 +0.0000e+00 +0.0000e+00 +0.0000e+00 +0.0000e+00 +0.0000e+00 +0.0000e+00 +0.0000e+00 +0.0000e+00
3 0 +7.771323048e+01 +2.536323048e+01 +2.536323048e+01 +1.0000e-01 +0.0000e+00 +0.0000e+00 +0.0000e+00 +0.0000e+00 +0.0000e+00 +0.0000e+00 +0.0000e+00 +0.0000e+00 +0.0000e+00
4 0 +7.715762312e+01 +2.480762312e+01 +2.480762312e+01 +0.0000e+00 +1.0000e-01 +0.0000e+00 +0.0000e+00 +0.0000e+00 +0.0000e+00 +0.0000e+00 +0.0000e+00 +0.0000e+00 +0.0000e+00
11 0 +7.514115005e+01 +2.279115005e+01 +2.279115005e+01 +0.0000e+00 +0.0000e+00 +0.0000e+00 +0.0000e+00 +0.0000e+00 +0.0000e+00 +0.0000e+00 +0.0000e+00 +1.0000e-01 +0.0000e+00
13 0 +7.099471383e+01 +1.864471383e+01 +1.864471383e+01 +6.3367e-04 +1.3456e-02 -1.3709e-02 -1.0041e-02 +1.6064e-02 +2.9109e-02 -5.4030e-02 +2.1595e-02 +1.5999e-01 -3.7944e-02
14 0 +5.607274354e+01 +3.722743536e+00 +3.722743536e+00 +3.2093e-03 +6.8151e-02 -6.9432e-02 -5.0855e-02 +8.1359e-02 +1.4743e-01 -2.7364e-01 +1.0937e-01 +3.9290e-01 -1.9217e-01
15 0 +5.297190139e+01 +6.219013904e-01 +6.219013904e-01 +3.8571e-03 +8.1906e-02 -8.3446e-02 -6.1119e-02 +9.7780e-02 +1.7718e-01 -3.2887e-01 +1.3145e-01 +4.3866e-01 -2.3096e-01
16 0 +5.246048342e+01 +1.104834202e-01 +1.104834202e-01 +3.9691e-03 +8.4284e-02 -8.5869e-02 -6.2893e-02 +1.0062e-01 +1.8233e-01 -3.3842e-01 +1.3526e-01 +4.4599e-01 -2.3767e-01
% f evaluations | g evaluations | best noise-free fitness - Fopt (-1.795400000000e+02) + sum g_i+ | measured fitness | best measured fitness or single-digit g-values | x1 | x2...
1 0 +7.941703082e+01 -1.001229692e+02 -1.001229692e+02 +0.0000e+00 +0.0000e+00 +0.0000e+00 +0.0000e+00 +0.0000e+00 +0.0000e+00 +0.0000e+00 +0.0000e+00 +0.0000e+00 +0.0000e+00
6 0 +7.854414429e+01 -1.009958557e+02 -1.009958557e+02 +0.0000e+00 +0.0000e+00 +0.0000e+00 +1.0000e-01 +0.0000e+00 +0.0000e+00 +0.0000e+00 +0.0000e+00 +0.0000e+00 +0.0000e+00
10 0 +7.657068910e+01 -1.029693109e+02 -1.029693109e+02 +0.0000e+00 +0.0000e+00 +0.0000e+00 +0.0000e+00 +0.0000e+00 +0.0000e+00 +0.0000e+00 +1.0000e-01 +0.0000e+00 +0.0000e+00
% f evaluations | g evaluations | best noise-free fitness - Fopt (7.731000000000e+01) + sum g_i+ | measured fitness | best measured fitness or single-digit g-values | x1 | x2...
1 0 +2.208590858e+01 +9.939590858e+01 +9.939590858e+01 +0.0000e+00 +0.0000e+00 +0.0000e+00 +0.0000e+00 +0.0000e+00 +0.0000e+00 +0.0000e+00 +0.0000e+00 +0.0000e+00 +0.0000e+00
3 0 +2.185053832e+01 +9.916053832e+01 +9.916053832e+01 +1.0000e-01 +0.0000e+00 +0.0000e+00 +0.0000e+00 +0.0000e+00 +0.0000e+00 +0.0000e+00 +0.0000e+00 +0.0000e+00 +0.0000e+00
13 0 +2.032667136e+01 +9.763667136e+01 +9.763667136e+01 +1.9575e-02 -8.7767e-03 -2.0230e-03 -2.1273e-02 -4.7765e-04 -3.8020e-02 -3.7186e-03 -6.2159e-02 +3.6995e-02 +1.4890e-01
14 0 +1.612214395e+01 +9.343214395e+01 +9.343214395e+01 +9.8537e-02 -4.4180e-02 -1.0183e-02 -1.0709e-01 -2.4044e-03 -1.9139e-01 -1.8719e-02 -3.1290e-01 +1.8622e-01 +3.3914e-01
15 0 +6.251906074e+00 +8.356190607e+01 +8.356190607e+01 +4.3397e-01 -1.9457e-01 -4.4849e-02 -4.7161e-01 -1.0589e-02 -8.4288e-01 -8.2439e-02 -1.3780e+00 +8.2015e-01 +9.0996e-01
16 0 +5.142683915e+00 +8.245268392e+01 +8.245268392e+01 +6.1544e-01 -2.7594e-01 -6.3603e-02 -6.6883e-01 -1.5017e-02 -1.1954e+00 -1.1691e-01 -7.9549e-01 +1.1631e+00 +2.2879e+00
17 0 +4.838439957e+00 +8.214843996e+01 +8.214843996e+01 +6.1544e-01 -2.7594e-01 -6.3603e-02 -9.4081e-01 -1.5017e-02 -1.0432e+00 -1.1691e-01 -7.9549e-01 +1.1631e+00 +2.2879e+00
19 0 +4.754413089e+00 +8.206441309e+01 +8.206441309e+01 +5.9291e-01 -5.8316e-01 -8.6136e-02 -9.3666e-01 -3.7551e-02 -1.0358e+00 -1.3945e-01 -7.8336e-01 +1.1406e+00 +2.2748e+00
20 0 +4.312742418e+00 +8.162274242e+01 +8.162274242e+01 +4.4189e-01 -5.3609e-01 -2.6290e-01 -9.8655e-01 -2.1247e-01 -1.1051e+00 -3.1823e-01 -8.8921e-01 +1.0103e+00 +2.3503e+00
22 0 +3.829607473e+00 +8.113960747e+01 +8.113960747e+01 +5.2714e-01 -5.5537e-01 -2.4108e-01 -1.0556e+00 -1.8611e-01 -1.1797e+00 -4.9984e-01 -9.9254e-01 +1.1467e+00 +2.3342e+00
23 0 +3.529765023e+00 +8.083976502e+01 +8.083976502e+01 +5.9871e-01 -5.6577e-01 -1.8441e-01 -1.0861e+00 -1.2837e-01 -1.2227e+00 -5.0650e-01 -1.0584e+00 +1.0079e+00 +2.3766e+00
24 0 +3.435351491e+00 +8.074535149e+01 +8.074535149e+01 +5.6488e-01 -5.6673e-01 -2.3056e-01 -1.0884e+00 -4.7018e-02 -1.2268e+00 -5.0690e-01 -1.0652e+00 +1.0120e+00 +2.3811e+00
27 0 +3.181635256e+00 +8.049163526e+01 +8.049163526e+01 +6.1383e-01 -5.8109e-01 -2.7935e-01 -1.1502e+00 -2.9777e-02 -1.2782e+00 -5.2460e-01 -1.0625e+00 +1.0183e+00 +2.4715e+00
28 0 +2.532696234e+00 +7.984269623e+01 +7.984269623e+01 +7.5633e-01 -6.1552e-01 -4.6393e-01 -1.3386e+00 +3.6145e-02 -1.3854e+00 -5.8427e-01 -1.2657e+00 +9.5301e-01 +2.4082e+00
29 0 +2.430161546e+00 +7.974016155e+01 +7.974016155e+01 +8.4043e-01 -6.3937e-01 -5.5247e-01 -1.1041e+00 +6.4614e-02 -1.6601e+00 -6.1557e-01 -1.3647e+00 +9.5461e-01 +2.4581e+00
33 0 +2.392827291e+00 +7.970282729e+01 +7.970282729e+01 +8.5682e-01 -6.3243e-01 -5.3647e-01 -1.1616e+00 +3.6764e-02 -1.7034e+00 -6.0575e-01 -1.3882e+00 +9.6709e-01 +2.5098e+00
35 0 +2.289493228e+00 +7.959949323e+01 +7.959949323e+01 +8.8670e-01 -6.3516e-01 -5.7803e-01 -1.1801e+00 +7.0373e-02 -1.7077e+00 -5.3822e-01 -1.3895e+00 +9.3231e-01 +2.5202e+00
36 0 +2.176822881e+00 +7.948682288e+01 +7.948682288e+01 +8.8529e-01 -6.3254e-01 -6.5835e-01 -1.2031e+00 +6.4217e-02 -1.7137e+00 -5.2563e-01 -1.3909e+00 +9.8452e-01 +2.5131e+00
37 0 +2.084780763e+00 +7.939478076e+01 +7.939478076e+01 +8.3582e-01 -6.3262e-01 -6.8319e-01 -1.2325e+00 +1.1860e-01 -1.7356e+00 -5.1066e-01 -1.4394e+00 +9.8998e-01 +2.5084e+00
38 0 +1.998414890e+00 +7.930841489e+01 +7.930841489e+01 +8.5446e-01 -6.2662e-01 -7.3494e-01 -1.2638e+00 +1.0893e-01 -1.7493e+00 -4.7976e-01 -1.4965e+00 +9.8390e-01 +2.4706e+00
39 0 +1.877204858e+00 +7.918720486e+01 +7.918720486e+01 +8.4447e-01 -6.1654e-01 -8.0384e-01 -1.2855e+00 +1.3236e-01 -1.7670e+00 -4.2911e-01 -1.5141e+00 +1.0019e+00 +2.4934e+00
40 0 +1.489385887e+00 +7.879938589e+01 +7.879938589e+01 +7.6767e-01 -5.7879e-01 -1.0444e+00 -1.3370e+00 +2.5795e-01 -1.8284e+00 -2.4081e-01 -1.5050e+00 +1.0964e+00 +2.6612e+00
41 0 +1.213597258e+00 +7.852359726e+01 +7.852359726e+01 +8.6067e-01 -5.3444e-01 -1.3329e+00 -1.4292e+00 +2.1842e-01 -1.8789e+00 -4.0518e-02 -1.6159e+00 +1.1270e+00 +2.6465e+00
44 0 +1.073491578e+00 +7.838349158e+01 +7.838349158e+01 +8.2197e-01 -5.3799e-01 -1.3426e+00 -1.4113e+00 +3.6115e-01 -1.9649e+00 +3.7467e-02 -1.7438e+00 +1.0621e+00 +2.6402e+00
45 0 +1.012000478e+00 +7.832200048e+01 +7.832200048e+01 +8.7255e-01 -5.4890e-01 -1.3222e+00 -1.4759e+00 +4.3425e-01 -2.0133e+00 +5.4777e-02 -1.7882e+00 +1.2130e+00 +2.6418e+00
46 0 +9.881770657e-01 +7.829817707e+01 +7.829817707e+01 +8.4095e-01 -6.1592e-01 -1.3040e+00 -1.4688e+00 +4.0200e-01 -2.0239e+00 +1.0465e-01 -1.7823e+00 +1.2277e+00 +2.6264e+00
49 0 +9.286695109e-01 +7.823866951e+01 +7.823866951e+01 +8.0961e-01 -6.8448e-01 -1.4013e+00 -1.4849e+00 +4.6341e-01 -2.0367e+00 +8.5628e-02 -1.7741e+00 +1.2368e+00 +2.5972e+00
50 0 +8.332313345e-01 +7.814323133e+01 +7.814323133e+01 +8.0516e-01 -6.8452e-01 -1.4331e+00 -1.5069e+00 +5.0335e-01 -2.0694e+00 +1.5758e-01 -1.7525e+00 +1.2348e+00 +2.6099e+00
51 0 +4.683810470e-01 +7.777838105e+01 +7.777838105e+01 +8.1084e-01 -6.9917e-01 -1.5620e+00 -1.6438e+00 +6.4206e-01 -2.2187e+00 +4.3278e-01 -1.7415e+00 +1.2045e+00 +2.5316e+00
53 0 +3.471573480e-01 +7.765715735e+01 +7.765715735e+01 +6.5532e-01 -6.7804e-01 -1.7831e+00 -1.4450e+00 +9.1107e-01 -2.0971e+00 +8.3750e-01 -1.6250e+00 +1.3854e+00 +3.0110e+00
55 0 +2.802108517e-01 +7.759021085e+01 +7.759021085e+01 +6.3780e-01 -7.0640e-01 -1.8825e+00 -1.5954e+00 +1.0674e+00 -2.2516e+00 +1.0848e+00 -1.6351e+00 +1.3522e+00 +2.8857e+00
58 0 +2.405775712e-01 +7.755057757e+01 +7.755057757e+01 +6.9437e-01 -7.8742e-01 -1.8947e+00 -1.6887e+00 +1.0410e+00 -2.2761e+00 +1.0750e+00 -1.6723e+00 +1.2894e+00 +3.0068e+00
60 0 +2.220815047e-01 +7.753208150e+01 +7.753208150e+01 +6.8431e-01 -8.3080e-01 -1.9574e+00 -1.7111e+00 +1.0483e+00 -2.2604e+00 +1.0413e+00 -1.6361e+00 +1.3154e+00 +2.9942e+00
61 0 +2.075637822e-01 +7.751756378e+01 +7.751756378e+01 +6.9745e-01 -8.5896e-01 -1.9195e+00 -1.7259e+00 +1.0512e+00 -2.2735e+00 +1.0461e+00 -1.6583e+00 +1.3971e+00 +2.9955e+00
63 0 +1.976742406e-01 +7.750767424e+01 +7.750767424e+01 +7.1112e-01 -8.4420e-01 -1.9319e+00 -1.7604e+00 +1.0660e+00 -2.2695e+00 +1.0460e+00 -1.6535e+00 +1.4140e+00 +3.0100e+00
64 0 +1.718126080e-01 +7.748181261e+01 +7.748181261e+01 +7.2448e-01 -8.4358e-01 -1.9244e+00 -1.7860e+00 +1.0555e+00 -2.2795e+00 +1.0247e+00 -1.6591e+00 +1.4068e+00 +2.9807e+00
65 0 +1.599953448e-01 +7.746999534e+01 +7.746999534e+01 +7.5128e-01 -8.4159e-01 -1.9374e+00 -1.7854e+00 +1.0486e+00 -2.3157e+00 +1.0128e+00 -1.6522e+00 +1.4130e+00 +2.9765e+00
66 0 +1.539391051e-01 +7.746393911e+01 +7.746393911e+01 +7.4061e-01 -8.4124e-01 -1.9124e+00 -1.7917e+00 +1.0574e+00 -2.3261e+00 +9.8681e-01 -1.6253e+00 +1.4108e+00 +2.9880e+00
67 0 +1.478402707e-01 +7.745784027e+01 +7.745784027e+01 +7.2833e-01 -8.3266e-01 -1.9171e+00 -1.7932e+00 +1.0434e+00 -2.3290e+00 +9.7931e-01 -1.6322e+00 +1.4162e+00 +2.9942e+00
68 0 +1.325716498e-01 +7.744257165e+01 +7.744257165e+01 +7.4077e-01 -8.3064e-01 -1.9156e+00 -1.7945e+00 +1.0342e+00 -2.3195e+00 +9.6285e-01 -1.6340e+00 +1.4197e+00 +2.9954e+00
69 0 +1.210320009e-01 +7.743103200e+01 +7.743103200e+01 +7.4700e-01 -8.3020e-01 -1.9165e+00 -1.8017e+00 +1.0326e+00 -2.3188e+00 +9.4217e-01 -1.6436e+00 +1.4223e+00 +2.9937e+00
70 0 +1.116303858e-01 +7.742163039e+01 +7.742163039e+01 +7.5066e-01 -8.1775e-01 -1.9160e+00 -1.8028e+00 +1.0276e+00 -2.3144e+00 +9.3162e-01 -1.6384e+00 +1.4327e+00 +2.9809e+00
71 0 +1.023960157e-01 +7.741239602e+01 +7.741239602e+01 +7.5892e-01 -8.1909e-01 -1.9139e+00 -1.8150e+00 +1.0109e+00 -2.3116e+00 +9.2173e-01 -1.6355e+00 +1.4356e+00 +2.9800e+00
72 0 +9.488276509e-02 +7.740488277e+01 +7.740488277e+01 +7.6828e-01 -8.0383e-01 -1.9003e+00 -1.8162e+00 +1.0076e+00 -2.3146e+00 +9.2159e-01 -1.6442e+00 +1.4321e+00 +2.9835e+00
75 0 +9.214913421e-02 +7.740214913e+01 +7.740214913e+01 +7.8077e-01 -7.9207e-01 -1.9034e+00 -1.8172e+00 +1.0040e+00 -2.3095e+00 +9.0681e-01 -1.6440e+00 +1.4397e+00 +2.9943e+00
76 0 +8.947343150e-02 +7.739947343e+01 +7.739947343e+01 +7.7702e-01 -7.8813e-01 -1.9034e+00 -1.8211e+00 +1.0003e+00 -2.3137e+00 +9.0353e-01 -1.6469e+00 +1.4403e+00 +2.9923e+00
77 0 +8.891500324e-02 +7.739891500e+01 +7.739891500e+01 +7.7944e-01 -7.8748e-01 -1.8985e+00 -1.8254e+00 +1.0021e+00 -2.3155e+00 +8.9869e-01 -1.6452e+00 +1.4387e+00 +2.9883e+00
79 0 +8.546769512e-02 +7.739546770e+01 +7.739546770e+01 +7.8289e-01 -7.8621e-01 -1.9005e+00 -1.8275e+00 +9.9958e-01 -2.3125e+00 +8.9949e-01 -1.6513e+00 +1.4386e+00 +2.9833e+00
80 0 +8.196575904e-02 +7.739196576e+01 +7.739196576e+01 +7.8593e-01 -7.8181e-01 -1.9003e+00 -1.8282e+00 +9.9254e-01 -2.3135e+00 +9.0187e-01 -1.6505e+00 +1.4389e+00 +2.9796e+00
81 0 +7.813787687e-02 +7.738813788e+01 +7.738813788e+01 +7.8988e-01 -7.8195e-01 -1.9006e+00 -1.8310e+00 +9.8629e-01 -2.3163e+00 +9.0191e-01 -1.6550e+00 +1.4359e+00 +2.9801e+00
82 0 +7.373122821e-02 +7.738373123e+01 +7.738373123e+01 +7.9354e-01 -7.7768e-01 -1.9016e+00 -1.8310e+00 +9.8194e-01 -2.3193e+00 +9.0179e-01 -1.6602e+00 +1.4343e+00 +2.9771e+00
83 0 +5.847783225e-02 +7.736847783e+01 +7.736847783e+01 +8.0746e-01 -7.6878e-01 -1.9121e+00 -1.8359e+00 +9.5792e-01 -2.3294e+00 +8.9692e-01 -1.6758e+00 +1.4309e+00 +2.9617e+00
84 0 +4.381740097e-02 +7.735381740e+01 +7.735381740e+01 +9.2220e-01 -7.2793e-01 -1.8710e+00 -1.8518e+00 +9.2136e-01 -2.3498e+00 +9.0528e-01 -1.7193e+00 +1.3825e+00 +2.9092e+00
88 0 +4.110507611e-02 +7.735110508e+01 +7.735110508e+01 +9.1977e-01 -7.1974e-01 -1.8816e+00 -1.8519e+00 +9.2498e-01 -2.3453e+00 +9.0274e-01 -1.7125e+00 +1.3663e+00 +2.9066e+00
89 0 +3.776055573e-02 +7.734776056e+01 +7.734776056e+01 +9.1887e-01 -7.0366e-01 -1.8967e+00 -1.8368e+00 +9.3087e-01 -2.3576e+00 +8.9906e-01 -1.7172e+00 +1.3795e+00 +2.8846e+00
90 0 +3.473126700e-02 +7.734473127e+01 +7.734473127e+01 +9.1781e-01 -7.0303e-01 -1.8897e+00 -1.8280e+00 +9.2556e-01 -2.3626e+00 +8.8592e-01 -1.7116e+00 +1.3767e+00 +2.8870e+00
92 0 +3.335362814e-02 +7.734335363e+01 +7.734335363e+01 +9.1686e-01 -7.0544e-01 -1.8903e+00 -1.8309e+00 +9.2948e-01 -2.3638e+00 +8.8031e-01 -1.7174e+00 +1.3751e+00 +2.8866e+00
93 0 +3.304616763e-02 +7.734304617e+01 +7.734304617e+01 +9.1939e-01 -7.0798e-01 -1.8948e+00 -1.8255e+00 +9.2828e-01 -2.3656e+00 +8.8110e-01 -1.7208e+00 +1.3726e+00 +2.8905e+00
95 0 +3.159949516e-02 +7.734159950e+01 +7.734159950e+01 +9.2043e-01 -7.0974e-01 -1.8967e+00 -1.8242e+00 +9.2602e-01 -2.3649e+00 +8.7431e-01 -1.7215e+00 +1.3693e+00 +2.8853e+00
96 0 +3.060985774e-02 +7.734060986e+01 +7.734060986e+01 +9.1321e-01 -7.1248e-01 -1.9006e+00 -1.8223e+00 +9.2674e-01 -2.3638e+00 +8.7068e-01 -1.7197e+00 +1.3709e+00 +2.8863e+00
% f evaluations | g evaluations | best noise-free fitness - Fopt (3.992000000000e+01) + sum g_i+ | measured fitness | best measured fitness or single-digit g-values | x1 | x2...
1 0 +3.181434307e+01 +7.173434307e+01 +7.173434307e+01 +0.0000e+00 +0.0000e+00 +0.0000e+00 +0.0000e+00 +0.0000e+00 +0.0000e+00 +0.0000e+00 +0.0000e+00 +0.0000e+00 +0.0000e+00
5 0 +3.113548441e+01 +7.105548441e+01 +7.105548441e+01 +0.0000e+00 +0.0000e+00 +1.0000e-01 +0.0000e+00 +0.0000e+00 +0.0000e+00 +0.0000e+00 +0.0000e+00 +0.0000e+00 +0.0000e+00
13 0 +2.934234860e+01 +6.926234860e+01 +6.926234860e+01 -1.3495e-02 -1.6044e-02 +3.8868e-02 -4.9635e-02 -3.4735e-02 +8.8389e-03 -5.4301e-03 +3.9389e-02 +1.4632e-01 +2.3974e-02
14 0 +2.356724081e+01 +6.348724081e+01 +6.348724081e+01 -6.8283e-02 -8.1179e-02 +1.9666e-01 -2.5115e-01 -1.7575e-01 +4.4723e-02 -2.7476e-02 +1.9930e-01 +3.2109e-01 +1.2131e-01
15 0 +1.318467984e+01 +5.310467984e+01 +5.310467984e+01 -3.0392e-01 -3.6132e-01 +8.7533e-01 -1.1178e+00 -7.8226e-01 +1.9906e-01 -1.2229e-01 +8.8708e-01 +7.2770e-01 +5.3993e-01
16 0 +1.208672161e+01 +5.200672161e+01 +5.200672161e+01 -4.0887e-01 -4.8609e-01 +1.1776e+00 -2.6826e-01 -1.0524e+00 +2.6780e-01 -1.6452e-01 +1.1934e+00 +1.8752e+00 +7.2637e-01
20 0 +1.187074025e+01 +5.179074025e+01 +5.179074025e+01 -1.9291e-01 -2.5959e-01 +1.1551e+00 -4.0394e-01 -1.1506e+00 +2.0814e-01 -2.4181e-01 +1.1715e+00 +2.0229e+00 +6.8542e-01
21 0 +1.154783065e+01 +5.146783065e+01 +5.146783065e+01 -1.9438e-01 -2.6133e-01 +1.1691e+00 -4.0934e-01 -1.1544e+00 +5.2521e-02 -1.1895e-01 +1.1855e+00 +2.0298e+00 +6.9946e-01
22 0 +1.124205638e+01 +5.116205638e+01 +5.116205638e+01 -2.0533e-01 -2.7620e-01 +1.1335e+00 -4.6253e-01 -1.1932e+00 +1.4836e-01 +1.7187e-02 +1.1502e+00 +2.0858e+00 +6.5530e-01
24 0 +1.104004275e+01 +5.096004275e+01 +5.096004275e+01 -2.0695e-01 -2.8384e-01 +1.1763e+00 -5.0846e-01 -1.2300e+00 +1.5916e-01 +3.8960e-02 +1.1940e+00 +2.0896e+00 +7.0122e-01
25 0 +1.080351200e+01 +5.072351200e+01 +5.072351200e+01 -2.0655e-01 -2.8363e-01 +1.2476e+00 -5.0889e-01 -1.2305e+00 +1.5937e-01 +4.0192e-02 +1.1239e+00 +2.0901e+00 +7.0222e-01
27 0 +1.042598165e+01 +5.034598165e+01 +5.034598165e+01 -1.8003e-01 -2.6540e-01 +1.2942e+00 -5.2969e-01 -1.2384e+00 +1.6467e-01 +1.0303e-01 +1.0934e+00 +2.0813e+00 +7.3852e-01
28 0 +9.078706165e+00 +4.899870616e+01 +4.899870616e+01 -7.0871e-02 -1.9108e-01 +1.4741e+00 -6.0050e-01 -1.2747e+00 +1.8774e-01 +3.6453e-01 +9.8891e-01 +2.0637e+00 +8.9252e-01
29 0 +5.893462334e+00 +4.581346233e+01 +4.581346233e+01 +3.8520e-01 +1.1138e-01 +2.0968e+00 -7.3341e-01 -1.4728e+00 +2.9790e-01 +1.4888e+00 +7.8583e-01 +2.1933e+00 +1.5866e+00
32 0 +5.591488864e+00 +4.551148886e+01 +4.551148886e+01 +1.9577e-01 +1.1293e-01 +2.2079e+00 -1.2813e+00 -1.4469e+00 +1.3081e-01 +1.4921e+00 +3.4814e-01 +2.3727e+00 +1.7846e+00
34 0 +5.357481834e+00 +4.527748183e+01 +4.527748183e+01 +2.6762e-01 -8.2124e-02 +2.1339e+00 -1.1995e+00 -1.5629e+00 +1.3465e-01 +1.6148e+00 +1.0301e-01 +2.2512e+00 +1.7494e+00
35 0 +5.233777169e+00 +4.515377717e+01 +4.515377717e+01 +4.3072e-01 -7.2224e-02 +2.1197e+00 -1.2487e+00 -1.5986e+00 +1.6335e-01 +1.5434e+00 +8.9056e-02 +2.3044e+00 +1.7282e+00
36 0 +5.049119887e+00 +4.496911989e+01 +4.496911989e+01 +4.2166e-01 -5.1288e-02 +2.1578e+00 -1.2536e+00 -1.5880e+00 +3.2676e-01 +1.5045e+00 +4.1528e-02 +2.2455e+00 +1.7911e+00
38 0 +4.961499275e+00 +4.488149928e+01 +4.488149928e+01 +4.5964e-01 -3.2811e-02 +2.1376e+00 -1.2818e+00 -1.5725e+00 +3.0798e-01 +1.5159e+00 +4.6747e-02 +2.1792e+00 +1.8343e+00
39 0 +4.818677839e+00 +4.473867784e+01 +4.473867784e+01 +4.9797e-01 -4.4264e-02 +2.1468e+00 -1.2870e+00 -1.5993e+00 +3.3339e-01 +1.5478e+00 +4.0226e-02 +2.1886e+00 +1.9102e+00
40 0 +4.685126517e+00 +4.460512652e+01 +4.460512652e+01 +5.3166e-01 -7.4851e-02 +2.1330e+00 -1.3098e+00 -1.6227e+00 +3.6332e-01 +1.5350e+00 +2.3286e-02 +2.1687e+00 +1.9804e+00
41 0 +4.268909140e+00 +4.418890914e+01 +4.418890914e+01 +7.1645e-01 -1.4431e-01 +2.3049e+00 -1.4502e+00 -1.7244e+00 +4.8469e-01 +1.6323e+00 -1.7087e-02 +2.0420e+00 +2.1201e+00
42 0 +4.243662817e+00 +4.416366282e+01 +4.416366282e+01 +7.1563e-01 +5.8324e-02 +2.2637e+00 -1.4555e+00 -2.0366e+00 +5.0038e-01 +1.6153e+00 -9.0897e-02 +1.9719e+00 +2.2143e+00
44 0 +4.037926657e+00 +4.395792666e+01 +4.395792666e+01 +8.2709e-01 +4.2789e-02 +2.2208e+00 -1.4472e+00 -2.0043e+00 +5.9390e-01 +1.6691e+00 -1.2663e-01 +1.9554e+00 +2.3201e+00
45 0 +3.921886497e+00 +4.384188650e+01 +4.384188650e+01 +8.7347e-01 -5.8946e-02 +2.1871e+00 -1.5086e+00 -2.0163e+00 +6.4171e-01 +1.5940e+00 -1.5170e-01 +1.8940e+00 +2.4207e+00
46 0 +3.862033617e+00 +4.378203362e+01 +4.378203362e+01 +9.0212e-01 +2.9333e-04 +2.2358e+00 -1.5639e+00 -1.9835e+00 +6.8093e-01 +1.5754e+00 -4.8307e-02 +1.9402e+00 +2.5409e+00
50 0 +3.800709126e+00 +4.372070913e+01 +4.372070913e+01 +9.5928e-01 -2.3837e-02 +2.1683e+00 -1.6432e+00 -1.9929e+00 +6.5934e-01 +1.6828e+00 +2.0280e-03 +1.8855e+00 +2.5691e+00
51 0 +3.699160315e+00 +4.361916031e+01 +4.361916031e+01 +1.0308e+00 -4.8417e-02 +2.1860e+00 -1.6543e+00 -2.0086e+00 +7.0655e-01 +1.7026e+00 -1.5879e-02 +1.9004e+00 +2.5901e+00
52 0 +3.299797203e+00 +4.321979720e+01 +4.321979720e+01 +1.3096e+00 -1.2744e-01 +2.0890e+00 -1.6459e+00 -2.0302e+00 +8.6169e-01 +1.7451e+00 -7.7622e-02 +2.0039e+00 +2.7505e+00
53 0 +2.051784286e+00 +4.197178429e+01 +4.197178429e+01 +2.5075e+00 -5.8660e-01 +2.0776e+00 -1.6177e+00 -2.4993e+00 +1.4707e+00 +1.8586e+00 -3.5925e-02 +2.1743e+00 +3.2782e+00
58 0 +1.999593688e+00 +4.191959369e+01 +4.191959369e+01 +2.4502e+00 -6.1982e-01 +2.5682e+00 -1.9342e+00 -2.5104e+00 +1.6315e+00 +2.0913e+00 -3.1273e-01 +2.0936e+00 +3.2196e+00
59 0 +1.453710084e+00 +4.137371008e+01 +4.137371008e+01 +2.7815e+00 -6.6083e-01 +2.3139e+00 -2.1377e+00 -2.4141e+00 +1.8094e+00 +2.2028e+00 -6.8054e-01 +2.3905e+00 +3.6013e+00
60 0 +1.077727166e+00 +4.099772717e+01 +4.099772717e+01 +3.2284e+00 -3.6579e-01 +2.2021e+00 -2.2952e+00 -2.1468e+00 +2.1099e+00 +2.0098e+00 -7.4522e-01 +2.1344e+00 +3.3840e+00
63 0 +8.109069051e-01 +4.073090691e+01 +4.073090691e+01 +3.4222e+00 -5.7461e-01 +2.2006e+00 -2.2718e+00 -1.9626e+00 +2.0975e+00 +2.0871e+00 -7.7059e-01 +2.2561e+00 +3.2330e+00
64 0 +7.055708233e-01 +4.062557082e+01 +4.062557082e+01 +3.3987e+00 -6.1695e-01 +2.2317e+00 -2.2085e+00 -1.9876e+00 +2.3415e+00 +1.9046e+00 -8.4951e-01 +2.4682e+00 +3.1436e+00
65 0 +6.808485134e-01 +4.060084851e+01 +4.060084851e+01 +3.3533e+00 -6.3943e-01 +2.1414e+00 -2.3041e+00 -2.0249e+00 +2.4111e+00 +1.9765e+00 -7.7706e-01 +2.4805e+00 +3.0858e+00
66 0 +5.698512509e-01 +4.048985125e+01 +4.048985125e+01 +3.4451e+00 -6.9650e-01 +2.0808e+00 -2.3731e+00 -1.9266e+00 +2.4601e+00 +1.9726e+00 -8.4719e-01 +2.5313e+00 +3.0688e+00
67 0 +4.367210179e-01 +4.035672102e+01 +4.035672102e+01 +3.5845e+00 -7.8401e-01 +2.0996e+00 -2.3833e+00 -1.9978e+00 +2.5228e+00 +1.9653e+00 -8.0592e-01 +2.5145e+00 +3.1062e+00
68 0 +4.043533938e-01 +4.032435339e+01 +4.032435339e+01 +3.6584e+00 -8.0935e-01 +2.1704e+00 -2.4997e+00 -2.0439e+00 +2.4811e+00 +1.9201e+00 -8.1970e-01 +2.5452e+00 +3.0152e+00
70 0 +3.764066160e-01 +4.029640662e+01 +4.029640662e+01 +3.7247e+00 -8.5579e-01 +2.1507e+00 -2.4884e+00 -2.0243e+00 +2.5167e+00 +1.9070e+00 -7.9668e-01 +2.5430e+00 +2.9911e+00
71 0 +3.194510967e-01 +4.023945110e+01 +4.023945110e+01 +3.7384e+00 -9.1877e-01 +2.1413e+00 -2.4946e+00 -2.0449e+00 +2.5063e+00 +1.9269e+00 -8.0961e-01 +2.6010e+00 +3.0264e+00
72 0 +3.089943257e-01 +4.022899433e+01 +4.022899433e+01 +3.7522e+00 -9.5382e-01 +2.0991e+00 -2.5151e+00 -2.0863e+00 +2.5226e+00 +1.9005e+00 -8.6227e-01 +2.5790e+00 +3.0477e+00
74 0 +2.550407751e-01 +4.017504078e+01 +4.017504078e+01 +3.8097e+00 -9.2322e-01 +2.0904e+00 -2.5360e+00 -2.1001e+00 +2.5494e+00 +1.9171e+00 -8.6018e-01 +2.6298e+00 +3.0861e+00
75 0 +2.393145296e-01 +4.015931453e+01 +4.015931453e+01 +3.8175e+00 -9.3855e-01 +2.0739e+00 -2.5400e+00 -2.1680e+00 +2.5787e+00 +1.9505e+00 -8.2001e-01 +2.6624e+00 +3.0736e+00
76 0 +2.128251271e-01 +4.013282513e+01 +4.013282513e+01 +3.8631e+00 -9.4904e-01 +2.0526e+00 -2.5646e+00 -2.1649e+00 +2.5317e+00 +2.0071e+00 -8.0782e-01 +2.6359e+00 +3.0953e+00
77 0 +1.659947331e-01 +4.008599473e+01 +4.008599473e+01 +3.9274e+00 -9.6102e-01 +2.0813e+00 -2.5217e+00 -2.1940e+00 +2.5097e+00 +2.0079e+00 -8.2233e-01 +2.6615e+00 +3.1246e+00
78 0 +1.657107537e-01 +4.008571075e+01 +4.008571075e+01 +3.9817e+00 -9.7410e-01 +2.0592e+00 -2.5184e+00 -2.1856e+00 +2.4991e+00 +2.0365e+00 -8.5694e-01 +2.7262e+00 +3.1239e+00
82 0 +1.573544818e-01 +4.007735448e+01 +4.007735448e+01 +3.9787e+00 -9.6547e-01 +2.0653e+00 -2.5162e+00 -2.1947e+00 +2.5002e+00 +2.0478e+00 -8.6399e-01 +2.7252e+00 +3.1394e+00
83 0 +1.536372513e-01 +4.007363725e+01 +4.007363725e+01 +3.9792e+00 -9.7497e-01 +2.0707e+00 -2.5223e+00 -2.1948e+00 +2.4987e+00 +2.0441e+00 -8.5566e-01 +2.7311e+00 +3.1580e+00
85 0 +1.484497310e-01 +4.006844973e+01 +4.006844973e+01 +3.9772e+00 -9.7828e-01 +2.0742e+00 -2.5174e+00 -2.1970e+00 +2.4936e+00 +2.0482e+00 -8.5466e-01 +2.7313e+00 +3.1586e+00
86 0 +1.454968952e-01 +4.006549690e+01 +4.006549690e+01 +3.9772e+00 -9.7742e-01 +2.0772e+00 -2.5153e+00 -2.1912e+00 +2.4889e+00 +2.0470e+00 -8.5869e-01 +2.7294e+00 +3.1615e+00
87 0 +1.409032075e-01 +4.006090321e+01 +4.006090321e+01 +3.9739e+00 -9.7735e-01 +2.0823e+00 -2.5096e+00 -2.1923e+00 +2.4897e+00 +2.0447e+00 -8.6064e-01 +2.7338e+00 +3.1626e+00
88 0 +1.349227181e-01 +4.005492272e+01 +4.005492272e+01 +3.9690e+00 -9.7772e-01 +2.0867e+00 -2.5056e+00 -2.1915e+00 +2.4865e+00 +2.0481e+00 -8.6155e-01 +2.7367e+00 +3.1655e+00
89 0 +1.124458539e-01 +4.003244585e+01 +4.003244585e+01 +3.9592e+00 -9.7865e-01 +2.1087e+00 -2.4824e+00 -2.1911e+00 +2.4753e+00 +2.0596e+00 -8.6260e-01 +2.7439e+00 +3.1786e+00
90 0 +1.060685505e-01 +4.002606855e+01 +4.002606855e+01 +3.8506e+00 -9.8750e-01 +2.1328e+00 -2.4791e+00 -2.1630e+00 +2.4127e+00 +2.1320e+00 -8.7985e-01 +2.7872e+00 +3.2105e+00
91 0 +9.655041263e-02 +4.001655041e+01 +4.001655041e+01 +3.8644e+00 -9.9078e-01 +2.1272e+00 -2.4783e+00 -2.1609e+00 +2.4101e+00 +2.1392e+00 -8.8852e-01 +2.8034e+00 +3.2103e+00
92 0 +6.816329049e-02 +3.998816329e+01 +3.998816329e+01 +3.9033e+00 -9.9487e-01 +2.1588e+00 -2.4291e+00 -2.1640e+00 +2.3954e+00 +2.1617e+00 -8.9184e-01 +2.8181e+00 +3.2322e+00
97 0 +6.349067589e-02 +3.998349068e+01 +3.998349068e+01 +3.9022e+00 -9.9560e-01 +2.1647e+00 -2.4296e+00 -2.1689e+00 +2.4056e+00 +2.1621e+00 -8.8475e-01 +2.8315e+00 +3.2346e+00
99 0 +6.150961018e-02 +3.998150961e+01 +3.998150961e+01 +3.9051e+00 -1.0013e+00 +2.1655e+00 -2.4318e+00 -2.1660e+00 +2.4025e+00 +2.1605e+00 -8.8068e-01 +2.8334e+00 +3.2382e+00
100 0 +5.792512315e-02 +3.997792512e+01 +3.997792512e+01 +3.9102e+00 -1.0026e+00 +2.1666e+00 -2.4300e+00 -2.1649e+00 +2.4021e+00 +2.1660e+00 -8.7779e-01 +2.8387e+00 +3.2381e+00
101 0 +5.506785869e-02 +3.997506786e+01 +3.997506786e+01 +3.9120e+00 -1.0038e+00 +2.1718e+00 -2.4263e+00 -2.1644e+00 +2.4016e+00 +2.1697e+00 -8.7197e-01 +2.8406e+00 +3.2399e+00
% f evaluations | g evaluations | best noise-free fitness - Fopt (-5.661000000000e+01) + sum g_i+ | measured fitness | best measured fitness or single-digit g-values | x1 | x2...
1 0 +6.971858804e+01 +1.310858804e+01 +1.310858804e+01 +0.0000e+00 +0.0000e+00 +0.0000e+00 +0.0000e+00 +0.0000e+00 +0.0000e+00 +0.0000e+00 +0.0000e+00 +0.0000e+00 +0.0000e+00
3 0 +6.941507679e+01 +1.280507679e+01 +1.280507679e+01 +1.0000e-01 +0.0000e+00 +0.0000e+00 +0.0000e+00 +0.0000e+00 +0.0000e+00 +0.0000e+00 +0.0000e+00 +0.0000e+00 +0.0000e+00
9 0 +6.807541983e+01 +1.146541983e+01 +1.146541983e+01 +0.0000e+00 +0.0000e+00 +0.0000e+00 +0.0000e+00 +0.0000e+00 +0.0000e+00 +1.0000e-01 +0.0000e+00 +0.0000e+00 +0.0000e+00
13 0 +6.461426656e+01 +8.004266559e+00 +8.004266559e+00 +8.1031e-03 +3.6856e-03 -8.8847e-04 +6.4197e-03 -7.0964e-02 -4.9765e-03 +1.4387e-01 -5.0762e-02 -1.1194e-02 +1.3839e-02
14 0 +5.791295419e+01 +1.302954187e+00 +1.302954187e+00 +2.6207e-02 +1.1920e-02 -2.8735e-03 +2.0763e-02 -2.2951e-01 -1.6095e-02 +2.3009e-01 -1.6418e-01 -3.6205e-02 +4.4760e-02
15 0 +5.690149212e+01 +2.914921172e-01 +2.914921172e-01 +2.9475e-02 +1.3406e-02 -3.2318e-03 +2.3351e-02 -2.5813e-01 -1.8102e-02 +2.3955e-01 -1.8465e-01 -4.0719e-02 +5.0341e-02
% f evaluations | g evaluations | best noise-free fitness - Fopt (-8.901000000000e+01) + sum g_i+ | measured fitness | best measured fitness or single-digit g-values | x1 | x2...
1 0 +5.445431470e+01 -3.455568530e+01 -3.455568530e+01 +0.0000e+00 +0.0000e+00 +0.0000e+00 +0.0000e+00 +0.0000e+00 +0.0000e+00 +0.0000e+00 +0.0000e+00 +0.0000e+00 +0.0000e+00
4 0 +5.382990927e+01 -3.518009073e+01 -3.518009073e+01 +0.0000e+00 +1.0000e-01 +0.0000e+00 +0.0000e+00 +0.0000e+00 +0.0000e+00 +0.0000e+00 +0.0000e+00 +0.0000e+00 +0.0000e+00
9 0 +5.335665535e+01 -3.565334465e+01 -3.565334465e+01 +0.0000e+00 +0.0000e+00 +0.0000e+00 +0.0000e+00 +0.0000e+00 +0.0000e+00 +1.0000e-01 +0.0000e+00 +0.0000e+00 +0.0000e+00
75 0 +4.211145498e+01 -4.689854502e+01 -4.689854502e+01 +1.6461e+00 +1.6525e-01 -2.5137e+00 +1.5583e-01 -1.6445e+00 -7.7836e-01 +1.6703e+00 +7.4458e-01 +2.2274e-01 +1.9879e+00
78 0 +4.096621364e+01 -4.804378636e+01 -4.804378636e+01 +1.6461e+00 +1.6525e-01 -2.2623e+00 +1.5583e-01 -1.6445e+00 -7.7836e-01 +1.6703e+00 +7.4458e-01 +2.2274e-01 +1.9879e+00
% f evaluations | g evaluations | best noise-free fitness - Fopt (-3.352100000000e+02) + sum g_i+ | measured fitness | best measured fitness or single-digit g-values | x1 | x2...
1 0 +1.899235638e+01 -3.162176436e+02 -3.162176436e+02 +0.0000e+00 +0.0000e+00 +0.0000e+00 +0.0000e+00 +0.0000e+00 +0.0000e+00 +0.0000e+00 +0.0000e+00 +0.0000e+00 +0.0000e+00
4 0 +1.892586996e+01 -3.162841300e+02 -3.162841300e+02 +0.0000e+00 +1.0000e-01 +0.0000e+00 +0.0000e+00 +0.0000e+00 +0.0000e+00 +0.0000e+00 +0.0000e+00 +0.0000e+00 +0.0000e+00
% f evaluations | g evaluations | best noise-free fitness - Fopt (-1.172200000000e+02) + sum g_i+ | measured fitness | best measured fitness or single-digit g-values | x1 | x2...
1 0 +2.427830290e+01 -9.294169710e+01 -9.294169710e+01 +0.0000e+00 +0.0000e+00 +0.0000e+00 +0.0000e+00 +0.0000e+00 +0.0000e+00 +0.0000e+00 +0.0000e+00 +0.0000e+00 +0.0000e+00
3 0 +2.392926866e+01 -9.329073134e+01 -9.329073134e+01 +1.0000e-01 +0.0000e+00 +0.0000e+00 +0.0000e+00 +0.0000e+00 +0.0000e+00 +0.0000e+00 +0.0000e+00 +0.0000e+00 +0.0000e+00
6 0 +2.326532873e+01 -9.395467127e+01 -9.395467127e+01 +0.0000e+00 +0.0000e+00 +0.0000e+00 +1.0000e-01 +0.0000e+00 +0.0000e+00 +0.0000e+00 +0.0000e+00 +0.0000e+00 +0.0000e+00
76 0 +2.212334895e+01 -9.509665105e+01 -9.509665105e+01 +3.1879e+00 +1.7897e-01 +1.3860e+00 -2.9011e-01 +1.9807e+00 +4.1804e+00 +4.8964e-01 -2.9691e-01 +2.1166e+00 +4.6451e-02
% f evaluations | g evaluations | best noise-free fitness - Fopt (5.460000000000e+00) + sum g_i+ | measured fitness | best measured fitness or single-digit g-values | x1 | x2...
1 0 +1.319587924e+01 +1.865587924e+01 +1.865587924e+01 +0.0000e+00 +0.0000e+00 +0.0000e+00 +0.0000e+00 +0.0000e+00 +0.0000e+00 +0.0000e+00 +0.0000e+00 +0.0000e+00 +0.0000e+00
4 0 +1.303795456e+01 +1.849795456e+01 +1.849795456e+01 +0.0000e+00 +1.0000e-01 +0.0000e+00 +0.0000e+00 +0.0000e+00 +0.0000e+00 +0.0000e+00 +0.0000e+00 +0.0000e+00 +0.0000e+00
13 0 +1.245643453e+01 +1.791643453e+01 +1.791643453e+01 -1.2055e-02 +3.3551e-02 -5.5745e-03 -4.9186e-02 -3.3083e-03 +5.0746e-02 +7.6996e-03 -3.3225e-03 +1.5960e-01 +8.3958e-03
14 0 +1.079434420e+01 +1.625434420e+01 +1.625434420e+01 -6.0725e-02 +1.6901e-01 -2.8081e-02 -2.4777e-01 -1.6665e-02 +2.5563e-01 +3.8785e-02 -1.6736e-02 +3.9389e-01 +4.2293e-02
15 0 +6.677732558e+00 +1.213773256e+01 +1.213773256e+01 -2.6795e-01 +7.4576e-01 -1.2391e-01 -1.0933e+00 -7.3534e-02 +1.1279e+00 +1.7114e-01 -7.3849e-02 +1.2030e+00 +1.8662e-01
17 0 +6.512294542e+00 +1.197229454e+01 +1.197229454e+01 -4.6246e-01 +7.6147e-01 -1.0819e-01 -1.0078e+00 -5.7821e-02 +1.1437e+00 +1.8685e-01 -5.8136e-02 +1.2130e+00 +2.0233e-01
18 0 +6.329532412e+00 +1.178953241e+01 +1.178953241e+01 -4.0047e-01 +8.0442e-01 -1.8380e-01 -7.6874e-01 -1.2656e-01 +1.2387e+00 +1.5147e-01 -1.2692e-01 +1.6663e+00 +1.6905e-01
19 0 +6.303769279e+00 +1.176376928e+01 +1.176376928e+01 -4.0069e-01 +8.0671e-01 -1.7820e-02 -7.6966e-01 -1.2427e-01 +1.2410e+00 +1.5376e-01 -3.0310e-01 +1.6677e+00 +1.7135e-01
24 0 +6.101804886e+00 +1.156180489e+01 +1.156180489e+01 -4.2477e-01 +8.4544e-01 -2.9954e-02 -8.2035e-01 +1.0742e-02 +1.1830e+00 +1.3609e-01 -3.1438e-01 +1.7308e+00 +2.0678e-01
25 0 +5.900213324e+00 +1.136021332e+01 +1.136021332e+01 -4.5655e-01 +9.0294e-01 -4.6651e-02 -8.5513e-01 +3.1261e-02 +1.2321e+00 +1.5484e-01 -3.3239e-01 +1.7512e+00 +2.2309e-01
26 0 +5.709110581e+00 +1.116911058e+01 +1.116911058e+01 -4.9513e-01 +9.6581e-01 -6.7366e-02 -8.7611e-01 +6.2715e-02 +1.2581e+00 +1.7727e-01 -3.5632e-01 +1.7760e+00 +2.4159e-01
27 0 +5.063652976e+00 +1.052365298e+01 +1.052365298e+01 -6.5263e-01 +1.2184e+00 -1.5219e-01 -9.4943e-01 +1.9491e-01 +1.3443e+00 +2.6861e-01 -4.5524e-01 +1.8769e+00 +3.1634e-01
28 0 +3.960642250e+00 +9.420642250e+00 +9.420642250e+00 -1.3122e+00 +2.2197e+00 -5.1106e-01 -1.0831e+00 +8.0194e-01 +1.4302e+00 +6.4831e-01 -8.8638e-01 +2.2992e+00 +6.1873e-01
32 0 +3.796231563e+00 +9.256231563e+00 +9.256231563e+00 -1.4715e+00 +2.1744e+00 -4.9765e-01 -9.9192e-01 +7.3320e-01 +1.4831e+00 +5.9861e-01 -8.7398e-01 +2.2659e+00 +7.5399e-01
33 0 +3.656868848e+00 +9.116868848e+00 +9.116868848e+00 -1.3963e+00 +2.2698e+00 -5.6778e-01 -1.1422e+00 +6.5330e-01 +1.6165e+00 +5.4204e-01 -9.5156e-01 +2.3272e+00 +1.0378e+00
34 0 +3.508729817e+00 +8.968729817e+00 +8.968729817e+00 -1.5492e+00 +2.3538e+00 -3.6365e-01 -1.2908e+00 +6.2306e-01 +1.6443e+00 +5.1676e-01 -7.6676e-01 +2.4984e+00 +1.0449e+00
36 0 +3.422002712e+00 +8.882002712e+00 +8.882002712e+00 -1.5902e+00 +2.3692e+00 -2.9047e-01 -1.3404e+00 +4.9247e-01 +1.6303e+00 +7.2476e-01 -8.4011e-01 +2.4303e+00 +1.0585e+00
40 0 +3.326798057e+00 +8.786798057e+00 +8.786798057e+00 -1.6422e+00 +2.3520e+00 -2.4235e-01 -1.3587e+00 +4.9662e-01 +1.6334e+00 +7.2056e-01 -8.7522e-01 +2.4336e+00 +1.1139e+00
41 0 +2.956827799e+00 +8.416827799e+00 +8.416827799e+00 -1.8536e+00 +2.2675e+00 -5.7922e-02 -1.4355e+00 +4.9548e-01 +1.6572e+00 +7.0222e-01 -9.9369e-01 +2.4501e+00 +1.3442e+00
42 0 +1.641871247e+00 +7.101871247e+00 +7.101871247e+00 -2.7054e+00 +1.8646e+00 +6.3719e-01 -1.7547e+00 +4.1282e-01 +1.8015e+00 +6.2273e-01 -1.3663e+00 +2.5310e+00 +2.2969e+00
48 0 +1.178716510e+00 +6.638716510e+00 +6.638716510e+00 -3.1769e+00 +1.6977e+00 +8.8284e-01 -1.7691e+00 +3.0451e-01 +1.9855e+00 +6.1416e-01 -1.3614e+00 +2.5480e+00 +2.8292e+00
51 0 +9.239372518e-01 +6.383937252e+00 +6.383937252e+00 -3.2632e+00 +1.7096e+00 +9.1269e-01 -1.7363e+00 +2.9591e-01 +2.2624e+00 +6.5125e-01 -1.5533e+00 +2.6806e+00 +2.6955e+00
54 0 +9.061618095e-01 +6.366161810e+00 +6.366161810e+00 -3.2755e+00 +1.6600e+00 +8.4856e-01 -1.7312e+00 +2.5711e-01 +2.2903e+00 +7.6736e-01 -1.6463e+00 +2.5932e+00 +2.7301e+00
56 0 +8.267454080e-01 +6.286745408e+00 +6.286745408e+00 -3.3228e+00 +1.6731e+00 +8.3692e-01 -1.7440e+00 +2.6785e-01 +2.3527e+00 +7.2219e-01 -1.6707e+00 +2.5713e+00 +2.7432e+00
57 0 +7.991670801e-01 +6.259167080e+00 +6.259167080e+00 -3.3361e+00 +1.6546e+00 +8.5462e-01 -1.8124e+00 +2.7627e-01 +2.3312e+00 +7.0270e-01 -1.7283e+00 +2.5872e+00 +2.7435e+00
59 0 +7.384186200e-01 +6.198418620e+00 +6.198418620e+00 -3.3496e+00 +1.6977e+00 +8.1964e-01 -1.8200e+00 +3.1924e-01 +2.3584e+00 +6.8144e-01 -1.7765e+00 +2.5740e+00 +2.7097e+00
60 0 +6.725042719e-01 +6.132504272e+00 +6.132504272e+00 -3.3995e+00 +1.7279e+00 +8.1176e-01 -1.7971e+00 +3.1445e-01 +2.3802e+00 +6.4913e-01 -1.8370e+00 +2.5930e+00 +2.7308e+00
61 0 +5.911368004e-01 +6.051136800e+00 +6.051136800e+00 -3.3977e+00 +1.7495e+00 +8.6087e-01 -1.7934e+00 +3.7259e-01 +2.4147e+00 +6.6298e-01 -1.8636e+00 +2.5842e+00 +2.7702e+00
62 0 +5.067532942e-01 +5.966753294e+00 +5.966753294e+00 -3.4362e+00 +1.7824e+00 +8.6413e-01 -1.8027e+00 +4.2438e-01 +2.4285e+00 +6.4177e-01 -1.8922e+00 +2.5534e+00 +2.8177e+00
63 0 +2.745495392e-01 +5.734549539e+00 +5.734549539e+00 -3.4848e+00 +1.9421e+00 +8.8917e-01 -1.7493e+00 +6.2151e-01 +2.6447e+00 +5.7285e-01 -2.0651e+00 +2.4676e+00 +2.8497e+00
64 0 +1.751822468e-01 +5.635182247e+00 +5.635182247e+00 -3.6939e+00 +2.0352e+00 +8.1839e-01 -1.8317e+00 +7.5122e-01 +2.5821e+00 +4.5376e-01 -2.1199e+00 +2.3356e+00 +3.0509e+00
67 0 +1.435292734e-01 +5.603529273e+00 +5.603529273e+00 -3.7906e+00 +2.0406e+00 +8.2134e-01 -1.8943e+00 +7.8562e-01 +2.6786e+00 +5.3231e-01 -2.0930e+00 +2.4294e+00 +3.0731e+00
69 0 +1.410518307e-01 +5.601051831e+00 +5.601051831e+00 -3.8055e+00 +2.0486e+00 +8.0963e-01 -1.8318e+00 +7.8286e-01 +2.6792e+00 +5.9426e-01 -2.1040e+00 +2.4070e+00 +3.1077e+00
72 0 +1.273710421e-01 +5.587371042e+00 +5.587371042e+00 -3.7946e+00 +2.0509e+00 +8.1436e-01 -1.8435e+00 +8.1541e-01 +2.6846e+00 +6.0862e-01 -2.0857e+00 +2.3832e+00 +3.1033e+00
73 0 +1.199780097e-01 +5.579978010e+00 +5.579978010e+00 -3.8119e+00 +2.0662e+00 +7.9075e-01 -1.8403e+00 +8.3191e-01 +2.7001e+00 +6.0634e-01 -2.0900e+00 +2.3702e+00 +3.0770e+00
76 0 +1.077793481e-01 +5.567779348e+00 +5.567779348e+00 -3.8038e+00 +2.0651e+00 +7.9647e-01 -1.8381e+00 +8.3687e-01 +2.7028e+00 +6.1930e-01 -2.0933e+00 +2.3768e+00 +3.0607e+00
79 0 +1.012134786e-01 +5.561213479e+00 +5.561213479e+00 -3.7950e+00 +2.0665e+00 +7.9622e-01 -1.8336e+00 +8.3590e-01 +2.6985e+00 +6.1912e-01 -2.0935e+00 +2.3707e+00 +3.0531e+00
80 0 +8.033437811e-02 +5.540334378e+00 +5.540334378e+00 -3.7726e+00 +2.0780e+00 +8.0091e-01 -1.8263e+00 +8.3652e-01 +2.7085e+00 +6.3206e-01 -2.0841e+00 +2.3674e+00 +3.0302e+00
81 0 +6.556196066e-02 +5.525561961e+00 +5.525561961e+00 -3.7432e+00 +2.0981e+00 +8.7301e-01 -1.7785e+00 +8.5472e-01 +2.7707e+00 +6.6989e-01 -2.0313e+00 +2.3623e+00 +2.9384e+00
84 0 +5.666374855e-02 +5.516663749e+00 +5.516663749e+00 -3.7126e+00 +2.0896e+00 +8.7898e-01 -1.7809e+00 +8.6120e-01 +2.7477e+00 +6.8049e-01 -2.0758e+00 +2.3219e+00 +2.9060e+00
85 0 +5.522913227e-02 +5.515229132e+00 +5.515229132e+00 -3.7171e+00 +2.0929e+00 +8.7511e-01 -1.7612e+00 +8.6029e-01 +2.7493e+00 +6.9753e-01 -2.0797e+00 +2.3137e+00 +2.9186e+00
89 0 +5.227469657e-02 +5.512274697e+00 +5.512274697e+00 -3.7172e+00 +2.0951e+00 +8.8019e-01 -1.7613e+00 +8.5724e-01 +2.7529e+00 +6.9595e-01 -2.0857e+00 +2.3158e+00 +2.9207e+00
90 0 +5.086685314e-02 +5.510866853e+00 +5.510866853e+00 -3.7217e+00 +2.0983e+00 +8.8454e-01 -1.7651e+00 +8.5406e-01 +2.7514e+00 +6.9856e-01 -2.0850e+00 +2.3118e+00 +2.9204e+00
92 0 +4.596668963e-02 +5.505966690e+00 +5.505966690e+00 -3.7279e+00 +2.0898e+00 +8.9262e-01 -1.7645e+00 +8.5787e-01 +2.7535e+00 +6.9911e-01 -2.0894e+00 +2.3109e+00 +2.9209e+00
93 0 +4.323435502e-02 +5.503234355e+00 +5.503234355e+00 -3.7289e+00 +2.0912e+00 +8.9871e-01 -1.7658e+00 +8.6247e-01 +2.7534e+00 +7.0242e-01 -2.0939e+00 +2.3131e+00 +2.9218e+00
94 0 +4.085196259e-02 +5.500851963e+00 +5.500851963e+00 -3.7311e+00 +2.0887e+00 +8.9681e-01 -1.7701e+00 +8.6202e-01 +2.7509e+00 +7.0228e-01 -2.0994e+00 +2.3131e+00 +2.9274e+00
96 0 +3.893519408e-02 +5.498935194e+00 +5.498935194e+00 -3.7356e+00 +2.0858e+00 +9.0198e-01 -1.7750e+00 +8.6297e-01 +2.7588e+00 +7.0473e-01 -2.1038e+00 +2.3132e+00 +2.9333e+00
97 0 +3.741435114e-02 +5.497414351e+00 +5.497414351e+00 -3.7339e+00 +2.0813e+00 +9.0576e-01 -1.7752e+00 +8.5829e-01 +2.7559e+00 +7.0883e-01 -2.1067e+00 +2.3157e+00 +2.9328e+00
101 0 +3.697681988e-02 +5.496976820e+00 +5.496976820e+00 -3.7348e+00 +2.0809e+00 +9.0541e-01 -1.7764e+00 +8.5870e-01 +2.7558e+00 +7.0897e-01 -2.1075e+00 +2.3163e+00 +2.9312e+00
% f evaluations | g evaluations | best noise-free fitness - Fopt (5.212000000000e+01) + sum g_i+ | measured fitness | best measured fitness or single-digit g-values | x1 | x2...
1 0 +2.548554593e+01 +7.760554593e+01 +7.760554593e+01 +0.0000e+00 +0.0000e+00 +0.0000e+00 +0.0000e+00 +0.0000e+00 +0.0000e+00 +0.0000e+00 +0.0000e+00 +0.0000e+00 +0.0000e+00
3 0 +2.545457372e+01 +7.757457372e+01 +7.757457372e+01 +1.0000e-01 +0.0000e+00 +0.0000e+00 +0.0000e+00 +0.0000e+00 +0.0000e+00 +0.0000e+00 +0.0000e+00 +0.0000e+00 +0.0000e+00
5 0 +2.422084424e+01 +7.634084424e+01 +7.634084424e+01 +0.0000e+00 +0.0000e+00 +1.0000e-01 +0.0000e+00 +0.0000e+00 +0.0000e+00 +0.0000e+00 +0.0000e+00 +0.0000e+00 +0.0000e+00
13 0 +2.243538211e+01 +7.455538211e+01 +7.455538211e+01 +1.6180e-03 -3.6067e-02 +1.6607e-01 +2.7390e-02 -2.4381e-02 +4.3398e-02 +2.2115e-02 -1.6828e-02 -3.7016e-03 -1.7818e-02
14 0 +1.655931612e+01 +6.867931612e+01 +6.867931612e+01 +8.2648e-03 -1.8423e-01 +4.2084e-01 +1.3991e-01 -1.2454e-01 +2.2167e-01 +1.1296e-01 -8.5957e-02 -1.8907e-02 -9.1013e-02
15 0 +8.692305155e+00 +6.081230516e+01 +6.081230516e+01 +3.8291e-02 -8.5355e-01 +1.2079e+00 +6.4820e-01 -5.7700e-01 +1.0270e+00 +5.2335e-01 -3.9824e-01 -8.7599e-02 -4.2167e-01
20 0 +7.506895467e+00 +5.962689547e+01 +5.962689547e+01 -1.1786e-01 -7.7681e-01 +1.2852e+00 +5.1507e-01 -7.9016e-01 +1.0915e+00 +3.8551e-01 -5.7088e-01 -2.4850e-01 -2.4863e-01
21 0 +7.228605297e+00 +5.934860530e+01 +5.934860530e+01 -1.0347e-01 -7.7989e-01 +1.2923e+00 +5.2946e-01 -7.9225e-01 +1.0952e+00 +3.9991e-01 -4.5342e-01 -4.0820e-01 -2.5015e-01
26 0 +6.874880610e+00 +5.899488061e+01 +5.899488061e+01 -2.0844e-01 -8.6390e-01 +1.3527e+00 +5.1535e-01 -8.6065e-01 +1.2487e+00 +3.4334e-01 -3.4653e-01 -3.7902e-01 -2.3246e-01
27 0 +6.602925196e+00 +5.872292520e+01 +5.872292520e+01 -2.5174e-01 -8.8503e-01 +1.3816e+00 +5.2308e-01 -8.8787e-01 +1.2416e+00 +3.2267e-01 -3.4539e-01 -4.2889e-01 -1.7695e-01
28 0 +5.814153304e+00 +5.793415330e+01 +5.793415330e+01 -4.8415e-01 -9.4765e-01 +1.4039e+00 +4.8650e-01 -9.8233e-01 +1.2715e+00 +1.7365e-01 -3.9174e-01 -6.8580e-01 -1.8409e-01
29 0 +5.210086514e+00 +5.733008651e+01 +5.733008651e+01 -6.0650e-01 -7.7627e-01 +1.6086e+00 +5.2804e-01 -9.0341e-01 +1.4181e+00 +1.3039e-01 -4.0027e-01 -8.3070e-01 -3.7785e-02
30 0 +4.755846226e+00 +5.687584623e+01 +5.687584623e+01 -7.1803e-01 -6.8215e-01 +1.6360e+00 +5.9594e-01 -1.1922e+00 +1.4425e+00 +9.2629e-02 -3.2943e-01 -9.6411e-01 +1.2065e-01
31 0 +4.366955962e+00 +5.648695596e+01 +5.648695596e+01 -8.7967e-01 -8.5747e-01 +1.6828e+00 +6.5310e-01 -1.1298e+00 +1.4833e+00 +2.2553e-02 -2.7587e-01 -1.1528e+00 +3.4144e-01
32 0 +4.289437861e+00 +5.640943786e+01 +5.640943786e+01 -1.0693e+00 -7.7397e-01 +1.6119e+00 +6.5835e-01 -1.1437e+00 +1.6869e+00 -9.1075e-02 -2.4871e-01 -1.3652e+00 +2.3374e-01
34 0 +4.131272183e+00 +5.625127218e+01 +5.625127218e+01 -1.1514e+00 -8.1430e-01 +1.7328e+00 +6.8661e-01 -1.2037e+00 +1.6947e+00 -1.1226e-01 -3.5745e-01 -1.3498e+00 +2.2727e-01
38 0 +3.998186283e+00 +5.611818628e+01 +5.611818628e+01 -1.1278e+00 -8.3285e-01 +1.8297e+00 +4.8395e-01 -1.2430e+00 +1.6853e+00 -1.6307e-01 -3.2048e-01 -1.4037e+00 +2.3949e-01
39 0 +3.889306171e+00 +5.600930617e+01 +5.600930617e+01 -1.1378e+00 -8.0750e-01 +1.8877e+00 +5.0146e-01 -1.2521e+00 +1.6793e+00 -2.1493e-01 -3.1295e-01 -1.4223e+00 +2.8831e-01
40 0 +3.775250688e+00 +5.589525069e+01 +5.589525069e+01 -1.1606e+00 -8.4042e-01 +1.9027e+00 +5.0889e-01 -1.3029e+00 +1.6479e+00 -2.7262e-01 -3.0929e-01 -1.4468e+00 +3.1297e-01
41 0 +3.656199459e+00 +5.577619946e+01 +5.577619946e+01 -1.1840e+00 -8.7280e-01 +1.9477e+00 +5.1006e-01 -1.2901e+00 +1.6282e+00 -3.4121e-01 -3.2131e-01 -1.4713e+00 +3.3245e-01
42 0 +3.175955905e+00 +5.529595590e+01 +5.529595590e+01 -1.2552e+00 -8.8232e-01 +2.1409e+00 +5.1593e-01 -1.3993e+00 +1.5276e+00 -6.3426e-01 -3.7242e-01 -1.5426e+00 +3.7544e-01
43 0 +2.410431572e+00 +5.453043157e+01 +5.453043157e+01 -1.6782e+00 -1.3958e+00 +2.9495e+00 +5.8961e-01 -1.7844e+00 +1.7229e+00 -1.6299e+00 -3.3825e-02 -1.4212e+00 +7.6419e-01
45 0 +2.335165648e+00 +5.445516565e+01 +5.445516565e+01 -1.7738e+00 -1.3201e+00 +2.9210e+00 +5.8038e-01 -1.7459e+00 +1.8624e+00 -1.6903e+00 -3.1549e-02 -1.5223e+00 +6.6412e-01
46 0 +2.104924450e+00 +5.422492445e+01 +5.422492445e+01 -1.7895e+00 -1.4452e+00 +3.1978e+00 +5.3099e-01 -1.1248e+00 +1.7274e+00 -1.9088e+00 -2.9341e-01 -1.6759e+00 +6.9607e-01
48 0 +1.937121345e+00 +5.405712134e+01 +5.405712134e+01 -1.8746e+00 -1.7172e+00 +3.0375e+00 +4.9170e-01 -1.1875e+00 +1.6181e+00 -1.9716e+00 -3.4132e-01 -1.7914e+00 +5.6934e-01
54 0 +1.832760904e+00 +5.395276090e+01 +5.395276090e+01 -1.9169e+00 -1.7314e+00 +3.0752e+00 +5.3862e-01 -1.2338e+00 +1.6149e+00 -1.9977e+00 -4.2301e-01 -1.8660e+00 +5.8171e-01
55 0 +1.430622853e+00 +5.355062285e+01 +5.355062285e+01 -1.8996e+00 -1.6849e+00 +3.0927e+00 +5.8326e-01 -1.3051e+00 +1.4962e+00 -2.1827e+00 -6.1857e-01 -2.0651e+00 +4.2697e-01
56 0 +2.426710279e-01 +5.236267103e+01 +5.236267103e+01 -1.9424e+00 -1.7111e+00 +3.4237e+00 +7.3969e-01 -1.7085e+00 +1.1640e+00 -3.2772e+00 -1.1453e+00 -2.6922e+00 -1.0393e-01
67 0 +1.884846265e-01 +5.230848463e+01 +5.230848463e+01 -1.9221e+00 -1.7035e+00 +3.4188e+00 +7.0816e-01 -1.6984e+00 +1.1726e+00 -3.2157e+00 -1.1227e+00 -2.6785e+00 -4.1783e-02
68 0 +1.370626722e-01 +5.225706267e+01 +5.225706267e+01 -1.8951e+00 -1.6696e+00 +3.3957e+00 +7.0076e-01 -1.6907e+00 +1.1413e+00 -3.1639e+00 -1.1618e+00 -2.7155e+00 -1.1761e-02
69 0 +9.771307039e-02 +5.221771307e+01 +5.221771307e+01 -1.9261e+00 -1.6989e+00 +3.4283e+00 +7.2965e-01 -1.7160e+00 +1.1546e+00 -3.1449e+00 -1.1948e+00 -2.7408e+00 +4.6293e-02
70 0 +8.620841263e-02 +5.220620841e+01 +5.220620841e+01 -1.8866e+00 -1.7079e+00 +3.4019e+00 +7.6000e-01 -1.7428e+00 +1.1653e+00 -3.0898e+00 -1.2190e+00 -2.7280e+00 +9.2455e-02
77 0 +8.507801706e-02 +5.220507802e+01 +5.220507802e+01 -1.8840e+00 -1.7011e+00 +3.4112e+00 +7.6323e-01 -1.7440e+00 +1.1667e+00 -3.0873e+00 -1.2238e+00 -2.7268e+00 +8.8608e-02
78 0 +8.106085859e-02 +5.220106086e+01 +5.220106086e+01 -1.8844e+00 -1.6993e+00 +3.4098e+00 +7.6894e-01 -1.7444e+00 +1.1628e+00 -3.0896e+00 -1.2269e+00 -2.7323e+00 +9.0041e-02
79 0 +7.763545669e-02 +5.219763546e+01 +5.219763546e+01 -1.8862e+00 -1.7008e+00 +3.4118e+00 +7.7616e-01 -1.7468e+00 +1.1622e+00 -3.0913e+00 -1.2294e+00 -2.7360e+00 +9.2990e-02
80 0 +7.466545538e-02 +5.219466546e+01 +5.219466546e+01 -1.8854e+00 -1.6993e+00 +3.4113e+00 +7.8318e-01 -1.7478e+00 +1.1590e+00 -3.0923e+00 -1.2325e+00 -2.7408e+00 +9.4546e-02
81 0 +7.027360425e-02 +5.219027360e+01 +5.219027360e+01 -1.8750e+00 -1.6860e+00 +3.4021e+00 +8.0484e-01 -1.7477e+00 +1.1420e+00 -3.0930e+00 -1.2436e+00 -2.7596e+00 +9.5592e-02
82 0 +6.525576168e-02 +5.218525576e+01 +5.218525576e+01 -1.8852e+00 -1.6984e+00 +3.4158e+00 +8.3090e-01 -1.7596e+00 +1.1469e+00 -3.0982e+00 -1.2507e+00 -2.7678e+00 +1.0850e-01
83 0 +5.971655101e-02 +5.217971655e+01 +5.217971655e+01 -1.8755e+00 -1.6728e+00 +3.4364e+00 +8.4395e-01 -1.7591e+00 +1.1531e+00 -3.0990e+00 -1.2511e+00 -2.7555e+00 +1.1642e-01
86 0 +5.790237857e-02 +5.217790238e+01 +5.217790238e+01 -1.8790e+00 -1.6716e+00 +3.4459e+00 +8.4819e-01 -1.7536e+00 +1.1452e+00 -3.1070e+00 -1.2418e+00 -2.7594e+00 +1.1189e-01
88 0 +5.611344828e-02 +5.217611345e+01 +5.217611345e+01 -1.8827e+00 -1.6701e+00 +3.4475e+00 +8.4892e-01 -1.7528e+00 +1.1393e+00 -3.1086e+00 -1.2460e+00 -2.7558e+00 +1.1539e-01
89 0 +5.452504584e-02 +5.217452505e+01 +5.217452505e+01 -1.8879e+00 -1.6649e+00 +3.4469e+00 +8.4985e-01 -1.7586e+00 +1.1376e+00 -3.1078e+00 -1.2434e+00 -2.7565e+00 +1.1626e-01
90 0 +5.152466277e-02 +5.217152466e+01 +5.217152466e+01 -1.8934e+00 -1.6613e+00 +3.4476e+00 +8.5233e-01 -1.7537e+00 +1.1383e+00 -3.1050e+00 -1.2436e+00 -2.7587e+00 +1.1973e-01
91 0 +4.865389904e-02 +5.216865390e+01 +5.216865390e+01 -1.8945e+00 -1.6586e+00 +3.4515e+00 +8.4991e-01 -1.7535e+00 +1.1366e+00 -3.1044e+00 -1.2439e+00 -2.7636e+00 +1.2632e-01
92 0 +4.640443006e-02 +5.216640443e+01 +5.216640443e+01 -1.9003e+00 -1.6590e+00 +3.4568e+00 +8.4684e-01 -1.7529e+00 +1.1392e+00 -3.1034e+00 -1.2421e+00 -2.7612e+00 +1.2968e-01
93 0 +4.469290059e-02 +5.216469290e+01 +5.216469290e+01 -1.9030e+00 -1.6527e+00 +3.4583e+00 +8.4225e-01 -1.7491e+00 +1.1368e+00 -3.1010e+00 -1.2409e+00 -2.7611e+00 +1.3147e-01
94 0 +4.198982559e-02 +5.216198983e+01 +5.216198983e+01 -1.9084e+00 -1.6495e+00 +3.4617e+00 +8.4376e-01 -1.7480e+00 +1.1372e+00 -3.1018e+00 -1.2414e+00 -2.7635e+00 +1.3763e-01
95 0 +3.480267257e-02 +5.215480267e+01 +5.215480267e+01 -1.9166e+00 -1.6203e+00 +3.4622e+00 +8.4041e-01 -1.7343e+00 +1.1244e+00 -3.0985e+00 -1.2434e+00 -2.7750e+00 +1.5077e-01
98 0 +3.351122806e-02 +5.215351123e+01 +5.215351123e+01 -1.9291e+00 -1.6177e+00 +3.4634e+00 +8.3222e-01 -1.7429e+00 +1.1198e+00 -3.1032e+00 -1.2439e+00 -2.7818e+00 +1.5314e-01
% f evaluations | g evaluations | best noise-free fitness - Fopt (4.120000000000e+00) + sum g_i+ | measured fitness | best measured fitness or single-digit g-values | x1 | x2...
1 0 +1.510864287e+01 +1.922864287e+01 +1.922864287e+01 +0.0000e+00 +0.0000e+00 +0.0000e+00 +0.0000e+00 +0.0000e+00 +0.0000e+00 +0.0000e+00 +0.0000e+00 +0.0000e+00 +0.0000e+00
3 0 +1.500931240e+01 +1.912931240e+01 +1.912931240e+01 +1.0000e-01 +0.0000e+00 +0.0000e+00 +0.0000e+00 +0.0000e+00 +0.0000e+00 +0.0000e+00 +0.0000e+00 +0.0000e+00 +0.0000e+00
4 0 +1.477522052e+01 +1.889522052e+01 +1.889522052e+01 +0.0000e+00 +1.0000e-01 +0.0000e+00 +0.0000e+00 +0.0000e+00 +0.0000e+00 +0.0000e+00 +0.0000e+00 +0.0000e+00 +0.0000e+00
13 0 +1.394336796e+01 +1.806336796e+01 +1.806336796e+01 +1.0525e-02 +1.3533e-01 -7.3493e-02 -1.3155e-02 -1.7885e-02 -1.7295e-03 +4.2965e-03 -3.3811e-02 +3.0010e-02 -2.6108e-02
14 0 +1.154327104e+01 +1.566327104e+01 +1.566327104e+01 +5.3816e-02 +2.4461e-01 -3.7578e-01 -6.7262e-02 -9.1446e-02 -8.8432e-03 +2.1968e-02 -1.7288e-01 +1.5344e-01 -1.3349e-01
15 0 +1.061778642e+01 +1.473778642e+01 +1.473778642e+01 +1.9085e-01 +4.9313e-01 -4.5778e-01 +8.0388e-03 -2.8476e-02 +9.6243e-02 +1.4276e-01 -1.5143e-01 +3.4127e-01 -9.1957e-02
16 0 +1.017799835e+01 +1.429799835e+01 +1.429799835e+01 +1.9704e-01 +7.1649e-01 -5.2782e-01 -9.5434e-02 -1.5385e-01 +4.5683e-02 +1.2011e-01 -3.5056e-01 +4.3770e-01 -2.5542e-01
17 0 +9.604974196e+00 +1.372497420e+01 +1.372497420e+01 +1.7590e-01 +7.9083e-01 -7.3672e-01 -1.6382e-01 -2.3168e-01 +9.1478e-05 +8.6544e-02 -5.5176e-02 +4.5543e-01 -3.4965e-01
18 0 +9.457284927e+00 +1.357728493e+01 +1.357728493e+01 +1.4644e-01 +8.4995e-01 -9.2373e-01 -2.3671e-01 -3.1324e-01 -5.1843e-02 +4.5662e-02 -1.1701e-01 +4.6171e-01 -3.2683e-02
20 0 +9.140359556e+00 +1.326035956e+01 +1.326035956e+01 +1.7494e-01 +7.7956e-01 -1.0653e+00 -2.4120e-01 -2.3522e-01 -4.0417e-02 +6.5481e-02 -1.6377e-01 +5.1735e-01 -8.0324e-02
21 0 +8.756450933e+00 +1.287645093e+01 +1.287645093e+01 +1.3820e-01 +8.1751e-01 -1.1221e+00 -7.0792e-02 -2.4198e-01 -8.4768e-02 +2.4873e-02 -1.8168e-01 +4.9271e-01 -9.9301e-02
25 0 +8.518456355e+00 +1.263845635e+01 +1.263845635e+01 +1.6921e-01 +8.5806e-01 -1.1778e+00 -3.0980e-02 -2.2543e-01 -4.2063e-02 -6.4099e-02 -1.7232e-01 +5.4456e-01 -1.1403e-01
26 0 +8.315525762e+00 +1.243552576e+01 +1.243552576e+01 +1.6609e-01 +8.6182e-01 -1.2417e+00 -6.4999e-03 -2.2548e-01 -9.0125e-02 -1.0400e-01 -1.7559e-01 +5.6248e-01 -1.4652e-01
27 0 +8.108559220e+00 +1.222855922e+01 +1.222855922e+01 +1.7676e-01 +8.4117e-01 -1.2905e+00 +4.6562e-02 -1.9020e-01 -1.0925e-01 -1.2064e-01 -1.3083e-01 +5.7650e-01 -1.3324e-01
28 0 +7.922176245e+00 +1.204217625e+01 +1.204217625e+01 +1.9470e-01 +8.4404e-01 -1.3380e+00 +1.0663e-01 -1.5596e-01 -1.3700e-01 -1.4179e-01 -1.4879e-01 +6.0964e-01 -1.3226e-01
30 0 +7.636853775e+00 +1.175685377e+01 +1.175685377e+01 +1.9176e-01 +9.1924e-01 -1.4038e+00 +1.6654e-01 -1.5106e-01 -2.0633e-01 -2.0175e-01 -8.6213e-02 +6.2807e-01 -9.5866e-02
31 0 +7.493346738e+00 +1.161334674e+01 +1.161334674e+01 +2.0262e-01 +9.3318e-01 -1.4117e+00 +2.1688e-01 -1.2712e-01 -2.2731e-01 -2.1936e-01 -4.4295e-02 +6.4508e-01 -1.5686e-01
32 0 +7.307312000e+00 +1.142731200e+01 +1.142731200e+01 +2.2607e-01 +9.3757e-01 -1.4808e+00 +2.1526e-01 -9.6170e-02 -2.5051e-01 -2.3497e-01 -1.1716e-02 +6.8716e-01 -1.6659e-01
33 0 +7.141739060e+00 +1.126173906e+01 +1.126173906e+01 +2.2175e-01 +9.1214e-01 -1.5112e+00 +2.4209e-01 -7.7991e-02 -2.8295e-01 -2.9891e-01 +1.3153e-02 +7.2715e-01 -1.6612e-01
34 0 +7.005553378e+00 +1.112555338e+01 +1.112555338e+01 +1.9120e-01 +9.1869e-01 -1.5870e+00 +2.8375e-01 -5.7024e-02 -2.7943e-01 -3.1903e-01 +3.3134e-02 +7.3761e-01 -1.7950e-01
35 0 +6.876727952e+00 +1.099672795e+01 +1.099672795e+01 +2.4866e-01 +9.1364e-01 -1.6352e+00 +3.0766e-01 -4.4122e-02 -3.0209e-01 -3.6242e-01 +4.7050e-02 +7.0645e-01 -1.8677e-01
37 0 +6.623120619e+00 +1.074312062e+01 +1.074312062e+01 +3.0273e-01 +9.3064e-01 -1.6946e+00 +3.8456e-01 +1.6456e-02 -3.3261e-01 -3.9429e-01 +1.1194e-01 +7.7588e-01 -1.6139e-01
38 0 +6.481087443e+00 +1.060108744e+01 +1.060108744e+01 +3.2013e-01 +9.6347e-01 -1.7418e+00 +4.0065e-01 +1.7068e-02 -3.7470e-01 -4.3494e-01 +1.0298e-01 +8.1837e-01 -1.9010e-01
39 0 +6.325691082e+00 +1.044569108e+01 +1.044569108e+01 +3.2777e-01 +9.7004e-01 -1.7884e+00 +4.0150e-01 +1.4372e-02 -4.0627e-01 -4.7085e-01 +1.7243e-01 +8.3679e-01 -2.0645e-01
40 0 +6.232477673e+00 +1.035247767e+01 +1.035247767e+01 +3.5999e-01 +9.2362e-01 -1.8367e+00 +4.2907e-01 -4.0636e-03 -4.0857e-01 -4.7566e-01 +1.9065e-01 +8.7995e-01 -2.4039e-01
41 0 +6.080784121e+00 +1.020078412e+01 +1.020078412e+01 +3.6916e-01 +9.1830e-01 -1.8807e+00 +4.3176e-01 +5.5623e-02 -4.4084e-01 -5.1287e-01 +2.1820e-01 +8.9983e-01 -2.6863e-01
42 0 +5.940809368e+00 +1.006080937e+01 +1.006080937e+01 +3.7897e-01 +9.1458e-01 -1.9519e+00 +4.2874e-01 +7.1328e-02 -4.7534e-01 -5.5072e-01 +2.3630e-01 +9.2538e-01 -2.3757e-01
43 0 +5.794148278e+00 +9.914148278e+00 +9.914148278e+00 +3.8409e-01 +9.1951e-01 -1.9954e+00 +4.7065e-01 +8.9786e-02 -5.1846e-01 -5.9997e-01 +2.7227e-01 +9.4170e-01 -2.4832e-01
44 0 +5.342018135e+00 +9.462018135e+00 +9.462018135e+00 +4.9864e-01 +1.0492e+00 -2.2709e+00 +5.1471e-01 +1.9231e-01 -6.2974e-01 -5.8769e-01 +4.1831e-01 +9.9115e-01 -3.2202e-01
45 0 +4.893847240e+00 +9.013847240e+00 +9.013847240e+00 +7.1497e-01 +1.0263e+00 -2.2575e+00 +4.5960e-01 +2.4671e-01 -8.5824e-01 -7.2764e-01 +5.3751e-01 +1.1342e+00 -3.1756e-01
46 0 +4.573452821e+00 +8.693452821e+00 +8.693452821e+00 +5.8391e-01 +1.0487e+00 -2.3382e+00 +4.6707e-01 +3.2817e-01 -9.8029e-01 -7.6866e-01 +6.7522e-01 +1.4397e+00 -3.3465e-01
47 0 +4.245700904e+00 +8.365700904e+00 +8.365700904e+00 +7.0062e-01 +1.1196e+00 -2.4533e+00 +4.6040e-01 +3.9290e-01 -8.5100e-01 -1.0553e+00 +7.8036e-01 +1.5540e+00 -3.6429e-01
48 0 +3.910987371e+00 +8.030987371e+00 +8.030987371e+00 +6.9998e-01 +1.0656e+00 -2.6605e+00 +3.8132e-01 +3.9222e-01 -1.0587e+00 -1.2576e+00 +8.4509e-01 +1.5601e+00 -5.0415e-01
49 0 +3.699881716e+00 +7.819881716e+00 +7.819881716e+00 +7.6170e-01 +9.0731e-01 -2.7684e+00 +4.4490e-01 +5.5271e-01 -1.1134e+00 -1.3182e+00 +1.1188e+00 +1.5477e+00 -4.1480e-01
50 0 +3.427656430e+00 +7.547656430e+00 +7.547656430e+00 +8.8537e-01 +9.0340e-01 -2.9047e+00 +5.9919e-01 +7.3377e-01 -1.2464e+00 -1.4256e+00 +9.7297e-01 +1.6853e+00 -4.0452e-01
52 0 +3.313379549e+00 +7.433379549e+00 +7.433379549e+00 +9.8174e-01 +9.3348e-01 -3.0928e+00 +6.9924e-01 +4.5729e-01 -1.3357e+00 -1.4906e+00 +1.0333e+00 +1.8072e+00 -2.1140e-01
53 0 +3.188287794e+00 +7.308287794e+00 +7.308287794e+00 +9.9287e-01 +1.0545e+00 -3.0854e+00 +7.3962e-01 +5.0398e-01 -1.4320e+00 -1.5728e+00 +1.1056e+00 +1.8077e+00 -2.2209e-01
54 0 +3.023231292e+00 +7.143231292e+00 +7.143231292e+00 +1.0667e+00 +1.1016e+00 -3.1684e+00 +6.4071e-01 +5.7534e-01 -1.4851e+00 -1.5984e+00 +1.1423e+00 +1.8831e+00 -2.1456e-01
55 0 +2.838459762e+00 +6.958459762e+00 +6.958459762e+00 +1.0791e+00 +1.0735e+00 -3.1610e+00 +5.9131e-01 +6.2201e-01 -1.5587e+00 -1.7412e+00 +1.1582e+00 +1.9667e+00 -1.7795e-01
56 0 +2.689914549e+00 +6.809914549e+00 +6.809914549e+00 +1.0555e+00 +1.0958e+00 -3.2602e+00 +5.6700e-01 +6.9823e-01 -1.6059e+00 -1.8620e+00 +1.1878e+00 +2.0355e+00 -1.6157e-01
57 0 +2.567896934e+00 +6.687896934e+00 +6.687896934e+00 +1.1760e+00 +1.0945e+00 -3.2942e+00 +5.2513e-01 +7.3734e-01 -1.6629e+00 -1.9855e+00 +1.1854e+00 +1.9907e+00 -1.3884e-01
58 0 +2.431724877e+00 +6.551724877e+00 +6.551724877e+00 +1.1882e+00 +1.0709e+00 -3.3152e+00 +4.8730e-01 +7.8740e-01 -1.8407e+00 -2.0038e+00 +1.1994e+00 +2.0345e+00 -1.0914e-01
59 0 +2.244859876e+00 +6.364859876e+00 +6.364859876e+00 +1.2585e+00 +1.1026e+00 -3.2978e+00 +4.7700e-01 +8.7697e-01 -1.8889e+00 -2.0673e+00 +1.2357e+00 +2.1373e+00 -2.3274e-02
60 0 +1.522990195e+00 +5.642990195e+00 +5.642990195e+00 +1.4536e+00 +1.4067e+00 -3.2600e+00 +2.7430e-01 +1.0094e+00 -2.1920e+00 -2.4186e+00 +1.0509e+00 +2.5746e+00 +7.0545e-02
61 0 +1.408878071e+00 +5.528878071e+00 +5.528878071e+00 +2.2612e+00 +2.2578e+00 -3.8050e+00 -1.8718e-01 +2.3311e+00 -3.4271e+00 -3.8296e+00 +1.2236e+00 +4.1072e+00 +9.1411e-01
72 0 +1.284679123e+00 +5.404679123e+00 +5.404679123e+00 +2.4602e+00 +2.3013e+00 -3.9492e+00 +9.6346e-02 +1.9483e+00 -3.3682e+00 -3.8809e+00 +1.2881e+00 +4.1589e+00 +8.8665e-01
73 0 +1.186976487e+00 +5.306976487e+00 +5.306976487e+00 +2.4450e+00 +2.2856e+00 -3.9490e+00 +1.0752e-01 +1.9143e+00 -3.3164e+00 -3.8335e+00 +1.2962e+00 +4.1160e+00 +8.4906e-01
74 0 +8.004346355e-01 +4.920434636e+00 +4.920434636e+00 +2.3849e+00 +2.2233e+00 -3.9488e+00 +1.5176e-01 +1.7785e+00 -3.1093e+00 -3.6440e+00 +1.3292e+00 +3.9445e+00 +6.9810e-01
75 0 +7.816583680e-01 +4.901658368e+00 +4.901658368e+00 +2.1464e+00 +1.9770e+00 -3.9522e+00 +3.2621e-01 +1.2365e+00 -2.2794e+00 -2.8860e+00 +1.4654e+00 +3.2604e+00 +9.1042e-02
76 0 +7.486964896e-01 +4.868696490e+00 +4.868696490e+00 +2.1839e+00 +1.9789e+00 -3.8244e+00 +2.4935e-01 +1.1947e+00 -2.1976e+00 -2.9258e+00 +1.6017e+00 +3.2963e+00 +1.4164e-01
80 0 +7.350986633e-01 +4.855098663e+00 +4.855098663e+00 +2.2306e+00 +1.8883e+00 -3.8424e+00 +1.1480e-01 +1.1217e+00 -2.2526e+00 -2.9062e+00 +1.5560e+00 +3.2846e+00 +1.2674e-01
82 0 +7.164618934e-01 +4.836461893e+00 +4.836461893e+00 +2.1643e+00 +1.9189e+00 -3.6802e+00 +1.3513e-01 +1.0531e+00 -2.3175e+00 -2.9098e+00 +1.4980e+00 +3.2689e+00 +5.3274e-02
86 0 +6.601012368e-01 +4.780101237e+00 +4.780101237e+00 +2.1120e+00 +1.9415e+00 -3.6779e+00 +1.0986e-01 +1.0266e+00 -2.3281e+00 -2.9115e+00 +1.4731e+00 +3.2893e+00 +1.3944e-01
87 0 +4.664169945e-01 +4.586416995e+00 +4.586416995e+00 +2.1082e+00 +1.9847e+00 -3.6427e+00 +4.8533e-02 +1.0728e+00 -2.4273e+00 -2.9855e+00 +1.4543e+00 +3.3898e+00 +2.1154e-01
88 0 +3.623659644e-01 +4.482365964e+00 +4.482365964e+00 +2.0920e+00 +2.1588e+00 -3.5012e+00 -1.9857e-01 +1.2570e+00 -2.8236e+00 -3.2804e+00 +1.3793e+00 +3.7926e+00 +4.9909e-01
99 0 +3.371090773e-01 +4.457109077e+00 +4.457109077e+00 +2.0942e+00 +2.1613e+00 -3.5321e+00 -1.8081e-01 +1.2812e+00 -2.7936e+00 -3.2753e+00 +1.3960e+00 +3.7888e+00 +5.0852e-01
100 0 +2.417226667e-01 +4.361722667e+00 +4.361722667e+00 +2.0903e+00 +2.1314e+00 -3.5586e+00 -1.6794e-01 +1.2771e+00 -2.7384e+00 -3.2365e+00 +1.4001e+00 +3.7417e+00 +4.7083e-01
101 0 +1.778198550e-01 +4.297819855e+00 +4.297819855e+00 +2.0743e+00 +2.0120e+00 -3.6648e+00 -1.1808e-01 +1.2617e+00 -2.5173e+00 -3.0808e+00 +1.4161e+00 +3.5536e+00 +3.2015e-01
% f evaluations | g evaluations | best noise-free fitness - Fopt (-2.150000000000e+01) + sum g_i+ | measured fitness | best measured fitness or single-digit g-values | x1 | x2...
1 0 +1.925458415e+01 -2.245415852e+00 -2.245415852e+00 +0.0000e+00 +0.0000e+00 +0.0000e+00 +0.0000e+00 +0.0000e+00 +0.0000e+00 +0.0000e+00 +0.0000e+00 +0.0000e+00 +0.0000e+00
6 0 +1.915693110e+01 -2.343068896e+00 -2.343068896e+00 +0.0000e+00 +0.0000e+00 +0.0000e+00 +1.0000e-01 +0.0000e+00 +0.0000e+00 +0.0000e+00 +0.0000e+00 +0.0000e+00 +0.0000e+00
8 0 +1.899098409e+01 -2.509015910e+00 -2.509015910e+00 +0.0000e+00 +0.0000e+00 +0.0000e+00 +0.0000e+00 +0.0000e+00 +1.0000e-01 +0.0000e+00 +0.0000e+00 +0.0000e+00 +0.0000e+00
9 0 +1.847977083e+01 -3.020229167e+00 -3.020229167e+00 +0.0000e+00 +0.0000e+00 +0.0000e+00 +0.0000e+00 +0.0000e+00 +0.0000e+00 +1.0000e-01 +0.0000e+00 +0.0000e+00 +0.0000e+00
% f evaluations | g evaluations | best noise-free fitness - Fopt (1.415000000000e+01) + sum g_i+ | measured fitness | best measured fitness or single-digit g-values | x1 | x2...
1 0 +3.429353582e+01 +4.844353582e+01 +4.844353582e+01 +0.0000e+00 +0.0000e+00 +0.0000e+00 +0.0000e+00 +0.0000e+00 +0.0000e+00 +0.0000e+00 +0.0000e+00 +0.0000e+00 +0.0000e+00
3 0 +3.412450916e+01 +4.827450916e+01 +4.827450916e+01 +1.0000e-01 +0.0000e+00 +0.0000e+00 +0.0000e+00 +0.0000e+00 +0.0000e+00 +0.0000e+00 +0.0000e+00 +0.0000e+00 +0.0000e+00
9 0 +3.371586125e+01 +4.786586125e+01 +4.786586125e+01 +0.0000e+00 +0.0000e+00 +0.0000e+00 +0.0000e+00 +0.0000e+00 +0.0000e+00 +1.0000e-01 +0.0000e+00 +0.0000e+00 +0.0000e+00
13 0 +3.221937173e+01 +4.636937173e+01 +4.636937173e+01 +1.0862e-02 -2.0777e-02 -1.5010e-02 -4.7795e-02 -2.6396e-04 -6.1626e-02 +3.7124e-02 +1.3768e-01 -9.7517e-03 -1.5814e-02
14 0 +2.680169185e+01 +4.095169185e+01 +4.095169185e+01 +5.4819e-02 -1.0485e-01 -7.5750e-02 -2.4121e-01 -1.3322e-03 -3.1101e-01 +1.8735e-01 +2.7726e-01 -4.9214e-02 -7.9812e-02
15 0 +1.525181274e+01 +2.940181274e+01 +2.940181274e+01 +4.8662e-01 -1.5694e-01 -3.9630e-02 -7.0651e-01 +2.6031e-01 -9.8784e-01 +1.0208e+00 +1.2352e+00 +6.7319e-02 -5.6002e-02
16 0 +7.940241661e+00 +2.209024166e+01 +2.209024166e+01 +4.4849e-01 -6.2332e-01 -4.2796e-01 -1.5386e+00 +7.1570e-02 -2.0071e+00 +1.3381e+00 +9.9008e-01 -2.4984e-01 -4.5522e-01
21 0 +6.938327812e+00 +2.108832781e+01 +2.108832781e+01 +5.8451e-01 -9.1916e-01 -4.1308e-01 -1.4938e+00 +1.5549e-01 -2.1453e+00 +1.5971e+00 +1.0569e+00 -2.1034e-01 -3.3494e-01
22 0 +6.598953534e+00 +2.074895353e+01 +2.074895353e+01 +7.0327e-01 -9.5552e-01 -3.4228e-01 -1.6033e+00 +2.5363e-01 -2.2849e+00 +1.4072e+00 +1.1573e+00 -1.2979e-01 -3.2944e-01
26 0 +6.287743594e+00 +2.043774359e+01 +2.043774359e+01 +6.5226e-01 -9.9423e-01 -2.7191e-01 -1.6821e+00 +1.5995e-01 -2.3713e+00 +1.4509e+00 +1.1350e+00 -5.8593e-02 -3.1073e-01
27 0 +6.021428944e+00 +2.017142894e+01 +2.017142894e+01 +7.0049e-01 -1.0089e+00 -2.8699e-01 -1.7185e+00 +1.5287e-01 -2.4026e+00 +1.4785e+00 +1.1187e+00 -2.5125e-02 -2.5842e-01
28 0 +5.305812508e+00 +1.945581251e+01 +1.945581251e+01 +9.1487e-01 -1.0287e+00 -3.1180e-01 -1.8103e+00 +1.4709e-01 -2.4664e+00 +1.5952e+00 +1.1216e+00 +1.4044e-01 -1.4565e-02
29 0 +4.888469501e+00 +1.903846950e+01 +1.903846950e+01 +9.8309e-01 -1.0211e+00 -4.6256e-01 -1.7804e+00 +4.8687e-02 -2.8013e+00 +1.6649e+00 +1.1866e+00 +1.2713e-01 +8.4521e-03
30 0 +4.554421180e+00 +1.870442118e+01 +1.870442118e+01 +1.1686e+00 -1.0722e+00 -4.4705e-01 -1.8927e+00 +9.4511e-02 -2.8851e+00 +1.8200e+00 +1.0636e+00 +2.6262e-01 -1.9992e-01
31 0 +4.291138668e+00 +1.844113867e+01 +1.844113867e+01 +1.2396e+00 -1.3608e+00 -5.0028e-01 -1.8997e+00 +2.0844e-02 -2.9841e+00 +1.7390e+00 +9.0092e-01 +3.5165e-01 -8.7546e-02
32 0 +4.235140743e+00 +1.838514074e+01 +1.838514074e+01 +1.0897e+00 -1.3883e+00 -5.6578e-01 -2.0704e+00 +2.5591e-01 -3.1235e+00 +1.8434e+00 +8.5160e-01 +3.9950e-01 +2.6624e-02
36 0 +4.129198406e+00 +1.827919841e+01 +1.827919841e+01 +1.1015e+00 -1.3449e+00 -5.8482e-01 -2.1029e+00 +2.0562e-01 -3.1343e+00 +1.8581e+00 +7.9833e-01 +4.1490e-01 +5.1703e-02
37 0 +3.987107489e+00 +1.813710749e+01 +1.813710749e+01 +1.1358e+00 -1.3513e+00 -5.3195e-01 -2.1228e+00 +1.9982e-01 -3.1613e+00 +1.8809e+00 +7.8148e-01 +3.5682e-01 +7.7158e-02
38 0 +3.812222946e+00 +1.796222295e+01 +1.796222295e+01 +1.2099e+00 -1.3426e+00 -5.5778e-01 -2.1202e+00 +2.1202e-01 -3.1770e+00 +1.9072e+00 +7.5288e-01 +3.3181e-01 +1.1218e-01
39 0 +3.640748832e+00 +1.779074883e+01 +1.779074883e+01 +1.2596e+00 -1.3418e+00 -5.7090e-01 -2.1289e+00 +2.0029e-01 -3.2181e+00 +1.9366e+00 +7.0149e-01 +2.8889e-01 +1.2296e-01
40 0 +3.000001874e+00 +1.715000187e+01 +1.715000187e+01 +1.4912e+00 -1.3509e+00 -5.3376e-01 -2.2172e+00 +2.1606e-01 -3.1857e+00 +2.0508e+00 +4.5866e-01 +1.9195e-01 +2.4281e-01
41 0 +1.620729906e+00 +1.577072991e+01 +1.577072991e+01 +2.1398e+00 -1.3903e+00 -6.0053e-01 -2.4508e+00 -5.2420e-02 -3.8177e+00 +2.5161e+00 -4.8311e-01 -5.1278e-01 +3.2804e-01
43 0 +1.528960704e+00 +1.567896070e+01 +1.567896070e+01 +2.2296e+00 -1.3926e+00 -6.8562e-01 -2.4563e+00 +2.2334e-02 -3.7823e+00 +2.5625e+00 -5.4063e-01 -3.9314e-01 +1.6028e-01
44 0 +1.027893802e+00 +1.517789380e+01 +1.517789380e+01 +2.6696e+00 -1.2667e+00 -1.1011e+00 -2.3200e+00 +1.4807e-01 -3.6837e+00 +2.6158e+00 -6.2021e-01 -3.7362e-01 +6.1226e-01
45 0 +8.565492928e-01 +1.500654929e+01 +1.500654929e+01 +3.0303e+00 -1.0764e+00 -9.4199e-01 -2.6460e+00 +2.8738e-01 -3.9485e+00 +2.1231e+00 -5.5477e-01 -3.0042e-01 +6.0139e-01
47 0 +6.484030001e-01 +1.479840300e+01 +1.479840300e+01 +3.1015e+00 -9.2084e-01 -9.1468e-01 -2.6954e+00 +4.7562e-01 -3.8927e+00 +2.2669e+00 -4.3530e-01 -5.2277e-01 +5.3353e-01
48 0 +6.445835276e-01 +1.479458353e+01 +1.479458353e+01 +3.0361e+00 -9.4632e-01 -9.3135e-01 -2.7802e+00 +5.6645e-01 -3.9742e+00 +2.3374e+00 -4.3389e-01 -4.6114e-01 +5.9633e-01
49 0 +5.558823838e-01 +1.470588238e+01 +1.470588238e+01 +3.1520e+00 -1.0320e+00 -8.8235e-01 -2.7824e+00 +5.3119e-01 -3.9986e+00 +2.4153e+00 -3.4195e-01 -4.4086e-01 +6.0384e-01
51 0 +4.982412981e-01 +1.464824130e+01 +1.464824130e+01 +3.2086e+00 -1.0046e+00 -9.6148e-01 -2.8481e+00 +4.8602e-01 -4.0213e+00 +2.4561e+00 -3.2279e-01 -4.7361e-01 +5.9059e-01
52 0 +4.319219813e-01 +1.458192198e+01 +1.458192198e+01 +3.2612e+00 -9.6560e-01 -9.8515e-01 -2.8404e+00 +5.1178e-01 -4.0100e+00 +2.4782e+00 -2.6640e-01 -4.5012e-01 +5.9904e-01
53 0 +3.609693402e-01 +1.451096934e+01 +1.451096934e+01 +3.3310e+00 -9.3916e-01 -9.7257e-01 -2.8674e+00 +5.2963e-01 -3.9779e+00 +2.5188e+00 -2.7728e-01 -4.4352e-01 +6.1853e-01
54 0 +3.310234346e-01 +1.448102343e+01 +1.448102343e+01 +3.3823e+00 -9.0226e-01 -9.6265e-01 -2.8755e+00 +5.3011e-01 -3.9776e+00 +2.5460e+00 -2.4471e-01 -4.6826e-01 +6.7709e-01
55 0 +2.680572722e-01 +1.441805727e+01 +1.441805727e+01 +3.4412e+00 -8.7347e-01 -9.5583e-01 -2.8970e+00 +5.5249e-01 -3.9700e+00 +2.5905e+00 -2.2799e-01 -4.4569e-01 +6.3390e-01
56 0 +2.278908194e-01 +1.437789082e+01 +1.437789082e+01 +3.5056e+00 -9.0342e-01 -9.9408e-01 -2.9008e+00 +6.0664e-01 -3.9519e+00 +2.5964e+00 -2.2641e-01 -4.5787e-01 +6.2833e-01
57 0 +1.718647417e-01 +1.432186474e+01 +1.432186474e+01 +3.5018e+00 -9.0539e-01 -1.0235e+00 -2.8659e+00 +6.0075e-01 -3.9146e+00 +2.6766e+00 -2.3000e-01 -4.5456e-01 +6.2895e-01
58 0 +1.332723122e-01 +1.428327231e+01 +1.428327231e+01 +3.5584e+00 -8.9615e-01 -1.0548e+00 -2.8554e+00 +5.8534e-01 -3.9043e+00 +2.7108e+00 -2.4438e-01 -3.9307e-01 +6.3981e-01
60 0 +1.110152085e-01 +1.426101521e+01 +1.426101521e+01 +3.5777e+00 -8.9926e-01 -1.0594e+00 -2.8692e+00 +5.7528e-01 -3.9115e+00 +2.7412e+00 -2.6471e-01 -4.1115e-01 +6.3013e-01
61 0 +9.650706429e-02 +1.424650706e+01 +1.424650706e+01 +3.5690e+00 -8.7592e-01 -1.0764e+00 -2.8820e+00 +6.0349e-01 -3.9175e+00 +2.7594e+00 -2.7888e-01 -4.0628e-01 +6.3621e-01
62 0 +9.043128637e-02 +1.424043129e+01 +1.424043129e+01 +3.5806e+00 -8.8805e-01 -1.0526e+00 -2.8740e+00 +6.2515e-01 -3.9213e+00 +2.7903e+00 -2.8581e-01 -3.9741e-01 +6.4055e-01
63 0 +8.621653537e-02 +1.423621654e+01 +1.423621654e+01 +3.5843e+00 -8.7943e-01 -1.0451e+00 -2.8697e+00 +6.2641e-01 -3.9065e+00 +2.7843e+00 -2.9970e-01 -4.0102e-01 +6.4013e-01
64 0 +8.428872486e-02 +1.423428872e+01 +1.423428872e+01 +3.5948e+00 -8.6799e-01 -1.0529e+00 -2.8601e+00 +6.2900e-01 -3.9051e+00 +2.7944e+00 -2.9916e-01 -4.0674e-01 +6.3095e-01
67 0 +8.105769516e-02 +1.423105770e+01 +1.423105770e+01 +3.5890e+00 -8.6923e-01 -1.0567e+00 -2.8565e+00 +6.2405e-01 -3.9023e+00 +2.8015e+00 -3.0597e-01 -4.0581e-01 +6.3365e-01
68 0 +7.697409354e-02 +1.422697409e+01 +1.422697409e+01 +3.5903e+00 -8.6490e-01 -1.0550e+00 -2.8603e+00 +6.2064e-01 -3.9039e+00 +2.8049e+00 -3.1092e-01 -4.0248e-01 +6.3282e-01
69 0 +7.271773465e-02 +1.422271773e+01 +1.422271773e+01 +3.5871e+00 -8.6220e-01 -1.0522e+00 -2.8642e+00 +6.2019e-01 -3.9042e+00 +2.8094e+00 -3.1507e-01 -4.0637e-01 +6.3037e-01
70 0 +6.956779461e-02 +1.421956779e+01 +1.421956779e+01 +3.5839e+00 -8.5700e-01 -1.0496e+00 -2.8653e+00 +6.1987e-01 -3.9059e+00 +2.8133e+00 -3.2094e-01 -4.0571e-01 +6.2906e-01
71 0 +6.647290074e-02 +1.421647290e+01 +1.421647290e+01 +3.5828e+00 -8.5449e-01 -1.0491e+00 -2.8704e+00 +6.1930e-01 -3.9001e+00 +2.8185e+00 -3.2104e-01 -4.0381e-01 +6.2796e-01
72 0 +6.194076672e-02 +1.421194077e+01 +1.421194077e+01 +3.5839e+00 -8.5449e-01 -1.0451e+00 -2.8723e+00 +6.1343e-01 -3.8986e+00 +2.8230e+00 -3.2435e-01 -4.0531e-01 +6.2483e-01
73 0 +5.838526918e-02 +1.420838527e+01 +1.420838527e+01 +3.5821e+00 -8.5074e-01 -1.0473e+00 -2.8762e+00 +6.0701e-01 -3.8973e+00 +2.8227e+00 -3.2684e-01 -4.0770e-01 +6.2200e-01
74 0 +5.518045214e-02 +1.420518045e+01 +1.420518045e+01 +3.5810e+00 -8.5040e-01 -1.0477e+00 -2.8807e+00 +6.0253e-01 -3.9000e+00 +2.8292e+00 -3.2763e-01 -4.0818e-01 +6.1935e-01
75 0 +5.210607911e-02 +1.420210608e+01 +1.420210608e+01 +3.5832e+00 -8.5039e-01 -1.0477e+00 -2.8852e+00 +6.0066e-01 -3.8978e+00 +2.8320e+00 -3.3486e-01 -4.1027e-01 +6.1790e-01
76 0 +4.946778126e-02 +1.419946778e+01 +1.419946778e+01 +3.5792e+00 -8.4952e-01 -1.0459e+00 -2.8851e+00 +5.9616e-01 -3.8941e+00 +2.8367e+00 -3.3788e-01 -4.1334e-01 +6.1539e-01
77 0 +4.707012437e-02 +1.419707012e+01 +1.419707012e+01 +3.5806e+00 -8.4430e-01 -1.0423e+00 -2.8873e+00 +5.9146e-01 -3.8940e+00 +2.8385e+00 -3.4114e-01 -4.0989e-01 +6.1320e-01
79 0 +4.575143933e-02 +1.419575144e+01 +1.419575144e+01 +3.5846e+00 -8.4014e-01 -1.0395e+00 -2.8903e+00 +5.9383e-01 -3.8933e+00 +2.8398e+00 -3.3820e-01 -4.1659e-01 +6.0371e-01
80 0 +4.358524634e-02 +1.419358525e+01 +1.419358525e+01 +3.5899e+00 -8.4054e-01 -1.0435e+00 -2.8888e+00 +5.8858e-01 -3.8898e+00 +2.8430e+00 -3.3728e-01 -4.1596e-01 +6.0217e-01
82 0 +4.109009140e-02 +1.419109009e+01 +1.419109009e+01 +3.5894e+00 -8.3895e-01 -1.0453e+00 -2.8989e+00 +5.8331e-01 -3.8829e+00 +2.8473e+00 -3.3713e-01 -4.1483e-01 +6.0077e-01
83 0 +3.868202313e-02 +1.418868202e+01 +1.418868202e+01 +3.5900e+00 -8.3500e-01 -1.0491e+00 -2.8996e+00 +5.7890e-01 -3.8843e+00 +2.8513e+00 -3.4179e-01 -4.1714e-01 +5.9856e-01
84 0 +3.589805024e-02 +1.418589805e+01 +1.418589805e+01 +3.5925e+00 -8.3476e-01 -1.0473e+00 -2.8996e+00 +5.7923e-01 -3.8831e+00 +2.8602e+00 -3.4455e-01 -4.1607e-01 +5.9775e-01
85 0 +3.374718315e-02 +1.418374718e+01 +1.418374718e+01 +3.5951e+00 -8.3092e-01 -1.0468e+00 -2.8983e+00 +5.7814e-01 -3.8771e+00 +2.8634e+00 -3.4972e-01 -4.1666e-01 +5.9684e-01
86 0 +3.136054288e-02 +1.418136054e+01 +1.418136054e+01 +3.5945e+00 -8.2638e-01 -1.0466e+00 -2.8968e+00 +5.7435e-01 -3.8755e+00 +2.8707e+00 -3.4850e-01 -4.1555e-01 +5.9469e-01
87 0 +2.912976762e-02 +1.417912977e+01 +1.417912977e+01 +3.5999e+00 -8.2222e-01 -1.0482e+00 -2.8991e+00 +5.7311e-01 -3.8757e+00 +2.8765e+00 -3.5040e-01 -4.1303e-01 +5.9358e-01
88 0 +2.759108469e-02 +1.417759108e+01 +1.417759108e+01 +3.6011e+00 -8.2177e-01 -1.0517e+00 -2.8995e+00 +5.7236e-01 -3.8729e+00 +2.8846e+00 -3.5192e-01 -4.1587e-01 +5.9236e-01
89 0 +2.569873789e-02 +1.417569874e+01 +1.417569874e+01 +3.5989e+00 -8.1964e-01 -1.0475e+00 -2.9051e+00 +5.6946e-01 -3.8723e+00 +2.8885e+00 -3.5583e-01 -4.1520e-01 +5.9110e-01
90 0 +2.458732375e-02 +1.417458732e+01 +1.417458732e+01 +3.6034e+00 -8.2146e-01 -1.0441e+00 -2.9033e+00 +5.6265e-01 -3.8728e+00 +2.8911e+00 -3.5778e-01 -4.1584e-01 +5.8895e-01
91 0 +2.437856042e-02 +1.417437856e+01 +1.417437856e+01 +3.6018e+00 -8.2329e-01 -1.0461e+00 -2.9025e+00 +5.6314e-01 -3.8719e+00 +2.8917e+00 -3.6066e-01 -4.1079e-01 +5.8156e-01
93 0 +2.377083784e-02 +1.417377084e+01 +1.417377084e+01 +3.6012e+00 -8.2172e-01 -1.0458e+00 -2.9012e+00 +5.6230e-01 -3.8728e+00 +2.8943e+00 -3.6341e-01 -4.0938e-01 +5.8319e-01
94 0 +2.303209403e-02 +1.417303209e+01 +1.417303209e+01 +3.6023e+00 -8.2087e-01 -1.0440e+00 -2.9019e+00 +5.6196e-01 -3.8703e+00 +2.8972e+00 -3.6296e-01 -4.0745e-01 +5.8348e-01
95 0 +2.213717542e-02 +1.417213718e+01 +1.417213718e+01 +3.6027e+00 -8.1786e-01 -1.0448e+00 -2.9031e+00 +5.5898e-01 -3.8688e+00 +2.8984e+00 -3.6373e-01 -4.0708e-01 +5.8298e-01
96 0 +2.137751531e-02 +1.417137752e+01 +1.417137752e+01 +3.6026e+00 -8.1711e-01 -1.0451e+00 -2.9050e+00 +5.5689e-01 -3.8704e+00 +2.9017e+00 -3.6266e-01 -4.0589e-01 +5.8265e-01
97 0 +2.058725918e-02 +1.417058726e+01 +1.417058726e+01 +3.6045e+00 -8.1627e-01 -1.0453e+00 -2.9077e+00 +5.5549e-01 -3.8699e+00 +2.9042e+00 -3.6495e-01 -4.0524e-01 +5.8283e-01
98 0 +2.006952261e-02 +1.417006952e+01 +1.417006952e+01 +3.6034e+00 -8.1529e-01 -1.0446e+00 -2.9087e+00 +5.5272e-01 -3.8684e+00 +2.9074e+00 -3.6591e-01 -4.0530e-01 +5.8256e-01
100 0 +1.986717091e-02 +1.416986717e+01 +1.416986717e+01 +3.6057e+00 -8.1384e-01 -1.0424e+00 -2.9089e+00 +5.4949e-01 -3.8694e+00 +2.9071e+00 -3.6635e-01 -4.0267e-01 +5.8231e-01
101 0 +1.912031774e-02 +1.416912032e+01 +1.416912032e+01 +3.6068e+00 -8.1296e-01 -1.0437e+00 -2.9085e+00 +5.4932e-01 -3.8690e+00 +2.9085e+00 -3.6609e-01 -4.0226e-01 +5.8239e-01
% f evaluations | g evaluations | best noise-free fitness - Fopt (-1.348000000000e+01) + sum g_i+ | measured fitness | best measured fitness or single-digit g-values | x1 | x2...
1 0 +2.705717326e+01 +1.357717326e+01 +1.357717326e+01 +0.0000e+00 +0.0000e+00 +0.0000e+00 +0.0000e+00 +0.0000e+00 +0.0000e+00 +0.0000e+00 +0.0000e+00 +0.0000e+00 +0.0000e+00
3 0 +2.692265785e+01 +1.344265785e+01 +1.344265785e+01 +1.0000e-01 +0.0000e+00 +0.0000e+00 +0.0000e+00 +0.0000e+00 +0.0000e+00 +0.0000e+00 +0.0000e+00 +0.0000e+00 +0.0000e+00
4 0 +2.667375321e+01 +1.319375321e+01 +1.319375321e+01 +0.0000e+00 +1.0000e-01 +0.0000e+00 +0.0000e+00 +0.0000e+00 +0.0000e+00 +0.0000e+00 +0.0000e+00 +0.0000e+00 +0.0000e+00
13 0 +2.596756016e+01 +1.248756016e+01 +1.248756016e+01 +1.8933e-02 +1.5397e-01 +4.4232e-02 +1.1281e-02 +5.2627e-02 -7.6822e-03 +1.2129e-02 +6.0272e-03 -1.4080e-02 +3.7883e-02
14 0 +2.327258884e+01 +9.792588837e+00 +9.792588837e+00 +9.3996e-02 +3.7001e-01 +2.2110e-01 +5.5553e-02 +2.6328e-01 -3.9724e-02 +5.9812e-02 +2.9155e-02 -7.1869e-02 +1.8920e-01
15 0 +1.537288687e+01 +1.892886868e+00 +1.892886868e+00 +3.4832e-01 +1.1501e+00 +8.5511e-01 +1.9504e-01 +1.0233e+00 -1.8485e-01 +2.1202e-01 +8.9784e-02 -3.1302e-01 +7.2794e-01
16 0 +1.406108295e+01 +5.810829492e-01 +5.810829492e-01 +3.8735e-01 +1.3220e+00 +9.9008e-01 +2.0505e-01 +1.1901e+00 -2.4675e-01 +2.2524e-01 +7.9869e-02 -3.9919e-01 +8.3883e-01
17 0 +1.368191867e+01 +2.019186748e-01 +2.019186748e-01 +3.9787e-01 +1.3760e+00 +1.0320e+00 +2.0607e-01 +1.2424e+00 -2.6928e-01 +2.2731e-01 +7.4364e-02 -4.2965e-01 +8.7286e-01
28 0 +1.348017823e+01 +1.782302853e-04 +1.782302853e-04 +2.3360e-01 +1.3904e+00 +1.0407e+00 +1.8501e-01 +1.2381e+00 -2.8643e-01 +2.0788e-01 +6.0938e-02 -6.6288e-01 +8.8153e-01
% f evaluations | g evaluations | best noise-free fitness - Fopt (-4.813000000000e+01) + sum g_i+ | measured fitness | best measured fitness or single-digit g-values | x1 | x2...
1 0 +4.053498734e+01 -7.595012657e+00 -7.595012657e+00 +0.0000e+00 +0.0000e+00 +0.0000e+00 +0.0000e+00 +0.0000e+00 +0.0000e+00 +0.0000e+00 +0.0000e+00 +0.0000e+00 +0.0000e+00
3 0 +3.998334377e+01 -8.146656228e+00 -8.146656228e+00 +1.0000e-01 +0.0000e+00 +0.0000e+00 +0.0000e+00 +0.0000e+00 +0.0000e+00 +0.0000e+00 +0.0000e+00 +0.0000e+00 +0.0000e+00
