% f evaluations | g evaluations | best noise-free fitness - Fopt (1.238300000000e+02) + sum g_i+ | measured fitness | best measured fitness or single-digit g-values | x1 | x2...
1 0 +1.235000000e+02 +2.473300000e+02 +2.473300000e+02 +0.0000e+00 +0.0000e+00 +0.0000e+00 +0.0000e+00 +0.0000e+00 +0.0000e+00 +0.0000e+00 +0.0000e+00 +0.0000e+00 +0.0000e+00 +0.0000e+00 +0.0000e+00 +0.0000e+00 +0.0000e+00 +0.0000e+00 +0.0000e+00 +0.0000e+00 +0.0000e+00 +0.0000e+00 +0.0000e+00
13 0 +1.233183087e+02 +2.471483087e+02 +2.471483087e+02 +0.0000e+00 +0.0000e+00 +0.0000e+00 +0.0000e+00 +0.0000e+00 +0.0000e+00 +0.0000e+00 +0.0000e+00 +0.0000e+00 +0.0000e+00 +1.0000e-01 +0.0000e+00 +0.0000e+00 +0.0000e+00 +0.0000e+00 +0.0000e+00 +0.0000e+00 +0.0000e+00 +0.0000e+00 +0.0000e+00
14 0 +1.219436802e+02 +2.457736802e+02 +2.457736802e+02 +0.0000e+00 +0.0000e+00 +0.0000e+00 +0.0000e+00 +0.0000e+00 +0.0000e+00 +0.0000e+00 +0.0000e+00 +0.0000e+00 +0.0000e+00 +0.0000e+00 +1.0000e-01 +0.0000e+00 +0.0000e+00 +0.0000e+00 +0.0000e+00 +0.0000e+00 +0.0000e+00 +0.0000e+00 +0.0000e+00
23 0 +1.184785216e+02 +2.423085216e+02 +2.423085216e+02 -2.3486e-02 -9.4881e-03 -1.3075e-02 -3.5825e-02 -2.2846e-02 -3.7160e-02 -4.4981e-02 -1.2021e-02 -1.2404e-03 -1.3022e-02 +1.8581e-03 +1.1592e-01 -2.0706e-02 -1.0566e-02 -3.6320e-02 +1.2528e-02 -5.9009e-03 -3.6578e-02 +3.9480e-03 +8.5539e-04
24 0 +1.137333421e+02 +2.375633421e+02 +2.375633421e+02 -2.4761e-02 +5.8133e-03 -2.0209e-03 -5.1711e-02 -2.3362e-02 -5.4628e-02 -7.1711e-02 +2.8193e-04 +2.3828e-02 -1.9063e-03 +3.0596e-02 +1.6130e-01 -1.8688e-02 +3.4595e-03 -5.2794e-02 +5.3901e-02 +1.3649e-02 -5.3357e-02 +3.5160e-02 +2.8406e-02
33 0 +1.121170827e+02 +2.359470827e+02 +2.359470827e+02 -2.7335e-02 +8.5850e-03 +5.4008e-03 -9.2934e-02 -4.0915e-02 -1.0028e-01 -4.5757e-02 -9.3490e-04 +3.9589e-02 -4.7010e-03 +5.1237e-02 +2.0408e-01 -2.2092e-02 +4.5339e-03 -5.8124e-02 +9.1347e-02 +2.2070e-02 -9.9929e-02 +5.9093e-02 +4.7468e-02
46 0 +1.075876501e+02 +2.314176501e+02 +2.314176501e+02 -2.2963e-03 +1.3748e-02 +2.6126e-02 -9.7627e-02 -3.2193e-02 -1.0835e-01 -4.8550e-02 +2.4192e-02 +4.8710e-02 -6.3332e-03 +2.4829e-02 +2.1597e-01 +1.4639e-02 +1.9464e-02 -5.9549e-02 +9.5579e-02 +1.4542e-02 -1.1409e-01 +6.0110e-02 +5.7898e-02
47 0 +1.039598384e+02 +2.277898384e+02 +2.277898384e+02 +4.3361e-02 -6.1566e-03 +5.7944e-02 -1.1594e-01 -2.4415e-02 -1.3397e-01 -5.9065e-02 +5.1887e-02 +3.4254e-02 -4.1322e-02 -4.1898e-02 +2.5745e-01 +8.6230e-02 +3.1133e-02 -7.0145e-02 +1.0263e-01 -5.9233e-02 -1.5395e-01 +5.5866e-02 +6.7754e-02
51 0 +1.023134148e+02 +2.261434148e+02 +2.261434148e+02 +4.8073e-02 -2.4930e-03 +3.5364e-02 -1.3093e-01 -2.5801e-02 -1.2993e-01 -6.0295e-02 +6.3581e-02 +5.2826e-02 +1.2679e-02 -6.6606e-02 +2.7607e-01 +9.4574e-02 +3.9812e-02 -8.4149e-02 +1.2773e-01 -4.6059e-02 -1.7320e-01 +5.2449e-02 +9.1339e-02
61 0 +9.986127793e+01 +2.236912779e+02 +2.236912779e+02 +4.9775e-02 -6.8473e-03 +7.3112e-02 -1.2579e-01 -2.6979e-02 -1.3553e-01 -6.7471e-02 +6.8147e-02 +5.9963e-02 +1.0323e-02 -8.5641e-02 +2.9735e-01 +8.3167e-02 +4.2522e-02 -7.7749e-02 +1.3785e-01 -2.7884e-02 -1.7322e-01 +4.7866e-02 +1.0458e-01
70 0 +9.647820439e+01 +2.203082044e+02 +2.203082044e+02 +5.1195e-02 -1.5275e-02 +9.2229e-02 -1.1778e-01 -2.1599e-02 -1.6340e-01 -7.4901e-02 +7.7274e-02 +7.8945e-02 +1.7413e-02 -9.4565e-02 +3.1795e-01 +8.1783e-02 +3.4478e-02 -7.0210e-02 +1.5665e-01 -2.8152e-02 -1.7580e-01 +7.3020e-02 +1.2241e-01
71 0 +9.504805934e+01 +2.188780593e+02 +2.188780593e+02 +5.5020e-02 -1.8670e-02 +1.0277e-01 -1.0917e-01 -1.6102e-02 -1.5880e-01 -9.9364e-02 +8.5097e-02 +8.8311e-02 +2.4296e-02 -1.0430e-01 +3.2427e-01 +8.9129e-02 +2.8905e-02 -6.1720e-02 +1.5767e-01 -2.5931e-02 -1.7258e-01 +8.5669e-02 +1.3103e-01
73 0 +9.277603661e+01 +2.166060366e+02 +2.166060366e+02 +5.5717e-02 -1.8407e-02 +1.3455e-01 -1.1219e-01 -9.3336e-03 -1.5757e-01 -9.5795e-02 +8.7267e-02 +1.0197e-01 +9.0300e-03 -9.8755e-02 +3.5206e-01 +8.9973e-02 +1.4206e-02 -6.6087e-02 +1.6233e-01 -2.5083e-02 -1.6370e-01 +1.1837e-01 +1.4208e-01
80 0 +9.112348327e+01 +2.149534833e+02 +2.149534833e+02 +4.5147e-02 -2.0985e-02 +1.3732e-01 -1.0970e-01 -9.2754e-03 -1.7223e-01 -1.0801e-01 +8.6752e-02 +1.1380e-01 +2.4416e-02 -9.2976e-02 +3.7515e-01 +8.5176e-02 +6.3927e-03 -6.5552e-02 +1.6916e-01 -9.9766e-03 -1.7005e-01 +1.4056e-01 +1.6350e-01
92 0 +8.777893832e+01 +2.116089383e+02 +2.116089383e+02 +6.1520e-02 -3.4280e-02 +1.4798e-01 -1.2190e-01 -1.6551e-02 -1.8937e-01 -1.0668e-01 +9.5255e-02 +1.2122e-01 +2.9965e-02 -9.0384e-02 +3.9913e-01 +9.4963e-02 +4.5440e-03 -8.7674e-02 +1.6593e-01 -2.9891e-02 -1.8366e-01 +1.8236e-01 +1.8235e-01
93 0 +8.623359680e+01 +2.100635968e+02 +2.100635968e+02 +6.9731e-02 -3.6990e-02 +1.3622e-01 -1.2850e-01 -2.1289e-02 -1.8898e-01 -1.0837e-01 +9.7724e-02 +1.2158e-01 +5.0648e-02 -1.0467e-01 +4.1113e-01 +1.0557e-01 +8.6844e-03 -9.6310e-02 +1.6753e-01 -3.3798e-02 -1.9166e-01 +1.8936e-01 +1.9653e-01
94 0 +8.483748059e+01 +2.086674806e+02 +2.086674806e+02 +7.4648e-02 -4.6690e-02 +1.3539e-01 -1.2718e-01 -3.0621e-02 -2.0099e-01 -1.2286e-01 +1.0085e-01 +1.1747e-01 +5.5992e-02 -1.1200e-01 +4.2069e-01 +1.1237e-01 +1.0398e-02 -9.8257e-02 +1.6295e-01 -4.3630e-02 -2.0410e-01 +2.0792e-01 +2.0948e-01
98 0 +8.273074255e+01 +2.065607425e+02 +2.065607425e+02 +9.7212e-02 -4.2185e-02 +1.4199e-01 -1.4702e-01 -3.7559e-02 -1.9046e-01 -1.3496e-01 +1.1080e-01 +1.2409e-01 +6.2799e-02 -1.1199e-01 +4.5420e-01 +1.3275e-01 +5.7844e-03 -1.2101e-01 +1.7723e-01 -5.7478e-02 -2.1226e-01 +2.4035e-01 +2.2177e-01
101 0 +8.112656907e+01 +2.049565691e+02 +2.049565691e+02 +9.6368e-02 -4.8992e-02 +1.3909e-01 -1.4936e-01 -2.3834e-02 -1.9617e-01 -1.2371e-01 +1.1077e-01 +1.2855e-01 +7.0642e-02 -1.2009e-01 +4.6364e-01 +1.4753e-01 -2.0585e-03 -1.2527e-01 +1.6379e-01 -6.2097e-02 -2.1877e-01 +2.5869e-01 +2.3279e-01
% f evaluations | g evaluations | best noise-free fitness - Fopt (4.751000000000e+01) + sum g_i+ | measured fitness | best measured fitness or single-digit g-values | x1 | x2...
1 0 +1.235000000e+02 +1.710100000e+02 +1.710100000e+02 +0.0000e+00 +0.0000e+00 +0.0000e+00 +0.0000e+00 +0.0000e+00 +0.0000e+00 +0.0000e+00 +0.0000e+00 +0.0000e+00 +0.0000e+00 +0.0000e+00 +0.0000e+00 +0.0000e+00 +0.0000e+00 +0.0000e+00 +0.0000e+00 +0.0000e+00 +0.0000e+00 +0.0000e+00 +0.0000e+00
6 0 +1.228174081e+02 +1.703274081e+02 +1.703274081e+02 +0.0000e+00 +0.0000e+00 +0.0000e+00 +1.0000e-01 +0.0000e+00 +0.0000e+00 +0.0000e+00 +0.0000e+00 +0.0000e+00 +0.0000e+00 +0.0000e+00 +0.0000e+00 +0.0000e+00 +0.0000e+00 +0.0000e+00 +0.0000e+00 +0.0000e+00 +0.0000e+00 +0.0000e+00 +0.0000e+00
7 0 +1.199841944e+02 +1.674941944e+02 +1.674941944e+02 +0.0000e+00 +0.0000e+00 +0.0000e+00 +0.0000e+00 +1.0000e-01 +0.0000e+00 +0.0000e+00 +0.0000e+00 +0.0000e+00 +0.0000e+00 +0.0000e+00 +0.0000e+00 +0.0000e+00 +0.0000e+00 +0.0000e+00 +0.0000e+00 +0.0000e+00 +0.0000e+00 +0.0000e+00 +0.0000e+00
23 0 +1.160727889e+02 +1.635827889e+02 +1.635827889e+02 -3.6466e-02 -1.8726e-02 -9.5900e-03 +6.7168e-03 +1.3460e-01 -7.1083e-03 +8.8666e-03 -2.8943e-02 -2.8286e-02 -3.4012e-05 -9.3328e-03 -7.2597e-03 -4.9951e-03 -3.7021e-02 +2.1230e-03 -4.7568e-04 -3.5312e-02 -3.6112e-02 -2.6102e-02 -2.1127e-02
24 0 +1.108483393e+02 +1.583583393e+02 +1.583583393e+02 -4.9175e-02 -1.3112e-02 +5.4605e-03 +3.8611e-02 +1.9529e-01 +1.0506e-02 +4.2981e-02 -3.3882e-02 -3.2546e-02 +2.4887e-02 +5.9835e-03 +1.0198e-02 +1.4802e-02 -5.0305e-02 +2.9272e-02 +2.3989e-02 -4.6829e-02 -4.8455e-02 -2.8107e-02 -1.7993e-02
25 0 +1.092514450e+02 +1.567614450e+02 +1.567614450e+02 -7.4273e-02 -2.1196e-02 +6.1390e-03 +5.4929e-02 +2.3834e-01 +1.3564e-02 +6.1361e-02 -5.1765e-02 -4.9798e-02 +3.4731e-02 +6.9086e-03 +1.3111e-02 +1.9887e-02 +1.5502e-02 +4.1184e-02 +3.3409e-02 -7.0820e-02 -7.3213e-02 -4.3265e-02 -2.8380e-02
32 0 +1.070090766e+02 +1.545190766e+02 +1.545190766e+02 -2.3227e-02 -3.5090e-02 +5.9996e-03 +7.9341e-02 +3.0473e-01 +1.7161e-02 +8.9010e-02 -6.5012e-02 -6.0352e-02 +4.8979e-02 +7.1565e-03 +1.6481e-02 +2.6666e-02 -2.7002e-02 +5.8680e-02 +4.6992e-02 -6.4971e-02 -1.2881e-01 -6.0920e-02 -3.9142e-02
46 0 +1.036899615e+02 +1.511999615e+02 +1.511999615e+02 -1.3587e-02 -1.1763e-02 -2.3823e-03 +8.3885e-02 +3.2087e-01 +2.7856e-02 +8.4912e-02 -6.6382e-02 -5.5210e-02 +2.0006e-02 -1.1705e-02 +2.0137e-02 +4.2576e-02 -5.2013e-02 +4.5905e-02 +3.0740e-02 -6.3717e-02 -1.3788e-01 -4.5429e-02 -1.6435e-02
48 0 +1.013064834e+02 +1.488164834e+02 +1.488164834e+02 -4.1145e-02 -7.7728e-03 +5.6172e-04 +9.0215e-02 +3.3061e-01 +4.8278e-02 +9.0053e-02 -6.9488e-02 -5.1502e-02 -1.5113e-02 -1.6082e-02 +2.4607e-02 +5.3953e-02 -3.8774e-02 +2.6930e-02 +2.3244e-02 -6.4743e-02 -1.4967e-01 -3.0776e-02 +6.1957e-03
52 0 +9.987856238e+01 +1.473885624e+02 +1.473885624e+02 -4.2237e-02 +1.5771e-02 -8.6439e-03 +1.0669e-01 +3.4928e-01 +5.4518e-02 +9.3115e-02 -6.5415e-02 -3.9838e-02 -3.3767e-02 -3.9740e-02 +3.4874e-02 +7.3887e-02 -3.6148e-02 +3.0705e-02 +2.0656e-02 -6.6977e-02 -1.5384e-01 -5.3455e-02 +3.5470e-02
69 0 +9.745944889e+01 +1.449694489e+02 +1.449694489e+02 -6.7100e-02 +1.9981e-02 -1.9703e-02 +1.2695e-01 +3.7681e-01 +5.3986e-02 +1.0232e-01 -8.4994e-02 -3.1548e-02 -4.2182e-02 -5.8018e-02 +3.5209e-02 +5.7715e-02 -3.8218e-02 +2.1313e-02 +2.2068e-02 -7.5531e-02 -1.5811e-01 -4.8033e-02 +2.7972e-02
72 0 +9.415626426e+01 +1.416662643e+02 +1.416662643e+02 -9.5548e-02 +2.3794e-02 -2.6247e-02 +1.4746e-01 +4.3143e-01 +6.5465e-02 +1.0810e-01 -1.0370e-01 -1.7931e-02 -3.8021e-02 -5.7800e-02 +4.7884e-02 +4.3085e-02 -2.4398e-02 +2.5907e-02 +2.9190e-02 -1.0404e-01 -1.5843e-01 -5.3236e-02 +1.9888e-02
79 0 +9.321772566e+01 +1.407277257e+02 +1.407277257e+02 -9.8256e-02 +2.5055e-02 -2.6357e-02 +1.6084e-01 +4.4307e-01 +6.5830e-02 +1.2688e-01 -1.1144e-01 -1.1419e-02 -4.7407e-02 -5.9052e-02 +5.1409e-02 +3.1883e-02 -1.9309e-04 +9.1396e-03 +3.6033e-02 -1.1574e-01 -1.8095e-01 -5.3025e-02 +1.1872e-02
93 0 +9.102558518e+01 +1.385355852e+02 +1.385355852e+02 -9.6016e-02 +3.5130e-02 -2.6902e-02 +1.6052e-01 +4.7598e-01 +8.4528e-02 +1.3207e-01 -1.1396e-01 -2.1971e-02 -5.4210e-02 -6.4607e-02 +5.4345e-02 +2.9987e-02 +5.3160e-03 +1.2293e-02 +3.6900e-02 -1.0226e-01 -1.8779e-01 -4.0227e-02 +1.4486e-02
95 0 +8.851016973e+01 +1.360201697e+02 +1.360201697e+02 -9.4482e-02 +5.0853e-02 -2.4559e-02 +1.5950e-01 +5.2675e-01 +1.0295e-01 +1.3513e-01 -1.1705e-01 -3.6468e-02 -6.8422e-02 -6.3665e-02 +6.4314e-02 +2.5890e-02 +1.4957e-02 +1.2255e-02 +3.9173e-02 -9.4843e-02 -2.0843e-01 -1.1208e-02 +2.3857e-02
% f evaluations | g evaluations | best noise-free fitness - Fopt (5.534000000000e+01) + sum g_i+ | measured fitness | best measured fitness or single-digit g-values | x1 | x2...
1 0 +1.235000000e+02 +1.788400000e+02 +1.788400000e+02 +0.0000e+00 +0.0000e+00 +0.0000e+00 +0.0000e+00 +0.0000e+00 +0.0000e+00 +0.0000e+00 +0.0000e+00 +0.0000e+00 +0.0000e+00 +0.0000e+00 +0.0000e+00 +0.0000e+00 +0.0000e+00 +0.0000e+00 +0.0000e+00 +0.0000e+00 +0.0000e+00 +0.0000e+00 +0.0000e+00
3 0 +1.231871923e+02 +1.785271923e+02 +1.785271923e+02 +1.0000e-01 +0.0000e+00 +0.0000e+00 +0.0000e+00 +0.0000e+00 +0.0000e+00 +0.0000e+00 +0.0000e+00 +0.0000e+00 +0.0000e+00 +0.0000e+00 +0.0000e+00 +0.0000e+00 +0.0000e+00 +0.0000e+00 +0.0000e+00 +0.0000e+00 +0.0000e+00 +0.0000e+00 +0.0000e+00
8 0 +1.212053793e+02 +1.765453793e+02 +1.765453793e+02 +0.0000e+00 +0.0000e+00 +0.0000e+00 +0.0000e+00 +0.0000e+00 +1.0000e-01 +0.0000e+00 +0.0000e+00 +0.0000e+00 +0.0000e+00 +0.0000e+00 +0.0000e+00 +0.0000e+00 +0.0000e+00 +0.0000e+00 +0.0000e+00 +0.0000e+00 +0.0000e+00 +0.0000e+00 +0.0000e+00
23 0 +1.175701039e+02 +1.729101039e+02 +1.729101039e+02 +2.8737e-03 -2.2288e-02 -3.1409e-02 -1.5602e-02 -1.8395e-02 +1.2108e-01 -2.6357e-02 +3.6509e-03 +1.1921e-02 -9.6482e-03 -2.5097e-02 -3.6535e-02 -1.7957e-02 -3.2617e-03 -3.3115e-02 -2.3048e-02 -1.7546e-02 -4.1641e-02 -1.4044e-02 -1.9349e-02
24 0 +1.132621214e+02 +1.686021214e+02 +1.686021214e+02 +3.4965e-02 -2.3888e-02 -4.5224e-02 -8.2502e-03 -1.4784e-02 +1.7755e-01 -3.3407e-02 +3.6783e-02 +5.6127e-02 +5.6763e-03 -3.0459e-02 -5.7213e-02 -1.3758e-02 +2.0615e-02 -4.9213e-02 -2.5667e-02 -1.2796e-02 -6.9157e-02 -4.6055e-03 -1.7013e-02
33 0 +1.121759311e+02 +1.675159311e+02 +1.675159311e+02 +3.7628e-02 -2.2672e-02 -5.6621e-02 -1.1918e-02 -1.9408e-02 +1.8645e-01 -3.1563e-02 +3.9712e-02 +6.1889e-02 +4.0486e-03 -2.7343e-02 -7.1381e-02 -1.8232e-02 +2.1175e-02 -2.1853e-02 -2.0690e-02 -1.7129e-02 -8.9839e-02 -7.7392e-03 -1.4470e-02
46 0 +1.085311917e+02 +1.638711917e+02 +1.638711917e+02 +4.3507e-02 -2.5178e-02 -7.0614e-02 +1.0938e-02 -1.2401e-02 +1.9613e-01 -2.5941e-02 +6.1041e-02 +8.7566e-02 +9.7857e-03 -1.1395e-02 -9.7013e-02 -2.8250e-02 +4.0547e-02 -2.8633e-02 -1.6476e-02 -5.4768e-03 -1.0913e-01 -8.0675e-03 +1.7103e-02
47 0 +1.068485185e+02 +1.621885185e+02 +1.621885185e+02 +4.7363e-02 -2.5809e-02 -7.5833e-02 +1.8487e-02 -1.4482e-02 +1.9534e-01 -1.9463e-02 +7.3373e-02 +1.0094e-01 +5.5209e-03 +1.7535e-03 -1.0839e-01 -4.0134e-02 +4.3422e-02 -2.8245e-02 -1.2185e-02 -1.8487e-03 -1.2113e-01 -7.5258e-03 +3.8938e-02
50 0 +1.045067140e+02 +1.598467140e+02 +1.598467140e+02 +6.5648e-02 +2.5765e-02 -9.4700e-02 +6.1947e-02 -1.3927e-02 +1.7872e-01 +1.5172e-02 +1.3017e-01 +1.6434e-01 -7.8421e-03 +6.6943e-02 -1.4151e-01 -8.4724e-02 +5.9948e-02 -2.1354e-02 +1.2337e-02 +2.4501e-02 -1.9947e-01 +3.1100e-03 +9.6284e-02
61 0 +1.022208744e+02 +1.575608744e+02 +1.575608744e+02 +7.4373e-02 +1.5909e-02 -8.6780e-02 +6.0158e-02 -3.9110e-02 +1.9248e-01 +6.1659e-04 +1.4214e-01 +1.7690e-01 +4.2059e-03 +6.7870e-02 -1.5136e-01 -7.2820e-02 +6.6717e-02 -1.4860e-02 +1.5003e-02 +3.0105e-02 -2.0345e-01 -1.1320e-04 +9.7772e-02
69 0 +9.963706716e+01 +1.549770672e+02 +1.549770672e+02 +8.7694e-02 +2.1790e-02 -7.8697e-02 +6.6530e-02 -5.7436e-02 +2.0547e-01 +1.1461e-03 +1.2620e-01 +1.8601e-01 -9.1674e-04 +6.8208e-02 -1.8776e-01 -7.5382e-02 +8.5510e-02 -1.5840e-02 +2.2247e-02 +3.4062e-02 -1.9542e-01 -1.3062e-02 +9.3601e-02
70 0 +9.764589185e+01 +1.529858918e+02 +1.529858918e+02 +9.6792e-02 +2.1658e-02 -7.3774e-02 +7.0357e-02 -7.9643e-02 +2.2654e-01 -2.3749e-03 +1.2785e-01 +1.9301e-01 -3.7113e-03 +6.4061e-02 -1.9311e-01 -7.9403e-02 +9.2452e-02 -2.1624e-02 +2.6833e-02 +3.5728e-02 -2.0813e-01 -2.3713e-02 +8.8418e-02
77 0 +9.544436981e+01 +1.507843698e+02 +1.507843698e+02 +1.2152e-01 +3.3004e-02 -5.8897e-02 +8.2154e-02 -1.1933e-01 +2.3316e-01 +5.8780e-03 +1.3020e-01 +2.2136e-01 -2.3514e-03 +7.0389e-02 -2.0039e-01 -6.8002e-02 +1.2484e-01 -1.0896e-02 +2.3760e-02 +4.9646e-02 -2.2156e-01 -3.9239e-02 +9.6086e-02
92 0 +9.205414840e+01 +1.473941484e+02 +1.473941484e+02 +1.4914e-01 +3.5190e-02 -7.2486e-02 +1.1271e-01 -1.4034e-01 +2.6572e-01 +9.7014e-03 +1.6242e-01 +2.3635e-01 -2.9263e-02 +4.3492e-02 -2.1392e-01 -8.9706e-02 +1.3153e-01 -2.8023e-02 +2.5352e-02 +5.6781e-02 -2.3997e-01 -3.9068e-02 +9.2634e-02
93 0 +9.045303864e+01 +1.457930386e+02 +1.457930386e+02 +1.6509e-01 +4.0377e-02 -6.8132e-02 +1.2529e-01 -1.5478e-01 +2.7765e-01 +4.5022e-03 +1.7374e-01 +2.4856e-01 -4.2427e-02 +4.2388e-02 -2.1776e-01 -9.8097e-02 +1.4316e-01 -2.2990e-02 +3.0220e-02 +5.9213e-02 -2.4289e-01 -4.3924e-02 +9.0606e-02
94 0 +8.800142115e+01 +1.433414211e+02 +1.433414211e+02 +2.1750e-01 +5.9672e-02 -7.1636e-02 +1.3946e-01 -1.9877e-01 +3.3955e-01 -1.0598e-02 +2.2451e-01 +2.8410e-01 -6.8834e-02 +1.4142e-02 -2.3552e-01 -1.2995e-01 +1.6455e-01 -2.0844e-02 +4.6450e-02 +1.2802e-01 -2.8831e-01 -8.9543e-02 +8.9244e-02
95 0 +8.587108020e+01 +1.412110802e+02 +1.412110802e+02 +2.4900e-01 +3.8348e-02 -1.0430e-01 +2.0373e-01 -2.4726e-01 +3.7422e-01 -3.2674e-02 +2.8115e-01 +3.2186e-01 -1.1269e-01 +4.9523e-02 -2.3496e-01 -6.9190e-02 +1.7308e-01 -3.9278e-02 +3.0357e-02 +9.2426e-02 -2.7630e-01 -5.5882e-02 +1.0327e-01
97 0 +8.509631856e+01 +1.404363186e+02 +1.404363186e+02 +2.5441e-01 +3.8354e-02 -1.0235e-01 +2.2008e-01 -2.5255e-01 +3.6682e-01 -1.6589e-02 +2.6926e-01 +3.2405e-01 -1.0278e-01 +3.7499e-02 -2.2886e-01 -5.3500e-02 +1.8264e-01 -3.8356e-02 +3.4864e-02 +9.6924e-02 -2.8149e-01 -6.0217e-02 +1.0814e-01
% f evaluations | g evaluations | best noise-free fitness - Fopt (-9.033000000000e+01) + sum g_i+ | measured fitness | best measured fitness or single-digit g-values | x1 | x2...
1 0 +1.235000000e+02 +3.317000000e+01 +3.317000000e+01 +0.0000e+00 +0.0000e+00 +0.0000e+00 +0.0000e+00 +0.0000e+00 +0.0000e+00 +0.0000e+00 +0.0000e+00 +0.0000e+00 +0.0000e+00 +0.0000e+00 +0.0000e+00 +0.0000e+00 +0.0000e+00 +0.0000e+00 +0.0000e+00 +0.0000e+00 +0.0000e+00 +0.0000e+00 +0.0000e+00
9 0 +1.213770915e+02 +3.104709149e+01 +3.104709149e+01 +0.0000e+00 +0.0000e+00 +0.0000e+00 +0.0000e+00 +0.0000e+00 +0.0000e+00 +1.0000e-01 +0.0000e+00 +0.0000e+00 +0.0000e+00 +0.0000e+00 +0.0000e+00 +0.0000e+00 +0.0000e+00 +0.0000e+00 +0.0000e+00 +0.0000e+00 +0.0000e+00 +0.0000e+00 +0.0000e+00
23 0 +1.174226921e+02 +2.709269208e+01 +2.709269208e+01 -2.5518e-02 -1.0519e-02 -7.8647e-03 -1.2397e-02 -1.4972e-02 -2.6939e-02 +1.2393e-01 -1.4709e-02 +1.0132e-03 -1.2424e-02 -1.7686e-02 +1.1811e-02 -1.7665e-02 -3.9338e-02 +2.0437e-03 -3.4908e-02 +4.5326e-03 -4.6454e-02 -3.6417e-02 -9.4489e-03
24 0 +1.131680099e+02 +2.283800992e+01 +2.283800992e+01 -3.2933e-02 +6.1850e-04 +6.5559e-03 -3.5821e-03 -9.3433e-03 -3.6111e-02 +1.7767e-01 -8.7541e-03 +2.6415e-02 -3.6419e-03 -1.5413e-02 +5.0569e-02 -1.5367e-02 -6.3846e-02 +2.8720e-02 -5.3938e-02 +3.4287e-02 -7.9763e-02 -5.7313e-02 +3.0121e-03
25 0 +1.119712313e+02 +2.164123129e+01 +2.164123129e+01 -5.4128e-02 -4.6151e-04 +9.0356e-03 -7.1804e-03 -1.6396e-02 -5.9212e-02 +2.2278e-01 -1.5453e-02 +4.0800e-02 -7.2761e-03 -2.6105e-02 +7.9435e-02 -2.6030e-02 -1.0357e-01 +4.4487e-02 -8.7725e-02 +5.3392e-02 -4.8623e-02 -9.3124e-02 +3.3671e-03
42 0 +1.096250228e+02 +1.929502280e+01 +1.929502280e+01 -3.8183e-02 -4.9344e-03 +1.5587e-02 -1.1300e-02 -1.3270e-02 -6.7199e-02 +2.3798e-01 -6.8023e-03 +4.7529e-02 -2.6046e-03 -3.2460e-02 +8.1110e-02 -1.7089e-02 -1.3382e-01 +5.3461e-02 -1.0214e-01 +5.1873e-02 -6.4886e-02 -5.7077e-02 +1.2457e-03
46 0 +1.062097653e+02 +1.587976533e+01 +1.587976533e+01 -1.2429e-02 -2.6429e-02 +2.2885e-02 -2.1732e-02 -2.2200e-02 -7.5282e-02 +2.4253e-01 +9.5794e-03 +5.6626e-02 +7.2624e-03 -3.3912e-02 +8.2953e-02 -1.2116e-02 -1.2943e-01 +6.4716e-02 -1.2021e-01 +6.8164e-02 -7.7025e-02 -6.0540e-02 -1.6807e-03
48 0 +1.039038950e+02 +1.357389497e+01 +1.357389497e+01 +2.9650e-02 -4.2659e-02 +4.2399e-02 -2.5055e-02 -3.2339e-02 -7.8191e-02 +2.2606e-01 +3.3501e-02 +5.7073e-02 +1.7062e-02 -3.2567e-02 +7.5202e-02 -2.1020e-03 -1.3043e-01 +6.9284e-02 -1.3255e-01 +6.4135e-02 -9.1587e-02 -5.2390e-02 -6.0797e-03
54 0 +1.021455517e+02 +1.181555171e+01 +1.181555171e+01 +3.5331e-02 -7.6610e-02 +3.8923e-02 -4.4039e-02 -2.6249e-02 -7.9343e-02 +2.3933e-01 +3.6622e-02 +6.9573e-02 +3.2876e-02 -3.9647e-02 +8.2573e-02 +3.0184e-02 -1.3999e-01 +8.1926e-02 -1.4490e-01 +7.1289e-02 -8.9136e-02 -3.5700e-02 -8.5840e-03
67 0 +9.992532724e+01 +9.595327245e+00 +9.595327245e+00 +4.9220e-02 -8.9067e-02 +2.7718e-02 -5.1513e-02 -3.7447e-02 -9.3175e-02 +2.4701e-01 +5.0240e-02 +8.0578e-02 +4.0041e-02 -3.7070e-02 +8.4075e-02 +2.3959e-02 -1.4523e-01 +8.0011e-02 -1.5257e-01 +8.5431e-02 -1.1325e-01 -3.1634e-02 -1.3363e-02
69 0 +9.633668029e+01 +6.006680287e+00 +6.006680287e+00 +4.4779e-02 -9.9635e-02 +1.8508e-02 -7.6359e-02 -3.9753e-02 -1.2120e-01 +2.8204e-01 +5.9009e-02 +9.8746e-02 +4.5815e-02 -2.6907e-02 +1.0305e-01 +1.7065e-02 -1.7246e-01 +8.0990e-02 -1.6167e-01 +1.0479e-01 -1.2929e-01 -3.9192e-02 -2.5959e-02
70 0 +9.237655004e+01 +2.046550044e+00 +2.046550044e+00 +7.2175e-02 -1.0998e-01 +3.0503e-02 -9.9568e-02 -4.5666e-02 -1.5348e-01 +2.9451e-01 +8.9492e-02 +1.1757e-01 +5.9019e-02 -8.2077e-03 +1.0447e-01 +1.8644e-02 -2.2213e-01 +9.1436e-02 -1.7273e-01 +1.2920e-01 -1.5019e-01 -3.4722e-02 -4.2946e-02
71 0 +9.094921137e+01 +6.192113727e-01 +6.192113727e-01 +7.7669e-02 -1.1430e-01 +3.0098e-02 -1.0847e-01 -4.7463e-02 -1.6693e-01 +3.0357e-01 +9.9022e-02 +1.2434e-01 +6.3451e-02 -1.6551e-02 +1.1033e-01 +9.9875e-03 -2.2302e-01 +9.0360e-02 -1.8062e-01 +1.3495e-01 -1.5804e-01 -3.0783e-02 -4.7854e-02
% f evaluations | g evaluations | best noise-free fitness - Fopt (6.561000000000e+01) + sum g_i+ | measured fitness | best measured fitness or single-digit g-values | x1 | x2...
1 0 +1.235000000e+02 +1.891100000e+02 +1.891100000e+02 +0.0000e+00 +0.0000e+00 +0.0000e+00 +0.0000e+00 +0.0000e+00 +0.0000e+00 +0.0000e+00 +0.0000e+00 +0.0000e+00 +0.0000e+00 +0.0000e+00 +0.0000e+00 +0.0000e+00 +0.0000e+00 +0.0000e+00 +0.0000e+00 +0.0000e+00 +0.0000e+00 +0.0000e+00 +0.0000e+00
3 0 +1.210100978e+02 +1.866200978e+02 +1.866200978e+02 +1.0000e-01 +0.0000e+00 +0.0000e+00 +0.0000e+00 +0.0000e+00 +0.0000e+00 +0.0000e+00 +0.0000e+00 +0.0000e+00 +0.0000e+00 +0.0000e+00 +0.0000e+00 +0.0000e+00 +0.0000e+00 +0.0000e+00 +0.0000e+00 +0.0000e+00 +0.0000e+00 +0.0000e+00 +0.0000e+00
23 0 +1.190164026e+02 +1.846264026e+02 +1.846264026e+02 +1.3049e-01 -3.2021e-02 +3.9526e-03 +2.4676e-03 -2.9498e-02 +3.6403e-03 -1.7732e-02 +2.7918e-03 +1.6510e-02 -1.6672e-02 -5.7864e-02 +1.7945e-02 -1.9004e-02 -2.8581e-02 -6.1863e-03 -1.6248e-02 -3.0631e-02 -1.6584e-03 -1.3097e-02 -2.0472e-03
25 0 +1.160989731e+02 +1.817089731e+02 +1.817089731e+02 +1.5010e-01 -2.7752e-02 +1.7052e-02 +1.5202e-02 -2.4610e-02 +1.6663e-02 -9.9555e-03 +1.5606e-02 +3.2691e-02 -8.6359e-03 -6.8423e-02 +3.4478e-02 -1.1540e-02 -2.3468e-02 +4.4240e-03 -8.1077e-03 -2.6020e-02 +1.0063e-02 -4.1828e-03 +9.5790e-03
32 0 +1.147631922e+02 +1.803731922e+02 +1.803731922e+02 +1.7677e-01 +7.7816e-03 +2.6570e-02 +2.3760e-02 -1.7952e-02 +2.5979e-02 -2.9811e-03 +2.4373e-02 +5.0326e-02 -2.4448e-03 -9.6229e-02 +5.3040e-02 -8.8151e-03 -2.4959e-02 +7.3884e-03 -1.1647e-02 -2.4297e-02 +1.5954e-02 -5.6852e-03 +1.5219e-02
42 0 +1.112965128e+02 +1.769065128e+02 +1.769065128e+02 +2.1742e-01 +1.5489e-03 +1.8633e-02 +3.7068e-02 -2.3023e-02 +1.7768e-02 +1.6326e-02 +5.8334e-02 +5.3413e-02 +8.0832e-03 -9.0876e-02 +5.7387e-02 +5.9608e-03 -1.6785e-02 +3.1982e-02 +1.4030e-02 -4.2774e-02 +7.9152e-03 -2.0548e-02 +5.2086e-02
45 0 +1.093110803e+02 +1.749210803e+02 +1.749210803e+02 +2.2228e-01 -3.8912e-03 +4.3357e-02 +4.7910e-02 -2.7531e-02 +6.1663e-02 +2.6443e-02 +7.4890e-02 +5.6310e-02 +1.3568e-02 -9.7984e-02 +3.2691e-02 +1.3469e-02 -1.4003e-02 +4.2313e-02 +2.0557e-02 -5.4686e-02 +6.0109e-03 -2.7384e-02 +6.8558e-02
47 0 +1.071395935e+02 +1.727495935e+02 +1.727495935e+02 +2.1956e-01 -8.9714e-03 +3.3362e-02 +5.2947e-02 -3.2021e-02 +7.0340e-02 +3.3223e-02 +8.5706e-02 +7.8698e-02 +1.6432e-02 -1.0511e-01 +3.8171e-02 +1.8179e-02 -1.2516e-02 +4.8434e-02 +2.4255e-02 -6.5232e-02 +1.6629e-03 -3.4991e-02 +7.9471e-02
52 0 +1.042267558e+02 +1.698367558e+02 +1.698367558e+02 +2.2432e-01 -1.6604e-02 +1.6735e-02 +6.3802e-02 -2.9136e-02 +8.7166e-02 +3.5864e-02 +1.0654e-01 +1.1096e-01 +2.7699e-02 -1.0766e-01 +4.0422e-02 +1.7815e-02 -2.2827e-02 +6.4193e-02 +3.6959e-02 -7.2760e-02 +1.5872e-02 -4.2901e-02 +1.0361e-01
61 0 +1.021245114e+02 +1.677345114e+02 +1.677345114e+02 +2.3344e-01 -1.7618e-02 +1.0436e-02 +7.1385e-02 -3.2685e-02 +1.0424e-01 +4.6743e-02 +1.2640e-01 +1.3920e-01 +1.0462e-02 -1.0055e-01 +4.7738e-02 +2.4895e-02 -1.8898e-02 +6.6590e-02 +3.0789e-02 -8.8442e-02 +1.6220e-02 -4.0072e-02 +1.0645e-01
68 0 +9.973611148e+01 +1.653461115e+02 +1.653461115e+02 +2.4168e-01 -2.1120e-02 -3.8418e-04 +7.4282e-02 -3.4413e-02 +1.1729e-01 +5.4461e-02 +1.3969e-01 +1.7322e-01 +9.2177e-03 -1.1197e-01 +4.9305e-02 +2.7825e-02 -1.9427e-02 +7.8346e-02 +3.0852e-02 -1.0138e-01 +2.1080e-02 -4.9340e-02 +1.1999e-01
71 0 +9.718837145e+01 +1.627983714e+02 +1.627983714e+02 +2.5516e-01 -2.6829e-02 -1.7567e-02 +7.6581e-02 -4.3414e-02 +1.2579e-01 +5.3582e-02 +1.5142e-01 +1.9780e-01 +1.2646e-03 -1.2461e-01 +5.3631e-02 +5.1704e-02 -2.1539e-02 +8.4199e-02 +2.3943e-02 -1.1940e-01 +2.5405e-02 -6.0146e-02 +1.2649e-01
73 0 +9.425822826e+01 +1.598682283e+02 +1.598682283e+02 +2.7124e-01 -2.9604e-02 -4.4110e-02 +7.8455e-02 -5.2012e-02 +1.3886e-01 +7.6246e-02 +1.6959e-01 +2.3306e-01 -7.3645e-03 -1.4410e-01 +5.7113e-02 +6.7196e-02 -2.3435e-02 +9.2924e-02 +1.6823e-02 -1.4151e-01 +6.4987e-03 -7.5551e-02 +1.3544e-01
74 0 +9.260350553e+01 +1.582135055e+02 +1.582135055e+02 +2.7799e-01 -2.9885e-02 -6.0322e-02 +8.0632e-02 -5.4592e-02 +1.4539e-01 +8.0101e-02 +1.7806e-01 +2.5753e-01 -1.0981e-02 -1.4566e-01 +5.6543e-02 +7.9516e-02 -2.0596e-02 +9.9059e-02 +1.3888e-02 -1.5032e-01 +2.0533e-02 -8.0224e-02 +1.4125e-01
75 0 +8.929509124e+01 +1.549050912e+02 +1.549050912e+02 +3.2231e-01 -6.8685e-02 -4.3780e-02 +1.0058e-01 -9.9951e-02 +1.6984e-01 +8.3839e-02 +2.0961e-01 +3.2258e-01 -4.5724e-02 -1.7396e-01 +6.0480e-02 +1.1501e-01 -6.5971e-02 +1.1093e-01 -1.8036e-02 -2.1821e-01 +5.4172e-02 -1.1325e-01 +1.5640e-01
77 0 +8.866882704e+01 +1.542788270e+02 +1.542788270e+02 +3.1781e-01 -6.9006e-02 -4.5586e-02 +1.1442e-01 -9.2716e-02 +1.6710e-01 +8.4205e-02 +2.0676e-01 +3.1938e-01 -7.3818e-02 -1.8110e-01 +5.8115e-02 +1.1470e-01 -6.5056e-02 +1.1259e-01 -1.5743e-02 -2.1035e-01 +5.4465e-02 -1.1055e-01 +1.6839e-01
91 0 +8.702534842e+01 +1.526353484e+02 +1.526353484e+02 +3.3548e-01 -6.4639e-02 -5.5868e-02 +1.0115e-01 -1.0186e-01 +1.7161e-01 +8.5692e-02 +2.1240e-01 +3.2039e-01 -9.2382e-02 -1.8659e-01 +4.9243e-02 +1.1994e-01 -5.2097e-02 +1.2255e-01 -1.1431e-02 -2.0552e-01 +5.7086e-02 -1.1832e-01 +1.6351e-01
99 0 +8.506536883e+01 +1.506753688e+02 +1.506753688e+02 +3.4754e-01 -6.6548e-02 -7.1360e-02 +9.4787e-02 -1.0574e-01 +1.7658e-01 +9.1920e-02 +2.1759e-01 +3.3599e-01 -1.0190e-01 -1.8312e-01 +4.7277e-02 +1.2430e-01 -3.4845e-02 +1.4259e-01 -4.8048e-03 -2.0894e-01 +5.5815e-02 -1.1788e-01 +1.6917e-01
% f evaluations | g evaluations | best noise-free fitness - Fopt (-1.304400000000e+02) + sum g_i+ | measured fitness | best measured fitness or single-digit g-values | x1 | x2...
1 0 +1.235000000e+02 -6.940000000e+00 -6.940000000e+00 +0.0000e+00 +0.0000e+00 +0.0000e+00 +0.0000e+00 +0.0000e+00 +0.0000e+00 +0.0000e+00 +0.0000e+00 +0.0000e+00 +0.0000e+00 +0.0000e+00 +0.0000e+00 +0.0000e+00 +0.0000e+00 +0.0000e+00 +0.0000e+00 +0.0000e+00 +0.0000e+00 +0.0000e+00 +0.0000e+00
10 0 +1.233295904e+02 -7.110409629e+00 -7.110409629e+00 +0.0000e+00 +0.0000e+00 +0.0000e+00 +0.0000e+00 +0.0000e+00 +0.0000e+00 +0.0000e+00 +1.0000e-01 +0.0000e+00 +0.0000e+00 +0.0000e+00 +0.0000e+00 +0.0000e+00 +0.0000e+00 +0.0000e+00 +0.0000e+00 +0.0000e+00 +0.0000e+00 +0.0000e+00 +0.0000e+00
14 0 +1.225284561e+02 -7.911543862e+00 -7.911543862e+00 +0.0000e+00 +0.0000e+00 +0.0000e+00 +0.0000e+00 +0.0000e+00 +0.0000e+00 +0.0000e+00 +0.0000e+00 +0.0000e+00 +0.0000e+00 +0.0000e+00 +1.0000e-01 +0.0000e+00 +0.0000e+00 +0.0000e+00 +0.0000e+00 +0.0000e+00 +0.0000e+00 +0.0000e+00 +0.0000e+00
% f evaluations | g evaluations | best noise-free fitness - Fopt (4.949800000000e+02) + sum g_i+ | measured fitness | best measured fitness or single-digit g-values | x1 | x2...
1 0 +1.235000000e+02 +6.184800000e+02 +6.184800000e+02 +0.0000e+00 +0.0000e+00 +0.0000e+00 +0.0000e+00 +0.0000e+00 +0.0000e+00 +0.0000e+00 +0.0000e+00 +0.0000e+00 +0.0000e+00 +0.0000e+00 +0.0000e+00 +0.0000e+00 +0.0000e+00 +0.0000e+00 +0.0000e+00 +0.0000e+00 +0.0000e+00 +0.0000e+00 +0.0000e+00
7 0 +1.224667893e+02 +6.174467893e+02 +6.174467893e+02 +0.0000e+00 +0.0000e+00 +0.0000e+00 +0.0000e+00 +1.0000e-01 +0.0000e+00 +0.0000e+00 +0.0000e+00 +0.0000e+00 +0.0000e+00 +0.0000e+00 +0.0000e+00 +0.0000e+00 +0.0000e+00 +0.0000e+00 +0.0000e+00 +0.0000e+00 +0.0000e+00 +0.0000e+00 +0.0000e+00
23 0 +1.180858765e+02 +6.130658765e+02 +6.130658765e+02 -3.6703e-02 -1.6207e-02 -1.1627e-02 -1.0663e-02 +1.1156e-02 -1.7563e-03 +1.2042e-01 -1.5414e-02 -2.4789e-02 -1.3061e-02 -2.3424e-02 -3.2424e-02 -4.0305e-02 -1.0035e-02 -9.1129e-03 -4.5101e-02 -2.7385e-02 -7.5157e-03 +1.1270e-02 -1.4091e-02
24 0 +1.154205198e+02 +6.104005198e+02 +6.104005198e+02 -5.6604e-02 -1.0337e-02 +2.8057e-06 +2.1788e-03 +5.1433e-02 +2.2284e-02 +1.7233e-01 -8.5457e-03 -2.9708e-02 -3.2341e-03 -2.6628e-02 -4.6944e-02 -6.4735e-02 +3.5966e-03 +5.6775e-03 -7.5560e-02 -3.5569e-02 +9.2829e-03 +5.1688e-02 -5.5606e-03
27 0 +1.147486527e+02 +6.097286527e+02 +6.097286527e+02 -4.0463e-02 -1.0153e-02 +1.8626e-04 +2.3623e-03 +5.1616e-02 +2.2467e-02 +1.7252e-01 -8.3622e-03 -2.9525e-02 -3.0507e-03 -2.6445e-02 -6.6020e-02 -6.4735e-02 +3.7801e-03 +5.8610e-03 -7.5560e-02 -3.5386e-02 +9.4664e-03 +5.1872e-02 -5.3771e-03
44 0 +1.117532415e+02 +6.067332415e+02 +6.067332415e+02 -1.9339e-02 +6.3411e-03 +3.3858e-03 +5.5537e-03 +5.4530e-02 +2.0135e-02 +1.7472e-01 -1.0561e-02 -2.2645e-02 -1.4294e-04 -1.5997e-02 -7.1295e-02 -8.9438e-02 +8.4853e-03 +6.5106e-03 -1.1893e-01 -1.6667e-02 +1.1020e-02 +5.0596e-02 -1.7412e-03
46 0 +1.093890181e+02 +6.043690181e+02 +6.043690181e+02 -6.0720e-03 +2.2998e-02 +9.4105e-04 +5.2111e-03 +6.0335e-02 +9.3009e-03 +1.5433e-01 -2.4708e-02 -1.2844e-02 -3.5881e-03 -7.9011e-04 -8.4337e-02 -1.0308e-01 +1.1929e-02 +3.0330e-03 -1.3883e-01 -1.6791e-02 +9.9459e-03 +5.2045e-02 -4.1780e-03
48 0 +1.068491979e+02 +6.018291979e+02 +6.018291979e+02 -7.3549e-03 +3.6870e-02 +3.7978e-03 +1.1267e-02 +8.2012e-02 +3.9116e-03 +1.4315e-01 -2.0680e-02 -2.1333e-04 -2.5755e-03 +1.9911e-02 -9.1120e-02 -1.4246e-01 +2.3382e-02 +5.3027e-03 -1.6710e-01 -1.9017e-02 +1.6038e-02 +6.7787e-02 -2.4964e-03
67 0 +1.043358137e+02 +5.993158137e+02 +5.993158137e+02 +1.6716e-02 +6.0554e-02 +5.5813e-03 +9.7693e-03 +9.8095e-02 -5.6499e-03 +1.3525e-01 -4.6238e-02 -1.1567e-02 -1.3173e-04 +3.1874e-02 -1.0535e-01 -1.5716e-01 +2.5463e-02 -2.3918e-03 -2.0916e-01 -2.5445e-02 +2.9249e-02 +8.9593e-02 +5.2036e-03
69 0 +1.010123690e+02 +5.959923690e+02 +5.959923690e+02 +2.3268e-02 +6.9166e-02 +9.0959e-03 +1.3892e-02 +1.1675e-01 -1.3260e-02 +1.6078e-01 -4.7169e-02 -1.2603e-02 +1.3810e-02 +3.0949e-02 -1.2020e-01 -1.6968e-01 +1.0442e-02 -1.8522e-02 -2.4566e-01 -5.7685e-02 +5.2125e-02 +1.0020e-01 +4.7556e-03
70 0 +9.555265241e+01 +5.905326524e+02 +5.905326524e+02 +3.6296e-02 +1.0761e-01 +1.3879e-02 +1.9193e-02 +1.4896e-01 -3.1719e-02 +2.0836e-01 -8.2714e-02 -1.2975e-02 +4.4636e-02 +2.8387e-02 -1.2866e-01 -1.9213e-01 -3.1960e-02 -6.1877e-02 -3.2342e-01 -1.2906e-01 +1.0199e-01 +1.1232e-01 +1.4803e-03
71 0 +9.379248714e+01 +5.887724871e+02 +5.887724871e+02 -1.4911e-02 +1.3876e-01 +3.5965e-02 +4.4745e-02 +1.8808e-01 -4.4210e-02 +1.9076e-01 -4.1430e-02 +3.7842e-02 +7.8759e-02 +9.3591e-02 -1.6773e-01 -2.3170e-01 -2.4189e-02 -6.6959e-02 -3.6106e-01 -1.4733e-01 +1.4733e-01 +1.5545e-01 +1.9443e-02
73 0 +9.281775046e+01 +5.877977505e+02 +5.877977505e+02 -1.0571e-02 +1.5179e-01 +3.6492e-02 +4.0512e-02 +1.9471e-01 -4.4103e-02 +1.8813e-01 -4.8522e-02 +1.1166e-02 +7.8629e-02 +1.0053e-01 -1.7514e-01 -2.3512e-01 -1.1317e-02 -6.4523e-02 -3.6166e-01 -1.3851e-01 +1.5083e-01 +1.6076e-01 +2.2050e-02
90 0 +9.114569874e+01 +5.861256987e+02 +5.861256987e+02 -9.0640e-03 +1.4610e-01 +3.7528e-02 +5.2725e-02 +1.9476e-01 -6.3585e-02 +1.9480e-01 -6.4629e-02 -2.0797e-03 +7.5729e-02 +1.1227e-01 -1.7639e-01 -2.4719e-01 -1.7160e-02 -6.7576e-02 -3.7619e-01 -1.3305e-01 +1.6461e-01 +1.5241e-01 +2.5790e-02
97 0 +8.894819759e+01 +5.839281976e+02 +5.839281976e+02 +6.9095e-03 +1.4004e-01 +4.4680e-02 +6.7451e-02 +1.9465e-01 -7.6752e-02 +1.8994e-01 -6.9699e-02 -1.7262e-02 +6.4522e-02 +1.1468e-01 -1.5479e-01 -2.4967e-01 -1.9403e-02 -7.0692e-02 -3.8434e-01 -1.3748e-01 +1.8578e-01 +1.5597e-01 +2.6595e-02
% f evaluations | g evaluations | best noise-free fitness - Fopt (4.685000000000e+01) + sum g_i+ | measured fitness | best measured fitness or single-digit g-values | x1 | x2...
1 0 +1.235000000e+02 +1.703500000e+02 +1.703500000e+02 +0.0000e+00 +0.0000e+00 +0.0000e+00 +0.0000e+00 +0.0000e+00 +0.0000e+00 +0.0000e+00 +0.0000e+00 +0.0000e+00 +0.0000e+00 +0.0000e+00 +0.0000e+00 +0.0000e+00 +0.0000e+00 +0.0000e+00 +0.0000e+00 +0.0000e+00 +0.0000e+00 +0.0000e+00 +0.0000e+00
3 0 +1.213939312e+02 +1.682439312e+02 +1.682439312e+02 +1.0000e-01 +0.0000e+00 +0.0000e+00 +0.0000e+00 +0.0000e+00 +0.0000e+00 +0.0000e+00 +0.0000e+00 +0.0000e+00 +0.0000e+00 +0.0000e+00 +0.0000e+00 +0.0000e+00 +0.0000e+00 +0.0000e+00 +0.0000e+00 +0.0000e+00 +0.0000e+00 +0.0000e+00 +0.0000e+00
23 0 +1.178988190e+02 +1.647488190e+02 +1.647488190e+02 +1.2098e-01 -2.5437e-02 -2.3850e-02 -2.1652e-02 +1.8367e-03 -3.2655e-02 -2.0695e-02 +1.0728e-02 -3.1272e-02 -6.9357e-03 -1.5025e-02 -1.1529e-02 -1.6383e-02 -3.3751e-02 +5.6734e-03 -2.7654e-02 -4.6716e-02 -2.1516e-02 -1.1041e-03 -5.1315e-03
24 0 +1.148051744e+02 +1.616551744e+02 +1.616551744e+02 +1.7470e-01 -3.0308e-02 -2.6719e-02 -2.1744e-02 +3.1395e-02 -4.6638e-02 -1.9581e-02 +5.1511e-02 -4.3510e-02 +1.1548e-02 -6.7536e-03 +1.1577e-03 -9.8246e-03 -4.9119e-02 +4.0075e-02 -3.5325e-02 -7.8450e-02 -2.1438e-02 +2.4742e-02 +1.5630e-02
37 0 +1.117888510e+02 +1.586388510e+02 +1.586388510e+02 +1.9218e-01 -3.3947e-02 -2.9933e-02 -2.5574e-02 +3.4159e-02 -1.8484e-02 -3.2798e-02 +6.1109e-02 -5.0497e-02 +7.5703e-03 -2.6033e-03 -7.6227e-03 -2.0672e-02 -5.8843e-03 +4.5787e-02 -7.4929e-02 -1.3134e-01 -2.0498e-02 +2.5245e-02 +1.3039e-02
46 0 +1.089653111e+02 +1.558153111e+02 +1.558153111e+02 +1.7586e-01 -1.1697e-02 -8.9387e-03 -3.2700e-02 +3.5462e-02 -2.3550e-02 -2.6718e-02 +6.0085e-02 -6.6474e-02 +1.5981e-02 +1.1264e-02 +2.7200e-03 -3.6354e-02 +1.4518e-02 +3.8194e-02 -9.1938e-02 -1.5877e-01 -1.1532e-02 +3.3713e-02 +4.7840e-03
51 0 +1.069165336e+02 +1.537665336e+02 +1.537665336e+02 +1.7519e-01 -3.4531e-03 +1.2558e-02 -2.7478e-02 +5.1154e-02 -4.2901e-02 -2.6439e-02 +8.2045e-02 -9.8323e-02 +2.3776e-02 +5.1138e-02 +1.2622e-02 -3.5535e-02 +1.9584e-02 +3.5136e-02 -1.2827e-01 -1.8645e-01 -7.6536e-03 +5.2418e-02 -8.0983e-03
68 0 +1.045899164e+02 +1.514399164e+02 +1.514399164e+02 +1.8932e-01 +5.4680e-03 +1.9815e-02 -3.4840e-02 +5.7311e-02 -6.2166e-02 -2.7279e-02 +9.9843e-02 -1.0360e-01 +2.1477e-02 +4.3377e-02 +5.7009e-03 -6.0976e-02 +2.4627e-02 +3.5209e-02 -1.3348e-01 -1.9451e-01 +1.5064e-03 +6.4098e-02 -2.5657e-02
70 0 +1.021643941e+02 +1.490143941e+02 +1.490143941e+02 +2.1136e-01 +1.9848e-02 +7.1975e-03 -3.9423e-02 +5.1800e-02 -9.5295e-02 -3.5783e-02 +1.2562e-01 -1.0236e-01 +6.1781e-04 +2.8659e-02 -4.7391e-03 -8.2840e-02 +2.8595e-02 +2.6161e-02 -1.3472e-01 -2.0263e-01 +9.5129e-04 +8.0796e-02 -4.6423e-02
73 0 +9.937996029e+01 +1.462299603e+02 +1.462299603e+02 +2.5125e-01 +3.5621e-03 +3.5859e-02 -4.6939e-02 +3.9776e-02 -9.2456e-02 -6.4996e-02 +1.5476e-01 -1.0461e-01 +4.9898e-03 +2.5817e-02 -2.0366e-02 -1.0669e-01 +4.4851e-02 +2.8618e-02 -1.4211e-01 -2.3001e-01 +4.1689e-03 +8.7951e-02 -7.6018e-02
75 0 +9.754488539e+01 +1.443948854e+02 +1.443948854e+02 +2.6348e-01 +1.4038e-02 +4.5890e-02 -6.5073e-02 +7.1694e-02 -1.0403e-01 -7.5252e-02 +1.7352e-01 -1.0833e-01 -6.8179e-03 +2.2884e-02 -2.8532e-02 -1.2310e-01 +3.6960e-02 +2.5407e-02 -1.5217e-01 -2.4238e-01 +3.3630e-03 +6.8611e-02 -9.8438e-02
85 0 +9.542871429e+01 +1.422787143e+02 +1.422787143e+02 +2.7901e-01 +2.1126e-02 +6.0784e-02 -7.3710e-02 +7.6201e-02 -1.1199e-01 -9.0917e-02 +1.8134e-01 -1.0368e-01 -3.5432e-02 +1.8455e-02 -2.5809e-02 -1.3738e-01 +3.7651e-02 +2.5180e-02 -1.4858e-01 -2.5048e-01 +2.1486e-02 +8.7917e-02 -1.3529e-01
94 0 +9.329638406e+01 +1.401463841e+02 +1.401463841e+02 +2.7288e-01 +1.7961e-02 +5.8843e-02 -7.6500e-02 +7.9796e-02 -1.2235e-01 -9.4137e-02 +1.9258e-01 -1.1777e-01 -4.6381e-02 +3.0663e-02 -2.4624e-02 -1.5553e-01 +3.1328e-02 +1.7545e-02 -1.6561e-01 -2.5705e-01 +3.8354e-02 +9.5840e-02 -1.4710e-01
101 0 +9.046810513e+01 +1.373181051e+02 +1.373181051e+02 +2.7081e-01 +2.2830e-02 +7.1093e-02 -7.6727e-02 +8.9082e-02 -1.4917e-01 -1.0853e-01 +2.1687e-01 -1.4480e-01 -4.3424e-02 +3.1781e-02 -2.1020e-02 -1.6446e-01 +3.8941e-02 -1.8818e-03 -1.8348e-01 -2.7000e-01 +4.9496e-02 +1.1395e-01 -1.6931e-01
% f evaluations | g evaluations | best noise-free fitness - Fopt (1.046400000000e+02) + sum g_i+ | measured fitness | best measured fitness or single-digit g-values | x1 | x2...
1 0 +1.235000000e+02 +2.281400000e+02 +2.281400000e+02 +0.0000e+00 +0.0000e+00 +0.0000e+00 +0.0000e+00 +0.0000e+00 +0.0000e+00 +0.0000e+00 +0.0000e+00 +0.0000e+00 +0.0000e+00 +0.0000e+00 +0.0000e+00 +0.0000e+00 +0.0000e+00 +0.0000e+00 +0.0000e+00 +0.0000e+00 +0.0000e+00 +0.0000e+00 +0.0000e+00
10 0 +1.219651876e+02 +2.266051876e+02 +2.266051876e+02 +0.0000e+00 +0.0000e+00 +0.0000e+00 +0.0000e+00 +0.0000e+00 +0.0000e+00 +0.0000e+00 +1.0000e-01 +0.0000e+00 +0.0000e+00 +0.0000e+00 +0.0000e+00 +0.0000e+00 +0.0000e+00 +0.0000e+00 +0.0000e+00 +0.0000e+00 +0.0000e+00 +0.0000e+00 +0.0000e+00
23 0 +1.185922777e+02 +2.232322777e+02 +2.232322777e+02 -1.1618e-02 -4.5584e-02 -1.3036e-02 -2.7322e-02 -1.3952e-02 -1.6831e-03 -2.3663e-02 +1.1675e-01 -3.8366e-02 -4.3724e-02 -1.3883e-02 +5.0768e-03 -1.8336e-02 +1.6418e-02 -1.2376e-02 -4.7453e-03 +3.3101e-03 -2.0608e-02 -3.0718e-02 -8.3603e-03
24 0 +1.146449262e+02 +2.192849262e+02 +2.192849262e+02 +7.8265e-04 -7.3502e-02 -2.3183e-03 -3.3563e-02 -4.3218e-03 +2.2510e-02 -2.5561e-02 +1.6281e-01 -5.7716e-02 -6.9434e-02 -4.1706e-03 +3.7294e-02 -1.3910e-02 +6.2096e-02 -8.7531e-04 +1.5813e-02 +3.3430e-02 -1.8879e-02 -4.0989e-02 +7.9070e-03
44 0 +1.120413820e+02 +2.166813820e+02 +2.166813820e+02 +2.6252e-03 -1.1598e-01 -1.1947e-02 -2.3958e-02 -4.2670e-03 +3.4076e-02 -2.4974e-02 +1.7570e-01 -7.6518e-02 -4.2214e-02 +4.6518e-03 +3.9539e-02 -1.8099e-02 +7.6333e-02 +2.1371e-02 +2.6891e-02 +4.9729e-02 -3.3340e-02 -3.3979e-02 +2.0924e-02
46 0 +1.093699001e+02 +2.140099001e+02 +2.140099001e+02 +7.4827e-03 -1.1278e-01 -2.0378e-02 -2.5670e-02 -5.2549e-03 +3.3972e-02 -2.7935e-02 +1.7441e-01 -8.9311e-02 -5.1750e-02 +8.5362e-03 +4.5523e-02 -2.4173e-02 +1.0062e-01 +4.2566e-02 +4.5260e-02 +6.0386e-02 -4.2915e-02 -4.1176e-02 +2.5822e-02
48 0 +1.064525880e+02 +2.110925880e+02 +2.110925880e+02 +1.9894e-02 -1.1110e-01 -3.4217e-02 -1.6565e-02 -3.2886e-03 +3.3907e-02 -2.3743e-02 +1.6716e-01 -9.5741e-02 -4.8066e-02 +2.0418e-02 +5.3126e-02 -2.9778e-02 +1.3690e-01 +8.8863e-02 +5.5945e-02 +7.8792e-02 -5.4212e-02 -4.1096e-02 +3.6216e-02
59 0 +1.046655110e+02 +2.093055110e+02 +2.093055110e+02 +1.1441e-02 -1.2427e-01 -4.1679e-02 -2.1371e-02 -4.2955e-03 +3.7092e-02 -2.5745e-02 +1.7640e-01 -1.0921e-01 -4.4634e-02 +3.4083e-02 +6.8794e-02 -2.9463e-02 +1.3903e-01 +9.8512e-02 +8.6922e-02 +9.2085e-02 -5.7883e-02 -4.4043e-02 +6.9528e-02
69 0 +1.013296985e+02 +2.059696985e+02 +2.059696985e+02 +1.5716e-02 -1.4189e-01 -5.2675e-02 -4.7231e-02 -2.0380e-02 +3.8159e-02 -3.7496e-02 +1.8381e-01 -1.1330e-01 -4.3312e-02 +1.8927e-02 +9.4268e-02 -3.1518e-02 +1.6228e-01 +1.2042e-01 +1.3486e-01 +1.0046e-01 -4.0917e-02 -3.5752e-02 +6.3031e-02
71 0 +9.909319422e+01 +2.037331942e+02 +2.037331942e+02 +2.1391e-02 -1.3379e-01 -4.9525e-02 -5.7261e-02 -2.5400e-02 +3.8546e-02 -3.7258e-02 +1.8988e-01 -1.4303e-01 -2.9918e-02 +2.4636e-02 +1.1724e-01 -3.3797e-02 +1.8800e-01 +1.5345e-01 +1.5317e-01 +1.0417e-01 -3.9564e-02 -2.6660e-02 +6.1434e-02
73 0 +9.732132067e+01 +2.019613207e+02 +2.019613207e+02 +2.4824e-02 -1.4195e-01 -6.3906e-02 -5.1895e-02 -3.2911e-02 +5.2070e-02 -3.5460e-02 +2.0671e-01 -1.4324e-01 -2.1745e-02 +2.4608e-02 +1.3921e-01 -1.5619e-02 +2.0732e-01 +1.7837e-01 +1.7507e-01 +1.1982e-01 -1.5793e-02 -3.3487e-02 +6.1904e-02
85 0 +9.546005938e+01 +2.001000594e+02 +2.001000594e+02 +2.7766e-02 -1.4456e-01 -8.0163e-02 -6.4942e-02 -4.0570e-02 +4.8361e-02 -4.5462e-02 +2.0416e-01 -1.5870e-01 -2.6280e-02 +2.4586e-02 +1.6191e-01 -1.9607e-02 +2.3298e-01 +1.8891e-01 +2.1606e-01 +1.3107e-01 -1.4983e-02 -2.1216e-02 +7.6137e-02
91 0 +9.293005241e+01 +1.975700524e+02 +1.975700524e+02 +1.9329e-02 -1.3435e-01 -9.8113e-02 -7.0840e-02 -3.3724e-02 +4.2589e-02 -5.1464e-02 +2.2781e-01 -1.6774e-01 -2.5523e-02 +1.8166e-02 +1.6038e-01 -3.2774e-02 +2.4714e-01 +2.0322e-01 +2.2038e-01 +1.4797e-01 +7.8250e-03 -1.3362e-02 +9.2767e-02
94 0 +9.089097791e+01 +1.955309779e+02 +1.955309779e+02 +8.3666e-03 -1.1467e-01 -1.1091e-01 -1.0152e-01 +2.5856e-03 +5.5332e-02 -5.9693e-02 +2.4569e-01 -2.2801e-01 -2.7374e-02 +3.9957e-02 +1.9164e-01 -4.9453e-02 +3.2148e-01 +2.6036e-01 +1.9514e-01 +2.0133e-01 +6.0549e-02 +8.2125e-04 +1.4216e-01
95 0 +8.902162309e+01 +1.936616231e+02 +1.936616231e+02 +1.0011e-02 -1.0055e-01 -1.1297e-01 -8.4996e-02 +1.8338e-02 +5.6501e-02 -6.1483e-02 +2.7941e-01 -2.0471e-01 -1.9122e-02 +6.1061e-03 +2.1846e-01 -7.9770e-02 +3.3402e-01 +2.7628e-01 +2.1253e-01 +1.9332e-01 +5.0114e-02 +2.5952e-03 +1.5786e-01
% f evaluations | g evaluations | best noise-free fitness - Fopt (1.965900000000e+02) + sum g_i+ | measured fitness | best measured fitness or single-digit g-values | x1 | x2...
1 0 +1.235000000e+02 +3.200900000e+02 +3.200900000e+02 +0.0000e+00 +0.0000e+00 +0.0000e+00 +0.0000e+00 +0.0000e+00 +0.0000e+00 +0.0000e+00 +0.0000e+00 +0.0000e+00 +0.0000e+00 +0.0000e+00 +0.0000e+00 +0.0000e+00 +0.0000e+00 +0.0000e+00 +0.0000e+00 +0.0000e+00 +0.0000e+00 +0.0000e+00 +0.0000e+00
5 0 +1.223350619e+02 +3.189250619e+02 +3.189250619e+02 +0.0000e+00 +0.0000e+00 +1.0000e-01 +0.0000e+00 +0.0000e+00 +0.0000e+00 +0.0000e+00 +0.0000e+00 +0.0000e+00 +0.0000e+00 +0.0000e+00 +0.0000e+00 +0.0000e+00 +0.0000e+00 +0.0000e+00 +0.0000e+00 +0.0000e+00 +0.0000e+00 +0.0000e+00 +0.0000e+00
23 0 +1.176640376e+02 +3.142540376e+02 +3.142540376e+02 -1.3656e-02 -6.9687e-03 +1.1801e-02 -1.8478e-02 +1.1612e-02 -6.2655e-03 -3.2455e-02 -1.7781e-02 -3.3836e-02 -2.1426e-02 -1.4135e-02 -3.9904e-02 +8.0897e-03 +2.2849e-03 -1.2710e-02 -2.6856e-02 -3.4866e-02 +1.2579e-01 -2.0183e-03 -3.8812e-02
24 0 +1.141609581e+02 +3.107509581e+02 +3.107509581e+02 -1.5811e-03 +1.1877e-02 +4.9649e-02 -1.1284e-02 +4.9268e-02 +1.3292e-02 -3.9411e-02 -9.8816e-03 -4.2191e-02 -1.7218e-02 -2.5441e-03 -5.4403e-02 +4.2180e-02 +3.0499e-02 +3.2400e-04 -2.8145e-02 -4.4264e-02 +1.7780e-01 +2.1839e-02 -5.2205e-02
39 0 +1.121768124e+02 +3.087668124e+02 +3.087668124e+02 +1.0562e-02 +2.2453e-02 +5.8188e-02 -2.3531e-02 +5.7674e-02 +2.1841e-02 -3.7204e-02 -2.1906e-02 -7.8859e-02 -1.4563e-02 -9.6197e-03 -7.8940e-02 +4.8092e-02 +3.2301e-02 -6.4667e-03 -4.2443e-02 -4.4543e-02 +1.9624e-01 +3.1265e-02 -2.2178e-02
46 0 +1.091741766e+02 +3.057641766e+02 +3.057641766e+02 +2.8778e-02 +4.3643e-02 +6.8210e-02 -4.5115e-02 +6.6784e-02 +3.6962e-02 -1.9271e-02 -4.4920e-02 -7.9766e-02 -1.6233e-03 -2.0828e-02 -8.1449e-02 +5.1885e-02 +1.4381e-02 -1.4222e-02 -3.7758e-02 -4.0888e-02 +1.8803e-01 +4.2836e-02 -1.9285e-02
51 0 +1.070391729e+02 +3.036291729e+02 +3.036291729e+02 +6.6016e-02 +7.4313e-02 +8.7994e-02 -6.3031e-02 +7.9000e-02 +5.9585e-02 -1.4740e-02 -5.8041e-02 -9.3478e-02 +1.1726e-02 -3.5763e-02 -8.4935e-02 +5.3512e-02 +1.4530e-02 +1.1647e-03 -4.5849e-02 -4.9075e-02 +1.8167e-01 +6.1634e-02 -3.0977e-02
66 0 +1.046852536e+02 +3.012752536e+02 +3.012752536e+02 +6.5459e-02 +7.7262e-02 +9.9402e-02 -7.8031e-02 +9.9725e-02 +6.3960e-02 -2.2177e-02 -8.1609e-02 -1.1130e-01 +1.4568e-02 -3.6325e-02 -8.1038e-02 +6.3029e-02 -6.8579e-03 -1.0993e-02 -4.8393e-02 -5.2418e-02 +1.9213e-01 +6.8047e-02 -2.4408e-02
69 0 +1.017106389e+02 +2.983006389e+02 +2.983006389e+02 +6.7394e-02 +7.3001e-02 +1.1332e-01 -9.6564e-02 +1.3169e-01 +6.3850e-02 -5.4010e-02 -1.1549e-01 -1.2696e-01 +3.9261e-02 -3.7830e-02 -7.8326e-02 +8.7995e-02 -1.8646e-02 -1.7085e-02 -5.1144e-02 -6.7898e-02 +2.1287e-01 +6.5297e-02 -2.9489e-02
71 0 +9.959646665e+01 +2.961864667e+02 +2.961864667e+02 +8.8628e-02 +7.6339e-02 +1.2735e-01 -1.2369e-01 +1.5792e-01 +6.8517e-02 -6.1998e-02 -1.2821e-01 -1.6050e-01 +2.4324e-02 -4.7677e-02 -8.4369e-02 +1.0669e-01 -3.0276e-02 -1.6615e-02 -4.3089e-02 -6.2780e-02 +2.2494e-01 +6.6874e-02 -3.4558e-02
83 0 +9.767245450e+01 +2.942624545e+02 +2.942624545e+02 +8.9829e-02 +9.0294e-02 +1.4587e-01 -1.3111e-01 +1.8180e-01 +8.3189e-02 -8.3083e-02 -1.5007e-01 -1.7474e-01 +2.1655e-02 -4.3308e-02 -9.1717e-02 +1.1643e-01 -4.3493e-02 -3.1380e-02 -4.5296e-02 -8.4555e-02 +2.3192e-01 +8.5694e-02 -1.9771e-02
94 0 +9.532587455e+01 +2.919158745e+02 +2.919158745e+02 +9.1123e-02 +1.0776e-01 +1.4469e-01 -1.3485e-01 +2.0493e-01 +8.8440e-02 -7.0313e-02 -1.5260e-01 -1.8545e-01 +1.8802e-02 -3.1728e-02 -1.1213e-01 +1.4442e-01 -5.6367e-02 -3.3234e-02 -7.0571e-02 -9.6171e-02 +2.4297e-01 +8.3719e-02 -1.0621e-02
% f evaluations | g evaluations | best noise-free fitness - Fopt (1.461600000000e+02) + sum g_i+ | measured fitness | best measured fitness or single-digit g-values | x1 | x2...
1 0 +1.235000000e+02 +2.696600000e+02 +2.696600000e+02 +0.0000e+00 +0.0000e+00 +0.0000e+00 +0.0000e+00 +0.0000e+00 +0.0000e+00 +0.0000e+00 +0.0000e+00 +0.0000e+00 +0.0000e+00 +0.0000e+00 +0.0000e+00 +0.0000e+00 +0.0000e+00 +0.0000e+00 +0.0000e+00 +0.0000e+00 +0.0000e+00 +0.0000e+00 +0.0000e+00
8 0 +1.208440038e+02 +2.670040038e+02 +2.670040038e+02 +0.0000e+00 +0.0000e+00 +0.0000e+00 +0.0000e+00 +0.0000e+00 +1.0000e-01 +0.0000e+00 +0.0000e+00 +0.0000e+00 +0.0000e+00 +0.0000e+00 +0.0000e+00 +0.0000e+00 +0.0000e+00 +0.0000e+00 +0.0000e+00 +0.0000e+00 +0.0000e+00 +0.0000e+00 +0.0000e+00
23 0 +1.168324784e+02 +2.629924784e+02 +2.629924784e+02 -6.7308e-03 -4.3617e-03 -4.4310e-02 -3.1083e-02 -7.4263e-03 +1.2862e-01 -2.9459e-02 -1.2765e-02 -6.9074e-03 -1.2319e-02 +4.9338e-05 -3.8246e-02 -3.9732e-02 -6.5433e-03 -1.3140e-02 -3.5267e-02 +4.4785e-03 +1.6019e-02 +7.3453e-03 -8.3955e-03
24 0 +1.137804639e+02 +2.599404639e+02 +2.599404639e+02 +1.0332e-02 +1.5091e-02 -6.5167e-02 -3.8593e-02 +8.9344e-03 +1.8135e-01 -3.5331e-02 -1.7923e-03 +9.9769e-03 -8.9600e-04 +2.3953e-02 -5.2984e-02 -5.5970e-02 +1.0708e-02 -2.5454e-03 -4.7000e-02 +3.2852e-02 +5.6037e-02 +3.8611e-02 +6.9873e-03
41 0 +1.121389881e+02 +2.582989881e+02 +2.582989881e+02 +1.9090e-02 +2.1575e-02 -8.7690e-02 -3.1786e-02 +1.1029e-02 +1.8527e-01 -4.6996e-02 +3.6287e-03 +1.3455e-02 +2.0626e-03 +1.5271e-02 -5.4110e-02 -7.8574e-02 +3.4717e-03 -6.3367e-04 -3.7127e-02 +2.7261e-02 +6.6598e-02 +3.4150e-02 +1.0881e-02
48 0 +1.095202462e+02 +2.556802462e+02 +2.556802462e+02 +2.7714e-02 +4.9015e-02 -9.5927e-02 -2.4245e-02 +6.6468e-03 +1.8108e-01 -5.3903e-02 +1.6200e-02 +2.1486e-02 +1.0545e-03 +2.5125e-02 -6.9038e-02 -8.9375e-02 -7.7223e-03 -3.8217e-04 -3.2812e-02 +3.3162e-02 +7.9010e-02 +2.2344e-02 +2.2137e-02
56 0 +1.070843292e+02 +2.532443292e+02 +2.532443292e+02 +3.8023e-02 +7.5067e-02 -1.1060e-01 -1.7694e-02 +7.0261e-03 +1.7867e-01 -5.2326e-02 +1.5694e-02 +2.9193e-02 +3.4295e-03 +3.5253e-02 -7.9631e-02 -1.0505e-01 -1.9342e-02 -1.0835e-02 -3.7283e-02 +3.0037e-02 +1.0085e-01 +1.4031e-02 +2.9735e-02
68 0 +1.046224304e+02 +2.507824304e+02 +2.507824304e+02 +3.6982e-02 +1.0170e-01 -1.2517e-01 -1.2419e-02 +7.1921e-04 +1.7732e-01 -6.1726e-02 +2.1460e-02 +2.8971e-02 +2.1493e-04 +4.5698e-02 -9.7817e-02 -1.1600e-01 -1.7222e-02 -2.2744e-02 -4.8194e-02 +3.6945e-02 +1.1727e-01 -4.4635e-03 +3.5876e-02
71 0 +9.728951717e+01 +2.434495172e+02 +2.434495172e+02 +6.5635e-02 +1.6707e-01 -1.7501e-01 +4.9963e-02 -5.4624e-04 +1.6049e-01 -5.5254e-02 +3.6252e-02 +5.8207e-03 +4.1521e-03 +5.4998e-02 -1.4679e-01 -1.9523e-01 -3.1921e-02 -1.1188e-01 -6.9758e-02 +4.8937e-02 +2.0173e-01 -5.1672e-02 +6.6201e-02
72 0 +9.256816910e+01 +2.387281691e+02 +2.387281691e+02 +8.5837e-02 +2.0154e-01 -2.0688e-01 +2.8537e-02 +1.2382e-02 +1.8623e-01 -9.4919e-02 +3.7660e-02 -8.1445e-03 +1.1110e-02 +1.4402e-01 -1.9837e-01 -2.4360e-01 -1.9799e-02 -1.1410e-01 -1.2770e-01 +4.6510e-02 +2.5205e-01 -7.6838e-02 +8.2762e-02
83 0 +9.102508950e+01 +2.371850895e+02 +2.371850895e+02 +5.8484e-02 +3.1255e-01 -2.5752e-01 +3.5951e-02 +2.8246e-02 +2.2395e-01 -1.2936e-01 +4.3204e-02 -3.3360e-02 -8.7523e-03 +1.3071e-01 -2.9275e-01 -2.4850e-01 -6.3089e-02 -1.3487e-01 -1.3544e-01 +8.6939e-02 +3.1109e-01 -9.1453e-02 +1.0092e-01
90 0 +8.849134282e+01 +2.346513428e+02 +2.346513428e+02 +7.6108e-02 +3.0261e-01 -2.6767e-01 +3.2180e-02 +3.9828e-02 +2.4142e-01 -1.4000e-01 +2.4009e-02 -2.7294e-02 -1.7469e-02 +1.2862e-01 -2.9084e-01 -2.6627e-01 -6.7177e-02 -1.5782e-01 -1.3374e-01 +8.9141e-02 +3.0407e-01 -9.2522e-02 +1.1448e-01
92 0 +8.705884476e+01 +2.332188448e+02 +2.332188448e+02 +8.5608e-02 +2.9165e-01 -2.7412e-01 +2.6542e-02 +4.5581e-02 +2.4766e-01 -1.4805e-01 +2.4572e-02 -2.4091e-02 -1.4022e-02 +1.2203e-01 -2.9001e-01 -2.7345e-01 -7.5581e-02 -1.5693e-01 -1.3285e-01 +8.5517e-02 +3.1921e-01 -9.8058e-02 +1.0649e-01
97 0 +8.494685233e+01 +2.311068523e+02 +2.311068523e+02 +9.5174e-02 +2.8192e-01 -2.7795e-01 +2.4609e-02 +5.2203e-02 +2.5642e-01 -1.5774e-01 +1.4632e-02 -3.3018e-02 -2.0888e-02 +1.1561e-01 -2.8270e-01 -2.9101e-01 -7.4725e-02 -1.8322e-01 -1.2741e-01 +9.0038e-02 +3.3601e-01 -1.0209e-01 +9.3838e-02
% f evaluations | g evaluations | best noise-free fitness - Fopt (-7.469000000000e+01) + sum g_i+ | measured fitness | best measured fitness or single-digit g-values | x1 | x2...
1 0 +1.235000000e+02 +4.881000000e+01 +4.881000000e+01 +0.0000e+00 +0.0000e+00 +0.0000e+00 +0.0000e+00 +0.0000e+00 +0.0000e+00 +0.0000e+00 +0.0000e+00 +0.0000e+00 +0.0000e+00 +0.0000e+00 +0.0000e+00 +0.0000e+00 +0.0000e+00 +0.0000e+00 +0.0000e+00 +0.0000e+00 +0.0000e+00 +0.0000e+00 +0.0000e+00
19 0 +1.234368906e+02 +4.874689061e+01 +4.874689061e+01 +0.0000e+00 +0.0000e+00 +0.0000e+00 +0.0000e+00 +0.0000e+00 +0.0000e+00 +0.0000e+00 +0.0000e+00 +0.0000e+00 +0.0000e+00 +0.0000e+00 +0.0000e+00 +0.0000e+00 +0.0000e+00 +0.0000e+00 +0.0000e+00 +1.0000e-01 +0.0000e+00 +0.0000e+00 +0.0000e+00
20 0 +1.209944496e+02 +4.630444956e+01 +4.630444956e+01 +0.0000e+00 +0.0000e+00 +0.0000e+00 +0.0000e+00 +0.0000e+00 +0.0000e+00 +0.0000e+00 +0.0000e+00 +0.0000e+00 +0.0000e+00 +0.0000e+00 +0.0000e+00 +0.0000e+00 +0.0000e+00 +0.0000e+00 +0.0000e+00 +0.0000e+00 +1.0000e-01 +0.0000e+00 +0.0000e+00
23 0 +1.170688792e+02 +4.237887923e+01 +4.237887923e+01 -1.5238e-02 -3.1813e-02 -4.5813e-02 -2.9744e-02 -2.2705e-02 -1.2077e-02 -2.7925e-03 -3.1501e-02 -2.1710e-02 -5.1192e-03 -2.4092e-02 -1.0244e-02 -5.2865e-03 -2.3404e-02 -2.7986e-02 -2.5497e-02 +5.9371e-04 +1.2357e-01 -1.8167e-02 -5.7250e-03
24 0 +1.139619402e+02 +3.927194020e+01 +3.927194020e+01 -9.8589e-03 -5.1183e-02 -8.6085e-02 -4.6024e-02 -2.8474e-02 -1.9778e-03 +2.1169e-02 -5.0405e-02 -2.5995e-02 +1.5369e-02 -3.1931e-02 +2.5930e-03 +1.4951e-02 -3.0218e-02 -4.1640e-02 -3.5436e-02 +2.9611e-02 +1.8690e-01 -1.7161e-02 +1.3858e-02
44 0 +1.119102629e+02 +3.722026292e+01 +3.722026292e+01 -1.1847e-02 -6.1253e-02 -1.0354e-01 -4.7967e-02 -1.3648e-02 +4.7399e-03 +2.8105e-02 -6.3854e-02 -2.9644e-02 +1.7888e-02 -3.3240e-02 +1.0263e-02 +2.1473e-02 -2.0464e-02 -3.4997e-02 -5.4767e-02 +3.0224e-02 +1.7725e-01 -4.2342e-03 +1.8804e-02
50 0 +1.094831490e+02 +3.479314902e+01 +3.479314902e+01 -9.7036e-03 -8.0062e-02 -1.1292e-01 -5.7409e-02 -7.3877e-03 +8.0874e-03 +4.8046e-02 -8.1313e-02 -3.3498e-02 +2.2879e-02 -4.5486e-02 +1.9317e-02 +3.1367e-02 -1.2954e-02 -3.1738e-02 -7.4125e-02 +3.8187e-02 +1.6431e-01 -2.0960e-03 +2.1722e-02
66 0 +1.070295982e+02 +3.233959818e+01 +3.233959818e+01 -9.0312e-03 -9.3184e-02 -1.2113e-01 -6.2506e-02 -1.0038e-02 +2.0994e-02 +8.3352e-02 -9.4352e-02 -4.1967e-02 +2.8910e-02 -6.2387e-02 +2.8589e-02 +3.8873e-02 -1.2563e-02 -3.3360e-02 -9.9117e-02 +3.9144e-02 +1.5862e-01 -7.4425e-03 +1.5191e-02
69 0 +1.002446697e+02 +2.555466969e+01 +2.555466969e+01 +2.5474e-02 -1.3732e-01 -2.0146e-01 -1.0003e-01 +1.7592e-02 +5.6139e-02 +1.7321e-01 -1.1603e-01 -6.7024e-02 +7.9362e-02 -6.6300e-02 +3.1823e-02 +1.2370e-01 +1.4897e-02 -3.2605e-02 -1.2714e-01 +9.7054e-02 +1.9340e-01 -1.1963e-02 +2.6555e-02
70 0 +9.765405089e+01 +2.296405089e+01 +2.296405089e+01 +3.6212e-02 -1.7240e-01 -2.1197e-01 -6.9850e-02 +2.5282e-02 +6.5774e-02 +2.2373e-01 -2.0692e-01 -1.0510e-01 +9.9020e-02 -1.1063e-01 +1.1613e-02 +1.7350e-01 +2.2375e-02 -4.7722e-02 -1.9056e-01 +1.2038e-01 +1.8783e-01 -3.4345e-02 +1.2506e-02
71 0 +9.340405627e+01 +1.871405627e+01 +1.871405627e+01 +4.1856e-02 -1.8692e-01 -2.3067e-01 -1.2888e-01 +2.6012e-02 +6.9014e-02 +3.2146e-01 -1.6508e-01 -1.2570e-01 +1.8412e-02 -1.3525e-01 -1.1191e-02 +1.9885e-01 +2.1784e-02 -5.9309e-02 -2.2079e-01 +1.1944e-01 +1.9694e-01 -5.0680e-02 +1.6196e-03
76 0 +9.205753697e+01 +1.736753697e+01 +1.736753697e+01 +5.4298e-02 -1.8531e-01 -2.1531e-01 -1.2154e-01 +3.8727e-02 +7.5106e-02 +3.3318e-01 -1.5335e-01 -1.1748e-01 +1.9006e-02 -1.4553e-01 -6.4409e-03 +2.0988e-01 +3.2277e-02 -5.5096e-02 -2.2658e-01 +1.2686e-01 +1.9783e-01 -3.9894e-02 +6.8905e-03
81 0 +9.114331250e+01 +1.645331250e+01 +1.645331250e+01 +4.7685e-02 -2.1205e-01 -2.0646e-01 -1.2175e-01 +2.8707e-02 +7.4258e-02 +3.3067e-01 -1.4253e-01 -1.2996e-01 +1.5934e-02 -1.3994e-01 -8.0949e-03 +2.1768e-01 +3.8274e-02 -3.5651e-02 -2.3922e-01 +1.3637e-01 +2.0538e-01 -2.9130e-02 +9.8632e-03
99 0 +8.908661031e+01 +1.439661031e+01 +1.439661031e+01 +4.9897e-02 -2.2367e-01 -1.9633e-01 -1.2139e-01 +3.4662e-02 +7.3982e-02 +3.3805e-01 -1.3172e-01 -1.4167e-01 +1.7860e-02 -1.5143e-01 +1.2536e-02 +2.2763e-01 +3.7824e-02 -4.2429e-02 -2.4416e-01 +1.2980e-01 +2.1983e-01 -2.3571e-02 +3.4574e-03
100 0 +8.686821460e+01 +1.217821460e+01 +1.217821460e+01 +5.8447e-02 -2.3472e-01 -1.7629e-01 -1.1770e-01 +3.2904e-02 +6.9162e-02 +3.4893e-01 -1.0873e-01 -1.5294e-01 +3.0919e-02 -1.8772e-01 +2.9920e-02 +2.2599e-01 +5.3638e-02 -4.7953e-02 -2.5508e-01 +1.4161e-01 +2.2692e-01 -1.8148e-02 -1.3098e-02
% f evaluations | g evaluations | best noise-free fitness - Fopt (1.853000000000e+01) + sum g_i+ | measured fitness | best measured fitness or single-digit g-values | x1 | x2...
1 0 +1.235000000e+02 +1.420300000e+02 +1.420300000e+02 +0.0000e+00 +0.0000e+00 +0.0000e+00 +0.0000e+00 +0.0000e+00 +0.0000e+00 +0.0000e+00 +0.0000e+00 +0.0000e+00 +0.0000e+00 +0.0000e+00 +0.0000e+00 +0.0000e+00 +0.0000e+00 +0.0000e+00 +0.0000e+00 +0.0000e+00 +0.0000e+00 +0.0000e+00 +0.0000e+00
18 0 +1.234030195e+02 +1.419330195e+02 +1.419330195e+02 +0.0000e+00 +0.0000e+00 +0.0000e+00 +0.0000e+00 +0.0000e+00 +0.0000e+00 +0.0000e+00 +0.0000e+00 +0.0000e+00 +0.0000e+00 +0.0000e+00 +0.0000e+00 +0.0000e+00 +0.0000e+00 +0.0000e+00 +1.0000e-01 +0.0000e+00 +0.0000e+00 +0.0000e+00 +0.0000e+00
19 0 +1.219810484e+02 +1.405110484e+02 +1.405110484e+02 +0.0000e+00 +0.0000e+00 +0.0000e+00 +0.0000e+00 +0.0000e+00 +0.0000e+00 +0.0000e+00 +0.0000e+00 +0.0000e+00 +0.0000e+00 +0.0000e+00 +0.0000e+00 +0.0000e+00 +0.0000e+00 +0.0000e+00 +0.0000e+00 +1.0000e-01 +0.0000e+00 +0.0000e+00 +0.0000e+00
23 0 +1.174962974e+02 +1.360262974e+02 +1.360262974e+02 -3.5017e-02 -1.5287e-02 -2.9950e-02 -2.8354e-02 -2.0369e-02 -1.1992e-02 -3.6124e-02 -3.0810e-02 -2.4029e-02 -3.7907e-03 -3.3033e-02 -2.1804e-02 -8.4863e-03 -3.1601e-03 -2.9728e-03 +9.0005e-04 +1.1410e-01 -3.5623e-02 -9.0532e-03 -1.5055e-02
24 0 +1.140760941e+02 +1.326060941e+02 +1.326060941e+02 -6.4407e-02 -1.3048e-02 -5.1216e-02 -4.7062e-02 -2.6276e-02 -4.4715e-03 -6.7288e-02 -5.3455e-02 -3.5803e-02 +1.6878e-02 -5.9242e-02 -3.0012e-02 +4.6547e-03 +1.8519e-02 +1.9007e-02 +2.9088e-02 +1.6344e-01 -6.5985e-02 +3.1791e-03 -1.2444e-02
38 0 +1.121371471e+02 +1.306671471e+02 +1.306671471e+02 -9.0477e-02 -1.9953e-02 -6.8033e-02 -6.3982e-02 -2.8959e-02 -3.1444e-03 -1.0002e-01 -7.4960e-02 -4.7376e-02 +1.5908e-02 -4.0314e-02 -3.3585e-02 +5.0892e-04 +1.7977e-02 +1.8591e-02 +3.1292e-02 +1.7550e-01 -3.3537e-02 -1.3501e-03 -1.2936e-02
49 0 +1.095124649e+02 +1.280424649e+02 +1.280424649e+02 -1.0799e-01 -1.7750e-02 -7.9272e-02 -8.6011e-02 -2.0830e-02 +2.6681e-02 -1.0934e-01 -8.5668e-02 -4.5430e-02 +2.4173e-02 -3.7683e-02 -3.1512e-02 +2.2249e-04 +1.2654e-02 +3.0051e-02 +4.4789e-02 +1.6726e-01 -4.2093e-02 +3.6735e-03 -1.2492e-03
52 0 +1.067642724e+02 +1.252942724e+02 +1.252942724e+02 -1.3562e-01 -1.7341e-02 -1.0020e-01 -1.2072e-01 -8.3089e-03 +7.6425e-02 -1.2276e-01 -1.0544e-01 -5.0167e-02 +2.4524e-02 -3.2759e-02 -2.9589e-02 +1.7226e-02 -5.5092e-03 +4.5284e-02 +7.0362e-02 +1.5526e-01 -4.8662e-02 -7.9290e-03 -6.4891e-03
69 0 +1.044042298e+02 +1.229342298e+02 +1.229342298e+02 -1.6108e-01 -2.2532e-02 -1.0113e-01 -1.4171e-01 -7.5984e-03 +9.8129e-02 -1.3801e-01 -1.0179e-01 -4.1580e-02 +3.1485e-02 -3.9891e-02 -1.0476e-02 +2.4129e-03 +1.6168e-03 +4.4962e-02 +7.9988e-02 +1.6297e-01 -6.5643e-02 -1.3779e-02 +2.7480e-03
73 0 +1.017363940e+02 +1.202663940e+02 +1.202663940e+02 -1.9056e-01 -3.3229e-02 -1.0386e-01 -1.7267e-01 +2.2639e-05 +9.8894e-02 -1.5758e-01 -1.1487e-01 -3.0507e-02 +2.9538e-02 -4.7924e-02 -8.9530e-04 -1.9020e-02 -9.1990e-03 +3.6695e-02 +9.3797e-02 +1.7066e-01 -7.5594e-02 -2.5660e-02 +8.6147e-04
76 0 +9.908125392e+01 +1.176112539e+02 +1.176112539e+02 -2.1418e-01 -4.0270e-02 -1.1341e-01 -2.0567e-01 -7.3097e-03 +1.0694e-01 -1.8665e-01 -1.1606e-01 -2.4596e-02 +3.9969e-02 -5.2234e-02 +3.9206e-02 -3.0470e-02 -1.8293e-02 +2.3581e-02 +1.3813e-01 +1.7562e-01 -9.3109e-02 -2.3512e-02 -1.0816e-02
82 0 +9.770094450e+01 +1.162309445e+02 +1.162309445e+02 -2.4545e-01 -2.7647e-02 -1.2024e-01 -2.2060e-01 -1.0217e-02 +1.1205e-01 -1.8813e-01 -1.2219e-01 -8.0192e-03 +2.2017e-02 -5.7971e-02 +6.0503e-02 -2.5405e-02 -2.3484e-02 +1.0696e-02 +1.3680e-01 +1.7856e-01 -1.0563e-01 -4.5900e-02 +2.3373e-03
94 0 +9.538092666e+01 +1.139109267e+02 +1.139109267e+02 -2.5890e-01 -4.0902e-02 -1.3479e-01 -2.5060e-01 -1.7101e-02 +1.2651e-01 -1.9084e-01 -1.2618e-01 -5.6957e-03 +1.3521e-02 -4.9606e-02 +6.6299e-02 -3.9056e-02 -3.2005e-02 +2.5565e-02 +1.3973e-01 +1.8363e-01 -1.0047e-01 -5.6709e-02 -4.2023e-03
97 0 +9.291132907e+01 +1.114413291e+02 +1.114413291e+02 -2.7163e-01 -5.3649e-02 -1.4886e-01 -2.8852e-01 -2.4139e-02 +1.5557e-01 -1.9593e-01 -1.4162e-01 +1.5635e-03 +4.2827e-03 -2.4905e-02 +7.9468e-02 -6.4144e-02 -4.6342e-02 +4.1428e-02 +1.1488e-01 +1.8248e-01 -8.5432e-02 -8.5641e-02 +1.4848e-02
99 0 +9.092154011e+01 +1.094515401e+02 +1.094515401e+02 -2.9018e-01 -6.6684e-02 -1.7617e-01 -3.2194e-01 -3.5044e-02 +1.7430e-01 -2.0140e-01 -1.3914e-01 +1.8637e-04 +1.0839e-02 -3.6596e-02 +1.0428e-01 -7.5412e-02 -4.8904e-02 +4.2483e-02 +1.1570e-01 +1.8394e-01 -8.5269e-02 -1.0098e-01 -1.2089e-02
% f evaluations | g evaluations | best noise-free fitness - Fopt (-3.444000000000e+01) + sum g_i+ | measured fitness | best measured fitness or single-digit g-values | x1 | x2...
1 0 +1.235000000e+02 +8.906000000e+01 +8.906000000e+01 +0.0000e+00 +0.0000e+00 +0.0000e+00 +0.0000e+00 +0.0000e+00 +0.0000e+00 +0.0000e+00 +0.0000e+00 +0.0000e+00 +0.0000e+00 +0.0000e+00 +0.0000e+00 +0.0000e+00 +0.0000e+00 +0.0000e+00 +0.0000e+00 +0.0000e+00 +0.0000e+00 +0.0000e+00 +0.0000e+00
12 0 +1.232412161e+02 +8.880121607e+01 +8.880121607e+01 +0.0000e+00 +0.0000e+00 +0.0000e+00 +0.0000e+00 +0.0000e+00 +0.0000e+00 +0.0000e+00 +0.0000e+00 +0.0000e+00 +1.0000e-01 +0.0000e+00 +0.0000e+00 +0.0000e+00 +0.0000e+00 +0.0000e+00 +0.0000e+00 +0.0000e+00 +0.0000e+00 +0.0000e+00 +0.0000e+00
23 0 +1.174679300e+02 +8.302792996e+01 +8.302792996e+01 -4.7908e-02 -2.4738e-02 -1.6871e-02 -2.2202e-02 -5.4743e-02 -5.5404e-03 -5.0767e-03 -3.5825e-03 -7.2228e-03 +1.0239e-01 -1.1050e-02 -1.4905e-02 -3.0406e-02 -3.0384e-02 -9.3586e-03 -1.7560e-02 -1.6291e-02 -4.8254e-04 -1.5912e-02 -9.1988e-03
24 0 +1.132845014e+02 +7.884450141e+01 +7.884450141e+01 -9.9435e-02 -4.1377e-02 -2.1664e-02 -3.5022e-02 -1.1656e-01 +6.7254e-03 +7.8874e-03 +1.1631e-02 +2.5099e-03 +1.2660e-01 -7.0795e-03 -1.6738e-02 -5.5579e-02 -5.5525e-02 -2.8417e-03 -2.3391e-02 -2.0213e-02 +1.9399e-02 -1.9264e-02 -2.4413e-03
33 0 +1.120557087e+02 +7.761570871e+01 +7.761570871e+01 -7.4409e-02 -5.8514e-02 -2.8146e-02 -4.3909e-02 -1.6440e-01 +6.4264e-03 +7.8413e-03 +1.2400e-02 +1.2933e-03 +1.3936e-01 -1.0383e-02 -2.2144e-02 -3.1061e-02 -6.7784e-02 -5.2230e-03 -1.5622e-02 -2.6376e-02 +2.1858e-02 -2.5219e-02 -4.7354e-03
47 0 +1.093890142e+02 +7.494901425e+01 +7.494901425e+01 -7.7354e-02 -6.3898e-02 -2.0493e-02 -4.8333e-02 -1.7901e-01 +4.7458e-03 +2.2711e-02 +3.1279e-02 +2.5015e-02 +1.3979e-01 +1.0710e-02 -6.6945e-03 -3.0187e-02 -7.1183e-02 +2.7082e-03 -2.6842e-03 -2.1084e-02 +2.0250e-02 -4.2015e-02 -1.1265e-02
49 0 +1.064966276e+02 +7.205662760e+01 +7.205662760e+01 -9.0077e-02 -4.6478e-02 -1.0196e-02 -6.5873e-02 -2.0723e-01 +1.5937e-03 +4.2686e-02 +5.9405e-02 +3.9949e-02 +1.5138e-01 +3.1847e-02 +1.3135e-03 -2.5625e-02 -7.3774e-02 +1.7823e-04 +9.9555e-03 -2.9792e-02 +1.3330e-02 -6.4026e-02 -1.4368e-02
51 0 +1.042283289e+02 +6.978832892e+01 +6.978832892e+01 -9.7668e-02 -5.7535e-02 -7.6448e-03 -6.4869e-02 -2.3041e-01 +6.7872e-03 +4.2811e-02 +9.0421e-02 +6.7223e-02 +1.5140e-01 +5.7396e-02 +1.2998e-02 -2.5647e-02 -8.1752e-02 -9.4805e-04 +3.8561e-02 -3.6446e-02 +1.6977e-02 -8.5565e-02 -1.6162e-02
65 0 +1.023020920e+02 +6.786209201e+01 +6.786209201e+01 -1.1771e-01 -6.6581e-02 -6.6167e-03 -7.8523e-02 -2.5060e-01 +2.0437e-03 +6.9953e-02 +1.0885e-01 +8.3826e-02 +1.7196e-01 +6.6765e-02 +3.9336e-02 -2.9728e-02 -8.3496e-02 +7.4693e-03 +3.3352e-02 -3.1491e-02 +2.2502e-02 -7.1216e-02 -2.2437e-02
70 0 +9.997004171e+01 +6.553004171e+01 +6.553004171e+01 -1.2381e-01 -8.5437e-02 -9.1204e-03 -6.8147e-02 -2.6351e-01 +1.4930e-02 +8.2995e-02 +1.2009e-01 +8.1069e-02 +1.9871e-01 +7.1468e-02 +4.5887e-02 -3.9983e-02 -8.0156e-02 +1.6300e-02 +5.2241e-02 -3.0722e-02 +4.0324e-02 -7.9182e-02 -6.9036e-03
72 0 +9.746171638e+01 +6.302171638e+01 +6.302171638e+01 -1.4781e-01 -7.2518e-02 -1.5253e-02 -6.0658e-02 -2.9522e-01 +2.4199e-02 +1.1564e-01 +1.2099e-01 +7.0536e-02 +2.3127e-01 +7.4973e-02 +4.8215e-02 -5.2747e-02 -6.7366e-02 +3.2453e-02 +6.0866e-02 -2.9221e-02 +5.6169e-02 -8.3432e-02 +7.6024e-03
74 0 +9.527219455e+01 +6.083219455e+01 +6.083219455e+01 -1.6306e-01 -1.0093e-01 -2.2808e-02 -4.7265e-02 -3.1779e-01 -5.2232e-04 +1.3539e-01 +1.5109e-01 +5.9674e-02 +2.4496e-01 +7.9002e-02 +4.9873e-02 -5.2650e-02 -4.6409e-02 +4.2569e-02 +7.4622e-02 -2.9105e-02 +6.0417e-02 -8.9822e-02 +1.8365e-02
76 0 +9.319891049e+01 +5.875891049e+01 +5.875891049e+01 -1.6839e-01 -9.4345e-02 -1.8657e-02 -5.1030e-02 -3.3357e-01 -8.5335e-05 +1.4700e-01 +1.7163e-01 +6.2456e-02 +2.6514e-01 +9.7514e-02 +5.2238e-02 -5.5917e-02 -6.7641e-02 +4.0470e-02 +1.0531e-01 -4.2934e-02 +3.9631e-02 -1.0736e-01 +2.4544e-02
83 0 +9.109599082e+01 +5.665599082e+01 +5.665599082e+01 -1.8150e-01 -1.0397e-01 -3.6640e-02 -1.8061e-02 -3.6603e-01 +1.1098e-02 +1.7164e-01 +1.7726e-01 +8.6569e-02 +2.7137e-01 +1.0322e-01 +6.6832e-02 -4.7463e-02 -7.9101e-02 +2.8775e-02 +1.3151e-01 -3.6868e-02 +4.5204e-02 -1.1146e-01 +2.4604e-02
92 0 +8.762169193e+01 +5.318169193e+01 +5.318169193e+01 -1.8871e-01 -1.1116e-01 -3.6242e-02 -2.6337e-02 -3.9954e-01 +5.8666e-03 +1.7509e-01 +1.7668e-01 +8.0712e-02 +2.8455e-01 +1.1851e-01 +9.3331e-02 -4.8664e-02 -6.1765e-02 +2.9561e-02 +1.7723e-01 -3.5949e-02 +4.8521e-02 -1.3120e-01 +2.1801e-02
93 0 +8.654253971e+01 +5.210253971e+01 +5.210253971e+01 -2.1401e-01 -6.2041e-02 -3.8702e-02 -5.0230e-02 -4.8028e-01 -4.5630e-02 +2.3579e-01 +1.7708e-01 +8.2067e-02 +2.8989e-01 +9.8788e-02 +1.2521e-01 -4.0695e-02 -2.5839e-02 +3.6738e-03 +2.3238e-01 -3.1125e-02 +2.7002e-02 -1.6739e-01 +5.0408e-02
94 0 +8.450327225e+01 +5.006327225e+01 +5.006327225e+01 -2.5445e-01 -9.0708e-02 +2.4581e-03 -4.4304e-02 -4.9466e-01 -4.6747e-02 +2.3778e-01 +1.6915e-01 +6.5773e-02 +2.9900e-01 +1.1271e-01 +1.1368e-01 -4.5628e-02 -2.2852e-02 +5.8453e-02 +3.3926e-01 -7.3196e-02 +5.8399e-02 -1.5023e-01 -3.9545e-03
97 0 +8.233496211e+01 +4.789496211e+01 +4.789496211e+01 -2.5043e-01 -6.6333e-02 -9.7223e-03 -3.0540e-02 -5.0798e-01 -2.7868e-02 +2.1517e-01 +2.1756e-01 +5.2964e-02 +3.1330e-01 +1.2699e-01 +1.4382e-01 -4.7331e-02 -1.2391e-02 +8.8378e-02 +3.5488e-01 -3.7218e-02 +5.7231e-02 -1.5788e-01 -2.2086e-02
99 0 +8.117521043e+01 +4.673521043e+01 +4.673521043e+01 -2.7188e-01 -1.0918e-01 -2.9370e-02 -3.7190e-02 -5.3178e-01 -1.5109e-02 +1.9472e-01 +2.3931e-01 +5.5818e-02 +3.4882e-01 +1.3037e-01 +1.5050e-01 -2.7000e-02 +1.6230e-02 +8.8288e-02 +3.5105e-01 -5.8674e-02 +3.4138e-02 -1.6708e-01 -2.3640e-02
% f evaluations | g evaluations | best noise-free fitness - Fopt (7.741000000000e+01) + sum g_i+ | measured fitness | best measured fitness or single-digit g-values | x1 | x2...
1 0 +1.235000000e+02 +2.009100000e+02 +2.009100000e+02 +0.0000e+00 +0.0000e+00 +0.0000e+00 +0.0000e+00 +0.0000e+00 +0.0000e+00 +0.0000e+00 +0.0000e+00 +0.0000e+00 +0.0000e+00 +0.0000e+00 +0.0000e+00 +0.0000e+00 +0.0000e+00 +0.0000e+00 +0.0000e+00 +0.0000e+00 +0.0000e+00 +0.0000e+00 +0.0000e+00
4 0 +1.219586731e+02 +1.993686731e+02 +1.993686731e+02 +0.0000e+00 +1.0000e-01 +0.0000e+00 +0.0000e+00 +0.0000e+00 +0.0000e+00 +0.0000e+00 +0.0000e+00 +0.0000e+00 +0.0000e+00 +0.0000e+00 +0.0000e+00 +0.0000e+00 +0.0000e+00 +0.0000e+00 +0.0000e+00 +0.0000e+00 +0.0000e+00 +0.0000e+00 +0.0000e+00
23 0 +1.188686183e+02 +1.962786183e+02 +1.962786183e+02 -3.2345e-02 +1.1455e-01 -2.0811e-02 -2.2243e-02 +1.0727e-03 -1.5937e-02 -2.0279e-02 -1.2209e-02 -1.9028e-02 -2.5100e-02 -3.9108e-02 -4.1984e-02 -3.5761e-03 +1.9517e-03 -1.3619e-02 +5.2211e-03 -2.7898e-02 -1.7224e-02 -2.2038e-02 -3.0408e-02
24 0 +1.158008267e+02 +1.932108267e+02 +1.932108267e+02 -4.9669e-02 +1.6742e-01 -2.0871e-02 -2.4446e-02 +3.3774e-02 -8.7006e-03 -1.9542e-02 +6.0836e-04 -1.6418e-02 -3.1580e-02 -6.6557e-02 -7.3739e-02 +2.2166e-02 +3.5969e-02 -2.9117e-03 +4.4132e-02 -3.8566e-02 -1.1914e-02 -2.3933e-02 -4.4833e-02
37 0 +1.146578129e+02 +1.920678129e+02 +1.920678129e+02 -3.8808e-02 +1.7221e-01 -1.5388e-02 -2.0092e-02 +3.3819e-02 -1.4786e-02 -1.0376e-02 -4.0241e-03 -2.3048e-02 -4.5978e-02 -8.5054e-02 -9.3155e-02 +2.0574e-02 +3.6323e-02 -8.0407e-03 +4.5638e-02 -4.0252e-02 -3.4444e-03 -1.9302e-02 -3.3081e-02
48 0 +1.105763598e+02 +1.879863598e+02 +1.879863598e+02 -3.8600e-02 +1.3317e-01 -1.1856e-02 -3.1579e-03 +5.2273e-02 -7.9204e-03 -2.7734e-03 -2.4609e-03 -3.5256e-02 -5.9266e-02 -1.1352e-01 -1.1431e-01 +3.9263e-02 +7.0695e-02 -9.9121e-03 +5.1818e-02 -5.6667e-02 +1.0580e-02 -2.0776e-05 -2.4944e-02
50 0 +1.094194154e+02 +1.868294154e+02 +1.868294154e+02 -3.8176e-02 +1.0534e-01 -1.0164e-02 +8.9397e-03 +6.1777e-02 -4.2176e-03 +1.9723e-03 -7.6599e-03 -4.5795e-02 -6.9962e-02 -8.8953e-02 -1.7131e-01 +5.2877e-02 +9.3128e-02 -1.8137e-02 +5.4420e-02 -6.9444e-02 +1.9898e-02 +1.3849e-02 -1.8671e-02
52 0 +1.069503639e+02 +1.843603639e+02 +1.843603639e+02 -2.7239e-02 +7.0485e-02 +1.0962e-03 +4.0392e-02 +9.2410e-02 +1.0005e-02 +1.8985e-02 -1.1167e-02 -5.8287e-02 -8.1644e-02 -1.4859e-01 -1.6026e-01 +3.7387e-02 +1.4827e-01 -2.7182e-02 +7.5519e-02 -8.4603e-02 +4.5111e-02 +4.8658e-02 +3.1150e-03
60 0 +1.044486749e+02 +1.818586749e+02 +1.818586749e+02 -3.4307e-02 +7.1856e-02 -9.0810e-03 +3.9400e-02 +9.7882e-02 -1.4741e-02 +1.4068e-02 -8.1838e-03 -6.9005e-02 -9.4555e-02 -1.7652e-01 -1.7403e-01 +6.6317e-02 +1.6748e-01 +3.0515e-02 +8.8516e-02 -1.0041e-01 +1.9115e-02 +4.8624e-02 -9.0409e-04
71 0 +1.021408939e+02 +1.795508939e+02 +1.795508939e+02 -3.1322e-02 +7.6413e-02 -3.4877e-02 +3.0228e-02 +1.0595e-01 -1.7985e-02 -2.4420e-03 +8.5928e-04 -7.7059e-02 -1.1100e-01 -2.1027e-01 -1.5858e-01 +6.5504e-02 +1.6833e-01 +3.2264e-02 +1.0487e-01 -9.6416e-02 +2.6037e-02 +3.6318e-02 -7.6449e-03
77 0 +9.960864729e+01 +1.770186473e+02 +1.770186473e+02 -2.6722e-02 +5.6276e-02 -6.2962e-02 +3.6245e-02 +1.0374e-01 -1.2605e-02 -1.6527e-02 -8.7596e-03 -9.5465e-02 -1.2212e-01 -2.3350e-01 -1.6625e-01 +6.2880e-02 +1.7537e-01 +1.7243e-02 +1.1498e-01 -9.8347e-02 +3.5333e-02 +3.9848e-02 -1.2907e-03
87 0 +9.766864735e+01 +1.750786474e+02 +1.750786474e+02 -3.2119e-02 +5.0644e-02 -8.0281e-02 +3.8796e-02 +1.0987e-01 -2.2917e-02 -2.7213e-02 -1.4750e-02 -1.1629e-01 -1.3331e-01 -2.5665e-01 -1.6271e-01 +5.7128e-02 +1.8392e-01 +4.2496e-04 +1.1210e-01 -9.9478e-02 +4.7205e-02 +3.4150e-02 +4.2941e-04
94 0 +9.545859488e+01 +1.728685949e+02 +1.728685949e+02 -3.3004e-02 +5.2000e-02 -9.0195e-02 +4.0155e-02 +1.2415e-01 -2.1652e-02 -2.6718e-02 -2.1142e-02 -1.2850e-01 -1.3102e-01 -2.7410e-01 -1.7632e-01 +4.8273e-02 +2.0917e-01 -2.9749e-02 +1.2993e-01 -1.0470e-01 +5.8667e-02 +3.6969e-02 +3.9045e-03
96 0 +8.754600762e+01 +1.649560076e+02 +1.649560076e+02 -3.3678e-02 +7.9330e-03 -1.6293e-01 +2.4733e-02 +1.6996e-01 -3.8379e-02 -7.9078e-02 -2.2191e-02 -1.8731e-01 -1.8308e-01 -3.2603e-01 -2.3378e-01 +7.6702e-02 +3.0744e-01 -6.8816e-02 +1.5726e-01 -1.3649e-01 +6.5596e-02 +2.7532e-02 +7.0235e-03
97 0 +8.336722339e+01 +1.607772234e+02 +1.607772234e+02 -3.5665e-02 +1.2395e-02 -1.8934e-01 +2.5265e-02 +2.1880e-01 -7.4518e-02 -8.3561e-02 -1.1298e-02 -2.1321e-01 -1.8976e-01 -4.2357e-01 -2.0355e-01 +6.3758e-02 +3.8229e-01 -4.6857e-02 +2.1612e-01 -1.2882e-01 +6.9917e-02 +3.1748e-02 +1.6662e-02
100 0 +8.267498851e+01 +1.600849885e+02 +1.600849885e+02 -4.1182e-02 +2.4757e-02 -1.5765e-01 +1.5099e-02 +2.3891e-01 -1.1451e-01 -1.0014e-01 -3.4609e-02 -2.2068e-01 -2.0675e-01 -4.2829e-01 -2.2969e-01 +6.8142e-02 +3.8672e-01 -5.9083e-02 +2.1769e-01 -1.1220e-01 +6.8754e-02 +2.3088e-02 +4.2990e-02
