% f evaluations | g evaluations | best noise-free fitness - Fopt (1.026100000000e+02) + sum g_i+ | measured fitness | best measured fitness or single-digit g-values | x1 | x2...
1 0 +1.386956331e+02 +2.413056331e+02 +2.413056331e+02 +0.0000e+00 +0.0000e+00 +0.0000e+00 +0.0000e+00 +0.0000e+00 +0.0000e+00 +0.0000e+00 +0.0000e+00 +0.0000e+00 +0.0000e+00
2 0 +1.386254863e+02 +2.412354863e+02 +2.412354863e+02 +2.5000e-04 +0.0000e+00 +0.0000e+00 +0.0000e+00 +0.0000e+00 +0.0000e+00 +0.0000e+00 +0.0000e+00 +0.0000e+00 +0.0000e+00
18 0 +1.377797527e+02 +2.403897527e+02 +2.403897527e+02 +1.8662e-04 -1.5552e-04 +1.8662e-04 -5.0976e-05 +1.8662e-04 -1.1376e-05 +1.8662e-04 +2.1624e-05 -9.8496e-05 +1.8662e-04
43 0 +1.346249476e+02 +2.372349476e+02 +2.372349476e+02 +6.9273e-04 -6.4574e-04 +7.1041e-04 -2.5266e-04 +1.2143e-03 +2.6691e-04 +8.0090e-05 -2.5818e-04 -5.3484e-04 -2.9039e-04
54 0 +1.303237896e+02 +2.329337896e+02 +2.329337896e+02 +1.5945e-03 -1.2103e-03 +1.3359e-03 -2.2095e-04 +2.6809e-03 +6.8267e-04 +1.6843e-04 -1.7638e-04 -1.5264e-03 -1.0661e-03
59 0 +1.279093355e+02 +2.305193355e+02 +2.305193355e+02 +2.1375e-03 -1.5712e-03 +1.6221e-03 -4.1612e-04 +3.4848e-03 +1.0591e-03 +7.6652e-05 -6.5744e-04 -2.2259e-03 -1.3547e-03
64 0 +1.252536270e+02 +2.278636270e+02 +2.278636270e+02 +3.0699e-03 -1.9012e-03 +2.3414e-03 -7.7628e-04 +4.3398e-03 +1.5914e-03 +2.0026e-04 -5.0783e-04 -2.9575e-03 -2.1027e-03
69 0 +1.224588777e+02 +2.250688777e+02 +2.250688777e+02 +3.7548e-03 -2.2019e-03 +2.7163e-03 -7.8216e-04 +5.5509e-03 +1.2176e-03 +1.7619e-04 -4.7703e-04 -3.5696e-03 -2.6694e-03
72 0 +1.188918408e+02 +2.215018408e+02 +2.215018408e+02 +4.8797e-03 -2.7772e-03 +3.5022e-03 -1.0732e-03 +6.8795e-03 +2.3207e-03 +2.0908e-04 -1.4346e-03 -4.8684e-03 -3.0555e-03
77 0 +1.146952195e+02 +2.173052195e+02 +2.173052195e+02 +6.4991e-03 -3.5307e-03 +4.6669e-03 -1.3369e-03 +9.0729e-03 +3.0093e-03 +1.8563e-04 -9.0826e-04 -6.2031e-03 -4.4249e-03
82 0 +1.103189544e+02 +2.129289544e+02 +2.129289544e+02 +8.3056e-03 -4.6242e-03 +5.6726e-03 -1.4096e-03 +1.2297e-02 +3.5023e-03 -4.9408e-05 -1.5812e-03 -8.5244e-03 -5.7981e-03
88 0 +1.085592146e+02 +2.111692146e+02 +2.111692146e+02 +1.1272e-02 -5.9271e-03 +7.9671e-03 -2.3591e-03 +1.5751e-02 +4.9690e-03 +7.7030e-04 -2.0798e-03 -1.1555e-02 -8.0069e-03
147 0 +1.070058802e+02 +2.096158802e+02 +2.096158802e+02 +1.0800e-02 -5.9800e-03 +6.6095e-03 -1.9645e-03 +1.6108e-02 +5.9723e-03 -3.0861e-03 -3.3232e-03 -1.0296e-02 -5.9642e-03
214 0 +1.045452525e+02 +2.071552525e+02 +2.071552525e+02 +1.1363e-02 -9.4912e-03 +7.7858e-03 -1.0630e-03 +1.9158e-02 +7.7444e-03 -7.1043e-03 -8.1525e-03 -1.1784e-02 -3.2376e-03
236 0 +1.022903381e+02 +2.049003381e+02 +2.049003381e+02 +7.1810e-03 -1.3122e-02 +9.8558e-03 +4.9358e-04 +1.4519e-02 +7.6859e-03 -1.8688e-03 -1.2928e-02 -1.2336e-02 -3.5456e-04
249 0 +9.990812530e+01 +2.025181253e+02 +2.025181253e+02 +2.8756e-03 -1.9950e-02 +1.4745e-02 +2.3761e-03 +1.0618e-02 +8.8518e-03 +5.8523e-03 -2.2038e-02 -1.5556e-02 +3.2557e-03
268 0 +9.742318009e+01 +2.000331801e+02 +2.000331801e+02 -2.1922e-03 -3.1923e-02 +2.1016e-02 +5.7665e-03 +7.3689e-03 +9.7465e-03 +1.0215e-02 -3.5918e-02 -1.9363e-02 +1.1126e-02
285 0 +9.491914197e+01 +1.975291420e+02 +1.975291420e+02 -3.4926e-03 -3.9969e-02 +2.5820e-02 +1.0098e-02 +4.1320e-03 +4.3913e-03 +1.4916e-02 -3.3726e-02 -1.9758e-02 +1.0461e-02
292 0 +9.320412234e+01 +1.958141223e+02 +1.958141223e+02 -6.4132e-03 -4.8313e-02 +3.1240e-02 +1.3794e-02 +2.6786e-04 -2.7861e-04 +2.0718e-02 -3.5851e-02 -2.1069e-02 +1.2218e-02
318 0 +9.117356187e+01 +1.937835619e+02 +1.937835619e+02 -1.0654e-02 -5.6484e-02 +3.5560e-02 +1.8378e-02 -5.8755e-03 -7.3575e-03 +2.5813e-02 -3.5504e-02 -2.0207e-02 +1.4475e-02
397 0 +8.912387403e+01 +1.917338740e+02 +1.917338740e+02 -1.2261e-02 -5.8294e-02 +3.7024e-02 +1.8441e-02 -6.3971e-03 -1.1821e-02 +2.6082e-02 -3.7558e-02 -2.0833e-02 +1.7116e-02
424 0 +8.696374808e+01 +1.895737481e+02 +1.895737481e+02 -1.6108e-02 -6.0816e-02 +4.0483e-02 +1.9792e-02 -1.0381e-02 -2.3803e-02 +3.1614e-02 -3.7458e-02 -2.0483e-02 +2.0077e-02
641 0 +8.506161861e+01 +1.876716186e+02 +1.876716186e+02 -1.3241e-02 -5.7185e-02 +3.2945e-02 +2.0120e-02 -5.4766e-03 -2.7242e-02 +3.4092e-02 -3.8233e-02 -1.9325e-02 +2.3131e-02
677 0 +8.315455800e+01 +1.857645580e+02 +1.857645580e+02 -1.5360e-02 -6.7070e-02 +2.5052e-02 +3.0197e-02 -7.7355e-03 -3.2538e-02 +4.1128e-02 -4.2839e-02 -1.4308e-02 +3.3820e-02
728 0 +8.118205348e+01 +1.837920535e+02 +1.837920535e+02 -1.7161e-02 -8.1571e-02 +1.3120e-02 +4.3015e-02 -6.8702e-03 -3.8085e-02 +5.2141e-02 -5.7521e-02 -1.0200e-02 +5.2309e-02
1614 0 +7.940322443e+01 +1.820132244e+02 +1.820132244e+02 -9.8867e-03 -8.9956e-02 +4.7400e-03 +5.8221e-02 -3.3699e-03 -3.2834e-02 +5.2079e-02 -7.3697e-02 -8.9812e-03 +6.6278e-02
1720 0 +7.745205279e+01 +1.800620528e+02 +1.800620528e+02 +7.2655e-04 -9.7707e-02 +1.1358e-02 +7.6203e-02 -1.0953e-02 -2.5795e-02 +5.5180e-02 -8.7238e-02 -1.2558e-02 +7.2060e-02
1746 0 +7.573737960e+01 +1.783473796e+02 +1.783473796e+02 +1.0377e-02 -1.0837e-01 +1.0046e-02 +8.8714e-02 -1.5174e-02 -2.3283e-02 +5.7730e-02 -1.0065e-01 -1.3916e-02 +8.2936e-02
1764 0 +7.394067284e+01 +1.765506728e+02 +1.765506728e+02 +1.8692e-02 -1.1269e-01 +1.3357e-02 +9.7165e-02 -2.3044e-02 -2.1794e-02 +5.8572e-02 -1.0669e-01 -1.5175e-02 +8.7515e-02
1779 0 +7.239038371e+01 +1.750003837e+02 +1.750003837e+02 +2.4659e-02 -1.1396e-01 +6.9240e-03 +8.6893e-02 -2.2397e-02 -2.0259e-02 +5.6185e-02 -1.0671e-01 -1.5817e-02 +8.9944e-02
1804 0 +7.051546331e+01 +1.731254633e+02 +1.731254633e+02 +3.1262e-02 -1.0792e-01 +1.3936e-02 +8.3715e-02 -2.5008e-02 -1.1205e-02 +4.9075e-02 -1.0592e-01 -2.0223e-02 +8.2925e-02
1866 0 +6.908488412e+01 +1.716948841e+02 +1.716948841e+02 +4.6564e-02 -1.0628e-01 +2.2583e-02 +9.0205e-02 -3.2190e-02 -3.0150e-03 +4.6770e-02 -1.1890e-01 -2.7299e-02 +8.5541e-02
1905 0 +6.758545906e+01 +1.701954591e+02 +1.701954591e+02 +5.6758e-02 -9.9716e-02 +2.2870e-02 +9.1473e-02 -3.3155e-02 +5.9315e-03 +4.6441e-02 -1.2923e-01 -3.1461e-02 +8.7797e-02
% f evaluations | g evaluations | best noise-free fitness - Fopt (9.330000000000e+01) + sum g_i+ | measured fitness | best measured fitness or single-digit g-values | x1 | x2...
1 0 +1.432620636e+02 +2.365620636e+02 +2.365620636e+02 +0.0000e+00 +0.0000e+00 +0.0000e+00 +0.0000e+00 +0.0000e+00 +0.0000e+00 +0.0000e+00 +0.0000e+00 +0.0000e+00 +0.0000e+00
2 0 +1.431798185e+02 +2.364798185e+02 +2.364798185e+02 +2.5000e-04 +0.0000e+00 +0.0000e+00 +0.0000e+00 +0.0000e+00 +0.0000e+00 +0.0000e+00 +0.0000e+00 +0.0000e+00 +0.0000e+00
47 0 +1.410277546e+02 +2.343277546e+02 +2.343277546e+02 +1.7749e-03 -5.4747e-04 -9.3041e-04 +6.1041e-04 -1.9868e-03 +3.1641e-04 +8.6996e-04 +6.7127e-04 -3.0498e-04 +1.5536e-03
60 0 +1.379389285e+02 +2.312389285e+02 +2.312389285e+02 +4.4881e-03 -1.1789e-03 -2.0031e-03 +1.2601e-03 -5.1691e-03 +2.5891e-04 +1.9043e-03 +1.3688e-03 -4.8801e-04 +3.3621e-03
71 0 +1.343078748e+02 +2.276078748e+02 +2.276078748e+02 +7.1004e-03 -2.1846e-03 -3.7709e-03 +2.1186e-03 -9.3147e-03 +6.9599e-04 +3.2513e-03 +2.6423e-03 -1.1707e-03 +6.0989e-03
80 0 +1.315095335e+02 +2.248095335e+02 +2.248095335e+02 +9.8022e-03 -3.0424e-03 -5.1622e-03 +2.3037e-03 -1.2519e-02 +9.9821e-04 +4.7442e-03 +3.6731e-03 -1.2877e-03 +8.1202e-03
86 0 +1.272176756e+02 +2.205176756e+02 +2.205176756e+02 +1.5291e-02 -4.9825e-03 -8.4206e-03 +3.9273e-03 -1.9582e-02 +1.4038e-03 +7.3851e-03 +5.9750e-03 -1.7984e-03 +1.3525e-02
91 0 +1.257769055e+02 +2.190769055e+02 +2.190769055e+02 +1.9369e-02 -5.7502e-03 -1.0135e-02 +4.6614e-03 -2.4334e-02 +1.6115e-03 +8.6712e-03 +6.6645e-03 -1.1559e-03 +1.6102e-02
139 0 +1.226661486e+02 +2.159661486e+02 +2.159661486e+02 +2.1761e-02 -4.4253e-03 -9.3083e-03 +4.4727e-03 -2.3323e-02 -2.1321e-04 +7.3796e-03 +4.6240e-03 +1.0717e-03 +1.5879e-02
152 0 +1.195764933e+02 +2.128764933e+02 +2.128764933e+02 +2.6359e-02 -3.8992e-03 -1.0444e-02 +5.1111e-03 -2.4827e-02 -2.6694e-03 +7.4073e-03 +3.5607e-03 +3.3686e-03 +1.8055e-02
158 0 +1.174027064e+02 +2.107027064e+02 +2.107027064e+02 +2.7280e-02 -3.0362e-03 -9.4682e-03 +4.6902e-03 -2.2490e-02 -3.5877e-03 +6.3940e-03 +1.8498e-03 +5.2408e-03 +1.7260e-02
165 0 +1.131915469e+02 +2.064915469e+02 +2.064915469e+02 +3.1009e-02 -6.5562e-04 -7.8944e-03 +4.5026e-03 -2.2965e-02 -6.4556e-03 +3.9834e-03 -1.3242e-03 +9.4282e-03 +1.6732e-02
171 0 +1.101143172e+02 +2.034143172e+02 +2.034143172e+02 +3.7264e-02 +8.5499e-05 -9.1359e-03 +5.8850e-03 -2.1214e-02 -9.7922e-03 +3.7300e-03 -3.9155e-03 +1.3847e-02 +1.8998e-02
175 0 +1.092450043e+02 +2.025450043e+02 +2.025450043e+02 +3.8816e-02 +7.6359e-04 -9.3654e-03 +6.1494e-03 -2.3261e-02 -1.0904e-02 +3.4212e-03 -4.2928e-03 +1.4514e-02 +1.9606e-02
195 0 +1.067932097e+02 +2.000932097e+02 +2.000932097e+02 +4.4702e-02 +3.2151e-03 -7.5394e-03 +5.4350e-03 -2.5500e-02 -1.3554e-02 +9.3078e-04 -7.8480e-03 +1.9716e-02 +1.9736e-02
260 0 +1.046868621e+02 +1.979868621e+02 +1.979868621e+02 +4.0852e-02 +6.6152e-03 +1.2840e-03 -1.2924e-03 -2.6915e-02 -1.1309e-02 -3.5533e-03 -9.8678e-03 +2.1977e-02 +1.2527e-02
314 0 +1.020232724e+02 +1.953232724e+02 +1.953232724e+02 +3.6766e-02 +7.8310e-03 +8.5699e-03 -1.0612e-02 -3.0160e-02 -9.4313e-03 -5.0138e-03 -7.1508e-03 +2.3720e-02 +8.0479e-03
332 0 +9.983583015e+01 +1.931358301e+02 +1.931358301e+02 +4.0206e-02 +7.8327e-03 +8.2919e-03 -1.3292e-02 -3.1452e-02 -1.2441e-02 -4.1701e-03 -5.8619e-03 +2.7600e-02 +1.0066e-02
339 0 +9.731232504e+01 +1.906123250e+02 +1.906123250e+02 +3.8342e-02 +5.9575e-03 +1.0492e-02 -2.1446e-02 -3.5063e-02 -1.2543e-02 -1.0244e-03 +9.7890e-04 +2.9418e-02 +1.1328e-02
346 0 +9.493967142e+01 +1.882396714e+02 +1.882396714e+02 +4.5688e-02 +5.2814e-03 +1.0441e-02 -2.8497e-02 -3.7086e-02 -1.6543e-02 +4.4604e-04 +3.0284e-03 +3.8919e-02 +1.5222e-02
348 0 +9.207357454e+01 +1.853735745e+02 +1.853735745e+02 +5.3455e-02 +2.8461e-03 +1.9623e-03 -2.3222e-02 -3.6010e-02 -2.1341e-02 +3.8347e-03 +4.0813e-03 +4.0478e-02 +2.3254e-02
354 0 +9.118639476e+01 +1.844863948e+02 +1.844863948e+02 +5.7017e-02 -1.2272e-04 -1.9408e-03 -2.3715e-02 -4.0646e-02 -2.3073e-02 +8.8630e-03 +8.9184e-03 +4.1283e-02 +2.9423e-02
506 0 +8.905354235e+01 +1.823535424e+02 +1.823535424e+02 +5.4036e-02 -1.1127e-03 +4.4920e-04 -3.2044e-02 -4.2817e-02 -2.4765e-02 +1.0737e-02 +1.5470e-02 +4.4623e-02 +2.9760e-02
549 0 +8.709296946e+01 +1.803929695e+02 +1.803929695e+02 +4.9390e-02 -5.4977e-04 -9.4847e-04 -2.9478e-02 -4.6379e-02 -2.9878e-02 +1.1178e-02 +2.0162e-02 +4.9648e-02 +3.2810e-02
579 0 +8.492653222e+01 +1.782265322e+02 +1.782265322e+02 +4.9256e-02 +1.4482e-04 -5.3820e-03 -2.5847e-02 -4.4418e-02 -3.9498e-02 +1.2199e-02 +2.2903e-02 +5.7749e-02 +3.7669e-02
612 0 +8.307593218e+01 +1.763759322e+02 +1.763759322e+02 +4.8984e-02 +9.9618e-04 -1.3802e-02 -1.4090e-02 -4.3297e-02 -5.1063e-02 +1.3584e-02 +2.4866e-02 +6.4753e-02 +4.5450e-02
780 0 +8.127636711e+01 +1.745763671e+02 +1.745763671e+02 +4.0972e-02 -4.3798e-03 -1.7090e-02 -1.5414e-02 -4.4369e-02 -4.3694e-02 +1.7752e-02 +3.0074e-02 +7.8283e-02 +5.1063e-02
1022 0 +7.941600140e+01 +1.727160014e+02 +1.727160014e+02 +3.7535e-02 -3.2821e-03 -1.9832e-02 -8.4076e-03 -4.7306e-02 -4.9215e-02 +3.5191e-02 +3.1826e-02 +9.3341e-02 +5.5723e-02
% f evaluations | g evaluations | best noise-free fitness - Fopt (1.364000000000e+01) + sum g_i+ | measured fitness | best measured fitness or single-digit g-values | x1 | x2...
1 0 +1.533351914e+02 +1.669751914e+02 +1.669751914e+02 +0.0000e+00 +0.0000e+00 +0.0000e+00 +0.0000e+00 +0.0000e+00 +0.0000e+00 +0.0000e+00 +0.0000e+00 +0.0000e+00 +0.0000e+00
2 0 +1.532514954e+02 +1.668914954e+02 +1.668914954e+02 +2.5000e-04 +0.0000e+00 +0.0000e+00 +0.0000e+00 +0.0000e+00 +0.0000e+00 +0.0000e+00 +0.0000e+00 +0.0000e+00 +0.0000e+00
43 0 +1.509159418e+02 +1.645559418e+02 +1.645559418e+02 -4.4603e-04 +6.1569e-04 -2.4568e-03 -1.0238e-04 +5.5600e-04 -2.2057e-04 +7.8642e-04 +8.1683e-04 +8.9990e-04 -2.3335e-04
61 0 +1.469308739e+02 +1.605708739e+02 +1.605708739e+02 -2.1903e-03 +2.2073e-03 -7.4488e-03 +4.4675e-06 +8.1945e-04 +3.8202e-04 +2.2871e-03 +1.8581e-03 +2.3339e-03 -9.2959e-04
71 0 +1.442975012e+02 +1.579375012e+02 +1.579375012e+02 -3.5919e-03 +2.9941e-03 -1.0240e-02 -4.5708e-05 +1.7657e-03 +8.3512e-05 +3.4025e-03 +2.5008e-03 +3.5114e-03 -1.3855e-03
77 0 +1.394623503e+02 +1.531023503e+02 +1.531023503e+02 -5.6856e-03 +4.7721e-03 -1.6545e-02 -3.1491e-04 +2.8387e-03 +2.8873e-04 +5.4931e-03 +4.2047e-03 +5.5204e-03 -2.7162e-03
82 0 +1.357914180e+02 +1.494314180e+02 +1.494314180e+02 -8.4003e-03 +5.7128e-03 -2.0022e-02 -2.3187e-04 +3.6530e-03 +4.3448e-04 +7.4525e-03 +5.5546e-03 +7.3455e-03 -3.8622e-03
87 0 +1.328568434e+02 +1.464968434e+02 +1.464968434e+02 -1.0141e-02 +7.6243e-03 -2.6291e-02 -3.6036e-04 +4.8384e-03 +2.3385e-04 +8.8920e-03 +6.8289e-03 +9.7188e-03 -4.7642e-03
92 0 +1.300884076e+02 +1.437284076e+02 +1.437284076e+02 -1.3304e-02 +9.6368e-03 -3.3628e-02 -8.1698e-04 +6.2106e-03 +8.8796e-04 +1.2085e-02 +8.6137e-03 +1.2196e-02 -6.1542e-03
95 0 +1.286116420e+02 +1.422516420e+02 +1.422516420e+02 -1.7101e-02 +1.1804e-02 -4.0350e-02 -3.3915e-04 +7.6187e-03 +6.7416e-04 +1.4820e-02 +1.0473e-02 +1.5112e-02 -7.8032e-03
123 0 +1.257890582e+02 +1.394290582e+02 +1.394290582e+02 -1.8939e-02 +1.1771e-02 -4.1801e-02 -6.2927e-04 +8.3166e-03 +5.4794e-04 +1.6602e-02 +1.1866e-02 +1.6665e-02 -9.4873e-03
134 0 +1.225200348e+02 +1.361600348e+02 +1.361600348e+02 -1.9070e-02 +1.0323e-02 -4.0338e-02 -7.6569e-04 +9.3826e-03 -1.2766e-04 +1.6943e-02 +1.2432e-02 +1.7165e-02 -1.0616e-02
138 0 +1.201387144e+02 +1.337787144e+02 +1.337787144e+02 -1.9368e-02 +9.8451e-03 -3.9478e-02 -1.2661e-03 +9.9224e-03 -3.6833e-04 +1.7520e-02 +1.3034e-02 +1.7641e-02 -1.1844e-02
144 0 +1.164643734e+02 +1.301043734e+02 +1.301043734e+02 -2.0022e-02 +8.3042e-03 -3.8465e-02 -1.6116e-03 +1.1057e-02 -1.1400e-03 +1.8096e-02 +1.4689e-02 +1.9004e-02 -1.4045e-02
150 0 +1.142111073e+02 +1.278511073e+02 +1.278511073e+02 -1.8974e-02 +5.7701e-03 -3.4230e-02 -1.9018e-03 +1.1355e-02 -1.3886e-03 +1.8274e-02 +1.4642e-02 +1.8260e-02 -1.5195e-02
154 0 +1.114686548e+02 +1.251086548e+02 +1.251086548e+02 -2.0945e-02 +4.8916e-03 -3.3011e-02 -2.6157e-03 +1.2974e-02 -2.2260e-03 +1.9577e-02 +1.6120e-02 +1.9573e-02 -1.6785e-02
157 0 +1.094411077e+02 +1.230811077e+02 +1.230811077e+02 -2.2275e-02 +3.2801e-03 -3.2112e-02 -2.4286e-03 +1.3551e-02 -2.9018e-03 +2.0989e-02 +1.7837e-02 +2.1299e-02 -1.9458e-02
160 0 +1.056611652e+02 +1.193011652e+02 +1.193011652e+02 -2.7139e-02 +5.1340e-03 -4.1984e-02 -3.0149e-03 +1.7630e-02 -3.6180e-03 +2.5621e-02 +2.1391e-02 +2.6214e-02 -2.3579e-02
169 0 +1.046012973e+02 +1.182412973e+02 +1.182412973e+02 -2.7889e-02 +1.0692e-03 -3.7543e-02 -3.9069e-03 +1.9343e-02 -4.7417e-03 +2.7403e-02 +2.3995e-02 +2.8147e-02 -2.8129e-02
296 0 +1.022679347e+02 +1.159079347e+02 +1.159079347e+02 -3.2888e-02 +4.4537e-03 -4.3299e-02 -6.7112e-03 +1.3712e-02 -7.0617e-04 +3.0701e-02 +2.9247e-02 +3.3929e-02 -3.3835e-02
604 0 +9.999934912e+01 +1.136393491e+02 +1.136393491e+02 -3.5211e-02 +6.1394e-03 -3.4223e-02 -2.3130e-02 +2.1057e-02 -4.9342e-03 +2.7950e-02 +3.9403e-02 +3.4104e-02 -3.3191e-02
902 0 +9.763692124e+01 +1.112769212e+02 +1.112769212e+02 -3.2583e-02 +7.5241e-03 -2.8439e-02 -4.3776e-02 +2.1390e-02 -2.5111e-02 +3.0763e-02 +5.3950e-02 +4.7819e-02 -2.7683e-02
1408 0 +9.537328612e+01 +1.090132861e+02 +1.090132861e+02 -2.3482e-02 +1.5202e-02 -3.6171e-02 -4.3999e-02 +1.8382e-02 -2.9465e-02 +3.8687e-02 +5.1284e-02 +3.9647e-02 -2.8907e-02
1451 0 +9.325660722e+01 +1.068966072e+02 +1.068966072e+02 -1.9969e-02 +2.5773e-02 -4.4056e-02 -5.4348e-02 +1.9701e-02 -3.9724e-02 +4.0679e-02 +7.1172e-02 +3.6058e-02 -4.7464e-02
1487 0 +9.111460735e+01 +1.047546074e+02 +1.047546074e+02 -2.3155e-02 +2.7165e-02 -4.1369e-02 -5.9829e-02 +2.7119e-02 -4.7743e-02 +3.9462e-02 +8.0702e-02 +3.6103e-02 -5.1704e-02
1499 0 +8.908164353e+01 +1.027216435e+02 +1.027216435e+02 -1.7960e-02 +3.0928e-02 -4.1831e-02 -6.8539e-02 +3.6591e-02 -5.3517e-02 +4.1377e-02 +8.9108e-02 +2.7402e-02 -6.1015e-02
1556 0 +8.701469860e+01 +1.006546986e+02 +1.006546986e+02 -6.5740e-03 +3.6910e-02 -4.6416e-02 -6.7734e-02 +4.4583e-02 -6.0177e-02 +4.3910e-02 +8.9915e-02 +9.8598e-03 -6.8499e-02
1671 0 +8.510245673e+01 +9.874245673e+01 +9.874245673e+01 -7.7579e-03 +4.4177e-02 -4.7238e-02 -6.5406e-02 +5.0334e-02 -6.2057e-02 +4.3302e-02 +8.9963e-02 -3.5710e-03 -6.8261e-02
% f evaluations | g evaluations | best noise-free fitness - Fopt (1.948000000000e+02) + sum g_i+ | measured fitness | best measured fitness or single-digit g-values | x1 | x2...
1 0 +1.947008140e+02 +3.895008140e+02 +3.895008140e+02 +0.0000e+00 +0.0000e+00 +0.0000e+00 +0.0000e+00 +0.0000e+00 +0.0000e+00 +0.0000e+00 +0.0000e+00 +0.0000e+00 +0.0000e+00
4 0 +1.945142535e+02 +3.893142535e+02 +3.893142535e+02 +0.0000e+00 +0.0000e+00 +2.5000e-04 +0.0000e+00 +0.0000e+00 +0.0000e+00 +0.0000e+00 +0.0000e+00 +0.0000e+00 +0.0000e+00
56 0 +1.898124692e+02 +3.846124692e+02 +3.846124692e+02 -3.8592e-03 +2.4919e-04 +3.2438e-03 +1.2627e-03 -5.0162e-04 -1.5401e-03 +9.7993e-04 +1.3226e-03 +2.3154e-03 -1.1008e-03
70 0 +1.860129273e+02 +3.808129273e+02 +3.808129273e+02 -6.9958e-03 +4.2182e-04 +5.6840e-03 +2.4958e-03 -8.2916e-04 -2.0668e-03 +1.6561e-03 +2.1941e-03 +3.7163e-03 -1.7531e-03
76 0 +1.808592497e+02 +3.756592497e+02 +3.756592497e+02 -1.0445e-02 +4.0259e-04 +8.7288e-03 +4.2212e-03 -1.4665e-03 -3.1152e-03 +2.6422e-03 +3.4877e-03 +5.4771e-03 -3.1219e-03
79 0 +1.768737646e+02 +3.716737646e+02 +3.716737646e+02 -1.3893e-02 +3.3466e-04 +1.1124e-02 +5.0796e-03 -2.3435e-03 -4.1824e-03 +3.2440e-03 +4.2543e-03 +7.5988e-03 -3.1327e-03
84 0 +1.710976692e+02 +3.658976692e+02 +3.658976692e+02 -1.7950e-02 +1.3193e-03 +1.4819e-02 +6.6468e-03 -3.1330e-03 -4.8653e-03 +4.1584e-03 +5.6906e-03 +9.5443e-03 -4.7219e-03
89 0 +1.640824029e+02 +3.588824029e+02 +3.588824029e+02 -2.4000e-02 +6.8322e-04 +1.9094e-02 +9.3403e-03 -4.2688e-03 -6.7602e-03 +6.1385e-03 +7.7197e-03 +1.2831e-02 -6.3226e-03
94 0 +1.575336207e+02 +3.523336207e+02 +3.523336207e+02 -3.0403e-02 +1.2928e-03 +2.5212e-02 +1.2007e-02 -6.0863e-03 -8.3233e-03 +6.9502e-03 +9.1677e-03 +1.6235e-02 -7.5971e-03
99 0 +1.508049287e+02 +3.456049287e+02 +3.456049287e+02 -4.0107e-02 +1.7508e-03 +3.2557e-02 +1.5367e-02 -7.2502e-03 -1.0652e-02 +9.3198e-03 +1.2358e-02 +2.0941e-02 -1.0058e-02
104 0 +1.443827982e+02 +3.391827982e+02 +3.391827982e+02 -5.0800e-02 +2.1124e-03 +4.2115e-02 +2.0543e-02 -1.0059e-02 -1.4079e-02 +1.1869e-02 +1.6149e-02 +2.6820e-02 -1.3750e-02
109 0 +1.366353321e+02 +3.314353321e+02 +3.314353321e+02 -6.5552e-02 +2.1241e-03 +5.3366e-02 +2.5506e-02 -1.3039e-02 -1.8132e-02 +1.4936e-02 +2.0027e-02 +3.5311e-02 -1.6287e-02
113 0 +1.263425681e+02 +3.211425681e+02 +3.211425681e+02 -8.0874e-02 +3.0148e-03 +6.5911e-02 +3.2292e-02 -1.6052e-02 -2.1725e-02 +1.8618e-02 +2.4797e-02 +4.2081e-02 -2.0770e-02
116 0 +1.248320208e+02 +3.196320208e+02 +3.196320208e+02 -8.2471e-02 +3.2586e-03 +6.7991e-02 +3.3096e-02 -1.6924e-02 -2.2634e-02 +1.9026e-02 +2.5524e-02 +4.3850e-02 -2.1529e-02
122 0 +1.229802125e+02 +3.177802125e+02 +3.177802125e+02 -9.3894e-02 +3.4927e-03 +7.6572e-02 +3.7501e-02 -1.8397e-02 -2.5769e-02 +2.1340e-02 +2.9030e-02 +4.9572e-02 -2.4257e-02
216 0 +1.202255278e+02 +3.150255278e+02 +3.150255278e+02 -8.9480e-02 +4.8324e-03 +7.5979e-02 +3.7451e-02 -2.0094e-02 -2.5772e-02 +1.9803e-02 +2.7255e-02 +4.5817e-02 -2.3749e-02
238 0 +1.174276925e+02 +3.122276925e+02 +3.122276925e+02 -8.9533e-02 +6.9019e-03 +8.0388e-02 +4.0760e-02 -2.3843e-02 -2.8263e-02 +1.8841e-02 +2.6818e-02 +4.3350e-02 -2.5065e-02
288 0 +1.147123125e+02 +3.095123125e+02 +3.095123125e+02 -8.4453e-02 +6.5286e-03 +7.7625e-02 +4.4123e-02 -2.3818e-02 -3.1174e-02 +1.7865e-02 +2.6238e-02 +3.7897e-02 -2.7197e-02
302 0 +1.117298318e+02 +3.065298318e+02 +3.065298318e+02 -8.3747e-02 +4.5643e-03 +7.6154e-02 +4.9225e-02 -2.2299e-02 -3.5259e-02 +1.8551e-02 +2.7930e-02 +3.5489e-02 -3.1266e-02
310 0 +1.085466422e+02 +3.033466422e+02 +3.033466422e+02 -8.1571e-02 +1.7603e-03 +7.2616e-02 +5.4831e-02 -1.9726e-02 -4.0077e-02 +1.8939e-02 +2.9579e-02 +3.1959e-02 -3.5680e-02
314 0 +1.069084187e+02 +3.017084187e+02 +3.017084187e+02 -7.6669e-02 +7.7226e-05 +6.8296e-02 +5.6805e-02 -1.7708e-02 -4.2210e-02 +1.8489e-02 +2.9968e-02 +2.8568e-02 -3.8002e-02
322 0 +1.039518112e+02 +2.987518112e+02 +2.987518112e+02 -7.7266e-02 -4.1872e-03 +6.3722e-02 +6.0915e-02 -1.2780e-02 -4.5493e-02 +2.0259e-02 +3.2742e-02 +2.8343e-02 -4.2164e-02
323 0 +1.018988458e+02 +2.966988458e+02 +2.966988458e+02 -7.4562e-02 -8.0707e-03 +5.8025e-02 +6.5425e-02 -8.4092e-03 -4.9589e-02 +2.0999e-02 +3.4774e-02 +2.5688e-02 -4.6494e-02
349 0 +9.986052231e+01 +2.946605223e+02 +2.946605223e+02 -6.8683e-02 -1.9924e-02 +4.0741e-02 +7.4341e-02 +6.3307e-03 -5.7186e-02 +2.4040e-02 +4.0810e-02 +2.1727e-02 -5.7162e-02
456 0 +9.765692741e+01 +2.924569274e+02 +2.924569274e+02 -6.8475e-02 -1.9426e-02 +4.2994e-02 +7.1252e-02 +3.6270e-03 -5.8573e-02 +2.0383e-02 +3.9543e-02 +2.8259e-02 -5.3615e-02
473 0 +9.525362923e+01 +2.900536292e+02 +2.900536292e+02 -6.5683e-02 -2.3905e-02 +4.0587e-02 +7.5554e-02 +5.7137e-03 -6.6181e-02 +1.7084e-02 +4.1472e-02 +3.2337e-02 -5.7142e-02
484 0 +9.267398835e+01 +2.874739884e+02 +2.874739884e+02 -6.7523e-02 -1.8113e-02 +5.5808e-02 +7.2143e-02 -7.9705e-03 -7.0798e-02 +7.4065e-03 +3.7378e-02 +4.4710e-02 -4.9907e-02
487 0 +9.059986621e+01 +2.853998662e+02 +2.853998662e+02 -6.4322e-02 -2.4326e-02 +4.7766e-02 +7.6118e-02 -1.0146e-03 -7.5865e-02 +7.5091e-03 +4.0427e-02 +4.5355e-02 -5.4739e-02
497 0 +8.888292436e+01 +2.836829244e+02 +2.836829244e+02 -6.0131e-02 -2.9404e-02 +5.2645e-02 +8.1218e-02 -6.0558e-03 -9.3584e-02 -5.6599e-03 +4.1158e-02 +6.2768e-02 -5.5784e-02
501 0 +8.658510059e+01 +2.813851006e+02 +2.813851006e+02 -5.4286e-02 -3.7198e-02 +3.9366e-02 +8.5625e-02 +4.2879e-03 -9.8385e-02 -4.0433e-03 +4.4783e-02 +6.0025e-02 -6.1926e-02
513 0 +8.457479520e+01 +2.793747952e+02 +2.793747952e+02 -5.1382e-02 -4.0294e-02 +4.1377e-02 +8.7213e-02 +1.2637e-03 -1.0845e-01 -1.2575e-02 +4.4505e-02 +7.1158e-02 -6.0956e-02
534 0 +8.270120254e+01 +2.775012025e+02 +2.775012025e+02 -4.1860e-02 -4.8684e-02 +3.2794e-02 +9.1438e-02 +5.3321e-03 -1.2217e-01 -2.0809e-02 +4.6145e-02 +7.9157e-02 -6.3886e-02
540 0 +8.089911944e+01 +2.756991194e+02 +2.756991194e+02 -4.1504e-02 -4.7927e-02 +3.5409e-02 +8.8732e-02 +1.5445e-03 -1.2459e-01 -2.5347e-02 +4.4319e-02 +8.5378e-02 -5.9666e-02
548 0 +7.929864024e+01 +2.740986402e+02 +2.740986402e+02 -3.9861e-02 -4.6930e-02 +2.9959e-02 +8.5470e-02 +5.1046e-03 -1.1786e-01 -2.1120e-02 +4.3594e-02 +7.8393e-02 -5.8634e-02
560 0 +7.753438045e+01 +2.723343805e+02 +2.723343805e+02 -3.8586e-02 -4.8660e-02 +3.1530e-02 +8.4184e-02 +2.2856e-03 -1.2385e-01 -2.7905e-02 +4.2409e-02 +8.8163e-02 -5.5324e-02
603 0 +7.536965381e+01 +2.701696538e+02 +2.701696538e+02 -3.7902e-02 -5.3429e-02 +2.6329e-02 +8.2917e-02 +6.3081e-03 -1.2750e-01 -3.0127e-02 +4.3759e-02 +9.5548e-02 -5.4623e-02
727 0 +7.402632141e+01 +2.688263214e+02 +2.688263214e+02 -4.0165e-02 -5.8310e-02 +2.3733e-02 +8.4808e-02 +4.3541e-03 -1.3500e-01 -3.6145e-02 +4.1754e-02 +1.0336e-01 -5.0087e-02
1273 0 +7.243938892e+01 +2.672393889e+02 +2.672393889e+02 -4.0467e-02 -6.2114e-02 +2.1683e-02 +9.0485e-02 +1.2257e-02 -1.2924e-01 -3.7846e-02 +3.8499e-02 +9.2664e-02 -5.3510e-02
% f evaluations | g evaluations | best noise-free fitness - Fopt (-1.335900000000e+02) + sum g_i+ | measured fitness | best measured fitness or single-digit g-values | x1 | x2...
1 0 +1.778421450e+02 +4.425214496e+01 +4.425214496e+01 +0.0000e+00 +0.0000e+00 +0.0000e+00 +0.0000e+00 +0.0000e+00 +0.0000e+00 +0.0000e+00 +0.0000e+00 +0.0000e+00 +0.0000e+00
2 0 +1.777660585e+02 +4.417605849e+01 +4.417605849e+01 +2.5000e-04 +0.0000e+00 +0.0000e+00 +0.0000e+00 +0.0000e+00 +0.0000e+00 +0.0000e+00 +0.0000e+00 +0.0000e+00 +0.0000e+00
50 0 +1.735712345e+02 +3.998123450e+01 +3.998123450e+01 +8.3986e-04 -8.6273e-05 +1.1525e-03 -5.5315e-04 +1.6673e-03 -4.0099e-04 -3.5054e-03 +1.7867e-03 -1.9903e-03 +2.4457e-04
63 0 +1.690678147e+02 +3.547781468e+01 +3.547781468e+01 +1.8366e-03 -7.1217e-04 +2.2587e-03 -1.1399e-03 +3.4004e-03 -1.1872e-03 -7.6741e-03 +3.9278e-03 -3.6202e-03 +7.4903e-04
73 0 +1.636702340e+02 +3.008023396e+01 +3.008023396e+01 +2.1467e-03 -1.7391e-03 +4.1158e-03 -1.4773e-03 +5.9242e-03 -1.6430e-03 -1.3477e-02 +7.1327e-03 -5.9896e-03 +9.0245e-04
78 0 +1.602930640e+02 +2.670306403e+01 +2.670306403e+01 +3.0433e-03 -2.3349e-03 +5.3890e-03 -2.4682e-03 +7.7266e-03 -2.1866e-03 -1.7638e-02 +8.8460e-03 -7.2597e-03 +1.2561e-03
83 0 +1.572061524e+02 +2.361615239e+01 +2.361615239e+01 +3.7223e-03 -4.2605e-03 +6.8282e-03 -2.9479e-03 +1.0082e-02 -3.1397e-03 -2.3003e-02 +1.2186e-02 -8.6873e-03 +2.0544e-03
90 0 +1.547438404e+02 +2.115384040e+01 +2.115384040e+01 +4.6159e-03 -4.5240e-03 +8.8063e-03 -3.9005e-03 +1.2457e-02 -3.7533e-03 -2.8919e-02 +1.4974e-02 -1.1359e-02 +2.4114e-03
181 0 +1.512375661e+02 +1.764756606e+01 +1.764756606e+01 +5.1780e-03 -1.0662e-03 +9.7359e-03 -3.2014e-03 +1.5020e-02 -5.0534e-03 -3.2202e-02 +2.0982e-02 -1.9620e-02 +8.3551e-04
199 0 +1.466012351e+02 +1.301123511e+01 +1.301123511e+01 +4.0025e-03 +6.1736e-03 +9.4140e-03 -9.8304e-04 +1.5180e-02 -5.7175e-03 -3.0372e-02 +2.6857e-02 -2.8666e-02 -1.9312e-03
208 0 +1.429833740e+02 +9.393374022e+00 +9.393374022e+00 +3.1573e-03 +1.3064e-02 +8.6215e-03 +2.3175e-05 +1.4482e-02 -5.7050e-03 -2.6405e-02 +3.0221e-02 -3.6167e-02 -4.3963e-03
212 0 +1.411395474e+02 +7.549547436e+00 +7.549547436e+00 +1.1759e-03 +1.9269e-02 +7.5599e-03 +2.6281e-03 +1.3814e-02 -6.3231e-03 -2.2252e-02 +3.4648e-02 -4.3039e-02 -6.9722e-03
281 0 +1.380203431e+02 +4.430343113e+00 +4.430343113e+00 +3.9190e-03 +2.6435e-02 +9.9353e-03 +5.1200e-04 +1.7776e-02 -7.6052e-03 -2.8292e-02 +4.3865e-02 -5.7467e-02 -8.6891e-03
312 0 +1.347239788e+02 +1.133978758e+00 +1.133978758e+00 +6.6023e-03 +3.6310e-02 +8.2713e-03 -2.9393e-03 +1.7342e-02 -6.9586e-03 -1.7486e-02 +4.6004e-02 -7.2084e-02 -1.1983e-02
333 0 +1.316738321e+02 -1.916167872e+00 -1.916167872e+00 +1.2390e-02 +4.0368e-02 +9.0205e-03 -1.2122e-02 +1.9557e-02 -6.2943e-03 -1.2119e-02 +4.6796e-02 -8.3659e-02 -1.2379e-02
417 0 +1.287530176e+02 -4.836982350e+00 -4.836982350e+00 +2.2183e-02 +4.3151e-02 +6.1814e-03 -1.7719e-02 +2.0885e-02 -3.7247e-03 +2.6147e-03 +4.1582e-02 -1.0021e-01 -1.6052e-02
429 0 +1.258852009e+02 -7.704799149e+00 -7.704799149e+00 +3.0929e-02 +4.6148e-02 +4.6981e-03 -2.0872e-02 +2.3790e-02 -2.4591e-03 +1.0063e-02 +4.0371e-02 -1.1718e-01 -1.9687e-02
433 0 +1.228917938e+02 -1.069820624e+01 -1.069820624e+01 +4.0350e-02 +4.8823e-02 +2.4774e-03 -2.3260e-02 +2.6275e-02 -5.2073e-04 +1.9877e-02 +3.7452e-02 -1.3417e-01 -2.4316e-02
437 0 +1.201278436e+02 -1.346215638e+01 -1.346215638e+01 +4.3370e-02 +4.4350e-02 +2.7384e-03 -2.3176e-02 +2.8071e-02 -7.8453e-04 +1.6016e-02 +3.5797e-02 -1.3372e-01 -2.3275e-02
441 0 +1.170491891e+02 -1.654081085e+01 -1.654081085e+01 +5.4090e-02 +4.8470e-02 +2.4695e-03 -2.7843e-02 +3.3201e-02 +6.8952e-04 +2.3077e-02 +3.7886e-02 -1.5876e-01 -2.7696e-02
446 0 +1.129602375e+02 -2.062976250e+01 -2.062976250e+01 +6.0237e-02 +4.2356e-02 +6.9242e-04 -2.5296e-02 +3.4860e-02 +1.8010e-03 +2.3931e-02 +3.1602e-02 -1.5970e-01 -2.9501e-02
457 0 +1.120034974e+02 -2.158650259e+01 -2.158650259e+01 +6.7096e-02 +4.4030e-02 +6.1144e-05 -2.7136e-02 +3.7994e-02 +2.6111e-03 +2.8972e-02 +3.2587e-02 -1.7591e-01 -3.2059e-02
574 0 +1.095947572e+02 -2.399524276e+01 -2.399524276e+01 +6.7459e-02 +3.5616e-02 -2.0252e-03 -1.9173e-02 +3.6791e-02 +2.2807e-03 +2.2029e-02 +2.4511e-02 -1.6059e-01 -3.1570e-02
615 0 +1.071070953e+02 -2.648290472e+01 -2.648290472e+01 +7.5782e-02 +3.5629e-02 -8.2100e-03 -1.2844e-02 +3.3966e-02 +4.1353e-04 +6.5608e-03 +6.0659e-03 -1.3578e-01 -3.2609e-02
802 0 +1.046991802e+02 -2.889081975e+01 -2.889081975e+01 +8.9410e-02 +2.7438e-02 -1.5386e-02 -1.0340e-02 +3.3615e-02 -3.2827e-04 +7.5590e-03 -9.1522e-03 -1.4004e-01 -2.6890e-02
864 0 +1.019982511e+02 -3.159174888e+01 -3.159174888e+01 +8.8803e-02 +2.7589e-02 -1.6002e-02 -1.9205e-02 +3.2081e-02 -1.3621e-03 +2.0106e-02 -4.3891e-03 -1.5762e-01 -1.6709e-02
880 0 +9.926033955e+01 -3.432966045e+01 -3.432966045e+01 +9.6591e-02 +2.1718e-02 -2.2071e-02 -2.2623e-02 +2.9393e-02 -4.7442e-03 +2.0945e-02 -1.4470e-02 -1.6119e-01 -2.8091e-03
906 0 +9.771671699e+01 -3.587328301e+01 -3.587328301e+01 +1.0763e-01 +1.6625e-02 -3.0076e-02 -2.6250e-02 +2.6581e-02 -9.1843e-03 +2.1797e-02 -2.6493e-02 -1.6872e-01 +1.3139e-02
1299 0 +9.541912325e+01 -3.817087675e+01 -3.817087675e+01 +1.0409e-01 +2.3023e-02 -2.6509e-02 -2.7520e-02 +2.6234e-02 -6.0388e-03 +1.9601e-02 -1.5921e-02 -1.7653e-01 +1.1602e-02
1364 0 +9.320642626e+01 -4.038357374e+01 -4.038357374e+01 +1.1069e-01 +1.7726e-02 -3.2101e-02 -2.9303e-02 +1.7103e-02 -2.0115e-03 +1.3080e-02 -2.7393e-02 -1.6980e-01 +2.7966e-02
1398 0 +9.104639007e+01 -4.254360993e+01 -4.254360993e+01 +1.1520e-01 +1.7662e-02 -3.2997e-02 -3.7046e-02 +8.8416e-03 +7.6618e-03 +1.2786e-02 -3.4266e-02 -1.6325e-01 +3.4992e-02
1421 0 +8.883099213e+01 -4.475900787e+01 -4.475900787e+01 +1.2050e-01 +1.6649e-02 -3.2726e-02 -3.9871e-02 +9.0732e-03 +1.1582e-02 +1.4183e-02 -3.6302e-02 -1.6775e-01 +3.3962e-02
1427 0 +8.707829057e+01 -4.651170943e+01 -4.651170943e+01 +1.2160e-01 +1.3255e-02 -3.0088e-02 -4.4471e-02 +9.1167e-03 +1.5433e-02 +1.3867e-02 -3.3978e-02 -1.7091e-01 +3.6313e-02
1439 0 +8.453628719e+01 -4.905371281e+01 -4.905371281e+01 +1.2810e-01 +1.2961e-02 -3.0288e-02 -4.8321e-02 +6.6298e-03 +2.2388e-02 +1.4852e-02 -3.6189e-02 -1.7719e-01 +3.8210e-02
1447 0 +8.263898595e+01 -5.095101405e+01 -5.095101405e+01 +1.2730e-01 +1.4336e-02 -2.4683e-02 -5.4815e-02 +7.2004e-03 +3.0191e-02 +1.9513e-02 -2.6838e-02 -1.8857e-01 +3.5350e-02
1452 0 +8.054298153e+01 -5.304701847e+01 -5.304701847e+01 +1.2051e-01 +1.1292e-02 -1.8479e-02 -5.4729e-02 +5.0463e-03 +3.9508e-02 +1.9420e-02 -1.8677e-02 -1.8536e-01 +3.2110e-02
1467 0 +7.925159138e+01 -5.433840862e+01 -5.433840862e+01 +1.1797e-01 +1.2425e-02 -1.5942e-02 -5.3266e-02 +2.4921e-03 +4.5377e-02 +1.5407e-02 -1.4922e-02 -1.8231e-01 +3.0488e-02
% f evaluations | g evaluations | best noise-free fitness - Fopt (1.000000000000e+03) + sum g_i+ | measured fitness | best measured fitness or single-digit g-values | x1 | x2...
1 0 +1.850036122e+02 +1.185003612e+03 +1.185003612e+03 +0.0000e+00 +0.0000e+00 +0.0000e+00 +0.0000e+00 +0.0000e+00 +0.0000e+00 +0.0000e+00 +0.0000e+00 +0.0000e+00 +0.0000e+00
2 0 +1.849464044e+02 +1.184946404e+03 +1.184946404e+03 +2.5000e-04 +0.0000e+00 +0.0000e+00 +0.0000e+00 +0.0000e+00 +0.0000e+00 +0.0000e+00 +0.0000e+00 +0.0000e+00 +0.0000e+00
47 0 +1.816005839e+02 +1.181600584e+03 +1.181600584e+03 +9.2345e-04 +1.3773e-04 -6.6979e-05 -1.2664e-03 -2.5238e-03 +1.7953e-03 +2.9910e-05 +9.7020e-04 -1.7941e-04 +1.4687e-03
62 0 +1.765019057e+02 +1.176501906e+03 +1.176501906e+03 +1.8375e-03 -5.5406e-04 -3.6459e-04 -2.7808e-03 -5.7595e-03 +4.6247e-03 +7.5194e-04 +2.1908e-03 -3.8797e-04 +2.8675e-03
67 0 +1.734879521e+02 +1.173487952e+03 +1.173487952e+03 +2.4202e-03 -6.8821e-04 +1.9097e-04 -3.7670e-03 -7.0966e-03 +5.7802e-03 +1.1994e-03 +2.9240e-03 -6.4223e-04 +3.6092e-03
76 0 +1.659814234e+02 +1.165981423e+03 +1.165981423e+03 +3.5744e-03 -1.6228e-03 -4.2770e-04 -5.6453e-03 -1.0885e-02 +9.7540e-03 +1.9802e-03 +4.4750e-03 -1.2115e-03 +5.6933e-03
79 0 +1.653082930e+02 +1.165308293e+03 +1.165308293e+03 +3.8160e-03 -1.5051e-03 -3.2272e-04 -6.2144e-03 -1.0858e-02 +9.8527e-03 +1.8313e-03 +4.7791e-03 -1.0752e-03 +5.9340e-03
80 0 +1.596574732e+02 +1.159657473e+03 +1.159657473e+03 +4.8053e-03 -1.9806e-03 -3.0179e-04 -7.9312e-03 -1.3407e-02 +1.2467e-02 +2.3710e-03 +6.0733e-03 -1.4188e-03 +7.4672e-03
84 0 +1.584398689e+02 +1.158439869e+03 +1.158439869e+03 +5.0082e-03 -2.4031e-03 -9.5557e-04 -8.0870e-03 -1.4406e-02 +1.3292e-02 +2.2763e-03 +6.4110e-03 -1.5153e-03 +7.7219e-03
85 0 +1.516487691e+02 +1.151648769e+03 +1.151648769e+03 +6.3022e-03 -3.2606e-03 -1.5288e-03 -1.0247e-02 -1.8061e-02 +1.7047e-02 +2.8148e-03 +8.1545e-03 -1.9518e-03 +9.7783e-03
89 0 +1.511651564e+02 +1.151165156e+03 +1.151165156e+03 +6.3095e-03 -3.4039e-03 -5.2275e-04 -1.0246e-02 -1.8373e-02 +1.6944e-02 +3.4144e-03 +8.1943e-03 -2.0144e-03 +9.7204e-03
90 0 +1.449133036e+02 +1.144913304e+03 +1.144913304e+03 +7.7966e-03 -4.6299e-03 -5.1460e-04 -1.2759e-02 -2.2782e-02 +2.1210e-02 +4.5804e-03 +1.0222e-02 -2.5089e-03 +1.1995e-02
94 0 +1.433481163e+02 +1.143348116e+03 +1.143348116e+03 +8.5049e-03 -4.3393e-03 -1.0922e-03 -1.3505e-02 -2.3527e-02 +2.2334e-02 +3.8388e-03 +1.0659e-02 -2.8175e-03 +1.3176e-02
95 0 +1.394364123e+02 +1.139436412e+03 +1.139436412e+03 +1.0685e-02 -5.5645e-03 -1.4900e-03 -1.6801e-02 -2.9034e-02 +2.7930e-02 +4.6122e-03 +1.3156e-02 -3.5757e-03 +1.6699e-02
155 0 +1.377659019e+02 +1.137765902e+03 +1.137765902e+03 +1.0980e-02 -3.8931e-03 -1.3029e-04 -1.7218e-02 -3.0081e-02 +2.8834e-02 +3.7744e-03 +1.2318e-02 -3.6926e-03 +1.8609e-02
174 0 +1.345501368e+02 +1.134550137e+03 +1.134550137e+03 +1.1535e-02 -1.2482e-03 +2.7971e-03 -1.7248e-02 -2.9572e-02 +2.9513e-02 +6.0380e-04 +1.0134e-02 -4.2335e-03 +2.2868e-02
185 0 +1.310681656e+02 +1.131068166e+03 +1.131068166e+03 +1.2090e-02 +5.2115e-03 +9.6516e-03 -1.6934e-02 -2.8831e-02 +3.0248e-02 -4.9589e-03 +5.0697e-03 -5.3270e-03 +3.0786e-02
205 0 +1.287025812e+02 +1.128702581e+03 +1.128702581e+03 +1.4766e-02 +9.2783e-03 +1.6099e-02 -1.8680e-02 -2.8233e-02 +3.4065e-02 -1.1776e-02 +1.2125e-03 -7.4383e-03 +4.2392e-02
226 0 +1.254360272e+02 +1.125436027e+03 +1.125436027e+03 +1.4034e-02 +5.5374e-03 +1.4729e-02 -1.7863e-02 -2.0365e-02 +3.2128e-02 -1.3971e-02 +6.7499e-04 -8.0946e-03 +4.1926e-02
235 0 +1.218995185e+02 +1.121899519e+03 +1.121899519e+03 +1.7767e-02 +7.6982e-03 +2.2498e-02 -2.1103e-02 -1.6480e-02 +3.8178e-02 -2.4362e-02 -3.3123e-03 -1.1227e-02 +5.7953e-02
251 0 +1.202167419e+02 +1.120216742e+03 +1.120216742e+03 +2.1149e-02 +8.5806e-03 +2.8449e-02 -2.2298e-02 -6.3973e-03 +4.1327e-02 -3.8193e-02 -9.2471e-03 -1.4188e-02 +7.4114e-02
366 0 +1.174631020e+02 +1.117463102e+03 +1.117463102e+03 +1.9653e-02 +7.6903e-03 +1.2762e-02 -1.9542e-02 -1.0872e-02 +3.8742e-02 -3.4954e-02 -5.8653e-03 -8.9828e-03 +6.3437e-02
385 0 +1.147293147e+02 +1.114729315e+03 +1.114729315e+03 +2.1745e-02 +8.0606e-03 -2.8259e-03 -1.9581e-02 -1.6701e-02 +4.2334e-02 -3.8862e-02 -3.3892e-03 -4.5100e-03 +6.3279e-02
514 0 +1.121267536e+02 +1.112126754e+03 +1.112126754e+03 +1.9065e-02 +1.1360e-02 -3.6478e-03 -1.8047e-02 -1.5008e-02 +4.7217e-02 -5.0661e-02 -9.5824e-03 +5.7717e-05 +7.3137e-02
540 0 +1.094973308e+02 +1.109497331e+03 +1.109497331e+03 +1.0182e-02 +1.2687e-02 +2.0821e-02 -1.7899e-02 -8.4031e-03 +5.2428e-02 -5.6155e-02 -1.9694e-02 +5.1014e-04 +8.5539e-02
567 0 +1.071263979e+02 +1.107126398e+03 +1.107126398e+03 -2.3017e-04 +2.2603e-02 +4.2623e-02 -1.6147e-02 -1.2923e-02 +6.0842e-02 -6.3985e-02 -3.2701e-02 +5.7862e-03 +1.0017e-01
590 0 +1.043655415e+02 +1.104365541e+03 +1.104365541e+03 -1.0503e-02 +3.3566e-02 +5.3918e-02 -1.2511e-02 -1.7695e-02 +6.9539e-02 -7.7294e-02 -4.5870e-02 +1.4286e-02 +1.1435e-01
600 0 +1.021732614e+02 +1.102173261e+03 +1.102173261e+03 -1.2076e-02 +3.6571e-02 +5.7849e-02 -1.1829e-02 -1.4062e-02 +7.1132e-02 -8.3415e-02 -5.1238e-02 +1.4983e-02 +1.2159e-01
603 0 +9.681805876e+01 +1.096818059e+03 +1.096818059e+03 -2.5036e-02 +4.8032e-02 +6.9544e-02 -7.0953e-03 -2.4939e-02 +7.8237e-02 -8.9918e-02 -6.1734e-02 +2.4617e-02 +1.2746e-01
611 0 +9.075324690e+01 +1.090753247e+03 +1.090753247e+03 -2.6029e-02 +5.2947e-02 +6.8219e-02 -5.3632e-03 -2.3844e-02 +8.0295e-02 -9.8944e-02 -6.7292e-02 +2.7567e-02 +1.3497e-01
628 0 +8.766426285e+01 +1.087664263e+03 +1.087664263e+03 -3.1550e-02 +6.0818e-02 +7.2053e-02 -2.9134e-03 -2.8454e-02 +8.5664e-02 -1.0760e-01 -7.4895e-02 +3.3170e-02 +1.4320e-01
633 0 +8.680381259e+01 +1.086803813e+03 +1.086803813e+03 -3.0613e-02 +6.2004e-02 +6.5078e-02 -2.2212e-03 -3.0284e-02 +8.5769e-02 -1.0940e-01 -7.4386e-02 +3.4958e-02 +1.4243e-01
658 0 +8.491623681e+01 +1.084916237e+03 +1.084916237e+03 -3.1220e-02 +6.2680e-02 +6.8255e-02 -2.0402e-03 -2.5516e-02 +8.6145e-02 -1.1338e-01 -7.7762e-02 +3.4566e-02 +1.4735e-01
829 0 +8.317206924e+01 +1.083172069e+03 +1.083172069e+03 -3.0801e-02 +6.3819e-02 +5.9952e-02 -1.4264e-03 -2.3036e-02 +8.9504e-02 -1.2300e-01 -8.0489e-02 +3.7581e-02 +1.5379e-01
1143 0 +8.127151325e+01 +1.081271513e+03 +1.081271513e+03 -3.2922e-02 +6.6492e-02 +4.4684e-02 -2.4371e-03 -2.2722e-02 +9.8456e-02 -1.3254e-01 -7.2068e-02 +1.6648e-02 +1.4590e-01
1423 0 +7.908802888e+01 +1.079088029e+03 +1.079088029e+03 -3.9293e-02 +6.5670e-02 +4.8955e-02 +4.5633e-03 -2.7053e-02 +1.0216e-01 -1.4885e-01 -6.9900e-02 +1.4958e-02 +1.4364e-01
1460 0 +7.748760440e+01 +1.077487604e+03 +1.077487604e+03 -4.0933e-02 +6.4467e-02 +5.7337e-02 +1.0172e-02 -2.5571e-02 +9.6610e-02 -1.5420e-01 -6.5179e-02 +5.1617e-03 +1.3451e-01
% f evaluations | g evaluations | best noise-free fitness - Fopt (9.780000000000e+00) + sum g_i+ | measured fitness | best measured fitness or single-digit g-values | x1 | x2...
1 0 +1.626440371e+02 +1.724240371e+02 +1.724240371e+02 +0.0000e+00 +0.0000e+00 +0.0000e+00 +0.0000e+00 +0.0000e+00 +0.0000e+00 +0.0000e+00 +0.0000e+00 +0.0000e+00 +0.0000e+00
2 0 +1.625816131e+02 +1.723616131e+02 +1.723616131e+02 +2.5000e-04 +0.0000e+00 +0.0000e+00 +0.0000e+00 +0.0000e+00 +0.0000e+00 +0.0000e+00 +0.0000e+00 +0.0000e+00 +0.0000e+00
19 0 +1.621792998e+02 +1.719592998e+02 +1.719592998e+02 +1.6174e-04 -1.3826e-04 +1.6174e-04 -6.6355e-05 +5.1741e-05 +1.6174e-04 +3.3408e-06 -2.4883e-04 -2.8339e-05 +1.6174e-04
48 0 +1.580489974e+02 +1.678289974e+02 +1.678289974e+02 +1.1894e-03 -8.8765e-04 +4.1026e-04 -6.2286e-04 +4.9436e-04 +1.7586e-03 +3.0785e-04 -3.7967e-03 -2.1077e-04 +1.2800e-03
59 0 +1.545661108e+02 +1.643461108e+02 +1.643461108e+02 +2.1789e-03 -2.2822e-03 +1.4883e-03 -1.1082e-03 +5.1086e-04 +2.6819e-03 +7.3125e-04 -6.7338e-03 -1.1299e-04 +1.8682e-03
69 0 +1.494840544e+02 +1.592640544e+02 +1.592640544e+02 +3.5105e-03 -3.7266e-03 +2.2259e-03 -1.9763e-03 +4.2811e-04 +5.0519e-03 +1.1996e-03 -1.1023e-02 +4.7228e-05 +3.2753e-03
74 0 +1.461776394e+02 +1.559576394e+02 +1.559576394e+02 +4.3970e-03 -4.6837e-03 +3.0925e-03 -2.2042e-03 +8.7453e-04 +6.5722e-03 +1.6149e-03 -1.4607e-02 +1.7477e-04 +3.5428e-03
79 0 +1.425206833e+02 +1.523006833e+02 +1.523006833e+02 +5.8956e-03 -6.0128e-03 +3.1444e-03 -2.8977e-03 +1.4459e-03 +8.5937e-03 +2.1069e-03 -1.7514e-02 +1.2206e-04 +4.6871e-03
83 0 +1.392104102e+02 +1.489904102e+02 +1.489904102e+02 +6.9358e-03 -8.0060e-03 +4.9309e-03 -3.5344e-03 +1.3681e-03 +1.0588e-02 +2.4761e-03 -2.1687e-02 -8.7656e-05 +5.6857e-03
87 0 +1.349977476e+02 +1.447777476e+02 +1.447777476e+02 +9.0606e-03 -1.0312e-02 +5.9673e-03 -4.1413e-03 +2.1109e-03 +1.3961e-02 +3.4720e-03 -2.8894e-02 +3.6511e-04 +6.7662e-03
91 0 +1.342882694e+02 +1.440682694e+02 +1.440682694e+02 +9.7896e-03 -1.0649e-02 +5.8927e-03 -4.7253e-03 +1.9389e-03 +1.4498e-02 +3.4707e-03 -2.9260e-02 +1.6561e-04 +7.6263e-03
111 0 +1.316173688e+02 +1.413973688e+02 +1.413973688e+02 +1.5027e-02 -1.5918e-02 +8.0825e-03 -6.8051e-03 +4.0999e-03 +2.2236e-02 +5.4356e-03 -4.3272e-02 +2.6806e-04 +1.0855e-02
133 0 +1.284065138e+02 +1.381865138e+02 +1.381865138e+02 +1.5268e-02 -1.4604e-02 +4.9450e-03 -7.1695e-03 +4.8722e-03 +2.1696e-02 +5.0454e-03 -3.9238e-02 -3.3588e-04 +1.1109e-02
142 0 +1.252629607e+02 +1.350429607e+02 +1.350429607e+02 +1.8189e-02 -1.5479e-02 +2.3988e-03 -8.1144e-03 +7.2027e-03 +2.4441e-02 +5.3523e-03 -4.1563e-02 -9.2621e-04 +1.2513e-02
151 0 +1.224382059e+02 +1.322182059e+02 +1.322182059e+02 +1.9366e-02 -1.4236e-02 -2.6842e-03 -8.8776e-03 +9.3654e-03 +2.5065e-02 +5.3914e-03 -3.7231e-02 -1.4242e-03 +1.2857e-02
211 0 +1.202127571e+02 +1.299927571e+02 +1.299927571e+02 +2.4784e-02 -1.5899e-02 -7.2975e-03 -1.0629e-02 +1.4357e-02 +2.9494e-02 +6.3117e-03 -4.1332e-02 -2.2900e-03 +1.5586e-02
247 0 +1.169838876e+02 +1.267638876e+02 +1.267638876e+02 +2.6825e-02 -1.7560e-02 -4.2199e-03 -9.7106e-03 +2.1486e-02 +2.7571e-02 +6.6428e-03 -4.4356e-02 -4.6289e-03 +1.5223e-02
349 0 +1.147590022e+02 +1.245390022e+02 +1.245390022e+02 +3.0709e-02 -1.6713e-02 -6.5872e-03 -9.7881e-03 +3.1251e-02 +2.4959e-02 +6.4859e-03 -4.4170e-02 -8.7736e-03 +1.7639e-02
382 0 +1.119564890e+02 +1.217364890e+02 +1.217364890e+02 +3.2213e-02 -1.2843e-02 -1.2399e-02 -1.3085e-02 +3.0924e-02 +2.3663e-02 +4.4260e-03 -4.2260e-02 -1.4335e-02 +2.7102e-02
388 0 +1.088107768e+02 +1.185907768e+02 +1.185907768e+02 +3.3087e-02 -1.0274e-02 -1.6981e-02 -1.5641e-02 +3.1155e-02 +2.2028e-02 +2.4356e-03 -3.8036e-02 -1.9228e-02 +3.3570e-02
394 0 +1.062124900e+02 +1.159924900e+02 +1.159924900e+02 +3.1430e-02 -5.3084e-03 -2.0181e-02 -1.7750e-02 +2.8464e-02 +1.7894e-02 +1.0347e-04 -3.3933e-02 -2.3086e-02 +4.0125e-02
399 0 +1.026495974e+02 +1.124295974e+02 +1.124295974e+02 +3.3770e-02 -2.0990e-03 -2.6900e-02 -2.0217e-02 +3.0149e-02 +1.7329e-02 -1.2600e-03 -3.1058e-02 -2.7603e-02 +4.7338e-02
404 0 +9.984867770e+01 +1.096286777e+02 +1.096286777e+02 +3.3440e-02 +3.1533e-03 -3.2846e-02 -2.3441e-02 +2.7816e-02 +1.4257e-02 -3.7281e-03 -2.6313e-02 -3.2295e-02 +5.5301e-02
409 0 +9.693682063e+01 +1.067168206e+02 +1.067168206e+02 +3.2895e-02 +8.7399e-03 -4.0351e-02 -2.7622e-02 +2.3493e-02 +1.2285e-02 -6.9576e-03 -1.9936e-02 -3.8560e-02 +6.6279e-02
412 0 +9.514037240e+01 +1.049203724e+02 +1.049203724e+02 +3.7224e-02 +1.2547e-02 -4.9089e-02 -3.1279e-02 +2.8801e-02 +1.0896e-02 -9.0180e-03 -1.6578e-02 -4.6541e-02 +7.6847e-02
460 0 +9.297658622e+01 +1.027565862e+02 +1.027565862e+02 +3.9509e-02 +9.0175e-03 -4.8885e-02 -3.1456e-02 +3.3896e-02 +1.2557e-02 -9.0024e-03 -1.4906e-02 -4.8778e-02 +7.5831e-02
511 0 +9.114723083e+01 +1.009272308e+02 +1.009272308e+02 +3.7185e-02 +5.3275e-03 -4.4364e-02 -3.1873e-02 +3.5294e-02 +1.1591e-02 -1.0860e-02 -8.0000e-03 -5.3895e-02 +7.4469e-02
983 0 +8.911962049e+01 +9.889962049e+01 +9.889962049e+01 +2.9927e-02 +1.4188e-02 -5.0907e-02 -3.0561e-02 +3.5308e-02 +2.5621e-02 -7.6304e-03 -1.8348e-03 -6.7267e-02 +7.1719e-02
1031 0 +8.708077647e+01 +9.686077647e+01 +9.686077647e+01 +2.2568e-02 +2.4235e-02 -5.8076e-02 -4.4374e-02 +4.1852e-02 +3.6420e-02 -9.6676e-03 +1.2287e-02 -9.0632e-02 +6.3281e-02
1068 0 +8.511338575e+01 +9.489338575e+01 +9.489338575e+01 +1.1933e-02 +3.6037e-02 -6.4030e-02 -5.9376e-02 +4.4830e-02 +4.6430e-02 -1.2416e-02 +2.8749e-02 -1.1429e-01 +5.2957e-02
1086 0 +8.315740039e+01 +9.293740039e+01 +9.293740039e+01 +1.1829e-02 +3.8729e-02 -6.6065e-02 -6.5761e-02 +4.3385e-02 +4.0884e-02 -1.6221e-02 +3.2995e-02 -1.1782e-01 +5.7472e-02
1113 0 +8.121615959e+01 +9.099615959e+01 +9.099615959e+01 +1.5314e-02 +4.0760e-02 -7.2500e-02 -8.4576e-02 +4.4833e-02 +3.2366e-02 -2.4417e-02 +4.2134e-02 -1.2405e-01 +6.0928e-02
1158 0 +7.942123570e+01 +8.920123570e+01 +8.920123570e+01 +1.6649e-02 +3.8242e-02 -7.0878e-02 -9.5044e-02 +4.6423e-02 +2.7258e-02 -2.8410e-02 +4.5732e-02 -1.2350e-01 +5.4956e-02
1229 0 +7.760152627e+01 +8.738152627e+01 +8.738152627e+01 +1.7922e-02 +3.2369e-02 -6.3884e-02 -1.0232e-01 +4.7031e-02 +2.3275e-02 -3.1229e-02 +4.4054e-02 -1.2098e-01 +4.8640e-02
% f evaluations | g evaluations | best noise-free fitness - Fopt (1.491100000000e+02) + sum g_i+ | measured fitness | best measured fitness or single-digit g-values | x1 | x2...
1 0 +1.280216431e+02 +2.771316431e+02 +2.771316431e+02 +0.0000e+00 +0.0000e+00 +0.0000e+00 +0.0000e+00 +0.0000e+00 +0.0000e+00 +0.0000e+00 +0.0000e+00 +0.0000e+00 +0.0000e+00
2 0 +1.279447456e+02 +2.770547456e+02 +2.770547456e+02 +2.5000e-04 +0.0000e+00 +0.0000e+00 +0.0000e+00 +0.0000e+00 +0.0000e+00 +0.0000e+00 +0.0000e+00 +0.0000e+00 +0.0000e+00
39 0 +1.255784783e+02 +2.746884783e+02 +2.746884783e+02 +6.2660e-04 +1.5212e-04 -1.2422e-04 -5.4830e-04 -1.8662e-03 +8.3278e-04 +3.7104e-04 -6.1066e-04 +9.0978e-04 +4.3747e-04
52 0 +1.227361878e+02 +2.718461878e+02 +2.718461878e+02 +1.1285e-03 +9.2040e-05 -3.6889e-04 -1.3044e-03 -4.3530e-03 +1.8782e-03 +1.2751e-03 -8.8866e-04 +1.9576e-03 +9.3204e-04
62 0 +1.190964677e+02 +2.682064677e+02 +2.682064677e+02 +2.7104e-03 +3.8003e-04 -9.9103e-04 -2.8764e-03 -7.7031e-03 +3.3457e-03 +2.1615e-03 -1.2090e-03 +2.8426e-03 +1.8048e-03
67 0 +1.161247230e+02 +2.652347230e+02 +2.652347230e+02 +3.3959e-03 +2.9280e-04 -8.1697e-04 -4.0923e-03 -1.0524e-02 +4.0196e-03 +3.1079e-03 -1.3421e-03 +4.0532e-03 +2.3417e-03
72 0 +1.129112237e+02 +2.620212237e+02 +2.620212237e+02 +4.7123e-03 +2.0632e-04 -1.7811e-03 -4.8701e-03 -1.3263e-02 +5.5574e-03 +3.4102e-03 -1.7275e-03 +5.2608e-03 +3.0052e-03
77 0 +1.096002135e+02 +2.587102135e+02 +2.587102135e+02 +6.0625e-03 +2.2687e-04 -1.9332e-03 -7.5344e-03 -1.6859e-02 +7.2210e-03 +5.0998e-03 -1.9084e-03 +6.3857e-03 +4.0337e-03
82 0 +1.061475966e+02 +2.552575966e+02 +2.552575966e+02 +6.4869e-03 +4.4532e-04 -2.1983e-03 -8.2854e-03 -2.1836e-02 +9.3759e-03 +6.6550e-03 -2.7148e-03 +8.3134e-03 +4.6133e-03
86 0 +1.038124060e+02 +2.529224060e+02 +2.529224060e+02 +9.1239e-03 +5.2177e-04 -2.7423e-03 -1.1483e-02 -2.6295e-02 +1.1523e-02 +7.7315e-03 -3.8421e-03 +1.0284e-02 +6.0501e-03
134 0 +1.020872287e+02 +2.511972287e+02 +2.511972287e+02 +1.0224e-02 -1.7163e-04 -2.4140e-03 -1.4113e-02 -2.7912e-02 +1.3849e-02 +8.3413e-03 -5.4615e-03 +1.2152e-02 +6.7282e-03
152 0 +9.978457809e+01 +2.488945781e+02 +2.488945781e+02 +1.0175e-02 -1.6149e-03 -9.3939e-04 -1.5568e-02 -2.4370e-02 +1.4311e-02 +7.3869e-03 -7.2760e-03 +1.3204e-02 +6.3875e-03
161 0 +9.770729619e+01 +2.468172962e+02 +2.468172962e+02 +1.0653e-02 -2.1791e-03 +4.1592e-04 -1.7089e-02 -2.0231e-02 +1.4622e-02 +5.8761e-03 -1.0722e-02 +1.4612e-02 +6.0788e-03
212 0 +9.546527565e+01 +2.445752757e+02 +2.445752757e+02 +1.2675e-02 -5.3042e-03 +4.2889e-03 -2.4051e-02 -1.7461e-02 +1.7810e-02 +5.6585e-03 -1.6553e-02 +1.9972e-02 +6.4398e-03
274 0 +9.318041862e+01 +2.422904186e+02 +2.422904186e+02 +4.1413e-03 -9.4154e-03 +1.1844e-02 -3.3960e-02 -1.6394e-02 +2.2713e-02 +1.6295e-02 -1.3799e-02 +2.0187e-02 +6.0368e-03
320 0 +9.083055880e+01 +2.399405588e+02 +2.399405588e+02 -1.3107e-03 -1.6678e-02 +1.9993e-02 -4.0893e-02 -2.1867e-02 +2.9244e-02 +2.4711e-02 -9.7480e-03 +1.9387e-02 +5.2302e-03
336 0 +8.907113436e+01 +2.381811344e+02 +2.381811344e+02 -4.6607e-03 -2.4394e-02 +2.5839e-02 -4.5572e-02 -2.0578e-02 +3.3856e-02 +2.8151e-02 -6.9992e-03 +1.8138e-02 +4.0513e-03
472 0 +8.699156530e+01 +2.361015653e+02 +2.361015653e+02 -5.8631e-03 -2.9847e-02 +3.6726e-02 -4.6897e-02 -2.4848e-02 +3.6682e-02 +2.9322e-02 -6.5645e-03 +1.3686e-02 +4.6924e-04
532 0 +8.504652521e+01 +2.341565252e+02 +2.341565252e+02 -2.9642e-03 -2.2311e-02 +3.2836e-02 -3.8459e-02 -2.7405e-02 +4.1255e-02 +2.1107e-02 -1.3849e-02 +8.9829e-03 -8.2856e-04
555 0 +8.313050874e+01 +2.322405087e+02 +2.322405087e+02 -3.5308e-03 -1.8114e-02 +2.2858e-02 -3.0950e-02 -2.5601e-02 +5.3412e-02 +1.3422e-02 -1.7623e-02 +2.6684e-03 -4.2073e-04
573 0 +8.111191453e+01 +2.302219145e+02 +2.302219145e+02 -1.1729e-02 -2.8160e-02 +2.9402e-02 -3.7729e-02 -1.9807e-02 +7.3972e-02 +1.5449e-02 -1.8808e-02 -4.5063e-03 -2.8006e-03
607 0 +7.922276185e+01 +2.283327619e+02 +2.283327619e+02 -1.6544e-02 -3.0690e-02 +3.1850e-02 -3.4735e-02 -2.2959e-02 +8.2693e-02 +1.5730e-02 -1.8099e-02 -9.5242e-03 -4.6589e-03
620 0 +7.761096675e+01 +2.267209668e+02 +2.267209668e+02 -2.5760e-02 -3.7595e-02 +3.7990e-02 -3.1456e-02 -1.9599e-02 +8.9488e-02 +1.7084e-02 -1.4859e-02 -1.4714e-02 -8.0842e-03
626 0 +7.556983479e+01 +2.246798348e+02 +2.246798348e+02 -2.7295e-02 -3.8177e-02 +4.0288e-02 -2.9636e-02 -2.6784e-02 +9.0836e-02 +1.9391e-02 -1.4228e-02 -1.3754e-02 -8.3719e-03
639 0 +7.387301939e+01 +2.229830194e+02 +2.229830194e+02 -3.3839e-02 -4.7441e-02 +4.8570e-02 -2.6168e-02 -3.2027e-02 +9.2336e-02 +2.3232e-02 -8.7425e-03 -1.3402e-02 -1.0736e-02
675 0 +7.227527197e+01 +2.213852720e+02 +2.213852720e+02 -3.7652e-02 -4.8471e-02 +4.9151e-02 -2.1771e-02 -3.1815e-02 +9.4015e-02 +2.3013e-02 -8.8525e-03 -1.2991e-02 -1.1759e-02
697 0 +7.043685738e+01 +2.195468574e+02 +2.195468574e+02 -4.2384e-02 -5.4884e-02 +4.8791e-02 -2.1213e-02 -3.2736e-02 +1.0161e-01 +2.5185e-02 -8.0690e-03 -9.0291e-03 -1.1021e-02
714 0 +6.904319228e+01 +2.181531923e+02 +2.181531923e+02 -4.1655e-02 -5.1625e-02 +4.5516e-02 -1.0149e-02 -3.2066e-02 +9.4231e-02 +2.0162e-02 -1.1097e-02 -3.6969e-03 -1.1618e-02
1041 0 +6.757484373e+01 +2.166848437e+02 +2.166848437e+02 -5.3968e-02 -5.5160e-02 +5.7103e-02 -2.4591e-02 -3.1234e-02 +1.0548e-01 +2.3341e-02 -1.0108e-02 -3.5126e-03 -1.0346e-02
1180 0 +6.602621106e+01 +2.151362111e+02 +2.151362111e+02 -6.0394e-02 -4.1470e-02 +6.4286e-02 -2.3802e-02 -3.4311e-02 +1.0206e-01 +1.2748e-02 -1.6258e-02 -3.2971e-03 -1.0006e-02
1713 0 +6.453921497e+01 +2.136492150e+02 +2.136492150e+02 -6.0795e-02 -3.2207e-02 +6.4715e-02 -3.6690e-02 -3.5704e-02 +9.8147e-02 +8.6963e-03 -1.8350e-02 +1.7107e-03 -1.4168e-02
1828 0 +6.305486858e+01 +2.121648686e+02 +2.121648686e+02 -5.8266e-02 -4.9803e-02 +5.8840e-02 -5.1637e-02 -2.7402e-02 +1.0957e-01 +1.4055e-02 -1.5128e-02 +7.5168e-03 -3.0881e-02
% f evaluations | g evaluations | best noise-free fitness - Fopt (1.663200000000e+02) + sum g_i+ | measured fitness | best measured fitness or single-digit g-values | x1 | x2...
1 0 +1.408283490e+02 +3.071483490e+02 +3.071483490e+02 +0.0000e+00 +0.0000e+00 +0.0000e+00 +0.0000e+00 +0.0000e+00 +0.0000e+00 +0.0000e+00 +0.0000e+00 +0.0000e+00 +0.0000e+00
2 0 +1.406107186e+02 +3.069307186e+02 +3.069307186e+02 +2.5000e-04 +0.0000e+00 +0.0000e+00 +0.0000e+00 +0.0000e+00 +0.0000e+00 +0.0000e+00 +0.0000e+00 +0.0000e+00 +0.0000e+00
51 0 +1.380264559e+02 +3.043464559e+02 +3.043464559e+02 +1.3730e-03 -7.2268e-04 +5.5957e-04 +5.7104e-04 -1.6358e-03 +1.2951e-03 -6.4861e-04 -7.3739e-04 +1.5188e-03 -3.5049e-04
65 0 +1.334857444e+02 +2.998057444e+02 +2.998057444e+02 +3.5930e-03 -2.0091e-03 +1.8212e-03 +1.7519e-03 -4.7511e-03 +3.9660e-03 -1.9782e-03 -2.1372e-03 +4.3501e-03 -1.5692e-03
71 0 +1.315038703e+02 +2.978238703e+02 +2.978238703e+02 +4.5676e-03 -2.1292e-03 +2.2553e-03 +2.2385e-03 -6.2014e-03 +4.9871e-03 -3.0190e-03 -2.8640e-03 +6.4765e-03 -1.5037e-03
81 0 +1.276871603e+02 +2.940071603e+02 +2.940071603e+02 +7.6208e-03 -3.9702e-03 +4.3009e-03 +3.3418e-03 -1.0687e-02 +8.6170e-03 -4.4996e-03 -4.7910e-03 +1.0201e-02 -2.8169e-03
89 0 +1.258433866e+02 +2.921633866e+02 +2.921633866e+02 +1.2210e-02 -6.4058e-03 +6.2979e-03 +5.7610e-03 -1.6947e-02 +1.3694e-02 -7.1338e-03 -7.8612e-03 +1.5753e-02 -4.5809e-03
144 0 +1.224301707e+02 +2.887501707e+02 +2.887501707e+02 +1.5045e-02 -4.3007e-03 +7.2287e-03 +7.1024e-03 -1.6315e-02 +1.5472e-02 -8.6058e-03 -9.8265e-03 +1.4495e-02 -8.8167e-03
173 0 +1.200984122e+02 +2.864184122e+02 +2.864184122e+02 +1.8646e-02 -8.8285e-04 +8.3721e-03 +8.5170e-03 -1.4035e-02 +1.6606e-02 -1.0080e-02 -1.1839e-02 +1.1621e-02 -1.5630e-02
202 0 +1.165188664e+02 +2.828388664e+02 +2.828388664e+02 +2.4947e-02 +2.7296e-03 +1.1407e-02 +8.2145e-03 -1.4158e-02 +1.2822e-02 -8.7810e-03 -1.1696e-02 +7.8172e-03 -2.2444e-02
210 0 +1.148014025e+02 +2.811214025e+02 +2.811214025e+02 +2.7759e-02 +6.2522e-03 +1.2262e-02 +6.5386e-03 -1.3115e-02 +9.5132e-03 -7.4442e-03 -1.0435e-02 +5.0771e-03 -2.3610e-02
222 0 +1.120018154e+02 +2.783218154e+02 +2.783218154e+02 +3.8150e-02 +1.0257e-02 +1.6970e-02 +7.5899e-03 -1.5924e-02 +7.3338e-03 -7.0204e-03 -1.1741e-02 +2.0949e-03 -3.4574e-02
227 0 +1.091071098e+02 +2.754271098e+02 +2.754271098e+02 +4.0957e-02 +1.2709e-02 +1.8422e-02 +5.0309e-03 -1.5669e-02 +7.1694e-04 -3.6494e-03 -8.9302e-03 -1.4160e-03 -3.4521e-02
229 0 +1.064961733e+02 +2.728161733e+02 +2.728161733e+02 +3.4267e-02 +6.6551e-03 +1.5445e-02 +5.2893e-03 -1.9716e-02 +5.2995e-03 -4.4630e-03 -8.7593e-03 +6.0914e-03 -2.4729e-02
237 0 +1.046889538e+02 +2.710089538e+02 +2.710089538e+02 +4.6814e-02 +1.5834e-02 +2.1502e-02 +7.8063e-05 -1.8549e-02 -1.0118e-02 +3.0964e-03 -3.5857e-03 -5.6581e-03 -3.3324e-02
241 0 +1.016456066e+02 +2.679656066e+02 +2.679656066e+02 +5.2003e-02 +1.5686e-02 +2.4045e-02 +2.3212e-03 -2.3373e-02 -1.0168e-02 +2.6258e-03 -5.0962e-03 -3.2946e-03 -3.9061e-02
243 0 +9.855903333e+01 +2.648790333e+02 +2.648790333e+02 +4.4701e-02 +1.0888e-02 +2.0591e-02 +9.7127e-04 -2.2779e-02 -8.2247e-03 +3.2376e-03 -3.7000e-03 -1.3445e-03 -2.9622e-02
246 0 +9.493937851e+01 +2.612593785e+02 +2.612593785e+02 +4.7898e-02 +1.0764e-02 +2.1981e-02 +2.1786e-03 -2.7105e-02 -5.6106e-03 +9.7184e-04 -4.7401e-03 +3.1161e-03 -3.1103e-02
253 0 +9.254523351e+01 +2.588652335e+02 +2.588652335e+02 +5.1356e-02 +9.7136e-03 +2.3797e-02 +2.6781e-03 -3.1448e-02 -7.1900e-03 +2.7568e-03 -4.7957e-03 +4.0258e-03 -3.2842e-02
270 0 +8.976067992e+01 +2.560806799e+02 +2.560806799e+02 +6.2672e-02 +1.1603e-02 +2.8963e-02 +7.3917e-04 -4.1503e-02 -1.3918e-02 +6.0524e-03 -2.1046e-03 +6.7253e-03 -3.5516e-02
361 0 +8.911689798e+01 +2.554368980e+02 +2.554368980e+02 +6.4894e-02 +1.1786e-02 +2.9907e-02 +2.6967e-03 -4.2468e-02 -1.0285e-02 +4.1157e-03 -4.7725e-03 +7.5085e-03 -3.9158e-02
422 0 +8.701611362e+01 +2.533361136e+02 +2.533361136e+02 +6.8838e-02 +8.5265e-03 +3.2358e-02 +4.2082e-03 -4.1954e-02 -6.5916e-03 +3.5219e-03 -7.9434e-03 +3.8979e-03 -3.9221e-02
439 0 +8.503351784e+01 +2.513535178e+02 +2.513535178e+02 +7.2428e-02 +4.4436e-03 +3.4762e-02 +5.1022e-03 -3.8729e-02 -2.1723e-03 +2.9600e-03 -1.1395e-02 -2.5214e-03 -3.6814e-02
639 0 +8.314948946e+01 +2.494694895e+02 +2.494694895e+02 +7.5226e-02 +1.6533e-03 +3.6646e-02 +3.6011e-03 -3.1918e-02 -3.0126e-03 +2.0553e-03 -1.0948e-02 -9.1721e-03 -2.9448e-02
692 0 +8.098116693e+01 +2.473011669e+02 +2.473011669e+02 +7.6303e-02 +3.0095e-03 +4.0242e-02 +6.8954e-03 -2.7396e-02 -1.1896e-02 +6.8665e-04 -9.5379e-03 -5.7817e-03 -3.1543e-02
709 0 +7.889317166e+01 +2.452131717e+02 +2.452131717e+02 +7.9698e-02 -1.2545e-03 +4.5561e-02 +1.1266e-02 -2.4579e-02 -1.4792e-02 +1.1925e-04 -1.2024e-02 -6.5615e-03 -3.2199e-02
718 0 +7.742116119e+01 +2.437411612e+02 +2.437411612e+02 +8.4059e-02 -5.2955e-03 +5.0793e-02 +1.7345e-02 -2.5341e-02 -1.6163e-02 -8.9460e-04 -1.5886e-02 -4.8805e-03 -3.7187e-02
735 0 +7.585419104e+01 +2.421741910e+02 +2.421741910e+02 +9.0304e-02 -1.4676e-02 +6.0061e-02 +2.6027e-02 -1.8204e-02 -1.5884e-02 -4.9316e-03 -2.2629e-02 -7.1492e-03 -3.6487e-02
1004 0 +7.405399331e+01 +2.403739933e+02 +2.403739933e+02 +8.7330e-02 -9.6806e-03 +6.5549e-02 +2.4835e-02 -1.4755e-02 -1.7182e-02 -6.1620e-04 -2.3590e-02 -4.3223e-03 -3.2278e-02
1041 0 +7.224711272e+01 +2.385671127e+02 +2.385671127e+02 +8.6713e-02 +3.1063e-04 +7.1996e-02 +2.0196e-02 -1.4568e-02 -9.8029e-03 +3.8190e-03 -2.6738e-02 -8.2148e-04 -2.6835e-02
1055 0 +7.050448587e+01 +2.368244859e+02 +2.368244859e+02 +8.0747e-02 +7.1823e-03 +7.6846e-02 +1.5603e-02 -1.1423e-02 -1.4845e-03 +7.1096e-03 -2.9325e-02 +3.6208e-03 -1.6092e-02
1081 0 +6.905923683e+01 +2.353792368e+02 +2.353792368e+02 +8.0570e-02 +9.7304e-03 +8.0851e-02 +1.4055e-02 -1.8105e-02 +6.7128e-03 +1.1285e-02 -3.3367e-02 +7.6455e-03 -1.4655e-02
1276 0 +6.760381778e+01 +2.339238178e+02 +2.339238178e+02 +7.7525e-02 +1.0884e-02 +9.3278e-02 +1.1333e-02 -2.1757e-02 +2.2022e-02 +1.5031e-02 -3.9396e-02 +1.4107e-02 -1.2887e-02
1844 0 +6.606382320e+01 +2.323838232e+02 +2.323838232e+02 +7.0212e-02 +9.6108e-03 +1.0525e-01 +2.6155e-03 -2.9861e-02 +3.5693e-02 +2.0894e-02 -3.7263e-02 +1.6451e-02 -1.2016e-02
1944 0 +6.450972295e+01 +2.308297230e+02 +2.308297230e+02 +7.4163e-02 +1.4047e-02 +9.7471e-02 +9.1906e-03 -3.6429e-02 +2.9545e-02 +1.3251e-02 -3.2276e-02 +1.0492e-02 -8.0721e-03
% f evaluations | g evaluations | best noise-free fitness - Fopt (-3.053000000000e+01) + sum g_i+ | measured fitness | best measured fitness or single-digit g-values | x1 | x2...
1 0 +1.945226517e+02 +1.639926517e+02 +1.639926517e+02 +0.0000e+00 +0.0000e+00 +0.0000e+00 +0.0000e+00 +0.0000e+00 +0.0000e+00 +0.0000e+00 +0.0000e+00 +0.0000e+00 +0.0000e+00
3 0 +1.944496532e+02 +1.639196532e+02 +1.639196532e+02 +0.0000e+00 +2.5000e-04 +0.0000e+00 +0.0000e+00 +0.0000e+00 +0.0000e+00 +0.0000e+00 +0.0000e+00 +0.0000e+00 +0.0000e+00
60 0 +1.892610095e+02 +1.587310095e+02 +1.587310095e+02 -2.3558e-03 +1.3147e-03 +2.6563e-03 +1.4674e-03 -6.2504e-03 +3.6446e-03 +1.0705e-03 +3.2763e-04 +6.4404e-04 -8.6223e-04
70 0 +1.839484226e+02 +1.534184226e+02 +1.534184226e+02 -4.0683e-03 +1.4833e-03 +4.7532e-03 +2.9918e-03 -1.0509e-02 +6.1002e-03 +1.8898e-03 +6.0188e-04 +1.6572e-03 -2.3861e-03
75 0 +1.793889082e+02 +1.488589082e+02 +1.488589082e+02 -5.5434e-03 +2.1053e-03 +5.8661e-03 +3.5215e-03 -1.3595e-02 +8.7546e-03 +2.7285e-03 +5.5966e-04 +2.0870e-03 -2.8502e-03
80 0 +1.733998897e+02 +1.428698897e+02 +1.428698897e+02 -7.1650e-03 +2.4679e-03 +8.3404e-03 +5.0103e-03 -1.7619e-02 +1.0591e-02 +3.2713e-03 +7.3955e-04 +2.5654e-03 -3.6295e-03
85 0 +1.665037376e+02 +1.359737376e+02 +1.359737376e+02 -8.7224e-03 +2.8717e-03 +9.8779e-03 +6.7998e-03 -2.2486e-02 +1.4042e-02 +3.9212e-03 +9.2695e-04 +3.8064e-03 -5.3406e-03
89 0 +1.654377948e+02 +1.349077948e+02 +1.349077948e+02 -9.1764e-03 +3.6930e-03 +1.0360e-02 +6.6258e-03 -2.3479e-02 +1.4663e-02 +4.2036e-03 +1.1085e-03 +3.3215e-03 -5.4753e-03
90 0 +1.594903346e+02 +1.289603346e+02 +1.289603346e+02 -1.1094e-02 +4.8524e-03 +1.2484e-02 +8.1804e-03 -2.8792e-02 +1.7948e-02 +5.0236e-03 +1.4665e-03 +3.8572e-03 -6.8217e-03
94 0 +1.544590507e+02 +1.239290507e+02 +1.239290507e+02 -1.3833e-02 +5.1863e-03 +1.5538e-02 +9.8801e-03 -3.6136e-02 +2.1678e-02 +6.3639e-03 +1.9821e-03 +5.6674e-03 -7.5573e-03
163 0 +1.506149517e+02 +1.200849517e+02 +1.200849517e+02 -1.4952e-02 +5.8605e-03 +1.7143e-02 +1.3177e-02 -4.0158e-02 +2.0743e-02 +6.2523e-03 +4.0272e-03 +6.4052e-03 -8.9698e-03
174 0 +1.477625428e+02 +1.172325428e+02 +1.172325428e+02 -1.5182e-02 +6.0562e-03 +1.7343e-02 +1.4329e-02 -4.2931e-02 +1.8066e-02 +5.9009e-03 +6.1789e-03 +7.1902e-03 -7.6299e-03
187 0 +1.434261586e+02 +1.128961586e+02 +1.128961586e+02 -1.5808e-02 +6.8012e-03 +1.8494e-02 +1.8379e-02 -4.7824e-02 +1.3127e-02 +5.1710e-03 +1.0489e-02 +8.2720e-03 -7.5123e-03
196 0 +1.410614134e+02 +1.105314134e+02 +1.105314134e+02 -1.4798e-02 +6.4385e-03 +1.7717e-02 +1.8910e-02 -4.7992e-02 +6.6560e-03 +4.0897e-03 +1.3756e-02 +8.5602e-03 -4.7979e-03
372 0 +1.378422977e+02 +1.073122977e+02 +1.073122977e+02 -1.7602e-02 +3.6692e-03 +1.6547e-02 +2.8205e-02 -4.6498e-02 +7.9592e-03 +3.9694e-03 +1.2539e-02 +1.1050e-02 -1.1421e-02
412 0 +1.345364274e+02 +1.040064274e+02 +1.040064274e+02 -2.1807e-02 -2.0819e-03 +1.4825e-02 +3.1456e-02 -4.4143e-02 +6.5426e-03 +5.2185e-03 +1.2482e-02 +1.2372e-02 -7.6118e-03
423 0 +1.306255681e+02 +1.000955681e+02 +1.000955681e+02 -2.6662e-02 -8.3258e-03 +1.3446e-02 +3.3524e-02 -4.4990e-02 +1.0020e-03 +6.5557e-03 +1.5750e-02 +1.3233e-02 +1.8372e-03
431 0 +1.276279097e+02 +9.709790971e+01 +9.709790971e+01 -2.8868e-02 -1.1240e-02 +1.2616e-02 +3.2439e-02 -4.5021e-02 +3.4324e-05 +7.7167e-03 +1.6348e-02 +1.3287e-02 +7.7102e-03
437 0 +1.254328196e+02 +9.490281958e+01 +9.490281958e+01 -3.5046e-02 -1.9933e-02 +1.0421e-02 +3.5535e-02 -4.4013e-02 -5.9902e-03 +9.3868e-03 +1.9166e-02 +1.4845e-02 +1.7927e-02
444 0 +1.228951877e+02 +9.236518773e+01 +9.236518773e+01 -4.0027e-02 -2.5671e-02 +9.0832e-03 +3.6968e-02 -4.4270e-02 -8.8846e-03 +1.1356e-02 +2.1189e-02 +1.5285e-02 +2.6179e-02
449 0 +1.196530471e+02 +8.912304707e+01 +8.912304707e+01 -4.4160e-02 -3.4916e-02 +5.1841e-03 +3.3285e-02 -3.8390e-02 -1.2601e-02 +1.3172e-02 +2.0820e-02 +1.5391e-02 +4.0455e-02
452 0 +1.158309046e+02 +8.530090464e+01 +8.530090464e+01 -4.7285e-02 -3.6424e-02 +5.8599e-03 +3.5840e-02 -3.9294e-02 -7.5898e-03 +1.4732e-02 +1.8828e-02 +1.6369e-02 +3.7902e-02
461 0 +1.144534592e+02 +8.392345915e+01 +8.392345915e+01 -5.5168e-02 -4.6817e-02 +3.3522e-03 +3.4088e-02 -4.1759e-02 -1.8124e-02 +1.7856e-02 +2.5486e-02 +1.6734e-02 +6.0464e-02
463 0 +1.115986589e+02 +8.106865888e+01 +8.106865888e+01 -5.5770e-02 -4.9252e-02 +1.6890e-03 +3.3030e-02 -3.6939e-02 -1.4654e-02 +1.8523e-02 +2.2018e-02 +1.6427e-02 +6.0245e-02
464 0 +1.080006491e+02 +7.747064912e+01 +7.747064912e+01 -6.1096e-02 -5.7024e-02 -9.6582e-04 +3.1499e-02 -3.3452e-02 -1.3848e-02 +2.1313e-02 +2.0652e-02 +1.6564e-02 +6.9933e-02
470 0 +1.041956181e+02 +7.366561812e+01 +7.366561812e+01 -6.6454e-02 -6.3487e-02 -2.0022e-03 +2.8690e-02 -3.3632e-02 -1.3927e-02 +2.4149e-02 +2.1091e-02 +1.6977e-02 +8.1169e-02
476 0 +1.016050034e+02 +7.107500345e+01 +7.107500345e+01 -6.6064e-02 -6.2886e-02 -2.5671e-03 +3.0324e-02 -2.8402e-02 -1.7428e-03 +2.4673e-02 +1.2939e-02 +1.6718e-02 +7.0219e-02
481 0 +9.898430533e+01 +6.845430533e+01 +6.845430533e+01 -7.2606e-02 -7.0903e-02 -4.5241e-03 +2.3719e-02 -2.9983e-02 -5.4708e-03 +2.8838e-02 +1.6037e-02 +1.6065e-02 +9.0679e-02
661 0 +9.769982093e+01 +6.716982093e+01 +6.716982093e+01 -7.5058e-02 -7.2367e-02 -2.7175e-03 +2.6355e-02 -3.0574e-02 -1.3725e-03 +2.9068e-02 +1.3862e-02 +1.8045e-02 +8.7293e-02
709 0 +9.525117229e+01 +6.472117229e+01 +6.472117229e+01 -7.6813e-02 -7.6859e-02 +7.9547e-03 +2.3585e-02 -2.9576e-02 -1.4689e-04 +2.3632e-02 +9.3657e-03 +2.7663e-02 +8.6185e-02
723 0 +9.331191271e+01 +6.278191271e+01 +6.278191271e+01 -8.5064e-02 -9.0851e-02 +2.0226e-02 +1.9923e-02 -2.5971e-02 +8.0237e-04 +1.8840e-02 +3.0917e-03 +4.1477e-02 +9.4300e-02
954 0 +9.117868300e+01 +6.064868300e+01 +6.064868300e+01 -9.8311e-02 -1.1384e-01 +3.8954e-02 +9.7448e-03 -1.8619e-02 +4.1079e-03 +1.2293e-02 -7.3485e-03 +6.0395e-02 +1.0907e-01
999 0 +8.899392445e+01 +5.846392445e+01 +5.846392445e+01 -1.0735e-01 -1.2666e-01 +4.3390e-02 +5.2153e-03 -1.4748e-02 +5.5551e-03 +1.2849e-02 -8.9488e-03 +6.1818e-02 +1.1692e-01
1033 0 +8.689653809e+01 +5.636653809e+01 +5.636653809e+01 -1.0399e-01 -1.2217e-01 +3.9677e-02 +3.0261e-03 -1.4364e-02 +4.4335e-03 +1.4214e-02 -5.2375e-03 +5.2587e-02 +1.1209e-01
1102 0 +8.510205614e+01 +5.457205614e+01 +5.457205614e+01 -1.0568e-01 -1.2520e-01 +4.7963e-02 -2.9294e-03 -1.2789e-02 +6.5723e-03 +1.1125e-02 -5.2850e-03 +4.9783e-02 +1.0429e-01
% f evaluations | g evaluations | best noise-free fitness - Fopt (3.266500000000e+02) + sum g_i+ | measured fitness | best measured fitness or single-digit g-values | x1 | x2...
1 0 +1.824714267e+02 +5.091214267e+02 +5.091214267e+02 +0.0000e+00 +0.0000e+00 +0.0000e+00 +0.0000e+00 +0.0000e+00 +0.0000e+00 +0.0000e+00 +0.0000e+00 +0.0000e+00 +0.0000e+00
2 0 +1.823849605e+02 +5.090349605e+02 +5.090349605e+02 +2.5000e-04 +0.0000e+00 +0.0000e+00 +0.0000e+00 +0.0000e+00 +0.0000e+00 +0.0000e+00 +0.0000e+00 +0.0000e+00 +0.0000e+00
24 0 +1.818323399e+02 +5.084823399e+02 +5.084823399e+02 +4.5417e-04 +9.7768e-05 +2.5617e-04 -1.8633e-04 +9.3810e-06 +8.3512e-05 -1.2083e-04 -6.9872e-04 -7.9576e-05 +2.8917e-04
59 0 +1.776650270e+02 +5.043150270e+02 +5.043150270e+02 +2.4288e-03 -1.4549e-03 +2.1760e-03 -3.8629e-04 +6.3046e-04 +1.6643e-03 -6.0101e-04 -6.5064e-03 -7.4759e-04 +2.6068e-03
72 0 +1.737031988e+02 +5.003531988e+02 +5.003531988e+02 +4.4923e-03 -2.2370e-03 +3.4375e-03 -6.6782e-04 +1.1933e-03 +3.0112e-03 -1.6247e-03 -1.1376e-02 -1.6735e-03 +4.9946e-03
78 0 +1.680103940e+02 +4.946603940e+02 +4.946603940e+02 +7.5366e-03 -3.8054e-03 +5.6887e-03 -1.5571e-03 +2.0687e-03 +5.6151e-03 -2.7725e-03 -1.8441e-02 -3.0704e-03 +7.8719e-03
83 0 +1.639196533e+02 +4.905696533e+02 +4.905696533e+02 +9.4100e-03 -5.1339e-03 +7.3062e-03 -1.8063e-03 +2.5991e-03 +6.7473e-03 -3.6567e-03 -2.4318e-02 -3.2947e-03 +1.0901e-02
88 0 +1.588807830e+02 +4.855307830e+02 +4.855307830e+02 +1.1848e-02 -6.2843e-03 +1.0102e-02 -2.5249e-03 +3.6750e-03 +8.2986e-03 -5.1597e-03 -3.0525e-02 -4.8099e-03 +1.3353e-02
92 0 +1.537176700e+02 +4.803676700e+02 +4.803676700e+02 +1.4892e-02 -7.4193e-03 +1.1816e-02 -2.8734e-03 +4.2169e-03 +1.0697e-02 -6.9493e-03 -3.7725e-02 -5.7091e-03 +1.6510e-02
96 0 +1.472689215e+02 +4.739189215e+02 +4.739189215e+02 +1.9021e-02 -9.8677e-03 +1.5391e-02 -3.7163e-03 +5.7768e-03 +1.2961e-02 -8.8740e-03 -4.8932e-02 -7.3207e-03 +2.2330e-02
101 0 +1.415799747e+02 +4.682299747e+02 +4.682299747e+02 +2.5568e-02 -1.2682e-02 +2.0990e-02 -5.5291e-03 +7.9126e-03 +1.7872e-02 -1.2034e-02 -6.4097e-02 -1.0723e-02 +2.8038e-02
105 0 +1.411518606e+02 +4.678018606e+02 +4.678018606e+02 +2.5497e-02 -1.2956e-02 +2.1181e-02 -5.1625e-03 +7.6343e-03 +1.7981e-02 -1.2251e-02 -6.5762e-02 -9.7041e-03 +2.8946e-02
136 0 +1.377112699e+02 +4.643612699e+02 +4.643612699e+02 +2.8885e-02 -1.3833e-02 +2.4972e-02 -5.9347e-03 +9.5518e-03 +2.0416e-02 -1.6151e-02 -7.7086e-02 -1.0025e-02 +3.3806e-02
152 0 +1.341020811e+02 +4.607520811e+02 +4.607520811e+02 +2.7533e-02 -1.2212e-02 +2.5429e-02 -4.1910e-03 +9.1526e-03 +1.9199e-02 -1.9298e-02 -7.7052e-02 -7.7456e-03 +3.4013e-02
164 0 +1.312813275e+02 +4.579313275e+02 +4.579313275e+02 +3.0207e-02 -1.2696e-02 +2.8826e-02 -3.9306e-03 +1.0392e-02 +2.1055e-02 -2.3628e-02 -8.7623e-02 -6.8276e-03 +3.8518e-02
171 0 +1.273294201e+02 +4.539794201e+02 +4.539794201e+02 +3.0046e-02 -1.1019e-02 +3.2450e-02 -1.0586e-03 +1.0399e-02 +2.1628e-02 -3.0053e-02 -9.5438e-02 -3.0347e-03 +4.0739e-02
178 0 +1.252749226e+02 +4.519249226e+02 +4.519249226e+02 +2.3031e-02 -5.2753e-03 +2.8942e-02 +1.8044e-03 +9.9806e-03 +1.5872e-02 -3.3924e-02 -8.4811e-02 +3.0282e-03 +3.7266e-02
212 0 +1.227780657e+02 +4.494280657e+02 +4.494280657e+02 +2.1886e-02 -4.5477e-03 +3.2821e-02 +6.0546e-03 +8.9712e-03 +1.6601e-02 -3.8198e-02 -9.3349e-02 +8.5193e-03 +3.8594e-02
243 0 +1.198387953e+02 +4.464887953e+02 +4.464887953e+02 +1.8285e-02 -6.7893e-03 +3.1968e-02 +8.8782e-03 +6.0634e-03 +1.3113e-02 -3.3659e-02 -8.8234e-02 +1.1733e-02 +3.7629e-02
260 0 +1.173853323e+02 +4.440353323e+02 +4.440353323e+02 +1.4169e-02 -7.2538e-03 +3.5830e-02 +1.5527e-02 +3.3781e-03 +9.0824e-03 -3.6105e-02 -9.2504e-02 +1.9748e-02 +3.9814e-02
278 0 +1.141617162e+02 +4.408117162e+02 +4.408117162e+02 +1.9449e-02 -1.2233e-02 +4.2431e-02 +1.7145e-02 +2.8202e-03 +9.6753e-03 -3.8230e-02 -1.0550e-01 +1.7688e-02 +4.8160e-02
290 0 +1.119766888e+02 +4.386266888e+02 +4.386266888e+02 +2.0152e-02 -1.3661e-02 +4.1883e-02 +1.5742e-02 +3.4888e-03 +7.4044e-03 -3.6977e-02 -1.0367e-01 +1.5851e-02 +5.0652e-02
298 0 +1.092981164e+02 +4.359481164e+02 +4.359481164e+02 +2.0482e-02 -1.7090e-02 +4.4692e-02 +1.7394e-02 +2.6784e-03 +2.6535e-03 -3.7024e-02 -1.0649e-01 +1.6924e-02 +5.7090e-02
302 0 +1.070646329e+02 +4.337146329e+02 +4.337146329e+02 +2.3290e-02 -1.9126e-02 +4.7323e-02 +1.6933e-02 +2.6061e-03 +2.3059e-03 -3.7673e-02 -1.0921e-01 +1.4322e-02 +6.0294e-02
303 0 +1.046061535e+02 +4.312561535e+02 +4.312561535e+02 +2.5185e-02 -2.1864e-02 +5.0407e-02 +1.7280e-02 +2.3596e-03 -4.9930e-04 -3.8475e-02 -1.1207e-01 +1.3180e-02 +6.5642e-02
308 0 +1.011211405e+02 +4.277711405e+02 +4.277711405e+02 +2.3715e-02 -2.3011e-02 +4.9013e-02 +1.8314e-02 +1.1321e-03 -4.9031e-03 -3.6208e-02 -1.0459e-01 +1.2428e-02 +6.5453e-02
312 0 +9.667937942e+01 +4.233293794e+02 +4.233293794e+02 +2.6993e-02 -2.6683e-02 +5.0224e-02 +1.5748e-02 +2.6722e-03 -9.6735e-03 -3.5938e-02 -1.0498e-01 +7.9334e-03 +7.3857e-02
318 0 +9.265903575e+01 +4.193090358e+02 +4.193090358e+02 +3.0968e-02 -3.0985e-02 +5.6689e-02 +1.5404e-02 +3.6366e-03 -1.6823e-02 -3.9677e-02 -1.1065e-01 +5.6223e-03 +8.5688e-02
325 0 +8.867235021e+01 +4.153223502e+02 +4.153223502e+02 +3.0344e-02 -3.3993e-02 +5.5993e-02 +1.6116e-02 +1.5862e-03 -2.2511e-02 -3.6015e-02 -1.0113e-01 +2.8692e-03 +8.7076e-02
326 0 +8.586290639e+01 +4.125129064e+02 +4.125129064e+02 +3.1379e-02 -3.6723e-02 +5.7199e-02 +1.5391e-02 +1.6320e-03 -2.9809e-02 -3.5643e-02 -9.5364e-02 -4.8918e-04 +9.2662e-02
337 0 +8.219911589e+01 +4.088491159e+02 +4.088491159e+02 +3.7275e-02 -4.0407e-02 +5.7301e-02 +1.0813e-02 +2.1475e-03 -2.9844e-02 -3.2621e-02 -9.1613e-02 -1.0001e-02 +9.5192e-02
338 0 +8.073686710e+01 +4.073868671e+02 +4.073868671e+02 +3.9620e-02 -3.9669e-02 +5.6742e-02 +9.0013e-03 +1.9788e-03 -2.5935e-02 -3.2154e-02 -8.9290e-02 -1.4178e-02 +9.1435e-02
369 0 +7.830767850e+01 +4.049576785e+02 +4.049576785e+02 +4.1103e-02 -4.1630e-02 +5.7778e-02 +8.1936e-03 +1.4521e-03 -3.3822e-02 -3.2657e-02 -7.8651e-02 -1.9896e-02 +9.5489e-02
378 0 +7.727841327e+01 +4.039284133e+02 +4.039284133e+02 +4.3416e-02 -4.5091e-02 +5.9195e-02 +8.6128e-03 -1.9152e-03 -3.6529e-02 -3.0095e-02 -7.0604e-02 -2.5123e-02 +9.5531e-02
619 0 +7.585002287e+01 +4.025000229e+02 +4.025000229e+02 +4.2390e-02 -4.1994e-02 +6.3063e-02 +1.0097e-02 -5.1225e-03 -3.8345e-02 -2.6297e-02 -6.6098e-02 -2.0613e-02 +8.1275e-02
1883 0 +7.412602003e+01 +4.007760200e+02 +4.007760200e+02 +3.8163e-02 -4.5155e-02 +7.5958e-02 -1.8423e-03 -3.4173e-04 -3.0940e-02 -2.8160e-02 -6.8710e-02 -1.2797e-02 +6.0652e-02
% f evaluations | g evaluations | best noise-free fitness - Fopt (5.893000000000e+01) + sum g_i+ | measured fitness | best measured fitness or single-digit g-values | x1 | x2...
1 0 +1.770477127e+02 +2.359777127e+02 +2.359777127e+02 +0.0000e+00 +0.0000e+00 +0.0000e+00 +0.0000e+00 +0.0000e+00 +0.0000e+00 +0.0000e+00 +0.0000e+00 +0.0000e+00 +0.0000e+00
2 0 +1.769796756e+02 +2.359096756e+02 +2.359096756e+02 +2.5000e-04 +0.0000e+00 +0.0000e+00 +0.0000e+00 +0.0000e+00 +0.0000e+00 +0.0000e+00 +0.0000e+00 +0.0000e+00 +0.0000e+00
42 0 +1.729346769e+02 +2.318646769e+02 +2.318646769e+02 +7.3507e-04 +5.1402e-04 -1.0157e-03 +8.3897e-04 +9.4410e-04 +5.0293e-04 -2.5218e-03 -2.8295e-04 +6.6617e-04 -3.6867e-04
56 0 +1.686257795e+02 +2.275557795e+02 +2.275557795e+02 +1.6027e-03 +8.8837e-04 -1.8465e-03 +1.6670e-03 +2.0989e-03 +2.1041e-04 -5.4854e-03 -3.7286e-05 +1.6402e-03 -1.1520e-03
64 0 +1.656832026e+02 +2.246132026e+02 +2.246132026e+02 +2.3706e-03 +1.3395e-03 -2.6698e-03 +2.0998e-03 +2.9665e-03 +2.6236e-04 -6.9684e-03 -4.3379e-04 +1.8426e-03 -1.6059e-03
69 0 +1.586943129e+02 +2.176243129e+02 +2.176243129e+02 +3.8042e-03 +1.8621e-03 -4.6248e-03 +2.8915e-03 +4.5606e-03 +1.0267e-03 -1.1567e-02 -4.3131e-04 +3.8716e-03 -2.7155e-03
74 0 +1.543181890e+02 +2.132481890e+02 +2.132481890e+02 +4.9369e-03 +2.9423e-03 -5.9441e-03 +3.6687e-03 +5.5586e-03 +1.7000e-03 -1.4334e-02 -5.0922e-04 +3.3384e-03 -3.1153e-03
78 0 +1.475795034e+02 +2.065095034e+02 +2.065095034e+02 +6.6259e-03 +3.2453e-03 -7.3930e-03 +5.2809e-03 +7.9174e-03 +1.0709e-03 -1.9247e-02 -4.1897e-04 +4.8555e-03 -4.5156e-03
83 0 +1.417298716e+02 +2.006598716e+02 +2.006598716e+02 +7.7650e-03 +4.5178e-03 -1.0077e-02 +5.9677e-03 +9.7676e-03 +2.3954e-03 -2.3628e-02 -8.0268e-04 +6.6446e-03 -5.6933e-03
87 0 +1.368113726e+02 +1.957413726e+02 +1.957413726e+02 +1.0854e-02 +6.3901e-03 -1.3055e-02 +7.9105e-03 +1.2685e-02 +2.6610e-03 -3.0900e-02 -7.3992e-04 +6.8609e-03 -7.1166e-03
91 0 +1.339254588e+02 +1.928554588e+02 +1.928554588e+02 +1.3189e-02 +6.7039e-03 -1.6020e-02 +9.7067e-03 +1.6175e-02 +2.7085e-03 -3.9023e-02 -8.2960e-04 +1.1051e-02 -9.3540e-03
137 0 +1.317539240e+02 +1.906839240e+02 +1.906839240e+02 +1.2327e-02 +7.0856e-03 -1.7023e-02 +9.1482e-03 +1.5731e-02 +5.4219e-03 -3.8323e-02 -1.1460e-03 +9.2315e-03 -7.8319e-03
151 0 +1.285151865e+02 +1.874451865e+02 +1.874451865e+02 +1.2738e-02 +7.4697e-03 -1.9637e-02 +9.4097e-03 +1.7235e-02 +8.1873e-03 -4.2075e-02 -1.6683e-03 +9.8311e-03 -7.1617e-03
162 0 +1.243926149e+02 +1.833226149e+02 +1.833226149e+02 +1.2507e-02 +8.9315e-03 -2.2396e-02 +1.0431e-02 +1.8690e-02 +1.2825e-02 -4.5869e-02 -2.3001e-03 +6.9406e-03 -5.1683e-03
166 0 +1.212921505e+02 +1.802221505e+02 +1.802221505e+02 +1.0218e-02 +8.4317e-03 -2.2193e-02 +7.8041e-03 +1.5833e-02 +1.6464e-02 -4.0685e-02 -2.9142e-03 +5.3491e-03 -2.2760e-03
171 0 +1.173722641e+02 +1.763022641e+02 +1.763022641e+02 +9.2797e-03 +8.9737e-03 -2.4006e-02 +8.1681e-03 +1.6081e-02 +2.0702e-02 -4.1793e-02 -3.4031e-03 +2.6461e-03 -2.6277e-04
179 0 +1.121340431e+02 +1.710640431e+02 +1.710640431e+02 +6.0402e-03 +8.9121e-03 -2.4336e-02 +6.9560e-03 +1.4596e-02 +2.6021e-02 -3.8656e-02 -4.1176e-03 -1.6136e-03 +4.3793e-03
182 0 +1.055345132e+02 +1.644645132e+02 +1.644645132e+02 +6.8452e-03 +8.4035e-03 -2.8192e-02 +7.4256e-03 +1.7821e-02 +2.8932e-02 -4.5453e-02 -4.8880e-03 +1.2980e-03 +4.9949e-03
187 0 +1.007712937e+02 +1.597012937e+02 +1.597012937e+02 +3.7078e-03 +1.1189e-02 -3.3111e-02 +6.6027e-03 +1.7471e-02 +4.1186e-02 -4.6868e-02 -6.5848e-03 -6.0999e-03 +1.1345e-02
191 0 +9.987072716e+01 +1.588007272e+02 +1.588007272e+02 +2.0864e-03 +1.3001e-02 -4.0845e-02 +6.8446e-03 +2.0347e-02 +5.4892e-02 -5.5501e-02 -8.8108e-03 -9.6847e-03 +1.7940e-02
193 0 +9.657874652e+01 +1.555087465e+02 +1.555087465e+02 +1.9671e-03 +1.0139e-02 -3.3688e-02 +6.8161e-03 +1.7946e-02 +4.4359e-02 -4.7496e-02 -7.0024e-03 -7.8990e-03 +1.4498e-02
194 0 +9.450797424e+01 +1.534379742e+02 +1.534379742e+02 -1.1747e-03 +1.0108e-02 -3.6728e-02 +6.6240e-03 +1.8841e-02 +5.2619e-02 -4.9456e-02 -8.1966e-03 -1.2127e-02 +2.0269e-02
221 0 +9.302207341e+01 +1.519520734e+02 +1.519520734e+02 -2.0529e-03 +7.4429e-03 -3.2658e-02 +4.8933e-03 +1.6435e-02 +4.7629e-02 -4.2740e-02 -7.6772e-03 -9.7079e-03 +1.9243e-02
228 0 +9.090586574e+01 +1.498358657e+02 +1.498358657e+02 -5.5620e-03 +5.1001e-03 -3.2474e-02 +4.2210e-03 +1.6701e-02 +5.0506e-02 -4.1363e-02 -7.8097e-03 -1.1505e-02 +2.3464e-02
235 0 +8.755641226e+01 +1.464864123e+02 +1.464864123e+02 -5.2912e-03 +3.4472e-03 -3.1182e-02 +5.5841e-03 +1.8138e-02 +4.7731e-02 -4.3050e-02 -7.6716e-03 -9.8994e-03 +2.3325e-02
239 0 +8.632815578e+01 +1.452581558e+02 +1.452581558e+02 -4.5066e-03 +2.9172e-03 -3.0081e-02 +6.0518e-03 +1.8824e-02 +4.4020e-02 -4.3420e-02 -7.1737e-03 -8.0958e-03 +2.1432e-02
240 0 +8.364733005e+01 +1.425773300e+02 +1.425773300e+02 -5.3249e-03 +1.0248e-03 -2.9212e-02 +6.9659e-03 +2.0388e-02 +4.2390e-02 -4.4910e-02 -6.9627e-03 -7.3678e-03 +2.2361e-02
249 0 +8.192736202e+01 +1.408573620e+02 +1.408573620e+02 -5.9863e-03 -3.3054e-04 -3.0438e-02 +8.7048e-03 +2.3602e-02 +4.3352e-02 -4.9818e-02 -7.6538e-03 -6.5666e-03 +2.4597e-02
255 0 +8.123481585e+01 +1.401648158e+02 +1.401648158e+02 -6.7363e-03 -1.8701e-03 -2.9800e-02 +8.7456e-03 +2.4625e-02 +4.1865e-02 -5.0496e-02 -7.0449e-03 -5.6481e-03 +2.4887e-02
303 0 +7.940983953e+01 +1.383398395e+02 +1.383398395e+02 -5.6524e-03 -4.1372e-03 -2.6364e-02 +9.3777e-03 +2.5014e-02 +3.4402e-02 -4.9148e-02 -6.2564e-03 -1.4743e-03 +2.1838e-02
365 0 +7.761691424e+01 +1.365469142e+02 +1.365469142e+02 -6.6662e-03 -2.8219e-03 -3.1713e-02 +6.2572e-03 +2.6684e-02 +3.9154e-02 -5.2658e-02 -7.8707e-03 +4.5174e-03 +2.2436e-02
476 0 +7.580208438e+01 +1.347320844e+02 +1.347320844e+02 -8.2777e-03 -3.5827e-03 -3.5148e-02 +2.2894e-03 +2.9764e-02 +3.7825e-02 -5.5541e-02 -8.9920e-03 +1.6462e-02 +2.0845e-02
546 0 +7.404383287e+01 +1.329738329e+02 +1.329738329e+02 -1.2097e-02 -6.3411e-04 -3.5785e-02 -1.0936e-03 +3.3157e-02 +3.4372e-02 -5.8631e-02 -7.5649e-03 +2.1043e-02 +1.9333e-02
565 0 +7.236320083e+01 +1.312932008e+02 +1.312932008e+02 -1.6609e-02 +3.3064e-03 -3.7541e-02 -4.2848e-03 +3.3515e-02 +3.7715e-02 -5.7660e-02 -6.9715e-03 +1.8350e-02 +2.0561e-02
582 0 +7.054713832e+01 +1.294771383e+02 +1.294771383e+02 -2.2708e-02 +8.2092e-03 -3.6010e-02 -6.6303e-03 +3.4470e-02 +3.7374e-02 -5.6689e-02 -4.9750e-03 +1.2694e-02 +2.2043e-02
614 0 +6.905909703e+01 +1.279890970e+02 +1.279890970e+02 -2.9574e-02 +1.1491e-02 -3.0868e-02 -5.9154e-03 +3.7295e-02 +3.2292e-02 -5.7568e-02 -5.2218e-04 +3.3887e-03 +2.3325e-02
730 0 +6.760577976e+01 +1.265357798e+02 +1.265357798e+02 -3.0717e-02 +1.7630e-02 -3.1453e-02 -8.3155e-03 +3.7302e-02 +3.5048e-02 -6.1866e-02 -2.2519e-03 +3.4840e-03 +2.7089e-02
% f evaluations | g evaluations | best noise-free fitness - Fopt (4.590000000000e+01) + sum g_i+ | measured fitness | best measured fitness or single-digit g-values | x1 | x2...
1 0 +1.640002210e+02 +2.099002210e+02 +2.099002210e+02 +0.0000e+00 +0.0000e+00 +0.0000e+00 +0.0000e+00 +0.0000e+00 +0.0000e+00 +0.0000e+00 +0.0000e+00 +0.0000e+00 +0.0000e+00
2 0 +1.638212647e+02 +2.097212647e+02 +2.097212647e+02 +2.5000e-04 +0.0000e+00 +0.0000e+00 +0.0000e+00 +0.0000e+00 +0.0000e+00 +0.0000e+00 +0.0000e+00 +0.0000e+00 +0.0000e+00
51 0 +1.619998924e+02 +2.078998924e+02 +2.078998924e+02 +2.1869e-03 -6.4557e-04 -7.2435e-04 +3.5260e-04 +1.3516e-03 -2.7140e-04 +5.9234e-04 -8.4631e-04 -1.5073e-03 -1.0074e-03
73 0 +1.583112123e+02 +2.042112123e+02 +2.042112123e+02 +6.2691e-03 -2.3495e-03 -2.7505e-03 +1.8505e-03 +3.8625e-03 -8.5744e-04 +9.2999e-04 -2.4044e-03 -4.0788e-03 -2.7248e-03
79 0 +1.548214562e+02 +2.007214562e+02 +2.007214562e+02 +1.0197e-02 -4.3165e-03 -5.0425e-03 +3.7943e-03 +6.3530e-03 -1.1833e-03 +1.4377e-03 -3.4489e-03 -6.9551e-03 -4.4763e-03
89 0 +1.487201503e+02 +1.946201503e+02 +1.946201503e+02 +1.7237e-02 -6.8231e-03 -8.5490e-03 +5.9522e-03 +1.0471e-02 -2.2812e-03 +1.7356e-03 -6.1131e-03 -1.0668e-02 -7.2083e-03
94 0 +1.447859888e+02 +1.906859888e+02 +1.906859888e+02 +2.1865e-02 -8.7182e-03 -1.0906e-02 +6.8748e-03 +1.3549e-02 -2.5274e-03 +3.4290e-03 -7.2396e-03 -1.5075e-02 -9.3836e-03
98 0 +1.441326180e+02 +1.900326180e+02 +1.900326180e+02 +2.2896e-02 -9.6718e-03 -1.1023e-02 +7.8770e-03 +1.4215e-02 -3.0010e-03 +2.4493e-03 -7.8932e-03 -1.5038e-02 -9.3750e-03
99 0 +1.402404706e+02 +1.861404706e+02 +1.861404706e+02 +2.8035e-02 -1.2070e-02 -1.3439e-02 +9.6585e-03 +1.7390e-02 -3.6369e-03 +2.6362e-03 -9.6268e-03 -1.8322e-02 -1.1122e-02
103 0 +1.359778219e+02 +1.818778219e+02 +1.818778219e+02 +3.4340e-02 -1.4177e-02 -1.7253e-02 +1.1906e-02 +2.1604e-02 -4.6252e-03 +4.0842e-03 -1.1346e-02 -2.2675e-02 -1.4236e-02
107 0 +1.311584811e+02 +1.770584811e+02 +1.770584811e+02 +4.4659e-02 -1.8408e-02 -2.1732e-02 +1.4629e-02 +2.8007e-02 -5.6982e-03 +5.9092e-03 -1.4565e-02 -3.0803e-02 -1.8751e-02
112 0 +1.263711215e+02 +1.722711215e+02 +1.722711215e+02 +5.9244e-02 -2.4667e-02 -2.8969e-02 +2.0586e-02 +3.6736e-02 -7.9750e-03 +5.0910e-03 -1.9876e-02 -3.8049e-02 -2.3826e-02
131 0 +1.255817698e+02 +1.714817698e+02 +1.714817698e+02 +7.3626e-02 -3.2330e-02 -3.5516e-02 +2.5781e-02 +4.6054e-02 -9.6993e-03 +6.1817e-03 -2.4387e-02 -4.8510e-02 -2.8607e-02
149 0 +1.228958315e+02 +1.687958315e+02 +1.687958315e+02 +6.6359e-02 -2.9855e-02 -3.1949e-02 +2.4652e-02 +4.1547e-02 -9.3689e-03 +4.2696e-03 -2.2428e-02 -4.2105e-02 -2.5462e-02
156 0 +1.197553164e+02 +1.656553164e+02 +1.656553164e+02 +7.2790e-02 -3.4045e-02 -3.4530e-02 +2.8508e-02 +4.5548e-02 -1.1025e-02 +3.0654e-03 -2.5126e-02 -4.4674e-02 -2.7219e-02
157 0 +1.169686422e+02 +1.628686422e+02 +1.628686422e+02 +7.2373e-02 -3.4903e-02 -3.4036e-02 +2.9871e-02 +4.5294e-02 -1.1688e-02 +1.5072e-03 -2.5495e-02 -4.2756e-02 -2.6525e-02
162 0 +1.138695311e+02 +1.597695311e+02 +1.597695311e+02 +8.4127e-02 -4.3096e-02 -3.8922e-02 +3.5575e-02 +5.2167e-02 -1.3259e-02 +9.1205e-04 -2.9471e-02 -5.0024e-02 -2.9109e-02
166 0 +1.076939251e+02 +1.535939251e+02 +1.535939251e+02 +7.6443e-02 -4.0313e-02 -3.3965e-02 +3.5135e-02 +4.7052e-02 -1.3540e-02 -4.1326e-03 -2.8476e-02 -4.1103e-02 -2.5037e-02
171 0 +1.069585662e+02 +1.528585662e+02 +1.528585662e+02 +7.5282e-02 -4.0993e-02 -3.4081e-02 +3.5703e-02 +4.6844e-02 -1.3545e-02 -3.2332e-03 -2.7652e-02 -4.0948e-02 -2.4733e-02
172 0 +1.023126306e+02 +1.482126306e+02 +1.482126306e+02 +7.3502e-02 -4.2717e-02 -3.2811e-02 +3.8162e-02 +4.5682e-02 -1.4348e-02 -5.9550e-03 -2.7807e-02 -3.7346e-02 -2.2844e-02
175 0 +9.688752558e+01 +1.427875256e+02 +1.427875256e+02 +8.8940e-02 -5.3183e-02 -3.8051e-02 +4.5288e-02 +5.4690e-02 -1.6650e-02 -8.9287e-03 -3.3655e-02 -4.5754e-02 -2.5467e-02
179 0 +9.538177659e+01 +1.412817766e+02 +1.412817766e+02 +8.9483e-02 -5.3253e-02 -3.8471e-02 +4.7016e-02 +5.5010e-02 -1.7919e-02 -1.0289e-02 -3.4761e-02 -4.3498e-02 -2.5895e-02
181 0 +9.298429739e+01 +1.388842974e+02 +1.388842974e+02 +8.9323e-02 -5.5065e-02 -3.7564e-02 +4.8604e-02 +5.4881e-02 -1.8307e-02 -1.1775e-02 -3.5109e-02 -4.2611e-02 -2.5041e-02
182 0 +9.092905211e+01 +1.368290521e+02 +1.368290521e+02 +9.6461e-02 -6.3145e-02 -3.9163e-02 +5.6135e-02 +5.9043e-02 -2.0987e-02 -1.6615e-02 -3.9079e-02 -4.3126e-02 -2.4937e-02
184 0 +8.553348874e+01 +1.314334887e+02 +1.314334887e+02 +8.0541e-02 -5.7734e-02 -3.1740e-02 +5.3416e-02 +4.9112e-02 -1.9641e-02 -2.0597e-02 -3.4694e-02 -2.9602e-02 -1.7724e-02
189 0 +8.492428159e+01 +1.308242816e+02 +1.308242816e+02 +8.6566e-02 -6.4331e-02 -3.2756e-02 +5.9116e-02 +5.1914e-02 -2.2018e-02 -2.5215e-02 -3.7913e-02 -2.9609e-02 -1.7033e-02
284 0 +8.317613119e+01 +1.290761312e+02 +1.290761312e+02 +8.4179e-02 -6.2194e-02 -3.3670e-02 +5.6480e-02 +5.1118e-02 -2.0768e-02 -2.2079e-02 -3.5205e-02 -3.1176e-02 -1.6647e-02
301 0 +8.127686111e+01 +1.271768611e+02 +1.271768611e+02 +8.2548e-02 -6.3884e-02 -3.4327e-02 +5.6340e-02 +5.0049e-02 -2.0571e-02 -2.2143e-02 -3.2804e-02 -3.1302e-02 -1.3118e-02
374 0 +7.942665866e+01 +1.253266587e+02 +1.253266587e+02 +8.1552e-02 -6.4185e-02 -3.8783e-02 +5.7684e-02 +4.9779e-02 -2.1802e-02 -2.1910e-02 -3.0731e-02 -2.9140e-02 -9.9229e-03
490 0 +7.762363458e+01 +1.235236346e+02 +1.235236346e+02 +8.3204e-02 -6.3093e-02 -5.1699e-02 +6.7560e-02 +5.5177e-02 -2.7508e-02 -2.3168e-02 -3.4549e-02 -1.9414e-02 -1.0144e-02
573 0 +7.585659282e+01 +1.217565928e+02 +1.217565928e+02 +8.1913e-02 -6.4287e-02 -5.2290e-02 +6.8865e-02 +5.8962e-02 -2.9357e-02 -2.4657e-02 -3.9784e-02 -1.7141e-02 -6.0351e-03
621 0 +7.405739200e+01 +1.199573920e+02 +1.199573920e+02 +7.6712e-02 -6.5464e-02 -4.6771e-02 +6.2409e-02 +6.0336e-02 -3.0430e-02 -2.7295e-02 -4.6505e-02 -1.6281e-02 +7.3896e-03
% f evaluations | g evaluations | best noise-free fitness - Fopt (-1.022300000000e+02) + sum g_i+ | measured fitness | best measured fitness or single-digit g-values | x1 | x2...
1 0 +1.823181126e+02 +8.008811260e+01 +8.008811260e+01 +0.0000e+00 +0.0000e+00 +0.0000e+00 +0.0000e+00 +0.0000e+00 +0.0000e+00 +0.0000e+00 +0.0000e+00 +0.0000e+00 +0.0000e+00
2 0 +1.823074318e+02 +8.007743181e+01 +8.007743181e+01 +2.5000e-04 +0.0000e+00 +0.0000e+00 +0.0000e+00 +0.0000e+00 +0.0000e+00 +0.0000e+00 +0.0000e+00 +0.0000e+00 +0.0000e+00
16 0 +1.819446734e+02 +7.971467340e+01 +7.971467340e+01 +1.2960e-04 +1.2960e-04 +1.2960e-04 +1.2960e-04 -3.5400e-05 -1.0800e-04 -4.4540e-04 -6.8400e-05 +1.2960e-04 +1.2960e-04
54 0 +1.772592703e+02 +7.502927029e+01 +7.502927029e+01 +2.0221e-04 +1.1849e-03 +1.3725e-03 +2.4313e-03 -7.7513e-04 -1.5938e-03 -3.3020e-03 -1.6222e-03 +1.3469e-03 -2.1619e-04
64 0 +1.734683312e+02 +7.123833118e+01 +7.123833118e+01 +5.9988e-04 +1.4921e-03 +2.5752e-03 +4.5119e-03 -9.6848e-04 -2.6834e-03 -5.6917e-03 -3.5792e-03 +1.9491e-03 -4.7648e-04
73 0 +1.673374918e+02 +6.510749175e+01 +6.510749175e+01 +1.1341e-03 +2.5786e-03 +4.3420e-03 +7.2188e-03 -1.7759e-03 -4.6015e-03 -8.8540e-03 -5.6651e-03 +3.5287e-03 -1.6329e-03
77 0 +1.626179029e+02 +6.038790291e+01 +6.038790291e+01 +1.2626e-03 +3.5902e-03 +5.4636e-03 +9.3714e-03 -2.3062e-03 -6.0038e-03 -1.2801e-02 -7.3486e-03 +3.9968e-03 -5.9322e-04
82 0 +1.615273959e+02 +5.929739588e+01 +5.929739588e+01 +1.3778e-03 +4.0838e-03 +5.8513e-03 +9.4351e-03 -2.2012e-03 -6.1737e-03 -1.2936e-02 -7.9335e-03 +4.5697e-03 -1.8738e-03
83 0 +1.566310810e+02 +5.440108097e+01 +5.440108097e+01 +1.7216e-03 +5.2943e-03 +7.2451e-03 +1.1364e-02 -2.5458e-03 -7.6250e-03 -1.6035e-02 -1.0014e-02 +5.6958e-03 -2.2762e-03
87 0 +1.501175220e+02 +4.788752197e+01 +4.788752197e+01 +2.1939e-03 +6.3257e-03 +8.7985e-03 +1.4981e-02 -3.4518e-03 -9.5250e-03 -1.9443e-02 -1.2558e-02 +6.5602e-03 -2.5401e-03
92 0 +1.433336232e+02 +4.110362316e+01 +4.110362316e+01 +2.9561e-03 +8.0653e-03 +1.1580e-02 +1.8888e-02 -4.5364e-03 -1.2316e-02 -2.6637e-02 -1.5821e-02 +9.0913e-03 -2.5937e-03
96 0 +1.344241615e+02 +3.219416153e+01 +3.219416153e+01 +4.0480e-03 +1.1017e-02 +1.5627e-02 +2.4363e-02 -5.2087e-03 -1.6091e-02 -3.3318e-02 -2.1845e-02 +1.1855e-02 -5.7603e-03
102 0 +1.302549266e+02 +2.802492656e+01 +2.802492656e+01 +5.3631e-03 +1.4041e-02 +1.9474e-02 +3.1323e-02 -7.0276e-03 -2.0913e-02 -4.2635e-02 -2.7870e-02 +1.5061e-02 -4.9825e-03
106 0 +1.252093835e+02 +2.297938354e+01 +2.297938354e+01 +6.1100e-03 +1.8256e-02 +2.4505e-02 +3.9244e-02 -9.1123e-03 -2.6164e-02 -5.4346e-02 -3.4311e-02 +1.9010e-02 -7.3456e-03
111 0 +1.169290635e+02 +1.469906353e+01 +1.469906353e+01 +8.4931e-03 +2.2289e-02 +3.2105e-02 +5.0749e-02 -1.1227e-02 -3.3392e-02 -6.9171e-02 -4.5553e-02 +2.4785e-02 -9.6806e-03
115 0 +1.030039236e+02 +7.739235868e-01 +7.739235868e-01 +1.0865e-02 +3.0297e-02 +4.0724e-02 +6.5883e-02 -1.4958e-02 -4.3953e-02 -9.1586e-02 -5.8563e-02 +3.1718e-02 -9.3488e-03
119 0 +1.017777202e+02 -4.522798246e-01 -4.522798246e-01 +1.0756e-02 +3.0148e-02 +4.1149e-02 +6.4913e-02 -1.4469e-02 -4.3407e-02 -8.9355e-02 -5.8535e-02 +3.1787e-02 -1.2186e-02
165 0 +9.991364618e+01 -2.316353820e+00 -2.316353820e+00 +1.1952e-02 +3.3124e-02 +4.5681e-02 +7.2051e-02 -1.5570e-02 -4.8020e-02 -9.8046e-02 -6.5673e-02 +3.4900e-02 -1.4492e-02
193 0 +9.725380761e+01 -4.976192388e+00 -4.976192388e+00 +1.0807e-02 +3.1428e-02 +4.3595e-02 +6.6823e-02 -1.3068e-02 -4.4829e-02 -8.9450e-02 -6.3591e-02 +3.2069e-02 -1.6721e-02
204 0 +9.485189850e+01 -7.378101500e+00 -7.378101500e+00 +1.0813e-02 +3.3638e-02 +4.5936e-02 +6.9461e-02 -1.1858e-02 -4.7002e-02 -9.1203e-02 -6.9329e-02 +3.2234e-02 -1.9122e-02
220 0 +9.315641757e+01 -9.073582428e+00 -9.073582428e+00 +9.5483e-03 +3.4245e-02 +4.6010e-02 +6.7697e-02 -8.3735e-03 -4.6514e-02 -8.4198e-02 -7.3154e-02 +2.9061e-02 -2.3146e-02
351 0 +9.111906186e+01 -1.111093814e+01 -1.111093814e+01 +8.2209e-03 +3.9238e-02 +4.6233e-02 +6.7659e-02 -8.7970e-03 -4.7946e-02 -8.9676e-02 -7.3696e-02 +2.7556e-02 -1.7624e-02
426 0 +8.910429856e+01 -1.312570144e+01 -1.312570144e+01 +6.0071e-03 +4.7279e-02 +4.6796e-02 +6.6764e-02 -1.3410e-02 -5.1073e-02 -8.4392e-02 -6.8027e-02 +2.5563e-02 -1.9674e-02
671 0 +8.704905498e+01 -1.518094502e+01 -1.518094502e+01 +1.7108e-02 +4.5701e-02 +5.5330e-02 +6.2968e-02 -1.3088e-02 -4.2881e-02 -8.9899e-02 -6.7882e-02 +2.0935e-02 -2.1096e-02
977 0 +8.509889939e+01 -1.713110061e+01 -1.713110061e+01 +3.8841e-02 +4.0815e-02 +7.3274e-02 +6.0784e-02 -8.2821e-03 -3.0099e-02 -9.3361e-02 -7.7867e-02 +4.2679e-03 -2.0592e-02
1030 0 +8.298818167e+01 -1.924181833e+01 -1.924181833e+01 +3.4115e-02 +4.7302e-02 +6.9944e-02 +5.3764e-02 -3.9038e-03 -4.0568e-02 -8.4335e-02 -8.2940e-02 +1.1093e-02 -1.5817e-02
1377 0 +8.124326786e+01 -2.098673214e+01 -2.098673214e+01 +5.0795e-02 +4.3590e-02 +8.8582e-02 +5.0407e-02 +1.1182e-03 -3.6475e-02 -9.1806e-02 -9.6080e-02 +5.4741e-03 -1.1369e-02
1427 0 +7.940763636e+01 -2.282236364e+01 -2.282236364e+01 +4.5640e-02 +3.6695e-02 +1.0517e-01 +4.9246e-02 +3.6388e-04 -3.6884e-02 -9.2668e-02 -9.7935e-02 +4.5675e-03 -1.5246e-02
1456 0 +7.733324056e+01 -2.489675944e+01 -2.489675944e+01 +3.5011e-02 +3.7839e-02 +1.1206e-01 +4.5389e-02 -2.7743e-03 -4.3714e-02 -8.8016e-02 -9.3602e-02 +8.3695e-03 -1.5463e-02
1490 0 +7.555054351e+01 -2.667945649e+01 -2.667945649e+01 +3.2110e-02 +3.1028e-02 +1.2806e-01 +4.6273e-02 -6.5897e-03 -4.4412e-02 -9.2781e-02 -9.2524e-02 +7.8625e-03 -1.4719e-02
1517 0 +7.399241117e+01 -2.823758883e+01 -2.823758883e+01 +2.5743e-02 +2.6964e-02 +1.4453e-01 +4.6346e-02 -1.0459e-02 -5.0338e-02 -9.6609e-02 -9.2749e-02 +9.5629e-03 -1.0052e-02
1566 0 +7.243537250e+01 -2.979462750e+01 -2.979462750e+01 +2.0166e-02 +1.9183e-02 +1.5688e-01 +4.7939e-02 -1.2176e-02 -5.6950e-02 -9.5156e-02 -9.5229e-02 +9.7925e-03 -1.8117e-03
1596 0 +7.068496104e+01 -3.154503896e+01 -3.154503896e+01 +2.5617e-02 +9.7647e-03 +1.7418e-01 +5.3570e-02 -1.1420e-02 -5.4716e-02 -9.8016e-02 -1.0400e-01 -1.1913e-04 +1.8672e-03
% f evaluations | g evaluations | best noise-free fitness - Fopt (1.498100000000e+02) + sum g_i+ | measured fitness | best measured fitness or single-digit g-values | x1 | x2...
1 0 +1.715129321e+02 +3.213229321e+02 +3.213229321e+02 +0.0000e+00 +0.0000e+00 +0.0000e+00 +0.0000e+00 +0.0000e+00 +0.0000e+00 +0.0000e+00 +0.0000e+00 +0.0000e+00 +0.0000e+00
2 0 +1.713132397e+02 +3.211232397e+02 +3.211232397e+02 +2.5000e-04 +0.0000e+00 +0.0000e+00 +0.0000e+00 +0.0000e+00 +0.0000e+00 +0.0000e+00 +0.0000e+00 +0.0000e+00 +0.0000e+00
31 0 +1.698027942e+02 +3.196127942e+02 +3.196127942e+02 +6.2872e-04 +2.7042e-04 +3.5938e-04 -5.5785e-04 +5.6694e-04 -3.1090e-04 +2.4373e-04 -1.6332e-04 -5.6115e-04 -3.3093e-04
54 0 +1.648955296e+02 +3.147055296e+02 +3.147055296e+02 +2.5988e-03 +2.8120e-04 +1.5516e-03 -3.5985e-03 +2.4343e-03 -1.7993e-03 +1.2789e-03 -4.8603e-04 -2.3814e-03 -2.3452e-04
63 0 +1.610813536e+02 +3.108913536e+02 +3.108913536e+02 +3.9683e-03 -1.1275e-04 +2.5043e-03 -7.2287e-03 +4.2496e-03 -2.6075e-03 +2.0691e-03 -6.7035e-04 -2.4298e-03 -7.5749e-05
71 0 +1.582604155e+02 +3.080704155e+02 +3.080704155e+02 +5.5706e-03 +1.9401e-05 +3.4941e-03 -9.1978e-03 +5.3519e-03 -3.3703e-03 +2.5607e-03 -1.1523e-03 -3.4723e-03 -1.8473e-04
76 0 +1.536994045e+02 +3.035094045e+02 +3.035094045e+02 +9.0641e-03 -1.4241e-04 +5.6198e-03 -1.4880e-02 +9.0937e-03 -6.5400e-03 +4.7082e-03 -1.3888e-03 -6.6374e-03 +1.6305e-05
111 0 +1.513069430e+02 +3.011169430e+02 +3.011169430e+02 +1.4346e-02 -7.2014e-05 +8.7069e-03 -2.3417e-02 +1.3584e-02 -8.6676e-03 +6.6107e-03 -3.1435e-03 -8.5618e-03 -4.4524e-04
139 0 +1.475294363e+02 +2.973394363e+02 +2.973394363e+02 +1.3785e-02 -1.3790e-03 +6.2691e-03 -3.1368e-02 +9.9878e-03 -3.7660e-03 +4.9033e-03 -3.1041e-03 +1.0429e-03 +2.5396e-03
164 0 +1.440678888e+02 +2.938778888e+02 +2.938778888e+02 +2.0282e-02 -4.4845e-03 +6.4543e-03 -6.1172e-02 +1.0883e-02 -2.7272e-04 +5.2587e-03 -4.4145e-03 +1.5445e-02 +9.5937e-03
176 0 +1.384028809e+02 +2.882128809e+02 +2.882128809e+02 +2.8721e-02 -6.9859e-03 +9.2650e-03 -8.8038e-02 +1.4819e-02 -2.2395e-05 +7.6073e-03 -6.1674e-03 +2.2777e-02 +1.4401e-02
183 0 +1.353946639e+02 +2.852046639e+02 +2.852046639e+02 +2.9598e-02 -8.3739e-03 +7.9949e-03 -9.8767e-02 +1.3984e-02 +2.3939e-03 +6.4722e-03 -5.9172e-03 +3.0208e-02 +1.7630e-02
184 0 +1.264496913e+02 +2.762596913e+02 +2.762596913e+02 +3.4497e-02 -1.0566e-02 +8.6081e-03 -1.1978e-01 +1.5698e-02 +3.8249e-03 +6.9363e-03 -6.5173e-03 +3.9201e-02 +2.2396e-02
189 0 +1.199950500e+02 +2.698050500e+02 +2.698050500e+02 +4.0418e-02 -1.3451e-02 +1.0816e-02 -1.4336e-01 +1.9090e-02 +4.4343e-03 +8.9270e-03 -7.8061e-03 +4.6584e-02 +2.7398e-02
224 0 +1.173126219e+02 +2.671226219e+02 +2.671226219e+02 +4.0514e-02 -1.2894e-02 +1.2475e-02 -1.3805e-01 +2.2114e-02 +3.7833e-04 +1.0313e-02 -6.9689e-03 +4.0648e-02 +2.5220e-02
250 0 +1.136207807e+02 +2.634307807e+02 +2.634307807e+02 +3.9001e-02 -1.3041e-02 +1.3682e-02 -1.3286e-01 +2.5004e-02 -3.4210e-03 +1.1155e-02 -5.3092e-03 +3.6024e-02 +2.3713e-02
259 0 +1.117854887e+02 +2.615954887e+02 +2.615954887e+02 +3.9225e-02 -1.2888e-02 +1.3903e-02 -1.3246e-01 +2.6183e-02 -5.4670e-03 +1.1660e-02 -4.3661e-03 +3.5081e-02 +2.3433e-02
268 0 +1.086178110e+02 +2.584278110e+02 +2.584278110e+02 +3.9513e-02 -1.4997e-02 +1.5091e-02 -1.4030e-01 +2.9361e-02 -7.2736e-03 +1.2561e-02 -3.1119e-03 +3.7596e-02 +2.5353e-02
270 0 +1.060983327e+02 +2.559083327e+02 +2.559083327e+02 +3.7135e-02 -1.5310e-02 +1.4328e-02 -1.3660e-01 +2.9248e-02 -6.8706e-03 +1.1779e-02 -2.2876e-03 +3.6756e-02 +2.4927e-02
276 0 +1.025970767e+02 +2.524070767e+02 +2.524070767e+02 +3.2920e-02 -1.4294e-02 +1.3571e-02 -1.2359e-01 +2.8950e-02 -9.5533e-03 +1.1416e-02 -7.1895e-05 +3.2496e-02 +2.2407e-02
279 0 +1.004228678e+02 +2.502328678e+02 +2.502328678e+02 +3.4063e-02 -1.5567e-02 +1.4894e-02 -1.2812e-01 +3.1705e-02 -1.0787e-02 +1.2660e-02 -8.7767e-05 +3.2587e-02 +2.2726e-02
280 0 +9.566520067e+01 +2.454752007e+02 +2.454752007e+02 +3.2183e-02 -1.7068e-02 +1.5056e-02 -1.2876e-01 +3.3973e-02 -1.2638e-02 +1.2982e-02 +1.8147e-03 +3.3205e-02 +2.3045e-02
285 0 +9.506725523e+01 +2.448772552e+02 +2.448772552e+02 +3.2281e-02 -1.7236e-02 +1.5026e-02 -1.3144e-01 +3.4363e-02 -1.3234e-02 +1.2739e-02 +2.5222e-03 +3.4022e-02 +2.4214e-02
286 0 +9.075959209e+01 +2.405695921e+02 +2.405695921e+02 +3.0334e-02 -1.9015e-02 +1.5232e-02 -1.3416e-01 +3.7208e-02 -1.5897e-02 +1.3011e-02 +5.1436e-03 +3.5342e-02 +2.5425e-02
291 0 +8.432565977e+01 +2.341356598e+02 +2.341356598e+02 +2.4062e-02 -2.0059e-02 +1.3990e-02 -1.2334e-01 +3.8248e-02 -1.7959e-02 +1.2094e-02 +8.7489e-03 +3.3209e-02 +2.3627e-02
296 0 +8.159987843e+01 +2.314098784e+02 +2.314098784e+02 +1.8302e-02 -2.4487e-02 +1.2962e-02 -1.2905e-01 +4.1679e-02 -1.9504e-02 +1.1775e-02 +1.3158e-02 +3.9846e-02 +2.6701e-02
298 0 +7.980351101e+01 +2.296135110e+02 +2.296135110e+02 +1.7537e-02 -2.4447e-02 +1.6754e-02 -1.1963e-01 +5.0127e-02 -3.0449e-02 +1.5094e-02 +1.6788e-02 +2.7972e-02 +2.2417e-02
301 0 +7.939125857e+01 +2.292012586e+02 +2.292012586e+02 +1.9398e-02 -2.3815e-02 +1.5224e-02 -1.2514e-01 +4.6123e-02 -2.5814e-02 +1.3783e-02 +1.4787e-02 +3.3067e-02 +2.4549e-02
546 0 +7.761952179e+01 +2.274295218e+02 +2.274295218e+02 +1.6598e-02 -2.2414e-02 +1.3115e-02 -1.2622e-01 +4.4768e-02 -2.9879e-02 +1.0202e-02 +2.0612e-02 +3.5449e-02 +2.7995e-02
784 0 +7.580026129e+01 +2.256102613e+02 +2.256102613e+02 +2.2598e-02 -1.5429e-02 +8.8395e-03 -1.2889e-01 +4.0893e-02 -3.1443e-02 +2.1252e-03 +2.5931e-02 +4.0391e-02 +1.9869e-02
815 0 +7.408041687e+01 +2.238904169e+02 +2.238904169e+02 +2.1005e-02 -1.1622e-02 +6.7688e-03 -1.3130e-01 +3.9789e-02 -3.2248e-02 -1.1012e-02 +3.3201e-02 +4.2184e-02 +9.5899e-03
