% f evaluations | g evaluations | best noise-free fitness - Fopt (-1.000000000000e+03) + sum g_i+ | measured fitness | best measured fitness or single-digit g-values | x1 | x2...
1 0 +6.394424455e+01 -9.360557554e+02 -9.360557554e+02 +0.0000e+00 +0.0000e+00
6 0 +4.263975508e+01 -9.573602449e+02 -9.573602449e+02 +5.5918e-01 +1.9761e-01
178 0 +8.467128087e-03 -9.999915329e+02 -9.999915329e+02 +9.2966e-01 +1.5373e+00
% f evaluations | g evaluations | best noise-free fitness - Fopt (1.000000000000e+03) + sum g_i+ | measured fitness | best measured fitness or single-digit g-values | x1 | x2...
1 0 +3.423892705e+01 +1.034238927e+03 +1.034238927e+03 +0.0000e+00 +0.0000e+00
3 0 +2.489889952e+01 +1.024898900e+03 +1.024898900e+03 +1.0000e-01 +0.0000e+00
5 0 +1.803504713e+01 +1.018035047e+03 +1.018035047e+03 +1.8248e-01 -5.6546e-02
6 0 +1.318132932e+01 +1.013181329e+03 +1.013181329e+03 +2.8124e-01 -4.0847e-02
7 0 +9.750218176e+00 +1.009750218e+03 +1.009750218e+03 +3.6215e-01 -9.9605e-02
8 0 +8.824842569e+00 +1.008824843e+03 +1.008824843e+03 +4.6091e-01 -8.3908e-02
% f evaluations | g evaluations | best noise-free fitness - Fopt (-4.913000000000e+01) + sum g_i+ | measured fitness | best measured fitness or single-digit g-values | x1 | x2...
1 0 +5.958288784e+01 +1.045288784e+01 +1.045288784e+01 +0.0000e+00 +0.0000e+00
3 0 +5.808759182e+01 +8.957591819e+00 +8.957591819e+00 +1.0000e-01 +0.0000e+00
5 0 +5.356448854e+01 +4.434488535e+00 +4.434488535e+00 +1.4423e-01 -8.9686e-02
6 0 +4.747277098e+01 -1.657229024e+00 -1.657229024e+00 +2.1455e-01 -1.8289e-01
13 0 +2.690350741e+01 -2.222649259e+01 -2.222649259e+01 -2.9723e+00 +2.2823e+00
14 0 +1.777348029e+01 -3.135651971e+01 -3.135651971e+01 -2.6751e+00 +2.2823e+00
46 0 +5.331587339e+00 -4.379841266e+01 -4.379841266e+01 -1.5504e+00 +1.5997e+00
84 0 +4.088431155e+00 -4.504156884e+01 -4.504156884e+01 +2.9155e+00 -1.4392e+00
328 0 +2.745035161e+00 -4.638496484e+01 -4.638496484e+01 +3.2396e+00 +7.5477e-01
330 0 +1.965414228e+00 -4.716458577e+01 -4.716458577e+01 +3.1376e+00 +5.5665e-01
% f evaluations | g evaluations | best noise-free fitness - Fopt (2.977300000000e+02) + sum g_i+ | measured fitness | best measured fitness or single-digit g-values | x1 | x2...
1 0 +4.220170774e+01 +3.399317077e+02 +3.399317077e+02 +0.0000e+00 +0.0000e+00
4 0 +2.480282084e+01 +3.225328208e+02 +3.225328208e+02 +0.0000e+00 +1.0000e-01
5 0 +1.730200661e+01 +3.150320066e+02 +3.150320066e+02 -4.0585e-02 +1.9139e-01
6 0 +1.668707179e+01 +3.144170718e+02 +3.144170718e+02 -9.6785e-02 +2.7411e-01
8 0 +1.657746174e+01 +3.143074617e+02 +3.143074617e+02 -1.4511e-01 +2.6127e-01
10 0 +1.592655118e+01 +3.136565512e+02 +3.136565512e+02 -1.3969e-01 +2.3687e-01
11 0 +1.578880288e+01 +3.135188029e+02 +3.135188029e+02 -1.3533e-01 +2.1225e-01
23 0 +1.494247501e+01 +3.126724750e+02 +3.126724750e+02 -3.5665e-01 +1.4561e-01
24 0 +1.287923511e+01 +3.106092351e+02 +3.106092351e+02 -9.6668e-01 -4.7958e-02
50 0 +1.252547054e+01 +3.102554705e+02 +3.102554705e+02 -1.0874e+00 -6.8015e-02
74 0 +1.230033025e+01 +3.100303303e+02 +3.100303303e+02 -1.1597e+00 -1.0580e-01
87 0 +1.179044039e+01 +3.095204404e+02 +3.095204404e+02 -1.3769e+00 -1.5163e-01
96 0 +1.166343744e+01 +3.093934374e+02 +3.093934374e+02 -1.3955e+00 -1.7577e-01
112 0 +1.133694829e+01 +3.090669483e+02 +3.090669483e+02 -1.5359e+00 -2.2245e-01
136 0 +1.119515758e+01 +3.089251576e+02 +3.089251576e+02 -1.6035e+00 -2.4559e-01
161 0 +1.075021491e+01 +3.084802149e+02 +3.084802149e+02 -1.8068e+00 -3.0321e-01
170 0 +1.071281836e+01 +3.084428184e+02 +3.084428184e+02 -1.8277e+00 -3.0197e-01
216 0 +1.046801119e+01 +3.081980112e+02 +3.081980112e+02 -1.9738e+00 -3.4198e-01
268 0 +1.022903098e+01 +3.079590310e+02 +3.079590310e+02 -2.1057e+00 -3.8677e-01
313 0 +9.946949908e+00 +3.076769499e+02 +3.076769499e+02 -2.2947e+00 -4.4576e-01
357 0 +9.750483458e+00 +3.074804835e+02 +3.074804835e+02 -2.4516e+00 -4.9218e-01
385 0 +9.503365935e+00 +3.072333659e+02 +3.072333659e+02 -2.6852e+00 -5.8220e-01
386 0 +9.089287108e+00 +3.068192871e+02 +3.068192871e+02 -3.1753e+00 -7.3021e-01
% f evaluations | g evaluations | best noise-free fitness - Fopt (5.157000000000e+01) + sum g_i+ | measured fitness | best measured fitness or single-digit g-values | x1 | x2...
1 0 +6.902155869e+01 +1.205915587e+02 +1.205915587e+02 +0.0000e+00 +0.0000e+00
4 0 +6.844687493e+01 +1.200168749e+02 +1.200168749e+02 +0.0000e+00 +1.0000e-01
5 0 +6.680211306e+01 +1.183721131e+02 +1.183721131e+02 -9.1359e-02 +1.4066e-01
6 0 +5.566054227e+01 +1.072305423e+02 +1.072305423e+02 -4.3849e-01 +3.3941e-01
7 0 +1.988201739e+00 +5.355820174e+01 +5.355820174e+01 -1.2300e+00 +1.7299e+00
% f evaluations | g evaluations | best noise-free fitness - Fopt (8.200000000000e+00) + sum g_i+ | measured fitness | best measured fitness or single-digit g-values | x1 | x2...
1 0 +6.618110907e+01 +7.438110907e+01 +7.438110907e+01 +0.0000e+00 +0.0000e+00
3 0 +6.440514147e+01 +7.260514147e+01 +7.260514147e+01 +1.0000e-01 +0.0000e+00
4 0 +6.184106553e+01 +7.004106553e+01 +7.004106553e+01 +0.0000e+00 +1.0000e-01
5 0 +5.469369306e+01 +6.289369306e+01 +6.289369306e+01 +3.7872e-02 +1.9255e-01
6 0 +2.416590880e+01 +3.236590880e+01 +3.236590880e+01 +1.5847e-01 +5.7394e-01
7 0 +1.927889649e+01 +2.747889649e+01 +2.747889649e+01 +2.7388e-01 +1.0178e+00
11 0 +1.900655210e+01 +2.720655210e+01 +2.720655210e+01 +4.7056e-01 +1.0541e+00
12 0 +1.632497184e+01 +2.452497184e+01 +2.452497184e+01 +4.9417e-01 +9.5693e-01
13 0 +1.528358964e+01 +2.348358964e+01 +2.348358964e+01 +5.7945e-01 +5.6612e-01
16 0 +1.280178728e+01 +2.100178728e+01 +2.100178728e+01 +6.3333e-01 +6.5037e-01
17 0 +1.120613747e+01 +1.940613747e+01 +1.940613747e+01 +7.2971e-01 +6.7704e-01
19 0 +1.001787008e+01 +1.821787008e+01 +1.821787008e+01 +8.6557e-01 +7.3774e-01
20 0 +9.263492203e+00 +1.746349220e+01 +1.746349220e+01 +9.6337e-01 +7.1686e-01
21 0 +7.499195871e+00 +1.569919587e+01 +1.569919587e+01 +1.3568e+00 +6.4439e-01
22 0 +6.872911700e+00 +1.507291170e+01 +1.507291170e+01 +1.7559e+00 +6.1847e-01
23 0 +6.023287438e+00 +1.422328744e+01 +1.422328744e+01 +1.7508e+00 +2.1850e-01
26 0 +5.252592462e+00 +1.345259246e+01 +1.345259246e+01 +1.8484e+00 +1.9670e-01
27 0 +2.615701941e+00 +1.081570194e+01 +1.081570194e+01 +2.2408e+00 +1.1912e-01
28 0 +2.196652564e+00 +1.039665256e+01 +1.039665256e+01 +3.6219e+00 -7.2029e-02
33 0 +2.149195405e+00 +1.034919541e+01 +1.034919541e+01 +3.5599e+00 -2.6218e-01
34 0 +2.121561431e+00 +1.032156143e+01 +1.032156143e+01 +3.4617e+00 -2.4325e-01
36 0 +2.039266067e+00 +1.023926607e+01 +1.023926607e+01 +3.4693e+00 -1.9383e-01
45 0 +1.979865734e+00 +1.017986573e+01 +1.017986573e+01 +3.2304e+00 -2.5743e-02
% f evaluations | g evaluations | best noise-free fitness - Fopt (-9.986000000000e+01) + sum g_i+ | measured fitness | best measured fitness or single-digit g-values | x1 | x2...
1 0 +4.774236084e+00 -9.508576392e+01 -9.508576392e+01 +0.0000e+00 +0.0000e+00
4 0 +3.190413181e+00 -9.666958682e+01 -9.666958682e+01 +0.0000e+00 +1.0000e-01
129 0 +1.627828894e+00 -9.823217111e+01 -9.823217111e+01 +2.6036e+00 -6.8318e-01
% f evaluations | g evaluations | best noise-free fitness - Fopt (1.890500000000e+02) + sum g_i+ | measured fitness | best measured fitness or single-digit g-values | x1 | x2...
1 0 +2.605039589e+01 +2.151003959e+02 +2.151003959e+02 +0.0000e+00 +0.0000e+00
5 0 +2.429172030e+01 +2.133417203e+02 +2.133417203e+02 -5.8604e-02 -8.1028e-02
6 0 +1.890200534e+01 +2.079520053e+02 +2.079520053e+02 -2.8678e-01 -4.0956e-01
7 0 +1.784538661e+01 +2.068953866e+02 +2.068953866e+02 -1.1359e+00 -1.7657e+00
8 0 +1.430570635e+01 +2.033557064e+02 +2.033557064e+02 -9.5692e-01 -1.8909e+00
10 0 +1.134302609e+01 +2.003930261e+02 +2.003930261e+02 -6.7495e-01 -1.6072e+00
14 0 +1.115869087e+01 +2.002086909e+02 +2.002086909e+02 -6.1472e-01 -1.5096e+00
84 0 +1.041231231e+01 +1.994623123e+02 +1.994623123e+02 +2.9800e+00 +3.8941e+00
85 0 +9.324469107e+00 +1.983744691e+02 +1.983744691e+02 +2.9012e+00 +3.9123e+00
95 0 +9.088153498e+00 +1.981381535e+02 +1.981381535e+02 +2.8760e+00 +3.8380e+00
96 0 +8.904955348e+00 +1.979549553e+02 +1.979549553e+02 +2.8666e+00 +3.7871e+00
111 0 +8.691207209e+00 +1.977412072e+02 +1.977412072e+02 +2.8528e+00 +3.7146e+00
112 0 +8.445971156e+00 +1.974959712e+02 +1.974959712e+02 +2.8280e+00 +3.6140e+00
113 0 +7.709444743e+00 +1.967594447e+02 +1.967594447e+02 +2.7210e+00 +3.2136e+00
114 0 +3.145598987e+00 +1.921955990e+02 +1.921955990e+02 +2.2042e+00 +1.6382e+00
119 0 +2.826096650e+00 +1.918760967e+02 +1.918760967e+02 +2.0981e+00 +1.4439e+00
123 0 +2.729702370e+00 +1.917797024e+02 +1.917797024e+02 +2.1345e+00 +1.4240e+00
125 0 +2.649723603e+00 +1.916997236e+02 +1.916997236e+02 +2.1149e+00 +1.4129e+00
142 0 +2.629868993e+00 +1.916798690e+02 +1.916798690e+02 +2.1061e+00 +1.3991e+00
156 0 +2.569901599e+00 +1.916199016e+02 +1.916199016e+02 +2.0921e+00 +1.3562e+00
171 0 +2.510177438e+00 +1.915601774e+02 +1.915601774e+02 +2.0816e+00 +1.3109e+00
173 0 +2.440706557e+00 +1.914907066e+02 +1.914907066e+02 +2.0653e+00 +1.2483e+00
183 0 +2.391744855e+00 +1.914417449e+02 +1.914417449e+02 +2.0481e+00 +1.2049e+00
184 0 +2.332637187e+00 +1.913826372e+02 +1.913826372e+02 +2.0300e+00 +1.1029e+00
185 0 +2.236527448e+00 +1.912865274e+02 +1.912865274e+02 +1.9908e+00 +1.0070e+00
186 0 +2.073017665e+00 +1.911230177e+02 +1.911230177e+02 +1.8538e+00 +6.1576e-01
211 0 +2.016555308e+00 +1.910665553e+02 +1.910665553e+02 +1.7004e+00 +4.9578e-02
246 0 +1.994881118e+00 +1.910448811e+02 +1.910448811e+02 +1.6508e+00 -2.4975e-02
% f evaluations | g evaluations | best noise-free fitness - Fopt (-2.680000000000e+01) + sum g_i+ | measured fitness | best measured fitness or single-digit g-values | x1 | x2...
1 0 +6.389469531e+01 +3.709469531e+01 +3.709469531e+01 +0.0000e+00 +0.0000e+00
3 0 +6.184360540e+01 +3.504360540e+01 +3.504360540e+01 +1.0000e-01 +0.0000e+00
5 0 +5.646138363e+01 +2.966138363e+01 +2.966138363e+01 +1.5580e-01 -8.2984e-02
6 0 +3.277883853e+01 +5.978838528e+00 +5.978838528e+00 +4.4299e-01 -3.6141e-01
7 0 +2.926414173e+01 +2.464141730e+00 +2.464141730e+00 +5.3376e-01 -4.2246e-01
8 0 +2.814372346e+01 +1.343723457e+00 +1.343723457e+00 +5.7252e-01 -4.5148e-01
12 0 +2.687166571e+01 +7.166571398e-02 +7.166571398e-02 +6.3367e-01 -4.7040e-01
21 0 +1.141570041e+01 -1.538429959e+01 -1.538429959e+01 +2.4660e+00 -1.0757e+00
22 0 +8.723277568e+00 -1.807672243e+01 -1.807672243e+01 +2.7126e+00 -1.0757e+00
265 0 +2.851327649e+00 -2.394867235e+01 -2.394867235e+01 +1.7296e+00 +1.0115e+00
266 0 +1.977514623e+00 -2.482248538e+01 -2.482248538e+01 +1.9025e+00 +1.0115e+00
339 0 +1.286948864e+00 -2.551305114e+01 -2.551305114e+01 +1.6901e+00 +1.5813e+00
% f evaluations | g evaluations | best noise-free fitness - Fopt (1.986000000000e+01) + sum g_i+ | measured fitness | best measured fitness or single-digit g-values | x1 | x2...
1 0 +1.804959418e+01 +3.790959418e+01 +3.790959418e+01 +0.0000e+00 +0.0000e+00
3 0 +1.611930384e+01 +3.597930384e+01 +3.597930384e+01 +1.0000e-01 +0.0000e+00
5 0 +1.397273798e+01 +3.383273798e+01 +3.383273798e+01 +1.9832e-01 -1.8253e-02
6 0 +8.873853649e+00 +2.873385365e+01 +2.873385365e+01 +5.9219e-01 -8.8035e-02
7 0 +7.733000114e+00 +2.759300011e+01 +2.759300011e+01 +9.8118e-01 -1.8121e-01
9 0 +7.421254931e+00 +2.728125493e+01 +2.728125493e+01 +1.0328e+00 -3.6730e-01
10 0 +7.283453971e+00 +2.714345397e+01 +2.714345397e+01 +8.6201e-01 -4.5750e-01
120 0 +8.634035017e-01 +2.072340350e+01 +2.072340350e+01 -5.2979e-01 -1.3352e+00
121 0 +5.062679246e-01 +2.036626792e+01 +2.036626792e+01 -3.9627e-01 -1.3352e+00
147 0 +5.008689883e-01 +2.036086899e+01 +2.036086899e+01 -3.5948e-01 -1.3199e+00
150 0 +4.867018160e-01 +2.034670182e+01 +2.034670182e+01 -2.5639e-01 -1.2774e+00
164 0 +4.785918744e-01 +2.033859187e+01 +2.033859187e+01 -2.1846e-01 -1.2635e+00
165 0 +4.641342313e-01 +2.032413423e+01 +2.032413423e+01 -1.3507e-01 -1.2448e+00
171 0 +4.465429556e-01 +2.030654296e+01 +2.030654296e+01 -1.2856e-01 -1.2210e+00
177 0 +4.295979747e-01 +2.028959797e+01 +2.028959797e+01 -9.6664e-02 -1.2082e+00
178 0 +3.790168560e-01 +2.023901686e+01 +2.023901686e+01 -1.7860e-02 -1.1751e+00
179 0 +2.340402447e-01 +2.009404024e+01 +2.009404024e+01 +2.9246e-01 -1.0319e+00
180 0 +1.689769855e-02 +1.987689770e+01 +1.987689770e+01 +1.5636e+00 -5.2842e-01
184 0 +1.219729787e-02 +1.987219730e+01 +1.987219730e+01 +1.6918e+00 -4.8106e-01
188 0 +1.151980492e-02 +1.987151980e+01 +1.987151980e+01 +1.7047e+00 -4.7632e-01
190 0 +7.371657488e-03 +1.986737166e+01 +1.986737166e+01 +1.7062e+00 -4.8032e-01
191 0 +3.596006775e-03 +1.986359601e+01 +1.986359601e+01 +1.7146e+00 -4.9995e-01
208 0 +3.547350367e-03 +1.986354735e+01 +1.986354735e+01 +1.7224e+00 -4.9361e-01
212 0 +3.412337896e-03 +1.986341234e+01 +1.986341234e+01 +1.7478e+00 -4.8010e-01
214 0 +3.315358323e-03 +1.986331536e+01 +1.986331536e+01 +1.7530e+00 -4.7914e-01
215 0 +3.282708744e-03 +1.986328271e+01 +1.986328271e+01 +1.7563e+00 -4.8338e-01
216 0 +3.227770564e-03 +1.986322777e+01 +1.986322777e+01 +1.7614e+00 -4.8173e-01
219 0 +3.152940949e-03 +1.986315294e+01 +1.986315294e+01 +1.7610e+00 -4.7856e-01
226 0 +3.058026637e-03 +1.986305803e+01 +1.986305803e+01 +1.7671e+00 -4.7715e-01
234 0 +3.003250784e-03 +1.986300325e+01 +1.986300325e+01 +1.7703e+00 -4.7389e-01
245 0 +2.946291179e-03 +1.986294629e+01 +1.986294629e+01 +1.7728e+00 -4.7428e-01
247 0 +2.855888913e-03 +1.986285589e+01 +1.986285589e+01 +1.7794e+00 -4.7337e-01
252 0 +2.810027869e-03 +1.986281003e+01 +1.986281003e+01 +1.7797e+00 -4.7081e-01
258 0 +2.751362551e-03 +1.986275136e+01 +1.986275136e+01 +1.7826e+00 -4.7077e-01
261 0 +2.673141588e-03 +1.986267314e+01 +1.986267314e+01 +1.7870e+00 -4.6700e-01
262 0 +2.519447891e-03 +1.986251945e+01 +1.986251945e+01 +1.7977e+00 -4.6711e-01
263 0 +2.270204446e-03 +1.986227020e+01 +1.986227020e+01 +1.8074e+00 -4.6277e-01
268 0 +2.181541793e-03 +1.986218154e+01 +1.986218154e+01 +1.8097e+00 -4.6112e-01
274 0 +2.083404411e-03 +1.986208340e+01 +1.986208340e+01 +1.8128e+00 -4.5748e-01
278 0 +2.029844893e-03 +1.986202984e+01 +1.986202984e+01 +1.8152e+00 -4.5776e-01
282 0 +1.947799465e-03 +1.986194780e+01 +1.986194780e+01 +1.8190e+00 -4.5620e-01
283 0 +1.777489535e-03 +1.986177749e+01 +1.986177749e+01 +1.8294e+00 -4.5352e-01
284 0 +1.422736265e-03 +1.986142274e+01 +1.986142274e+01 +1.8704e+00 -4.4159e-01
285 0 +9.898320152e-04 +1.986098983e+01 +1.986098983e+01 +1.9096e+00 -4.2460e-01
289 0 +9.432243137e-04 +1.986094322e+01 +1.986094322e+01 +1.9186e+00 -4.2019e-01
294 0 +9.308442536e-04 +1.986093084e+01 +1.986093084e+01 +1.9164e+00 -4.1533e-01
307 0 +9.087555080e-04 +1.986090876e+01 +1.986090876e+01 +1.9261e+00 -4.1327e-01
308 0 +8.791682594e-04 +1.986087917e+01 +1.986087917e+01 +1.9465e+00 -4.0703e-01
317 0 +8.703282817e-04 +1.986087033e+01 +1.986087033e+01 +1.9490e+00 -4.0484e-01
336 0 +8.480696234e-04 +1.986084807e+01 +1.986084807e+01 +1.9576e+00 -4.0136e-01
338 0 +7.917557628e-04 +1.986079176e+01 +1.986079176e+01 +1.9835e+00 -3.9465e-01
342 0 +7.397751949e-04 +1.986073978e+01 +1.986073978e+01 +1.9824e+00 -3.9052e-01
344 0 +7.220633882e-04 +1.986072206e+01 +1.986072206e+01 +1.9852e+00 -3.9028e-01
352 0 +7.075290330e-04 +1.986070753e+01 +1.986070753e+01 +1.9882e+00 -3.8781e-01
356 0 +6.871792170e-04 +1.986068718e+01 +1.986068718e+01 +1.9912e+00 -3.8675e-01
359 0 +6.710302129e-04 +1.986067103e+01 +1.986067103e+01 +1.9932e+00 -3.8679e-01
366 0 +6.466961143e-04 +1.986064670e+01 +1.986064670e+01 +1.9972e+00 -3.8587e-01
369 0 +6.444615176e-04 +1.986064446e+01 +1.986064446e+01 +1.9978e+00 -3.8589e-01
374 0 +6.289290776e-04 +1.986062893e+01 +1.986062893e+01 +1.9995e+00 -3.8406e-01
378 0 +6.077212993e-04 +1.986060772e+01 +1.986060772e+01 +2.0030e+00 -3.8227e-01
379 0 +5.895288008e-04 +1.986058953e+01 +1.986058953e+01 +2.0055e+00 -3.8142e-01
380 0 +5.299946912e-04 +1.986052999e+01 +1.986052999e+01 +2.0152e+00 -3.7693e-01
381 0 +3.246080522e-04 +1.986032461e+01 +1.986032461e+01 +2.0557e+00 -3.6327e-01
386 0 +3.076391493e-04 +1.986030764e+01 +1.986030764e+01 +2.0612e+00 -3.6112e-01
397 0 +3.012264070e-04 +1.986030123e+01 +1.986030123e+01 +2.0622e+00 -3.5958e-01
400 0 +2.846422028e-04 +1.986028464e+01 +1.986028464e+01 +2.0688e+00 -3.5704e-01
401 0 +2.528787052e-04 +1.986025288e+01 +1.986025288e+01 +2.0879e+00 -3.4750e-01
% f evaluations | g evaluations | best noise-free fitness - Fopt (-1.607900000000e+02) + sum g_i+ | measured fitness | best measured fitness or single-digit g-values | x1 | x2...
1 0 +1.577253463e+00 -1.592127465e+02 -1.592127465e+02 +0.0000e+00 +0.0000e+00
363 0 +1.470040695e+00 -1.593199593e+02 -1.593199593e+02 +3.8637e+00 +7.5853e-01
% f evaluations | g evaluations | best noise-free fitness - Fopt (1.420200000000e+02) + sum g_i+ | measured fitness | best measured fitness or single-digit g-values | x1 | x2...
1 0 +6.580297803e+01 +2.078229780e+02 +2.078229780e+02 +0.0000e+00 +0.0000e+00
4 0 +6.203232899e+01 +2.040523290e+02 +2.040523290e+02 +0.0000e+00 +1.0000e-01
5 0 +5.876414963e+01 +2.007841496e+02 +2.007841496e+02 -1.9462e-02 +1.9809e-01
14 0 +5.749966737e+01 +1.995196674e+02 +1.995196674e+02 -3.1264e-01 +1.3649e-01
94 0 +5.086011635e+01 +1.928801164e+02 +1.928801164e+02 -6.4895e-01 -1.0459e-01
95 0 +3.890884875e+01 +1.809288487e+02 +1.809288487e+02 -4.8464e-01 -5.8951e-01
96 0 +2.919648909e-03 +1.420229196e+02 +1.420229196e+02 -7.0208e-01 -1.0530e+00
105 0 +9.018314758e-04 +1.420209018e+02 +1.420209018e+02 -6.9911e-01 -1.0587e+00
109 0 +2.476847374e-04 +1.420202477e+02 +1.420202477e+02 -6.9559e-01 -1.0659e+00
110 0 +1.432746811e-04 +1.420201433e+02 +1.420201433e+02 -6.9203e-01 -1.0731e+00
112 0 +1.404389959e-04 +1.420201404e+02 +1.420201404e+02 -6.9053e-01 -1.0723e+00
123 0 +1.367259934e-04 +1.420201367e+02 +1.420201367e+02 -6.8918e-01 -1.0708e+00
124 0 +1.317746542e-04 +1.420201318e+02 +1.420201318e+02 -6.8585e-01 -1.0685e+00
125 0 +1.110481141e-04 +1.420201110e+02 +1.420201110e+02 -6.7076e-01 -1.0632e+00
126 0 +6.802955113e-05 +1.420200680e+02 +1.420200680e+02 -6.1496e-01 -1.0319e+00
130 0 +4.904516865e-05 +1.420200490e+02 +1.420200490e+02 -6.1292e-01 -1.0343e+00
138 0 +4.828014764e-05 +1.420200483e+02 +1.420200483e+02 -6.1221e-01 -1.0342e+00
144 0 +4.772205298e-05 +1.420200477e+02 +1.420200477e+02 -6.1165e-01 -1.0340e+00
146 0 +4.627832396e-05 +1.420200463e+02 +1.420200463e+02 -6.0971e-01 -1.0336e+00
147 0 +4.424836081e-05 +1.420200442e+02 +1.420200442e+02 -6.0587e-01 -1.0325e+00
149 0 +4.325814268e-05 +1.420200433e+02 +1.420200433e+02 -6.0557e-01 -1.0321e+00
151 0 +4.255014511e-05 +1.420200426e+02 +1.420200426e+02 -6.0465e-01 -1.0317e+00
152 0 +4.129727134e-05 +1.420200413e+02 +1.420200413e+02 -6.0480e-01 -1.0307e+00
158 0 +4.008679076e-05 +1.420200401e+02 +1.420200401e+02 -6.0335e-01 -1.0301e+00
159 0 +3.751938925e-05 +1.420200375e+02 +1.420200375e+02 -5.9993e-01 -1.0280e+00
160 0 +3.074613309e-05 +1.420200307e+02 +1.420200307e+02 -5.8588e-01 -1.0203e+00
161 0 +2.633633554e-05 +1.420200263e+02 +1.420200263e+02 -5.7092e-01 -1.0147e+00
163 0 +2.616034797e-05 +1.420200262e+02 +1.420200262e+02 -5.6935e-01 -1.0144e+00
172 0 +2.543290591e-05 +1.420200254e+02 +1.420200254e+02 -5.6549e-01 -1.0121e+00
179 0 +2.508935395e-05 +1.420200251e+02 +1.420200251e+02 -5.6359e-01 -1.0107e+00
180 0 +2.447683985e-05 +1.420200245e+02 +1.420200245e+02 -5.5963e-01 -1.0102e+00
181 0 +2.301529463e-05 +1.420200230e+02 +1.420200230e+02 -5.4458e-01 -1.0047e+00
185 0 +2.111888992e-05 +1.420200211e+02 +1.420200211e+02 -5.4428e-01 -1.0040e+00
188 0 +1.788557324e-05 +1.420200179e+02 +1.420200179e+02 -5.4482e-01 -1.0021e+00
193 0 +1.768499499e-05 +1.420200177e+02 +1.420200177e+02 -5.4445e-01 -1.0020e+00
199 0 +1.728405852e-05 +1.420200173e+02 +1.420200173e+02 -5.4371e-01 -1.0016e+00
203 0 +1.697172331e-05 +1.420200170e+02 +1.420200170e+02 -5.4312e-01 -1.0014e+00
206 0 +1.641854607e-05 +1.420200164e+02 +1.420200164e+02 -5.4210e-01 -1.0010e+00
207 0 +1.486628435e-05 +1.420200149e+02 +1.420200149e+02 -5.3922e-01 -9.9956e-01
208 0 +1.011375437e-05 +1.420200101e+02 +1.420200101e+02 -5.2735e-01 -9.9477e-01
212 0 +9.661538030e-06 +1.420200097e+02 +1.420200097e+02 -5.2579e-01 -9.9410e-01
214 0 +9.224840397e-06 +1.420200092e+02 +1.420200092e+02 -5.2604e-01 -9.9352e-01
220 0 +8.998785518e-06 +1.420200090e+02 +1.420200090e+02 -5.2538e-01 -9.9308e-01
230 0 +8.876908993e-06 +1.420200089e+02 +1.420200089e+02 -5.2494e-01 -9.9254e-01
237 0 +8.707283484e-06 +1.420200087e+02 +1.420200087e+02 -5.2428e-01 -9.9218e-01
240 0 +8.320625199e-06 +1.420200083e+02 +1.420200083e+02 -5.2261e-01 -9.9196e-01
241 0 +7.966075998e-06 +1.420200080e+02 +1.420200080e+02 -5.2027e-01 -9.8978e-01
244 0 +7.874764634e-06 +1.420200079e+02 +1.420200079e+02 -5.1996e-01 -9.8969e-01
245 0 +7.682671054e-06 +1.420200077e+02 +1.420200077e+02 -5.1964e-01 -9.9042e-01
251 0 +7.496305216e-06 +1.420200075e+02 +1.420200075e+02 -5.1860e-01 -9.8964e-01
252 0 +7.218152234e-06 +1.420200072e+02 +1.420200072e+02 -5.1595e-01 -9.8785e-01
258 0 +7.041931696e-06 +1.420200070e+02 +1.420200070e+02 -5.1450e-01 -9.8827e-01
259 0 +6.898466353e-06 +1.420200069e+02 +1.420200069e+02 -5.1338e-01 -9.8713e-01
278 0 +6.701636579e-06 +1.420200067e+02 +1.420200067e+02 -5.0999e-01 -9.8575e-01
288 0 +6.581413061e-06 +1.420200066e+02 +1.420200066e+02 -5.0592e-01 -9.8359e-01
319 0 +6.443924633e-06 +1.420200064e+02 +1.420200064e+02 -4.9981e-01 -9.8129e-01
335 0 +6.091687140e-06 +1.420200061e+02 +1.420200061e+02 -4.9496e-01 -9.7868e-01
336 0 +5.504608254e-06 +1.420200055e+02 +1.420200055e+02 -4.8423e-01 -9.7170e-01
340 0 +5.483817972e-06 +1.420200055e+02 +1.420200055e+02 -4.8253e-01 -9.7441e-01
342 0 +5.011213574e-06 +1.420200050e+02 +1.420200050e+02 -4.8115e-01 -9.7359e-01
343 0 +3.144068444e-06 +1.420200031e+02 +1.420200031e+02 -4.7567e-01 -9.7028e-01
344 0 +1.760393161e-06 +1.420200018e+02 +1.420200018e+02 -4.5376e-01 -9.5705e-01
346 0 +1.697277185e-06 +1.420200017e+02 +1.420200017e+02 -4.5162e-01 -9.5967e-01
348 0 +1.616719828e-06 +1.420200016e+02 +1.420200016e+02 -4.5063e-01 -9.5886e-01
349 0 +1.571068452e-06 +1.420200016e+02 +1.420200016e+02 -4.4472e-01 -9.5639e-01
351 0 +1.371517897e-06 +1.420200014e+02 +1.420200014e+02 -4.4450e-01 -9.5566e-01
353 0 +1.104388161e-06 +1.420200011e+02 +1.420200011e+02 -4.4353e-01 -9.5439e-01
354 0 +1.059097684e-06 +1.420200011e+02 +1.420200011e+02 -4.4256e-01 -9.5312e-01
357 0 +9.994689378e-07 +1.420200010e+02 +1.420200010e+02 -4.4187e-01 -9.5353e-01
361 0 +9.767143752e-07 +1.420200010e+02 +1.420200010e+02 -4.4158e-01 -9.5332e-01
365 0 +9.548513731e-07 +1.420200010e+02 +1.420200010e+02 -4.4136e-01 -9.5297e-01
371 0 +9.140520660e-07 +1.420200009e+02 +1.420200009e+02 -4.4047e-01 -9.5277e-01
372 0 +9.069399596e-07 +1.420200009e+02 +1.420200009e+02 -4.4048e-01 -9.5257e-01
382 0 +8.911712541e-07 +1.420200009e+02 +1.420200009e+02 -4.4018e-01 -9.5246e-01
387 0 +8.693199050e-07 +1.420200009e+02 +1.420200009e+02 -4.3940e-01 -9.5174e-01
390 0 +8.465178496e-07 +1.420200008e+02 +1.420200008e+02 -4.3914e-01 -9.5216e-01
396 0 +8.316663411e-07 +1.420200008e+02 +1.420200008e+02 -4.3901e-01 -9.5190e-01
398 0 +8.100195998e-07 +1.420200008e+02 +1.420200008e+02 -4.3854e-01 -9.5174e-01
399 0 +7.468068759e-07 +1.420200007e+02 +1.420200007e+02 -4.3706e-01 -9.5112e-01
400 0 +6.402852080e-07 +1.420200006e+02 +1.420200006e+02 -4.3174e-01 -9.4757e-01
% f evaluations | g evaluations | best noise-free fitness - Fopt (6.289000000000e+01) + sum g_i+ | measured fitness | best measured fitness or single-digit g-values | x1 | x2...
1 0 +3.480437215e+01 +9.769437215e+01 +9.769437215e+01 +0.0000e+00 +0.0000e+00
4 0 +3.076904025e+01 +9.365904025e+01 +9.365904025e+01 +0.0000e+00 +1.0000e-01
5 0 +2.093040652e+01 +8.382040652e+01 +8.382040652e+01 -9.6899e-02 +1.2471e-01
6 0 +1.338593486e+01 +7.627593486e+01 +7.627593486e+01 -1.8835e-01 +1.6516e-01
7 0 +9.721626159e+00 +7.261162616e+01 +7.261162616e+01 -5.4394e-01 +3.4834e-01
10 0 +7.993439088e+00 +7.088343909e+01 +7.088343909e+01 -4.5099e-01 +3.1146e-01
11 0 +7.865699244e+00 +7.075569924e+01 +7.075569924e+01 -3.5612e-01 +3.4305e-01
25 0 +7.759051195e+00 +7.064905120e+01 +7.064905120e+01 -3.8778e-01 +2.5510e-01
42 0 +7.578230284e+00 +7.046823028e+01 +7.046823028e+01 -4.5233e-01 +8.4409e-02
73 0 +7.405729487e+00 +7.029572949e+01 +7.029572949e+01 -5.3192e-01 -1.4765e-01
% f evaluations | g evaluations | best noise-free fitness - Fopt (-1.316100000000e+02) + sum g_i+ | measured fitness | best measured fitness or single-digit g-values | x1 | x2...
1 0 +3.714418548e+01 -9.446581452e+01 -9.446581452e+01 +0.0000e+00 +0.0000e+00
3 0 +3.643194999e+01 -9.517805001e+01 -9.517805001e+01 +1.0000e-01 +0.0000e+00
6 0 +2.976924978e-02 -1.315802308e+02 -1.315802308e+02 -4.1525e-01 +3.6756e-01
% f evaluations | g evaluations | best noise-free fitness - Fopt (1.153900000000e+02) + sum g_i+ | measured fitness | best measured fitness or single-digit g-values | x1 | x2...
1 0 +6.970764986e+01 +1.850976499e+02 +1.850976499e+02 +0.0000e+00 +0.0000e+00
3 0 +6.912166426e+01 +1.845116643e+02 +1.845116643e+02 +1.0000e-01 +0.0000e+00
5 0 +6.542131245e+01 +1.808113124e+02 +1.808113124e+02 +2.7748e-02 +1.9607e-01
6 0 +5.806812636e+01 +1.734581264e+02 +1.734581264e+02 +1.3511e-01 +5.8140e-01
11 0 +5.623068781e+01 +1.716206878e+02 +1.716206878e+02 +3.0901e-01 +6.8018e-01
12 0 +5.252121480e+01 +1.679112148e+02 +1.679112148e+02 +4.9500e-01 +6.0665e-01
13 0 +3.750125145e+01 +1.528912515e+02 +1.528912515e+02 +1.2833e+00 +4.7004e-01
14 0 +1.779508639e+01 +1.331850864e+02 +1.331850864e+02 +4.4820e+00 +5.5885e-01
17 0 +1.434598158e+01 +1.297359816e+02 +1.297359816e+02 +4.7848e+00 +4.5525e-01
20 0 +1.113131852e+01 +1.265213185e+02 +1.265213185e+02 +4.7570e+00 +2.5718e-01
398 0 +5.694359489e+00 +1.210843595e+02 +1.210843595e+02 -2.7441e+00 +2.7108e+00
