% f evaluations | g evaluations | best noise-free fitness - Fopt (2.997000000000e+01) + sum g_i+ | measured fitness | best measured fitness or single-digit g-values | x1 | x2...
1 0 +1.624029901e+03 +1.653999901e+03 +1.653999901e+03 +0.0000e+00 +0.0000e+00 +0.0000e+00 +0.0000e+00 +0.0000e+00 +0.0000e+00 +0.0000e+00 +0.0000e+00 +0.0000e+00 +0.0000e+00
7 0 +1.614964065e+03 +1.644934065e+03 +1.644934065e+03 +0.0000e+00 +0.0000e+00 +0.0000e+00 +0.0000e+00 +1.0000e-01 +0.0000e+00 +0.0000e+00 +0.0000e+00 +0.0000e+00 +0.0000e+00
14 0 +1.491071472e+03 +1.521041472e+03 +1.521041472e+03 -5.0241e-02 -2.4024e-01 -1.8726e-01 -1.1206e-01 +2.8330e-01 +7.6380e-02 -1.1958e-01 -2.9457e-01 -3.8755e-02 -1.0965e-02
15 0 +1.124294637e+03 +1.154264637e+03 +1.154264637e+03 -1.9962e-01 -1.0056e+00 -7.8087e-01 -4.6188e-01 +8.9109e-01 +3.3752e-01 -4.9376e-01 -1.2361e+00 -1.5090e-01 -3.3006e-02
16 0 +8.084517294e+02 +8.384217294e+02 +8.384217294e+02 -4.9016e-01 -3.2873e+00 -2.5073e+00 -1.4003e+00 +3.0480e+00 +1.3739e+00 -1.5109e+00 -4.0871e+00 -3.2108e-01 +8.8047e-02
27 0 +7.721741620e+02 +8.021441620e+02 +8.021441620e+02 -3.9580e-01 -2.9700e+00 -2.8230e+00 -1.3722e+00 +3.1044e+00 +1.3854e+00 -1.5345e+00 -4.0300e+00 -2.4775e-01 -2.4182e-02
28 0 +6.816938229e+02 +7.116638229e+02 +7.116638229e+02 -2.2757e-01 -2.8113e+00 -2.7214e+00 -1.3229e+00 +3.0282e+00 +1.5035e+00 -1.6879e+00 -3.8482e+00 -1.2617e-01 -7.5223e-02
29 0 +4.048634686e+02 +4.348334686e+02 +4.348334686e+02 +4.6296e-01 -2.1815e+00 -2.3215e+00 -1.1293e+00 +2.7379e+00 +1.9621e+00 -2.3307e+00 -3.1295e+00 +3.6361e-01 -2.3362e-01
36 0 +3.970862177e+02 +4.270562177e+02 +4.270562177e+02 +3.6997e-01 -2.1655e+00 -2.4368e+00 -1.1654e+00 +2.6644e+00 +1.9820e+00 -2.3679e+00 -3.1099e+00 +4.6972e-01 -3.1669e-01
39 0 +3.750680965e+02 +4.050380965e+02 +4.050380965e+02 +4.3423e-01 -2.1640e+00 -2.4563e+00 -1.1827e+00 +2.7030e+00 +2.0791e+00 -2.4609e+00 -3.1121e+00 +4.6939e-01 -3.6721e-01
41 0 +3.678162156e+02 +3.977862156e+02 +3.977862156e+02 +4.4896e-01 -2.1547e+00 -2.4662e+00 -1.1928e+00 +2.7149e+00 +2.0924e+00 -2.4999e+00 -3.1081e+00 +4.7335e-01 -3.7842e-01
42 0 +3.390385400e+02 +3.690085400e+02 +3.690085400e+02 +5.0514e-01 -2.1178e+00 -2.5069e+00 -1.2339e+00 +2.7628e+00 +2.1476e+00 -2.6561e+00 -3.0929e+00 +4.8727e-01 -4.2281e-01
43 0 +2.294119990e+02 +2.593819990e+02 +2.593819990e+02 +7.1085e-01 -1.9726e+00 -2.6760e+00 -1.4026e+00 +2.9584e+00 +2.3816e+00 -3.2816e+00 -3.0362e+00 +5.2977e-01 -5.9687e-01
44 0 +1.514494568e+02 +1.814194568e+02 +1.814194568e+02 +1.0788e+00 -1.6532e+00 -3.0976e+00 -1.8131e+00 +3.4271e+00 +2.9882e+00 -4.7196e+00 -2.9288e+00 +5.5534e-01 -9.7693e-01
49 0 +1.437414836e+02 +1.737114836e+02 +1.737114836e+02 +1.2066e+00 -1.6720e+00 -3.1410e+00 -1.8340e+00 +3.5169e+00 +2.8884e+00 -4.7492e+00 -3.0479e+00 +6.9651e-01 -1.0744e+00
% f evaluations | g evaluations | best noise-free fitness - Fopt (-5.171000000000e+01) + sum g_i+ | measured fitness | best measured fitness or single-digit g-values | x1 | x2...
1 0 +1.917474288e+03 +1.865764288e+03 +1.865764288e+03 +0.0000e+00 +0.0000e+00 +0.0000e+00 +0.0000e+00 +0.0000e+00 +0.0000e+00 +0.0000e+00 +0.0000e+00 +0.0000e+00 +0.0000e+00
3 0 +1.906249952e+03 +1.854539952e+03 +1.854539952e+03 +1.0000e-01 +0.0000e+00 +0.0000e+00 +0.0000e+00 +0.0000e+00 +0.0000e+00 +0.0000e+00 +0.0000e+00 +0.0000e+00 +0.0000e+00
12 0 +1.905374280e+03 +1.853664280e+03 +1.853664280e+03 +0.0000e+00 +0.0000e+00 +0.0000e+00 +0.0000e+00 +0.0000e+00 +0.0000e+00 +0.0000e+00 +0.0000e+00 +0.0000e+00 +1.0000e-01
14 0 +1.764078995e+03 +1.712368995e+03 +1.712368995e+03 +1.9698e-01 +4.7544e-02 -3.1759e-01 -7.9224e-02 +7.3733e-02 +1.6969e-02 -9.8842e-02 +1.2021e-01 -1.6491e-01 +3.1132e-01
15 0 +1.329684125e+03 +1.277974125e+03 +1.277974125e+03 +8.3060e-01 +2.0048e-01 -1.3392e+00 -3.3406e-01 +3.1091e-01 +7.1552e-02 -4.1679e-01 +5.0687e-01 -6.9537e-01 +9.7108e-01
16 0 +8.496232753e+02 +7.979132753e+02 +7.979132753e+02 +2.6305e+00 +6.3492e-01 -3.3626e+00 -1.0580e+00 +9.8465e-01 +2.2661e-01 -1.3200e+00 +1.6053e+00 -2.2022e+00 +3.7416e+00
17 0 +8.063364146e+02 +7.546264146e+02 +7.546264146e+02 +2.4981e+00 +4.7114e-01 -3.5761e+00 -1.2483e+00 +8.2637e-01 +5.6426e-02 -1.5144e+00 +1.4567e+00 -2.4106e+00 +3.6416e+00
18 0 +7.839765611e+02 +7.322665611e+02 +7.322665611e+02 +2.7323e+00 +6.0802e-01 -4.2254e+00 -1.1940e+00 +9.8031e-01 +1.7339e-01 -1.4729e+00 +1.6409e+00 -2.4121e+00 +3.1018e+00
19 0 +7.539421559e+02 +7.022321559e+02 +7.022321559e+02 +2.7554e+00 +6.3119e-01 -4.2381e+00 -1.1708e+00 +1.0035e+00 +1.9656e-01 -2.0277e+00 +1.6641e+00 -1.9927e+00 +3.1110e+00
26 0 +7.387532871e+02 +6.870432871e+02 +6.870432871e+02 +2.7498e+00 +7.8764e-01 -4.2558e+00 -1.2380e+00 +9.9664e-01 +1.7420e-01 -2.0836e+00 +1.6272e+00 -2.0341e+00 +3.1193e+00
27 0 +7.147880079e+02 +6.630780079e+02 +6.630780079e+02 +2.7353e+00 +8.0329e-01 -4.2235e+00 -1.2725e+00 +9.9426e-01 +1.5188e-01 -2.1040e+00 +1.6031e+00 -2.0263e+00 +3.0435e+00
28 0 +6.234751499e+02 +5.717651499e+02 +5.717651499e+02 +2.6950e+00 +8.8555e-01 -4.0826e+00 -1.4117e+00 +1.0002e+00 +6.9415e-02 -2.1836e+00 +1.5175e+00 -1.9873e+00 +2.7429e+00
29 0 +4.111771195e+02 +3.594671195e+02 +3.594671195e+02 +2.5783e+00 +1.2629e+00 -3.4910e+00 -1.9691e+00 +1.0625e+00 -2.4186e-01 -2.4951e+00 +1.2039e+00 -1.8127e+00 +1.5527e+00
30 0 +3.590221702e+02 +3.073121702e+02 +3.073121702e+02 +2.5549e+00 +1.1847e+00 -3.6538e+00 -2.2528e+00 +9.6459e-01 -4.2634e-01 -2.7628e+00 +1.1040e+00 -2.0682e+00 +1.5330e+00
32 0 +3.242836761e+02 +2.725736761e+02 +2.725736761e+02 +2.6379e+00 +1.2242e+00 -3.8517e+00 -2.2347e+00 +1.0199e+00 -3.8370e-01 -2.7497e+00 +1.1940e+00 -2.0720e+00 +1.3946e+00
33 0 +3.175820043e+02 +2.658720043e+02 +2.658720043e+02 +2.7417e+00 +1.2880e+00 -3.8429e+00 -2.2436e+00 +8.6802e-01 -3.8466e-01 -2.7541e+00 +1.2133e+00 -2.0684e+00 +1.3766e+00
35 0 +3.070513247e+02 +2.553413247e+02 +2.553413247e+02 +2.6406e+00 +1.4153e+00 -3.8748e+00 -2.2862e+00 +8.5114e-01 -3.9590e-01 -2.7671e+00 +1.2953e+00 -2.1044e+00 +1.3464e+00
37 0 +2.995733899e+02 +2.478633899e+02 +2.478633899e+02 +2.6990e+00 +1.4009e+00 -3.7957e+00 -2.3155e+00 +8.9801e-01 -3.3287e-01 -2.8003e+00 +1.3809e+00 -2.2046e+00 +1.3286e+00
38 0 +2.916257080e+02 +2.399157080e+02 +2.399157080e+02 +2.6832e+00 +1.3861e+00 -3.8178e+00 -2.3591e+00 +8.7539e-01 -2.7126e-01 -2.8110e+00 +1.3693e+00 -2.2046e+00 +1.2777e+00
39 0 +2.824416067e+02 +2.307316067e+02 +2.307316067e+02 +2.6910e+00 +1.3747e+00 -3.8369e+00 -2.3721e+00 +8.6888e-01 -3.0109e-01 -2.8312e+00 +1.3919e+00 -2.2241e+00 +1.1938e+00
40 0 +2.698969874e+02 +2.181869874e+02 +2.181869874e+02 +2.7000e+00 +1.3610e+00 -3.9068e+00 -2.3875e+00 +8.4804e-01 -2.8635e-01 -2.8461e+00 +1.4275e+00 -2.2702e+00 +1.1752e+00
41 0 +2.583046609e+02 +2.065946609e+02 +2.065946609e+02 +2.7108e+00 +1.3618e+00 -3.9625e+00 -2.3915e+00 +8.3368e-01 -2.5642e-01 -2.8449e+00 +1.4748e+00 -2.2969e+00 +1.1232e+00
42 0 +2.351654580e+02 +1.834554580e+02 +1.834554580e+02 +2.6553e+00 +1.2567e+00 -4.1113e+00 -2.4807e+00 +6.6378e-01 -2.1508e-01 -2.9098e+00 +1.6534e+00 -2.4656e+00 +9.7947e-01
43 0 +2.003551691e+02 +1.486451691e+02 +1.486451691e+02 +2.7981e+00 +1.4077e+00 -4.3206e+00 -2.5983e+00 +7.4447e-01 -1.7076e-01 -2.9995e+00 +1.5805e+00 -2.6139e+00 +8.5571e-01
44 0 +1.772310423e+02 +1.255210423e+02 +1.255210423e+02 +2.8876e+00 +1.5150e+00 -4.4511e+00 -2.5308e+00 +7.9897e-01 -1.4082e-02 -2.9091e+00 +1.7249e+00 -2.5822e+00 +6.0808e-01
45 0 +1.586433286e+02 +1.069333286e+02 +1.069333286e+02 +2.9169e+00 +1.5996e+00 -4.5407e+00 -2.6916e+00 +7.4577e-01 +3.9453e-02 -3.0047e+00 +1.7527e+00 -2.7381e+00 +3.2844e-01
48 0 +1.495772372e+02 +9.786723722e+01 +9.786723722e+01 +2.8993e+00 +1.5596e+00 -4.5993e+00 -2.6520e+00 +8.5655e-01 -7.3301e-02 -3.0228e+00 +1.8073e+00 -2.7884e+00 +2.8077e-01
50 0 +1.453186461e+02 +9.360864611e+01 +9.360864611e+01 +2.9525e+00 +1.5280e+00 -4.5638e+00 -2.6881e+00 +8.8833e-01 -5.3899e-02 -3.0435e+00 +1.8477e+00 -2.7857e+00 +2.9339e-01
51 0 +1.392015654e+02 +8.749156545e+01 +8.749156545e+01 +2.9667e+00 +1.4950e+00 -4.5937e+00 -2.6719e+00 +8.8798e-01 -4.6517e-02 -3.1052e+00 +1.8260e+00 -2.7345e+00 +2.6894e-01
% f evaluations | g evaluations | best noise-free fitness - Fopt (-2.799500000000e+02) + sum g_i+ | measured fitness | best measured fitness or single-digit g-values | x1 | x2...
1 0 +1.277181026e+03 +9.972310264e+02 +9.972310264e+02 +0.0000e+00 +0.0000e+00 +0.0000e+00 +0.0000e+00 +0.0000e+00 +0.0000e+00 +0.0000e+00 +0.0000e+00 +0.0000e+00 +0.0000e+00
5 0 +1.265373969e+03 +9.854239687e+02 +9.854239687e+02 +0.0000e+00 +0.0000e+00 +1.0000e-01 +0.0000e+00 +0.0000e+00 +0.0000e+00 +0.0000e+00 +0.0000e+00 +0.0000e+00 +0.0000e+00
13 0 +1.246128645e+03 +9.661786447e+02 +9.661786447e+02 -5.6334e-02 -6.8076e-03 +1.5999e-01 -2.6906e-02 -2.9089e-02 -2.1816e-02 -2.5125e-03 +1.5462e-02 -1.8008e-02 -2.3779e-02
14 0 +1.171315409e+03 +8.913654087e+02 +8.913654087e+02 -2.8354e-01 -3.4264e-02 +3.9637e-01 -1.3543e-01 -1.4641e-01 -1.0981e-01 -1.2646e-02 +7.7825e-02 -9.0637e-02 -1.1968e-01
15 0 +9.418885673e+02 +6.619385673e+02 +6.619385673e+02 -1.1171e+00 -5.1015e-02 +1.5241e+00 -4.8366e-01 -5.3065e-01 -3.7409e-01 +4.1441e-02 +4.2837e-01 -2.9211e-01 -4.1634e-01
16 0 +7.802891553e+02 +5.003391553e+02 +5.003391553e+02 -1.9307e+00 -4.6323e-01 +1.1053e+00 -1.0588e+00 -1.1234e+00 -9.0795e-01 -3.3597e-01 +1.9663e-01 -7.9510e-01 -9.6610e-01
18 0 +7.627394432e+02 +4.827894432e+02 +4.827894432e+02 -1.8137e+00 -4.3919e-01 +1.1090e+00 -1.0347e+00 -1.4158e+00 -8.8390e-01 -3.1192e-01 +2.2068e-01 -7.7105e-01 -9.4206e-01
21 0 +7.584042393e+02 +4.784542393e+02 +4.784542393e+02 -1.8632e+00 -4.3848e-01 +1.1658e+00 -9.2751e-01 -1.4469e+00 -8.8618e-01 -3.1036e-01 +4.5744e-02 -7.7257e-01 -9.4472e-01
27 0 +7.346699694e+02 +4.547199694e+02 +4.547199694e+02 -1.9196e+00 -5.2465e-01 +1.2060e+00 -9.2827e-01 -1.5125e+00 -1.0714e+00 -3.5166e-01 +6.9761e-02 -6.4681e-01 -8.5564e-01
28 0 +6.762528698e+02 +3.963028698e+02 +3.963028698e+02 -2.0786e+00 -6.0272e-01 +1.3623e+00 -8.8503e-01 -1.7403e+00 -1.2176e+00 -3.1880e-01 +1.7060e-01 -5.8483e-01 -9.7361e-01
29 0 +4.705106902e+02 +1.905606902e+02 +1.905606902e+02 -2.6719e+00 -8.9783e-01 +2.0418e+00 -6.6632e-01 -2.6364e+00 -1.7825e+00 -1.6291e-01 +5.9632e-01 -2.9529e-01 -1.4209e+00
30 0 +4.004185122e+02 +1.204685122e+02 +1.204685122e+02 -3.0209e+00 -1.0852e+00 +2.7793e+00 -3.3594e-01 -3.3254e+00 -2.1839e+00 +4.5840e-02 +1.0208e+00 +8.0001e-02 -1.7097e+00
31 0 +3.719037007e+02 +9.195370066e+01 +9.195370066e+01 -3.1277e+00 -1.1912e+00 +2.6482e+00 -3.8279e-01 -3.4575e+00 -2.2911e+00 +1.0000e-01 +9.8666e-01 -4.2894e-02 -1.8078e+00
32 0 +3.684060251e+02 +8.845602508e+01 +8.845602508e+01 -3.1699e+00 -1.1251e+00 +2.6396e+00 -3.9937e-01 -3.4973e+00 -2.3219e+00 -7.0040e-04 +9.8756e-01 -5.0111e-02 -1.8369e+00
33 0 +3.578713110e+02 +7.792131096e+01 +7.792131096e+01 -3.1552e+00 -1.1691e+00 +2.6295e+00 -3.9922e-01 -3.5460e+00 -2.2601e+00 -3.7267e-02 +9.8734e-01 -3.6831e-02 -1.8307e+00
36 0 +3.411733737e+02 +6.122337365e+01 +6.122337365e+01 -3.1787e+00 -1.2605e+00 +2.5821e+00 -3.8548e-01 -3.5093e+00 -2.3089e+00 -9.2055e-02 +9.7409e-01 +5.9086e-02 -1.8591e+00
37 0 +3.327184424e+02 +5.276844244e+01 +5.276844244e+01 -3.1863e+00 -1.2891e+00 +2.5824e+00 -3.9244e-01 -3.5326e+00 -2.3416e+00 -1.1111e-01 +9.7226e-01 +5.4437e-02 -1.7903e+00
38 0 +3.280305508e+02 +4.808055083e+01 +4.808055083e+01 -3.1996e+00 -1.2961e+00 +2.5902e+00 -3.6279e-01 -3.5522e+00 -2.3420e+00 -1.1397e-01 +9.0590e-01 +6.1550e-02 -1.7866e+00
39 0 +3.168343288e+02 +3.688432877e+01 +3.688432877e+01 -3.2504e+00 -1.2977e+00 +2.5390e+00 -3.5297e-01 -3.5907e+00 -2.3284e+00 -1.0062e-01 +9.1267e-01 +1.0635e-01 -1.7583e+00
40 0 +2.987081494e+02 +1.875814943e+01 +1.875814943e+01 -3.2517e+00 -1.3393e+00 +2.5102e+00 -3.7639e-01 -3.6553e+00 -2.3472e+00 -1.1248e-01 +8.9372e-01 +1.4871e-01 -1.7496e+00
41 0 +2.871674524e+02 +7.217452436e+00 +7.217452436e+00 -3.2474e+00 -1.3613e+00 +2.4588e+00 -4.0475e-01 -3.6755e+00 -2.3474e+00 -1.2925e-01 +8.6262e-01 +1.6319e-01 -1.7322e+00
42 0 +2.815675491e+02 +1.617549078e+00 +1.617549078e+00 -3.2450e+00 -1.3768e+00 +2.4523e+00 -4.1358e-01 -3.6979e+00 -2.3556e+00 -1.3414e-01 +8.5582e-01 +1.7667e-01 -1.7312e+00
% f evaluations | g evaluations | best noise-free fitness - Fopt (9.319900000000e+02) + sum g_i+ | measured fitness | best measured fitness or single-digit g-values | x1 | x2...
1 0 +1.199700401e+03 +2.131690401e+03 +2.131690401e+03 +0.0000e+00 +0.0000e+00 +0.0000e+00 +0.0000e+00 +0.0000e+00 +0.0000e+00 +0.0000e+00 +0.0000e+00 +0.0000e+00 +0.0000e+00
3 0 +1.199247997e+03 +2.131237997e+03 +2.131237997e+03 +1.0000e-01 +0.0000e+00 +0.0000e+00 +0.0000e+00 +0.0000e+00 +0.0000e+00 +0.0000e+00 +0.0000e+00 +0.0000e+00 +0.0000e+00
13 0 +1.170332188e+03 +2.102322188e+03 +2.102322188e+03 +2.2994e-03 -8.7005e-03 +1.5052e-01 -2.7414e-02 +1.9925e-02 -3.0752e-02 -4.4593e-03 -6.6294e-02 -2.0984e-02 +2.0430e-02
14 0 +1.094384526e+03 +2.026374526e+03 +2.026374526e+03 +1.1536e-02 -4.3648e-02 +3.5011e-01 -1.3753e-01 +9.9957e-02 -1.5428e-01 -2.2371e-02 -3.3258e-01 -1.0527e-01 +1.0249e-01
15 0 +8.320913454e+02 +1.764081345e+03 +1.764081345e+03 +4.9125e-02 -1.8588e-01 +1.1049e+00 -5.8567e-01 +4.2567e-01 -6.5699e-01 -9.5267e-02 -1.4163e+00 -4.4830e-01 +4.3646e-01
16 0 +7.588254547e+02 +1.690815455e+03 +1.690815455e+03 +1.1850e+00 +7.3073e-01 +4.1476e+00 -4.2059e-02 +1.9128e+00 -1.7991e-01 +9.0587e-01 -1.6477e+00 +2.2348e-01 +1.9337e+00
18 0 +7.128891553e+02 +1.644879155e+03 +1.644879155e+03 +1.2218e+00 +7.6753e-01 +4.1541e+00 -5.2568e-03 +1.9496e+00 -6.7357e-01 +9.4268e-01 -1.4267e+00 +2.6028e-01 +1.9705e+00
20 0 +6.752797034e+02 +1.607269703e+03 +1.607269703e+03 +1.2361e+00 +7.8187e-01 +4.1566e+00 +3.4569e-01 +1.9640e+00 -6.7494e-01 +9.5702e-01 -1.4296e+00 -1.6404e-01 +1.9848e+00
23 0 +6.563886598e+02 +1.588378660e+03 +1.588378660e+03 +1.1019e+00 +1.0242e+00 +4.2125e+00 +3.1818e-01 +1.8336e+00 -7.1512e-01 +1.1534e+00 -1.4951e+00 -1.9444e-01 +1.8546e+00
28 0 +6.296169815e+02 +1.561606981e+03 +1.561606981e+03 +1.0860e+00 +1.0472e+00 +4.1534e+00 +3.1142e-01 +1.8840e+00 -8.0478e-01 +1.1977e+00 -1.5429e+00 -2.6289e-01 +1.8644e+00
29 0 +6.137571825e+02 +1.545747183e+03 +1.545747183e+03 +1.0607e+00 +1.0449e+00 +4.1474e+00 +2.8612e-01 +1.9051e+00 -8.6506e-01 +1.2100e+00 -1.5610e+00 -3.2680e-01 +1.8583e+00
30 0 +5.484915965e+02 +1.480481596e+03 +1.480481596e+03 +9.8857e-01 +1.0749e+00 +4.0246e+00 +2.2468e-01 +2.0247e+00 -9.7902e-01 +1.3010e+00 -1.7780e+00 -5.5564e-01 +1.8614e+00
31 0 +3.899860914e+02 +1.321976091e+03 +1.321976091e+03 +5.7523e-01 +1.1042e+00 +3.7628e+00 -1.2218e-01 +2.4153e+00 -1.7921e+00 +1.5869e+00 -2.1788e+00 -1.6197e+00 +1.7555e+00
32 0 +3.029279532e+02 +1.234917953e+03 +1.234917953e+03 +5.4244e-01 +1.3904e+00 +2.9629e+00 -5.8648e-03 +2.8262e+00 -1.3231e+00 +2.0197e+00 -3.2319e+00 -1.9792e+00 +1.8513e+00
33 0 +2.857020884e+02 +1.217692088e+03 +1.217692088e+03 +9.6359e-01 +1.5806e+00 +2.8996e+00 +1.9549e-01 +3.0291e+00 -1.7679e+00 +2.2379e+00 -3.2296e+00 -1.8138e+00 +2.0812e+00
37 0 +2.355664999e+02 +1.167556500e+03 +1.167556500e+03 +1.1681e+00 +1.5005e+00 +3.2620e+00 +1.4238e-01 +3.0743e+00 -1.7469e+00 +2.2044e+00 -3.5051e+00 -1.9974e+00 +2.1284e+00
38 0 +2.137357072e+02 +1.145725707e+03 +1.145725707e+03 +1.2515e+00 +1.4903e+00 +3.1641e+00 +9.2113e-02 +2.7440e+00 -1.8081e+00 +2.1950e+00 -3.5811e+00 -2.0658e+00 +2.2455e+00
39 0 +1.962997098e+02 +1.128289710e+03 +1.128289710e+03 +1.1928e+00 +1.4243e+00 +3.2117e+00 +1.0372e-01 +2.7218e+00 -1.7875e+00 +2.3482e+00 -3.5714e+00 -2.0415e+00 +2.3071e+00
42 0 +1.894118981e+02 +1.121401898e+03 +1.121401898e+03 +1.2336e+00 +1.3920e+00 +3.2241e+00 +9.4174e-02 +2.7038e+00 -1.7543e+00 +2.3766e+00 -3.6210e+00 -1.9955e+00 +2.3224e+00
43 0 +1.821436137e+02 +1.114133614e+03 +1.114133614e+03 +1.2493e+00 +1.3541e+00 +3.2842e+00 +6.7725e-02 +2.6708e+00 -1.7926e+00 +2.3777e+00 -3.5932e+00 -1.9696e+00 +2.3215e+00
44 0 +1.715318594e+02 +1.103521859e+03 +1.103521859e+03 +1.2516e+00 +1.3170e+00 +3.3013e+00 +3.3148e-02 +2.6594e+00 -1.8345e+00 +2.4286e+00 -3.6402e+00 -1.9899e+00 +2.3161e+00
45 0 +1.689009481e+02 +1.100890948e+03 +1.100890948e+03 +1.2784e+00 +1.2705e+00 +3.3419e+00 +6.1655e-02 +2.6241e+00 -1.8484e+00 +2.4738e+00 -3.6615e+00 -2.0169e+00 +2.3172e+00
46 0 +1.644003426e+02 +1.096390343e+03 +1.096390343e+03 +1.3195e+00 +1.2755e+00 +3.3461e+00 -3.3148e-03 +2.6295e+00 -1.8253e+00 +2.5115e+00 -3.6315e+00 -2.0454e+00 +2.3357e+00
47 0 +1.616849870e+02 +1.093674987e+03 +1.093674987e+03 +1.3630e+00 +1.3024e+00 +3.3229e+00 +2.3852e-02 +2.6527e+00 -1.8812e+00 +2.5400e+00 -3.6195e+00 -2.0171e+00 +2.3621e+00
48 0 +1.523243381e+02 +1.084314338e+03 +1.084314338e+03 +1.3540e+00 +1.2717e+00 +3.2996e+00 -2.6224e-02 +2.6249e+00 -1.9101e+00 +2.5912e+00 -3.6219e+00 -1.9761e+00 +2.3612e+00
49 0 +1.488984968e+02 +1.080888497e+03 +1.080888497e+03 +1.3526e+00 +1.2438e+00 +3.3339e+00 -5.8634e-02 +2.6812e+00 -1.9247e+00 +2.6355e+00 -3.6323e+00 -1.9416e+00 +2.3423e+00
50 0 +1.383598083e+02 +1.070349808e+03 +1.070349808e+03 +1.3984e+00 +1.2324e+00 +3.3274e+00 -1.1707e-01 +2.6573e+00 -1.9685e+00 +2.6278e+00 -3.6714e+00 -1.9302e+00 +2.3316e+00
51 0 +1.355765830e+02 +1.067566583e+03 +1.067566583e+03 +1.3906e+00 +1.2575e+00 +3.3571e+00 -1.6362e-01 +2.6287e+00 -1.9984e+00 +2.6473e+00 -3.7099e+00 -1.9130e+00 +2.3804e+00
% f evaluations | g evaluations | best noise-free fitness - Fopt (1.133100000000e+02) + sum g_i+ | measured fitness | best measured fitness or single-digit g-values | x1 | x2...
1 0 +9.355293671e+02 +1.048839367e+03 +1.048839367e+03 +0.0000e+00 +0.0000e+00 +0.0000e+00 +0.0000e+00 +0.0000e+00 +0.0000e+00 +0.0000e+00 +0.0000e+00 +0.0000e+00 +0.0000e+00
3 0 +9.287184408e+02 +1.042028441e+03 +1.042028441e+03 +1.0000e-01 +0.0000e+00 +0.0000e+00 +0.0000e+00 +0.0000e+00 +0.0000e+00 +0.0000e+00 +0.0000e+00 +0.0000e+00 +0.0000e+00
13 0 +9.011772244e+02 +1.014487224e+03 +1.014487224e+03 +2.9844e-02 +3.2755e-02 +8.3706e-03 -5.5961e-03 +1.5103e-01 +1.4367e-02 +2.9189e-02 -3.7528e-02 +4.9926e-02 -1.9290e-02
14 0 +8.125414499e+02 +9.258514499e+02 +9.258514499e+02 +1.4850e-01 +1.6311e-01 +4.0702e-02 -2.9411e-02 +3.5483e-01 +7.0803e-02 +1.4521e-01 -1.8971e-01 +2.4931e-01 -9.8153e-02
15 0 +5.223343219e+02 +6.356443219e+02 +6.356443219e+02 +6.1125e-01 +6.7356e-01 +1.5160e-01 -1.4736e-01 +1.1647e+00 +2.7995e-01 +5.9722e-01 -8.3088e-01 +1.0411e+00 -4.4048e-01
19 0 +4.526476895e+02 +5.659576895e+02 +5.659576895e+02 +7.6693e-01 +8.5259e-01 +1.3503e-01 -2.7597e-01 +1.4902e+00 +3.1148e-01 +7.4764e-01 -1.4132e+00 +1.3579e+00 -2.5945e-01
21 0 +4.458724175e+02 +5.591824175e+02 +5.591824175e+02 +7.8252e-01 +8.6968e-01 +3.1227e-01 +6.6564e-02 +1.5168e+00 +8.3284e-02 +7.6290e-01 -1.5036e+00 +1.3838e+00 -2.9980e-01
28 0 +4.275142102e+02 +5.408242102e+02 +5.408242102e+02 +8.6869e-01 +9.6583e-01 +2.8732e-01 +6.7423e-02 +1.6272e+00 +6.3408e-02 +5.9366e-01 -1.5165e+00 +1.3752e+00 -2.9546e-01
29 0 +4.048605012e+02 +5.181705012e+02 +5.181705012e+02 +9.6199e-01 +1.1002e+00 +2.5125e-01 +1.1729e-01 +1.5902e+00 +3.2667e-02 +5.1690e-01 -1.5386e+00 +1.5081e+00 +2.5651e-02
30 0 +3.504397682e+02 +4.637497682e+02 +4.637497682e+02 +1.1036e+00 +1.3111e+00 +1.5942e-01 +1.4575e-01 +1.5494e+00 -4.3250e-02 +3.8562e-01 -1.4947e+00 +1.7377e+00 -5.7359e-02
31 0 +1.830788703e+02 +2.963888703e+02 +2.963888703e+02 +1.6534e+00 +2.1417e+00 -2.0188e-01 +3.2858e-01 +1.2821e+00 -3.5597e-01 -2.0258e-01 -1.1655e+00 +2.5868e+00 -3.0102e-01
37 0 +1.681697443e+02 +2.814797443e+02 +2.814797443e+02 +1.6351e+00 +2.1663e+00 -2.1145e-01 +5.3624e-01 +1.2913e+00 -3.6608e-01 -2.2413e-01 -1.2578e+00 +2.5313e+00 -3.5125e-01
39 0 +1.647576795e+02 +2.780676795e+02 +2.780676795e+02 +1.6318e+00 +2.1744e+00 -1.4953e-01 +5.3576e-01 +1.2858e+00 -4.4203e-01 -2.0742e-01 -1.2586e+00 +2.5336e+00 -3.5367e-01
44 0 +1.510875147e+02 +2.643975147e+02 +2.643975147e+02 +1.6791e+00 +2.2331e+00 -1.3150e-01 +5.5754e-01 +1.3025e+00 -4.4500e-01 -2.1684e-01 -1.2957e+00 +2.5752e+00 -3.5901e-01
45 0 +1.405387085e+02 +2.538487085e+02 +2.538487085e+02 +1.7412e+00 +2.2759e+00 -1.4172e-01 +5.8609e-01 +1.3309e+00 -4.7467e-01 -1.9633e-01 -1.3302e+00 +2.5845e+00 -3.5726e-01
46 0 +1.326500828e+02 +2.459600828e+02 +2.459600828e+02 +1.7690e+00 +2.2637e+00 -1.4415e-01 +5.9104e-01 +1.2915e+00 -4.9234e-01 -2.1032e-01 -1.4050e+00 +2.6210e+00 -3.4925e-01
47 0 +1.217346748e+02 +2.350446748e+02 +2.350446748e+02 +1.8098e+00 +2.3185e+00 -1.2579e-01 +6.3255e-01 +1.2839e+00 -5.0718e-01 -2.3347e-01 -1.4366e+00 +2.6578e+00 -3.3939e-01
48 0 +1.068828552e+02 +2.201928552e+02 +2.201928552e+02 +2.0505e+00 +2.4475e+00 -1.7488e-01 +7.7726e-01 +1.3118e+00 -6.6063e-01 -1.8545e-01 -1.6144e+00 +2.7019e+00 -2.9591e-01
49 0 +8.070872325e+01 +1.940187233e+02 +1.940187233e+02 +2.0564e+00 +2.7039e+00 -1.6623e-02 +9.0717e-01 +1.3126e+00 -5.9526e-01 -3.4294e-01 -1.5299e+00 +2.8283e+00 -2.8484e-01
% f evaluations | g evaluations | best noise-free fitness - Fopt (2.264000000000e+01) + sum g_i+ | measured fitness | best measured fitness or single-digit g-values | x1 | x2...
1 0 +1.947392287e+03 +1.970032287e+03 +1.970032287e+03 +0.0000e+00 +0.0000e+00 +0.0000e+00 +0.0000e+00 +0.0000e+00 +0.0000e+00 +0.0000e+00 +0.0000e+00 +0.0000e+00 +0.0000e+00
3 0 +1.936138939e+03 +1.958778939e+03 +1.958778939e+03 +1.0000e-01 +0.0000e+00 +0.0000e+00 +0.0000e+00 +0.0000e+00 +0.0000e+00 +0.0000e+00 +0.0000e+00 +0.0000e+00 +0.0000e+00
14 0 +1.806559401e+03 +1.829199401e+03 +1.829199401e+03 +3.1693e-01 +1.7937e-01 -1.6443e-01 +2.0584e-01 -1.8634e-01 -1.2159e-01 +1.5626e-01 -6.9426e-02 +6.6951e-03 +1.5024e-01
15 0 +1.400299932e+03 +1.422939932e+03 +1.422939932e+03 +1.0065e+00 +7.5423e-01 -6.9140e-01 +8.6556e-01 -7.8355e-01 -5.1127e-01 +6.5707e-01 -2.9193e-01 +2.8153e-02 +6.3175e-01
16 0 +7.219297354e+02 +7.445697354e+02 +7.445697354e+02 +3.3902e+00 +2.2018e+00 -2.9187e+00 +2.5961e+00 -3.2450e+00 -2.2806e+00 +1.8576e+00 -1.5037e+00 -3.7000e-01 +1.7679e+00
17 0 +6.501229058e+02 +6.727629058e+02 +6.727629058e+02 +3.4103e+00 +2.7761e+00 -2.7352e+00 +3.2005e+00 -3.0864e+00 -2.0484e+00 +2.4057e+00 -1.2122e+00 +8.0360e-03 +2.3091e+00
22 0 +6.424022497e+02 +6.650422497e+02 +6.650422497e+02 +3.3228e+00 +2.7856e+00 -3.0163e+00 +3.2118e+00 -3.0233e+00 -1.9864e+00 +2.4136e+00 -1.1486e+00 +5.7462e-03 +2.3167e+00
28 0 +6.121122983e+02 +6.347522983e+02 +6.347522983e+02 +3.2859e+00 +2.8223e+00 -2.9656e+00 +3.2279e+00 -2.9665e+00 -1.9257e+00 +2.4074e+00 -1.0555e+00 +2.2792e-02 +2.3836e+00
29 0 +5.232943169e+02 +5.459343169e+02 +5.459343169e+02 +3.1982e+00 +2.8194e+00 -2.8818e+00 +3.1373e+00 -2.8560e+00 -1.8055e+00 +2.2333e+00 -8.0902e-01 -4.4460e-02 +2.5054e+00
30 0 +3.472656424e+02 +3.699056424e+02 +3.699056424e+02 +2.7657e+00 +2.8138e+00 -2.4337e+00 +2.7968e+00 -2.2947e+00 -1.3245e+00 +1.7844e+00 +2.2664e-01 -4.9738e-02 +2.9908e+00
31 0 +2.955639722e+02 +3.182039722e+02 +3.182039722e+02 +2.9479e+00 +2.8933e+00 -2.4950e+00 +2.8289e+00 -2.4630e+00 -9.7982e-01 +1.5992e+00 +2.5817e-01 -2.6443e-01 +3.1324e+00
34 0 +2.866598802e+02 +3.092998802e+02 +3.092998802e+02 +2.9460e+00 +3.0239e+00 -2.4718e+00 +2.9120e+00 -2.4491e+00 -9.4342e-01 +1.5870e+00 +4.0239e-01 -2.9669e-01 +3.3194e+00
41 0 +2.718989240e+02 +2.945389240e+02 +2.945389240e+02 +2.9109e+00 +3.0636e+00 -2.4965e+00 +2.9091e+00 -2.5648e+00 -9.4452e-01 +1.6096e+00 +3.7787e-01 -3.3865e-01 +3.3400e+00
42 0 +2.591496647e+02 +2.817896647e+02 +2.817896647e+02 +2.9353e+00 +3.1051e+00 -2.5254e+00 +2.8931e+00 -2.6025e+00 -9.8097e-01 +1.6477e+00 +3.7024e-01 -3.8126e-01 +3.3627e+00
43 0 +2.298455103e+02 +2.524855103e+02 +2.524855103e+02 +3.0029e+00 +3.2716e+00 -2.6267e+00 +2.8126e+00 -2.7244e+00 -1.1649e+00 +1.8190e+00 +3.6434e-01 -5.3699e-01 +3.4557e+00
44 0 +2.278825136e+02 +2.505225136e+02 +2.505225136e+02 +3.1939e+00 +3.2658e+00 -2.8095e+00 +2.9730e+00 -2.7724e+00 -1.0608e+00 +1.7715e+00 +2.1797e-01 -6.8840e-01 +3.5238e+00
45 0 +2.159535003e+02 +2.385935003e+02 +2.385935003e+02 +3.2399e+00 +3.3346e+00 -2.7868e+00 +2.9033e+00 -2.8581e+00 -9.4404e-01 +1.8464e+00 +2.4406e-01 -6.9352e-01 +3.5016e+00
48 0 +2.098588296e+02 +2.324988296e+02 +2.324988296e+02 +3.2435e+00 +3.3793e+00 -2.8019e+00 +2.8807e+00 -2.8464e+00 -9.4879e-01 +1.8948e+00 +2.6804e-01 -7.5658e-01 +3.4873e+00
50 0 +2.080338834e+02 +2.306738834e+02 +2.306738834e+02 +3.1910e+00 +3.4549e+00 -2.7406e+00 +2.9152e+00 -2.8475e+00 -9.1998e-01 +1.8717e+00 +2.4608e-01 -7.8927e-01 +3.5478e+00
% f evaluations | g evaluations | best noise-free fitness - Fopt (7.553000000000e+01) + sum g_i+ | measured fitness | best measured fitness or single-digit g-values | x1 | x2...
1 0 +1.438392887e+03 +1.513922887e+03 +1.513922887e+03 +0.0000e+00 +0.0000e+00 +0.0000e+00 +0.0000e+00 +0.0000e+00 +0.0000e+00 +0.0000e+00 +0.0000e+00 +0.0000e+00 +0.0000e+00
5 0 +1.420735771e+03 +1.496265771e+03 +1.496265771e+03 +0.0000e+00 +0.0000e+00 +1.0000e-01 +0.0000e+00 +0.0000e+00 +0.0000e+00 +0.0000e+00 +0.0000e+00 +0.0000e+00 +0.0000e+00
13 0 +1.394516683e+03 +1.470046683e+03 +1.470046683e+03 -5.3106e-03 -3.2501e-03 +1.6681e-01 -3.0569e-02 -4.1938e-02 +2.4803e-02 -3.1905e-02 -2.9982e-02 -1.6233e-02 +2.9319e-03
14 0 +1.290716901e+03 +1.366246901e+03 +1.366246901e+03 -2.6620e-02 -1.6292e-02 +4.3300e-01 -1.5323e-01 -2.1022e-01 +1.2433e-01 -1.5993e-01 -1.5029e-01 -8.1370e-02 +1.4697e-02
15 0 +9.009836325e+02 +9.765136325e+02 +9.765136325e+02 -1.1265e-01 -6.8941e-02 +1.4853e+00 -6.4842e-01 -8.8959e-01 +5.2612e-01 -6.7677e-01 -6.3598e-01 -3.4432e-01 +6.2192e-02
16 0 +6.306179929e+02 +7.061479929e+02 +7.061479929e+02 -3.3357e-01 -2.0414e-01 +3.8915e+00 -1.9201e+00 -2.6342e+00 +1.5579e+00 -2.0040e+00 -1.8832e+00 -1.0196e+00 +1.8416e-01
23 0 +6.160322611e+02 +6.915622611e+02 +6.915622611e+02 -2.7270e-01 -1.4278e-01 +4.0548e+00 -1.9097e+00 -2.7467e+00 +1.5070e+00 -1.8522e+00 -1.7268e+00 -8.8898e-01 +2.4699e-01
27 0 +5.902502507e+02 +6.657802507e+02 +6.657802507e+02 -2.0379e-01 -2.2397e-01 +3.9959e+00 -1.9098e+00 -2.7417e+00 +1.5235e+00 -1.8400e+00 -1.6881e+00 -8.3271e-01 +2.8362e-01
28 0 +4.976274523e+02 +5.731574523e+02 +5.731574523e+02 -2.0881e-01 -2.5184e-01 +3.7571e+00 -1.9121e+00 -2.7231e+00 +1.5925e+00 -1.7916e+00 -1.5315e+00 -6.0331e-01 +4.1625e-01
29 0 +3.122779656e+02 +3.878079656e+02 +3.878079656e+02 -2.5394e-01 -2.8848e-01 +2.8079e+00 -1.9478e+00 -2.6820e+00 +1.9014e+00 -1.6171e+00 -9.0414e-01 +3.3958e-01 +9.1035e-01
33 0 +3.043293608e+02 +3.798593608e+02 +3.798593608e+02 -1.7632e-01 -2.3111e-01 +2.9392e+00 -1.8870e+00 -2.6311e+00 +1.9684e+00 -1.5644e+00 -8.5983e-01 +3.8471e-01 +9.7220e-01
34 0 +3.012637668e+02 +3.767937668e+02 +3.767937668e+02 +1.0406e-01 -2.9974e-01 +2.7722e+00 -1.8326e+00 -2.6998e+00 +2.0880e+00 -1.5426e+00 -9.7173e-01 +3.3102e-01 +1.0767e+00
36 0 +2.919635295e+02 +3.674935295e+02 +3.674935295e+02 +6.6657e-02 -2.9859e-01 +2.7790e+00 -1.7691e+00 -2.8202e+00 +2.0180e+00 -1.3684e+00 -1.0298e+00 +3.8028e-01 +1.0849e+00
38 0 +2.829034279e+02 +3.584334279e+02 +3.584334279e+02 +4.3942e-02 -3.2542e-01 +2.8006e+00 -1.8211e+00 -2.8486e+00 +2.0429e+00 -1.3543e+00 -1.0177e+00 +3.5749e-01 +1.1424e+00
40 0 +2.703344394e+02 +3.458644394e+02 +3.458644394e+02 +7.8830e-02 -3.4376e-01 +2.8680e+00 -1.8838e+00 -2.8836e+00 +2.0775e+00 -1.3094e+00 -1.0384e+00 +3.2535e-01 +1.0785e+00
41 0 +2.585575464e+02 +3.340875464e+02 +3.340875464e+02 +6.2033e-02 -2.9776e-01 +2.8765e+00 -1.9194e+00 -2.9231e+00 +2.1393e+00 -1.2893e+00 -1.0568e+00 +3.3621e-01 +1.0838e+00
42 0 +2.465651011e+02 +3.220951011e+02 +3.220951011e+02 +4.6642e-02 -2.8179e-01 +2.9162e+00 -1.9520e+00 -2.9523e+00 +2.1904e+00 -1.2520e+00 -1.0920e+00 +3.1496e-01 +1.1019e+00
43 0 +2.209880327e+02 +2.965180327e+02 +2.965180327e+02 -9.0898e-03 -2.5631e-01 +3.0991e+00 -2.0701e+00 -3.0493e+00 +2.3687e+00 -1.0937e+00 -1.2421e+00 +1.9949e-01 +1.1837e+00
44 0 +2.104155654e+02 +2.859455654e+02 +2.859455654e+02 +1.3716e-03 -2.6516e-01 +3.0604e+00 -2.2642e+00 -3.1349e+00 +2.5564e+00 -9.2873e-01 -1.1193e+00 +3.8713e-01 +1.1584e+00
46 0 +2.088954703e+02 +2.844254703e+02 +2.844254703e+02 +3.0467e-02 -2.2898e-01 +3.0567e+00 -2.3245e+00 -3.0908e+00 +2.5026e+00 -9.1271e-01 -1.1724e+00 +4.2111e-01 +1.1773e+00
% f evaluations | g evaluations | best noise-free fitness - Fopt (1.923000000000e+01) + sum g_i+ | measured fitness | best measured fitness or single-digit g-values | x1 | x2...
1 0 +1.594080093e+03 +1.613310093e+03 +1.613310093e+03 +0.0000e+00 +0.0000e+00 +0.0000e+00 +0.0000e+00 +0.0000e+00 +0.0000e+00 +0.0000e+00 +0.0000e+00 +0.0000e+00 +0.0000e+00
3 0 +1.581634523e+03 +1.600864523e+03 +1.600864523e+03 +1.0000e-01 +0.0000e+00 +0.0000e+00 +0.0000e+00 +0.0000e+00 +0.0000e+00 +0.0000e+00 +0.0000e+00 +0.0000e+00 +0.0000e+00
14 0 +1.451600817e+03 +1.470830817e+03 +1.470830817e+03 +3.3867e-01 +3.0208e-02 +2.0740e-01 -1.8077e-01 +2.2476e-01 +9.9176e-02 +1.8912e-01 -7.2297e-02 -3.0446e-02 +1.1897e-01
15 0 +1.054858854e+03 +1.074088854e+03 +1.074088854e+03 +1.1012e+00 +1.2195e-01 +8.6932e-01 -7.6794e-01 +9.4255e-01 +4.1285e-01 +7.9224e-01 -3.1040e-01 -1.3388e-01 +4.9636e-01
16 0 +6.393820892e+02 +6.586120892e+02 +6.586120892e+02 +3.1123e+00 +2.7924e-01 +2.6023e+00 -2.4868e+00 +2.8299e+00 +1.1835e+00 +2.3627e+00 -1.0647e+00 -5.1596e-01 +1.4430e+00
18 0 +6.246204396e+02 +6.438504396e+02 +6.438504396e+02 +3.2047e+00 +2.4596e-01 +2.5690e+00 -2.4273e+00 +2.7967e+00 +1.1502e+00 +2.3294e+00 -1.2489e+00 -5.4924e-01 +1.4097e+00
23 0 +6.131596932e+02 +6.323896932e+02 +6.323896932e+02 +3.2431e+00 +3.0518e-01 +2.5352e+00 -2.4558e+00 +2.7632e+00 +1.2731e+00 +2.2953e+00 -1.2648e+00 -4.7855e-01 +1.3847e+00
24 0 +6.004317215e+02 +6.196617215e+02 +6.196617215e+02 +3.2445e+00 +3.0533e-01 +2.4644e+00 -2.4567e+00 +2.7665e+00 +1.2736e+00 +2.3658e+00 -1.2652e+00 -4.7871e-01 +1.3853e+00
27 0 +5.781306899e+02 +5.973606899e+02 +5.973606899e+02 +3.2044e+00 +3.2711e-01 +2.3930e+00 -2.4351e+00 +2.7418e+00 +1.2861e+00 +2.3737e+00 -1.3025e+00 -4.7207e-01 +1.3759e+00
28 0 +4.931339317e+02 +5.123639317e+02 +5.123639317e+02 +3.0439e+00 +4.1640e-01 +2.1129e+00 -2.3498e+00 +2.6375e+00 +1.3383e+00 +2.4071e+00 -1.4565e+00 -4.4574e-01 +1.3391e+00
29 0 +3.201304834e+02 +3.393604834e+02 +3.393604834e+02 +2.4022e+00 +7.9135e-01 +1.0398e+00 -2.0215e+00 +2.1771e+00 +1.5679e+00 +2.5549e+00 -2.1135e+00 -3.4265e-01 +1.1992e+00
33 0 +3.048197675e+02 +3.240497675e+02 +3.240497675e+02 +2.3118e+00 +8.1138e-01 +1.0795e+00 -2.0496e+00 +2.3273e+00 +1.6009e+00 +2.5015e+00 -2.2002e+00 -2.6241e-01 +1.2341e+00
35 0 +2.916339474e+02 +3.108639474e+02 +3.108639474e+02 +2.3672e+00 +7.9135e-01 +1.0752e+00 -2.0424e+00 +2.3778e+00 +1.5130e+00 +2.5916e+00 -2.2898e+00 -2.5225e-01 +1.1569e+00
38 0 +2.879344999e+02 +3.071644999e+02 +3.071644999e+02 +2.2329e+00 +7.5934e-01 +1.0368e+00 -2.0343e+00 +2.4347e+00 +1.4661e+00 +2.7119e+00 -2.2181e+00 -2.6969e-01 +1.1784e+00
40 0 +2.730793116e+02 +2.923093116e+02 +2.923093116e+02 +2.2750e+00 +7.6389e-01 +1.0723e+00 -2.0455e+00 +2.4928e+00 +1.4555e+00 +2.7473e+00 -2.2192e+00 -2.6384e-01 +1.2236e+00
41 0 +2.572303211e+02 +2.764603211e+02 +2.764603211e+02 +2.2969e+00 +7.9133e-01 +1.0793e+00 -2.0486e+00 +2.5277e+00 +1.4610e+00 +2.8011e+00 -2.2622e+00 -2.5317e-01 +1.2746e+00
42 0 +2.207197300e+02 +2.399497300e+02 +2.399497300e+02 +2.4550e+00 +9.0078e-01 +1.2342e+00 -2.0783e+00 +2.7503e+00 +1.4168e+00 +2.9464e+00 -2.3113e+00 -2.1093e-01 +1.4207e+00
43 0 +1.757153938e+02 +1.949453938e+02 +1.949453938e+02 +2.4251e+00 +1.0256e+00 +1.1291e+00 -2.0572e+00 +2.7364e+00 +1.4960e+00 +3.1409e+00 -2.5646e+00 -1.7351e-01 +1.5697e+00
46 0 +1.609309399e+02 +1.801609399e+02 +1.801609399e+02 +2.4432e+00 +9.5238e-01 +1.0186e+00 -2.2529e+00 +2.8469e+00 +1.4051e+00 +3.3190e+00 -2.7307e+00 -3.5097e-02 +1.7900e+00
49 0 +1.517466703e+02 +1.709766703e+02 +1.709766703e+02 +2.4297e+00 +1.0279e+00 +9.8725e-01 -2.2476e+00 +2.8840e+00 +1.3973e+00 +3.3518e+00 -2.7260e+00 -1.8677e-02 +1.7729e+00
50 0 +1.497306608e+02 +1.689606608e+02 +1.689606608e+02 +2.4763e+00 +1.0500e+00 +9.6529e-01 -2.2304e+00 +2.8469e+00 +1.3792e+00 +3.4082e+00 -2.6971e+00 -3.8463e-02 +1.7943e+00
% f evaluations | g evaluations | best noise-free fitness - Fopt (7.046300000000e+02) + sum g_i+ | measured fitness | best measured fitness or single-digit g-values | x1 | x2...
1 0 +1.498429143e+03 +2.203059143e+03 +2.203059143e+03 +0.0000e+00 +0.0000e+00 +0.0000e+00 +0.0000e+00 +0.0000e+00 +0.0000e+00 +0.0000e+00 +0.0000e+00 +0.0000e+00 +0.0000e+00
3 0 +1.495517527e+03 +2.200147527e+03 +2.200147527e+03 +1.0000e-01 +0.0000e+00 +0.0000e+00 +0.0000e+00 +0.0000e+00 +0.0000e+00 +0.0000e+00 +0.0000e+00 +0.0000e+00 +0.0000e+00
13 0 +1.463409332e+03 +2.168039332e+03 +2.168039332e+03 +1.1877e-02 -1.9478e-02 +1.4325e-01 -1.6318e-02 -6.6230e-02 +2.8816e-02 -2.3619e-03 -1.9564e-02 +3.5542e-02 +2.1774e-02
14 0 +1.366825825e+03 +2.071455825e+03 +2.071455825e+03 +5.9442e-02 -9.7484e-02 +3.1535e-01 -8.1672e-02 -3.3147e-01 +1.4422e-01 -1.1821e-02 -9.7917e-02 +1.7788e-01 +1.0898e-01
15 0 +1.006586451e+03 +1.711216451e+03 +1.711216451e+03 +2.5113e-01 -4.1185e-01 +9.8052e-01 -3.4505e-01 -1.4004e+00 +6.0929e-01 -4.9940e-02 -4.1368e-01 +7.5151e-01 +4.6040e-01
18 0 +6.591416081e+02 +1.363771608e+03 +1.363771608e+03 +5.0450e-01 -1.1565e+00 +3.2343e+00 -9.8917e-01 -2.6508e+00 +1.4019e+00 -2.4981e-01 -1.1611e+00 +1.7582e+00 +1.0288e+00
20 0 +6.061191734e+02 +1.310749173e+03 +1.310749173e+03 +5.0464e-01 -1.5299e+00 +3.2344e+00 -9.8903e-01 -2.6508e+00 +1.4020e+00 -2.4966e-01 -7.8855e-01 +1.7583e+00 +1.0290e+00
22 0 +5.985394392e+02 +1.303169439e+03 +1.303169439e+03 +5.2705e-01 -1.5326e+00 +3.2406e+00 -7.5572e-01 -2.6597e+00 +1.4244e+00 -5.6262e-01 -7.9117e-01 +1.7807e+00 +1.0514e+00
24 0 +5.815758123e+02 +1.286205812e+03 +1.286205812e+03 +6.5217e-01 -1.5345e+00 +3.2453e+00 -7.5737e-01 -2.6664e+00 +1.4413e+00 -5.6286e-01 -7.9314e-01 +1.7976e+00 +9.0195e-01
25 0 +5.726759047e+02 +1.277305905e+03 +1.277305905e+03 +7.7795e-01 -1.5460e+00 +3.2653e+00 -7.6658e-01 -2.6851e+00 +1.3549e+00 -5.6690e-01 -7.9932e-01 +1.7118e+00 +9.8542e-01
27 0 +5.592698452e+02 +1.263899845e+03 +1.263899845e+03 +8.1691e-01 -1.5955e+00 +3.3098e+00 -8.0427e-01 -2.6480e+00 +1.4381e+00 -5.9988e-01 -7.9504e-01 +1.6534e+00 +9.7864e-01
28 0 +5.455525612e+02 +1.250182561e+03 +1.250182561e+03 +8.7539e-01 -1.6368e+00 +3.2982e+00 -8.3252e-01 -2.6743e+00 +1.4722e+00 -6.1941e-01 -7.8098e-01 +1.6897e+00 +9.9278e-01
30 0 +5.222313848e+02 +1.226861385e+03 +1.226861385e+03 +9.0824e-01 -1.7256e+00 +3.2443e+00 -9.0466e-01 -2.6882e+00 +1.4541e+00 -6.9053e-01 -7.8730e-01 +1.6691e+00 +9.5109e-01
31 0 +4.514702128e+02 +1.156100213e+03 +1.156100213e+03 +1.1393e+00 -1.9039e+00 +3.1273e+00 -1.0527e+00 -2.5957e+00 +1.4922e+00 -8.3896e-01 -7.2190e-01 +1.6959e+00 +9.0410e-01
32 0 +2.649991298e+02 +9.696291298e+02 +9.696291298e+02 +2.1054e+00 -2.5768e+00 +2.7291e+00 -1.6901e+00 -2.2607e+00 +1.6803e+00 -1.4611e+00 -5.7310e-01 +1.8452e+00 +7.3125e-01
33 0 +2.477590441e+02 +9.523890441e+02 +9.523890441e+02 +2.9938e+00 -2.6902e+00 +2.9974e+00 -2.4050e+00 -2.3127e+00 +2.0531e+00 -2.0436e+00 -1.3050e+00 +2.2427e+00 +7.3719e-01
35 0 +2.339499719e+02 +9.385799719e+02 +9.385799719e+02 +3.2369e+00 -3.1842e+00 +3.1365e+00 -2.4725e+00 -2.4655e+00 +2.0390e+00 -2.1624e+00 -8.0558e-01 +2.2263e+00 +5.7733e-01
39 0 +2.221468995e+02 +9.267768995e+02 +9.267768995e+02 +3.1776e+00 -3.2366e+00 +3.1501e+00 -2.5495e+00 -2.3470e+00 +2.0349e+00 -2.2238e+00 -7.8476e-01 +2.1796e+00 +6.6211e-01
40 0 +2.172709579e+02 +9.219009579e+02 +9.219009579e+02 +3.2450e+00 -3.2278e+00 +3.1026e+00 -2.5732e+00 -2.3328e+00 +1.8663e+00 -2.2340e+00 -7.7356e-01 +2.2000e+00 +7.1945e-01
44 0 +1.973417500e+02 +9.019717500e+02 +9.019717500e+02 +3.2040e+00 -3.2375e+00 +3.1492e+00 -2.5800e+00 -2.3614e+00 +1.8429e+00 -2.2098e+00 -7.5034e-01 +2.1983e+00 +7.7874e-01
45 0 +1.388466737e+02 +8.434766737e+02 +8.434766737e+02 +3.0809e+00 -3.4327e+00 +3.2604e+00 -2.5153e+00 -2.4042e+00 +1.7625e+00 -2.0492e+00 -7.6227e-01 +2.1992e+00 +1.0152e+00
46 0 +1.110103822e+02 +8.156403822e+02 +8.156403822e+02 +2.8915e+00 -3.4177e+00 +3.4570e+00 -2.6192e+00 -2.5463e+00 +1.6903e+00 -2.0180e+00 -6.5535e-01 +2.2321e+00 +1.2038e+00
51 0 +1.034885099e+02 +8.081185099e+02 +8.081185099e+02 +2.8951e+00 -3.4097e+00 +3.4109e+00 -2.5914e+00 -2.5730e+00 +1.7046e+00 -2.0317e+00 -6.2763e-01 +2.2018e+00 +1.2689e+00
% f evaluations | g evaluations | best noise-free fitness - Fopt (1.011200000000e+02) + sum g_i+ | measured fitness | best measured fitness or single-digit g-values | x1 | x2...
1 0 +1.246751870e+03 +1.347871870e+03 +1.347871870e+03 +0.0000e+00 +0.0000e+00 +0.0000e+00 +0.0000e+00 +0.0000e+00 +0.0000e+00 +0.0000e+00 +0.0000e+00 +0.0000e+00 +0.0000e+00
3 0 +1.242297539e+03 +1.343417539e+03 +1.343417539e+03 +1.0000e-01 +0.0000e+00 +0.0000e+00 +0.0000e+00 +0.0000e+00 +0.0000e+00 +0.0000e+00 +0.0000e+00 +0.0000e+00 +0.0000e+00
13 0 +1.218769338e+03 +1.319889338e+03 +1.319889338e+03 +1.9073e-02 +9.4787e-03 -6.8585e-03 +1.2082e-01 -4.5393e-02 -1.9738e-02 -1.5109e-02 -2.2629e-02 -7.3162e-02 -2.2861e-02
14 0 +1.127850968e+03 +1.228970968e+03 +1.228970968e+03 +9.8719e-02 +5.0365e-02 -3.1974e-02 +2.0754e-01 -2.2619e-01 -9.6885e-02 -7.3557e-02 -1.1146e-01 -3.6613e-01 -1.1263e-01
15 0 +8.023722016e+02 +9.034922016e+02 +9.034922016e+02 +4.3606e-01 +2.3059e-01 -1.1929e-01 +5.7353e-01 -9.4456e-01 -3.9512e-01 -2.9599e-01 -4.5703e-01 -1.5392e+00 -4.6201e-01
17 0 +7.819706085e+02 +8.830906085e+02 +8.830906085e+02 +2.4922e-01 +3.2261e-02 -3.3718e-01 +3.8878e-01 -1.2086e+00 -6.2843e-01 -5.2376e-01 -6.9380e-01 -1.4011e+00 -6.9906e-01
19 0 +6.724104948e+02 +7.735304948e+02 +7.735304948e+02 +3.9517e-01 +1.0605e-01 -3.8627e-01 +5.4789e-01 -1.4309e+00 -7.7438e-01 -6.3490e-01 -8.6150e-01 -1.9195e+00 -8.6850e-01
22 0 +6.260716615e+02 +7.271916615e+02 +7.271916615e+02 +1.4136e-01 -2.2325e-01 -8.4411e-01 +3.0785e-01 -1.5579e+00 -1.3336e+00 -1.1577e+00 -1.4434e+00 -1.8565e+00 -1.6257e+00
29 0 +6.154071669e+02 +7.165271669e+02 +7.165271669e+02 +1.8698e-01 -3.0209e-01 -8.1619e-01 +3.5337e-01 -1.4813e+00 -1.3557e+00 -1.1692e+00 -1.4681e+00 -1.9013e+00 -1.6339e+00
30 0 +5.992284868e+02 +7.003484868e+02 +7.003484868e+02 +2.3228e-01 -2.7757e-01 -8.1838e-01 +3.9988e-01 -1.4903e+00 -1.3869e+00 -1.1834e+00 -1.5045e+00 -1.9506e+00 -1.6470e+00
31 0 +5.364035928e+02 +6.375235928e+02 +6.375235928e+02 +4.1482e-01 -1.8314e-01 -8.3333e-01 +5.8633e-01 -1.4764e+00 -1.5256e+00 -1.2464e+00 -1.6640e+00 -2.1277e+00 -1.6975e+00
32 0 +3.365892982e+02 +4.377092982e+02 +4.377092982e+02 +1.1440e+00 +1.9002e-01 -8.9872e-01 +1.3303e+00 -1.3750e+00 -2.0916e+00 -1.5037e+00 -2.3138e+00 -2.8150e+00 -1.8971e+00
36 0 +3.059970177e+02 +4.071170177e+02 +4.071170177e+02 +1.2512e+00 +3.4145e-01 -9.3925e-01 +1.4382e+00 -1.2400e+00 -2.2517e+00 -1.5399e+00 -2.4758e+00 -2.8714e+00 -1.9190e+00
38 0 +2.981615286e+02 +3.992815286e+02 +3.992815286e+02 +1.2686e+00 +3.6275e-01 -9.2864e-01 +1.4508e+00 -1.2256e+00 -2.2164e+00 -1.5020e+00 -2.4601e+00 -2.8380e+00 -2.0784e+00
44 0 +2.915896927e+02 +3.927096927e+02 +3.927096927e+02 +1.2737e+00 +3.8122e-01 -9.3378e-01 +1.4729e+00 -1.2057e+00 -2.2045e+00 -1.5139e+00 -2.4795e+00 -2.8148e+00 -2.0840e+00
45 0 +2.702449722e+02 +3.713649722e+02 +3.713649722e+02 +1.3462e+00 +3.5157e-01 -9.3195e-01 +1.5976e+00 -1.1428e+00 -2.1438e+00 -1.5853e+00 -2.5393e+00 -2.8325e+00 -2.1250e+00
46 0 +2.463685709e+02 +3.474885709e+02 +3.474885709e+02 +1.3829e+00 +4.2046e-01 -9.4903e-01 +1.6895e+00 -1.0574e+00 -2.0993e+00 -1.6377e+00 -2.6213e+00 -2.7567e+00 -2.1512e+00
47 0 +1.861950900e+02 +2.873150900e+02 +2.873150900e+02 +1.7066e+00 +5.3587e-01 -9.6303e-01 +2.1032e+00 -7.0398e-01 -1.9390e+00 -1.8995e+00 -2.9502e+00 -2.7175e+00 -2.2984e+00
50 0 +1.801416867e+02 +2.812616867e+02 +2.812616867e+02 +1.7205e+00 +4.1815e-01 -9.9524e-01 +2.4155e+00 -7.8409e-01 -2.0779e+00 -1.7874e+00 -2.9101e+00 -2.7037e+00 -2.3841e+00
% f evaluations | g evaluations | best noise-free fitness - Fopt (-1.000000000000e+03) + sum g_i+ | measured fitness | best measured fitness or single-digit g-values | x1 | x2...
1 0 +1.914014758e+03 +9.140147581e+02 +9.140147581e+02 +0.0000e+00 +0.0000e+00 +0.0000e+00 +0.0000e+00 +0.0000e+00 +0.0000e+00 +0.0000e+00 +0.0000e+00 +0.0000e+00 +0.0000e+00
4 0 +1.909379580e+03 +9.093795798e+02 +9.093795798e+02 +0.0000e+00 +1.0000e-01 +0.0000e+00 +0.0000e+00 +0.0000e+00 +0.0000e+00 +0.0000e+00 +0.0000e+00 +0.0000e+00 +0.0000e+00
13 0 +1.877564244e+03 +8.775642436e+02 +8.775642436e+02 -2.1758e-02 +1.6503e-02 +1.7273e-02 -2.1432e-02 +2.4140e-02 -6.6814e-03 -4.7108e-02 -6.7721e-02 +1.3013e-01 -1.2496e-02
14 0 +1.766192164e+03 +7.661921639e+02 +7.661921639e+02 -1.0886e-01 +8.2569e-02 +8.6421e-02 -1.0723e-01 +1.2078e-01 -3.3429e-02 -2.3569e-01 -3.3882e-01 +2.4966e-01 -6.2521e-02
15 0 +1.332982628e+03 +3.329826277e+02 +3.329826277e+02 -4.4138e-01 +3.6712e-01 +3.8338e-01 -4.3450e-01 +5.2849e-01 -1.2280e-01 -9.7707e-01 -1.4126e+00 +7.6222e-01 -2.4567e-01
16 0 +1.029759956e+03 +2.975995584e+01 +2.975995584e+01 -6.4882e-01 +6.3263e-01 +6.5842e-01 -6.3791e-01 +8.8841e-01 -1.4388e-01 -1.4979e+00 -2.1882e+00 +1.2350e+00 -3.3863e-01
17 0 +1.009808437e+03 +9.808437375e+00 +9.808437375e+00 -6.8219e-01 +6.3236e-01 +6.5881e-01 -6.7100e-01 +8.9474e-01 -1.6421e-01 -1.5532e+00 -2.2396e+00 +1.2476e+00 -3.6399e-01
43 0 +9.999999701e+02 -2.989585994e-05 -2.989585994e-05 -8.5756e-01 +6.2947e-01 +6.7262e-01 -6.4504e-01 +9.0932e-01 -1.6974e-01 -1.5410e+00 -2.2243e+00 +1.2511e+00 -3.6397e-01
% f evaluations | g evaluations | best noise-free fitness - Fopt (2.577000000000e+01) + sum g_i+ | measured fitness | best measured fitness or single-digit g-values | x1 | x2...
1 0 +1.502972960e+03 +1.528742960e+03 +1.528742960e+03 +0.0000e+00 +0.0000e+00 +0.0000e+00 +0.0000e+00 +0.0000e+00 +0.0000e+00 +0.0000e+00 +0.0000e+00 +0.0000e+00 +0.0000e+00
3 0 +1.494865527e+03 +1.520635527e+03 +1.520635527e+03 +1.0000e-01 +0.0000e+00 +0.0000e+00 +0.0000e+00 +0.0000e+00 +0.0000e+00 +0.0000e+00 +0.0000e+00 +0.0000e+00 +0.0000e+00
13 0 +1.470190560e+03 +1.495960560e+03 +1.495960560e+03 +3.3040e-02 -2.6908e-02 +2.3804e-02 -1.1835e-02 -3.5477e-02 -6.0682e-02 +1.5302e-02 -2.3187e-02 +2.4034e-02 +1.3446e-01
14 0 +1.374362408e+03 +1.400132408e+03 +1.400132408e+03 +1.6549e-01 -1.3478e-01 +1.1923e-01 -5.9279e-02 -1.7769e-01 -3.0394e-01 +7.6645e-02 -1.1614e-01 +1.2038e-01 +2.7002e-01
15 0 +1.024220652e+03 +1.049990652e+03 +1.049990652e+03 +7.0084e-01 -5.7076e-01 +5.0493e-01 -2.5104e-01 -7.5252e-01 -1.2872e+00 +3.2458e-01 -4.9183e-01 +5.0980e-01 +7.6637e-01
16 0 +9.318998927e+02 +9.576698927e+02 +9.576698927e+02 +2.0089e+00 -1.6361e+00 +1.4474e+00 -7.1961e-01 -2.1571e+00 -2.2625e+00 +9.3042e-01 -1.4098e+00 +1.4613e+00 +3.5856e+00
17 0 +8.955881126e+02 +9.213581126e+02 +9.213581126e+02 +2.4086e+00 -1.9616e+00 +1.7353e+00 -8.6278e-01 -2.5862e+00 -3.8161e+00 +1.1155e+00 -1.6903e+00 +1.7521e+00 +2.3380e+00
23 0 +8.817832337e+02 +9.075532337e+02 +9.075532337e+02 +2.3664e+00 -1.9789e+00 +1.6922e+00 -7.2409e-01 -2.6150e+00 -3.8551e+00 +1.1691e+00 -1.7027e+00 +1.7089e+00 +2.3611e+00
27 0 +8.505973184e+02 +8.763673184e+02 +8.763673184e+02 +2.2793e+00 -1.9578e+00 +1.8146e+00 -6.8303e-01 -2.6447e+00 -3.8318e+00 +1.1969e+00 -1.6598e+00 +1.6604e+00 +2.3041e+00
28 0 +7.606725186e+02 +7.864425186e+02 +7.864425186e+02 +2.2017e+00 -1.8442e+00 +1.8039e+00 -5.3619e-01 -2.6707e+00 -3.5603e+00 +1.2536e+00 -1.4864e+00 +1.5608e+00 +2.2612e+00
29 0 +6.613081295e+02 +6.870781295e+02 +6.870781295e+02 +2.1676e+00 -1.7449e+00 +1.8244e+00 -3.7072e-01 -2.7605e+00 -3.4119e+00 +1.3495e+00 -1.3059e+00 +1.4699e+00 +2.0586e+00
30 0 +3.553443774e+02 +3.811143774e+02 +3.811143774e+02 +1.9467e+00 -1.3527e+00 +1.9913e+00 +3.1624e-01 -3.1764e+00 -2.7096e+00 +1.7706e+00 -5.6714e-01 +1.1658e+00 +1.4456e+00
32 0 +3.508114008e+02 +3.765814008e+02 +3.765814008e+02 +2.0299e+00 -1.2129e+00 +2.0215e+00 +2.9604e-01 -3.3778e+00 -2.8057e+00 +1.7967e+00 -6.0671e-01 +1.1965e+00 +1.4431e+00
33 0 +3.113690273e+02 +3.371390273e+02 +3.371390273e+02 +2.0981e+00 -1.2832e+00 +2.0400e+00 +5.1190e-01 -3.4132e+00 -2.9866e+00 +1.9490e+00 -3.8386e-01 +1.0606e+00 +6.6472e-01
42 0 +2.944311294e+02 +3.202011294e+02 +3.202011294e+02 +2.1559e+00 -1.2894e+00 +2.0973e+00 +5.6704e-01 -3.3780e+00 -3.0017e+00 +2.0342e+00 -3.7688e-01 +1.1093e+00 +6.7300e-01
43 0 +2.329002405e+02 +2.586702405e+02 +2.586702405e+02 +2.2873e+00 -1.4733e+00 +2.2182e+00 +5.7329e-01 -3.4439e+00 -3.0840e+00 +2.2354e+00 -1.8693e-01 +1.1869e+00 +6.9627e-01
44 0 +1.433968028e+02 +1.691668028e+02 +1.691668028e+02 +2.8149e+00 -2.1103e+00 +2.6614e+00 +2.9867e-01 -3.6509e+00 -3.4790e+00 +2.6527e+00 +6.7986e-01 +1.4308e+00 +7.0370e-01
45 0 +1.131217085e+02 +1.388917085e+02 +1.388917085e+02 +3.0147e+00 -2.1104e+00 +2.7666e+00 +6.6441e-01 -3.5670e+00 -3.4864e+00 +2.9967e+00 +6.4749e-01 +1.5154e+00 +8.0709e-01
% f evaluations | g evaluations | best noise-free fitness - Fopt (-1.150100000000e+02) + sum g_i+ | measured fitness | best measured fitness or single-digit g-values | x1 | x2...
1 0 +1.182476916e+03 +1.067466916e+03 +1.067466916e+03 +0.0000e+00 +0.0000e+00 +0.0000e+00 +0.0000e+00 +0.0000e+00 +0.0000e+00 +0.0000e+00 +0.0000e+00 +0.0000e+00 +0.0000e+00
3 0 +1.179179484e+03 +1.064169484e+03 +1.064169484e+03 +1.0000e-01 +0.0000e+00 +0.0000e+00 +0.0000e+00 +0.0000e+00 +0.0000e+00 +0.0000e+00 +0.0000e+00 +0.0000e+00 +0.0000e+00
7 0 +1.169711834e+03 +1.054701834e+03 +1.054701834e+03 +0.0000e+00 +0.0000e+00 +0.0000e+00 +0.0000e+00 +1.0000e-01 +0.0000e+00 +0.0000e+00 +0.0000e+00 +0.0000e+00 +0.0000e+00
13 0 +1.145116056e+03 +1.030106056e+03 +1.030106056e+03 +1.3399e-02 -2.5740e-02 -4.4364e-02 -2.9750e-02 +1.5187e-01 +1.7095e-02 -3.7286e-02 +4.3294e-02 +6.8228e-03 -3.2840e-03
14 0 +1.048004519e+03 +9.329945193e+02 +9.329945193e+02 +6.7005e-02 -1.2872e-01 -2.2185e-01 -1.4877e-01 +3.5924e-01 +8.5486e-02 -1.8646e-01 +2.1650e-01 +3.4119e-02 -1.6423e-02
15 0 +6.951383291e+02 +5.801283291e+02 +5.801283291e+02 +2.8307e-01 -5.4379e-01 -9.3724e-01 -6.2851e-01 +1.1712e+00 +3.6114e-01 -7.8771e-01 +9.1463e-01 +1.4414e-01 -6.9379e-02
16 0 +5.745726825e+02 +4.595626825e+02 +4.595626825e+02 +6.4631e-01 -1.2416e+00 -2.1399e+00 -1.4350e+00 +2.1805e+00 +8.2457e-01 -1.7985e+00 +2.0883e+00 +3.2910e-01 -1.5841e-01
19 0 +5.604064806e+02 +4.453964806e+02 +4.453964806e+02 +6.8621e-01 -1.2131e+00 -2.0719e+00 -1.4077e+00 +2.3107e+00 +8.6554e-01 -1.7733e+00 +2.0838e+00 +3.6709e-01 -1.2335e-01
23 0 +5.437164602e+02 +4.287064602e+02 +4.287064602e+02 +6.2862e-01 -1.1753e+00 -2.1126e+00 -1.3750e+00 +2.3714e+00 +8.0863e-01 -1.7381e+00 +2.1225e+00 +3.0829e-01 -1.2046e-01
25 0 +5.334315505e+02 +4.184215505e+02 +4.184215505e+02 +5.8659e-01 -1.1796e+00 -2.1178e+00 -1.3766e+00 +2.3817e+00 +7.3640e-01 -1.7431e+00 +2.1271e+00 +4.2182e-01 -1.1861e-01
27 0 +5.092327410e+02 +3.942227410e+02 +3.942227410e+02 +5.6378e-01 -1.1816e+00 -2.0901e+00 -1.3321e+00 +2.4159e+00 +6.8022e-01 -1.7299e+00 +2.0944e+00 +4.1366e-01 -8.5733e-02
28 0 +4.186396181e+02 +3.036296181e+02 +3.036296181e+02 +4.6909e-01 -1.1922e+00 -1.9811e+00 -1.1535e+00 +2.5583e+00 +4.6041e-01 -1.6792e+00 +1.9650e+00 +3.7661e-01 +4.7935e-02
29 0 +2.835698602e+02 +1.685598602e+02 +1.685598602e+02 +1.2867e-01 -1.2523e+00 -1.6515e+00 -5.7323e-01 +3.0722e+00 -1.9519e-01 -1.5415e+00 +1.5650e+00 +2.1220e-01 +4.9991e-01
33 0 +2.786786553e+02 +1.636686553e+02 +1.636686553e+02 +9.5056e-02 -1.2851e+00 -1.5132e+00 -6.0719e-01 +3.0628e+00 -2.2882e-01 -1.5733e+00 +1.6709e+00 +1.7860e-01 +4.6615e-01
38 0 +2.717534027e+02 +1.567434027e+02 +1.567434027e+02 +1.6103e-01 -1.3298e+00 -1.4946e+00 -6.3088e-01 +3.0845e+00 -2.6459e-01 -1.5764e+00 +1.6498e+00 +1.7989e-01 +4.8939e-01
40 0 +2.631689102e+02 +1.481589102e+02 +1.481589102e+02 +1.7412e-01 -1.3561e+00 -1.5053e+00 -6.5152e-01 +3.0838e+00 -2.4510e-01 -1.5969e+00 +1.6637e+00 +1.7327e-01 +4.9685e-01
41 0 +2.343136274e+02 +1.193036274e+02 +1.193036274e+02 +2.3043e-01 -1.4399e+00 -1.5385e+00 -7.4935e-01 +3.0803e+00 -1.9730e-01 -1.7106e+00 +1.7025e+00 +1.4247e-01 +5.3529e-01
42 0 +2.111334819e+02 +9.612348194e+01 +9.612348194e+01 +4.3976e-01 -1.6483e+00 -1.6185e+00 -1.1444e+00 +3.0658e+00 -1.4439e-01 -2.2205e+00 +1.7750e+00 +1.9998e-02 +7.0005e-01
43 0 +2.084359321e+02 +9.342593214e+01 +9.342593214e+01 +4.8658e-01 -1.7314e+00 -1.6457e+00 -1.1280e+00 +3.1022e+00 -1.5500e-01 -2.2018e+00 +1.7739e+00 +6.8755e-02 +6.8383e-01
49 0 +2.007214226e+02 +8.571142256e+01 +8.571142256e+01 +4.8313e-01 -1.7569e+00 -1.6509e+00 -1.1351e+00 +3.0821e+00 -2.0696e-01 -2.1845e+00 +1.7573e+00 +3.0553e-02 +6.9155e-01
% f evaluations | g evaluations | best noise-free fitness - Fopt (2.556500000000e+02) + sum g_i+ | measured fitness | best measured fitness or single-digit g-values | x1 | x2...
1 0 +1.276654811e+03 +1.532304811e+03 +1.532304811e+03 +0.0000e+00 +0.0000e+00 +0.0000e+00 +0.0000e+00 +0.0000e+00 +0.0000e+00 +0.0000e+00 +0.0000e+00 +0.0000e+00 +0.0000e+00
3 0 +1.269702836e+03 +1.525352836e+03 +1.525352836e+03 +1.0000e-01 +0.0000e+00 +0.0000e+00 +0.0000e+00 +0.0000e+00 +0.0000e+00 +0.0000e+00 +0.0000e+00 +0.0000e+00 +0.0000e+00
13 0 +1.246308919e+03 +1.501958919e+03 +1.501958919e+03 +3.3364e-02 -2.3579e-02 +1.8657e-02 -1.7912e-02 +3.1560e-02 -1.2655e-02 +1.4594e-01 +3.1292e-02 -2.2052e-02 -5.4130e-02
14 0 +1.164224490e+03 +1.419874490e+03 +1.419874490e+03 +1.6695e-01 -1.1799e-01 +9.3354e-02 -8.9628e-02 +1.5792e-01 -6.3324e-02 +3.2903e-01 +1.5658e-01 -1.1034e-01 -2.7086e-01
15 0 +8.588888457e+02 +1.114538846e+03 +1.114538846e+03 +7.0547e-01 -4.9858e-01 +3.9449e-01 -3.7874e-01 +6.6733e-01 -2.6759e-01 +1.0393e+00 +6.6166e-01 -4.6629e-01 -1.1446e+00
16 0 +8.375570060e+02 +1.093207006e+03 +1.093207006e+03 +2.7019e+00 -1.9095e+00 +1.5108e+00 -1.4505e+00 +2.5558e+00 -1.0248e+00 +2.9776e+00 +2.5341e+00 -1.7858e+00 -4.3835e+00
17 0 +8.091216927e+02 +1.064771693e+03 +1.064771693e+03 +2.7019e+00 -2.6255e+00 +1.5108e+00 -1.4505e+00 +2.5558e+00 -1.0248e+00 +2.9776e+00 +2.5341e+00 -1.7858e+00 -4.0716e+00
19 0 +7.676690109e+02 +1.023319011e+03 +1.023319011e+03 +2.5693e+00 -2.6076e+00 +1.3783e+00 -1.5831e+00 +2.4233e+00 -1.1574e+00 +2.9402e+00 +2.4016e+00 -2.4677e+00 -4.0305e+00
21 0 +7.579198553e+02 +1.013569855e+03 +1.013569855e+03 +2.5758e+00 -2.6085e+00 +1.3848e+00 -1.3468e+00 +2.4298e+00 -1.4166e+00 +2.9420e+00 +2.4080e+00 -2.4685e+00 -4.0325e+00
26 0 +7.374609748e+02 +9.931109748e+02 +9.931109748e+02 +2.4242e+00 -2.6267e+00 +1.4704e+00 -1.3713e+00 +2.4547e+00 -1.4610e+00 +2.8901e+00 +2.5106e+00 -2.5014e+00 -4.0179e+00
27 0 +6.575246901e+02 +9.131746901e+02 +9.131746901e+02 +2.2736e+00 -2.5387e+00 +1.3839e+00 -1.3122e+00 +2.3381e+00 -1.4389e+00 +2.7127e+00 +2.4157e+00 -2.4306e+00 -3.7750e+00
28 0 +5.706907656e+02 +8.263407656e+02 +8.263407656e+02 +2.1268e+00 -2.4850e+00 +1.2933e+00 -1.3159e+00 +2.2975e+00 -1.5162e+00 +2.5116e+00 +2.4544e+00 -2.4427e+00 -3.4963e+00
29 0 +3.151619853e+02 +5.708119853e+02 +5.708119853e+02 +1.5458e+00 -2.2800e+00 +9.3305e-01 -1.3451e+00 +2.1537e+00 -1.8450e+00 +1.7091e+00 +2.6379e+00 -2.5095e+00 -2.3833e+00
31 0 +3.053371923e+02 +5.609871923e+02 +5.609871923e+02 +1.4842e+00 -2.3154e+00 +1.0126e+00 -1.3369e+00 +2.0978e+00 -1.7942e+00 +1.5707e+00 +2.5912e+00 -2.5071e+00 -2.4576e+00
33 0 +2.916467972e+02 +5.472967972e+02 +5.472967972e+02 +1.4082e+00 -2.3106e+00 +9.8653e-01 -1.3511e+00 +2.0804e+00 -1.8417e+00 +1.4273e+00 +2.6294e+00 -2.5309e+00 -2.3474e+00
38 0 +2.881629673e+02 +5.438129673e+02 +5.438129673e+02 +1.4250e+00 -2.3099e+00 +9.9699e-01 -1.3358e+00 +2.1187e+00 -1.8529e+00 +1.4027e+00 +2.5873e+00 -2.4618e+00 -2.3221e+00
41 0 +2.717757566e+02 +5.274257566e+02 +5.274257566e+02 +1.3628e+00 -2.3497e+00 +1.0168e+00 -1.3628e+00 +2.1124e+00 -1.9543e+00 +1.3754e+00 +2.6192e+00 -2.4000e+00 -2.3552e+00
42 0 +2.317617875e+02 +4.874117875e+02 +4.874117875e+02 +1.2464e+00 -2.5043e+00 +1.0190e+00 -1.5323e+00 +2.2044e+00 -2.0457e+00 +1.1969e+00 +2.6457e+00 -2.1911e+00 -2.3838e+00
44 0 +1.997597506e+02 +4.554097506e+02 +4.554097506e+02 +1.0208e+00 -2.5819e+00 +1.2942e+00 -1.6110e+00 +2.1348e+00 -2.4042e+00 +1.1151e+00 +3.1999e+00 -2.3108e+00 -2.5832e+00
47 0 +1.695566344e+02 +4.252066344e+02 +4.252066344e+02 +1.0505e+00 -2.5287e+00 +1.2147e+00 -1.8695e+00 +2.2889e+00 -2.3673e+00 +1.1329e+00 +3.3846e+00 -2.2650e+00 -2.4365e+00
48 0 +1.638013745e+02 +4.194513745e+02 +4.194513745e+02 +1.0379e+00 -2.2113e+00 +1.2551e+00 -1.9783e+00 +2.3157e+00 -2.4995e+00 +1.0657e+00 +3.3263e+00 -2.1578e+00 -2.5262e+00
49 0 +1.617293095e+02 +4.173793095e+02 +4.173793095e+02 +1.1429e+00 -2.2229e+00 +1.2056e+00 -1.9892e+00 +2.2449e+00 -2.5231e+00 +1.0173e+00 +3.3555e+00 -2.1446e+00 -2.5440e+00
% f evaluations | g evaluations | best noise-free fitness - Fopt (5.382000000000e+01) + sum g_i+ | measured fitness | best measured fitness or single-digit g-values | x1 | x2...
1 0 +1.867041606e+03 +1.920861606e+03 +1.920861606e+03 +0.0000e+00 +0.0000e+00 +0.0000e+00 +0.0000e+00 +0.0000e+00 +0.0000e+00 +0.0000e+00 +0.0000e+00 +0.0000e+00 +0.0000e+00
3 0 +1.859191330e+03 +1.913011330e+03 +1.913011330e+03 +1.0000e-01 +0.0000e+00 +0.0000e+00 +0.0000e+00 +0.0000e+00 +0.0000e+00 +0.0000e+00 +0.0000e+00 +0.0000e+00 +0.0000e+00
14 0 +1.731315129e+03 +1.785135129e+03 +1.785135129e+03 +1.6014e-01 -5.3305e-02 -1.6919e-01 -4.8093e-02 +1.8895e-01 +3.8037e-01 +2.3689e-01 -1.3345e-01 +3.6731e-02 -3.1530e-02
15 0 +1.353618479e+03 +1.407438479e+03 +1.407438479e+03 +6.7435e-01 -2.2447e-01 -7.1246e-01 -2.0252e-01 +7.9567e-01 +1.2708e+00 +9.9752e-01 -5.6195e-01 +1.5468e-01 -1.3277e-01
16 0 +6.723025106e+02 +7.261225106e+02 +7.261225106e+02 +1.6492e+00 -1.4956e+00 -3.2030e+00 -1.4188e+00 +2.0737e+00 +4.3515e+00 +2.7800e+00 -2.6764e+00 -1.6903e-01 -1.1748e+00
27 0 +6.403019739e+02 +6.941219739e+02 +6.941219739e+02 +1.6477e+00 -1.5615e+00 -3.2362e+00 -1.4484e+00 +2.1272e+00 +4.3347e+00 +2.6407e+00 -2.6642e+00 -9.9206e-02 -1.1093e+00
28 0 +5.530003715e+02 +6.068203715e+02 +6.068203715e+02 +1.6275e+00 -1.7477e+00 -3.2650e+00 -1.4963e+00 +2.3527e+00 +4.1628e+00 +2.5641e+00 -2.5280e+00 +2.2994e-02 -1.0635e+00
29 0 +3.283705370e+02 +3.821905370e+02 +3.821905370e+02 +1.3474e+00 -2.5040e+00 -3.4070e+00 -1.7544e+00 +3.1032e+00 +3.4920e+00 +2.0132e+00 -2.0091e+00 +3.8640e-01 -7.4003e-01
30 0 +2.884629681e+02 +3.422829681e+02 +3.422829681e+02 +1.5539e+00 -2.4946e+00 -3.4115e+00 -1.6891e+00 +3.4288e+00 +3.5504e+00 +2.2336e+00 -1.9244e+00 +5.7230e-01 -6.1682e-01
32 0 +2.732847226e+02 +3.271047226e+02 +3.271047226e+02 +1.4143e+00 -2.9265e+00 -3.6066e+00 -1.8594e+00 +3.5860e+00 +3.3375e+00 +2.6179e+00 -1.8935e+00 +7.1197e-01 -9.2625e-01
34 0 +2.542674383e+02 +3.080874383e+02 +3.080874383e+02 +1.7939e+00 -3.0595e+00 -3.3915e+00 -1.8664e+00 +3.7664e+00 +3.1121e+00 +2.4122e+00 -1.9527e+00 +7.0345e-01 -1.1185e+00
40 0 +2.491878379e+02 +3.030078379e+02 +3.030078379e+02 +1.8257e+00 -3.0262e+00 -3.3812e+00 -1.8491e+00 +3.7346e+00 +3.1341e+00 +2.4632e+00 -1.9786e+00 +6.9486e-01 -1.1698e+00
41 0 +2.330641177e+02 +2.868841177e+02 +2.868841177e+02 +1.8544e+00 -3.0207e+00 -3.4101e+00 -1.8634e+00 +3.7671e+00 +3.1667e+00 +2.4634e+00 -2.0453e+00 +7.3214e-01 -1.1813e+00
42 0 +1.760982488e+02 +2.299182488e+02 +2.299182488e+02 +1.8512e+00 -3.0329e+00 -3.5161e+00 -1.9608e+00 +3.7155e+00 +3.2150e+00 +2.3385e+00 -2.3422e+00 +7.8520e-01 -1.3474e+00
43 0 +1.629566513e+02 +2.167766513e+02 +2.167766513e+02 +2.0384e+00 -3.0102e+00 -3.7999e+00 -2.0352e+00 +3.7402e+00 +3.3223e+00 +2.2645e+00 -2.4109e+00 +8.1089e-01 -1.4716e+00
44 0 +1.582614628e+02 +2.120814628e+02 +2.120814628e+02 +2.0198e+00 -3.0080e+00 -3.7222e+00 -2.0981e+00 +3.8391e+00 +3.4135e+00 +2.2773e+00 -2.7406e+00 +9.4002e-01 -1.5492e+00
47 0 +1.537494432e+02 +2.075694432e+02 +2.075694432e+02 +2.0534e+00 -3.0439e+00 -3.6809e+00 -2.1213e+00 +3.8774e+00 +3.4011e+00 +2.2262e+00 -2.7252e+00 +9.2015e-01 -1.5710e+00
50 0 +1.401979170e+02 +1.940179170e+02 +1.940179170e+02 +2.0571e+00 -3.0957e+00 -3.7095e+00 -2.1002e+00 +3.8689e+00 +3.3686e+00 +2.2013e+00 -2.7716e+00 +8.8993e-01 -1.5361e+00
51 0 +1.317101107e+02 +1.855301107e+02 +1.855301107e+02 +2.0674e+00 -3.1105e+00 -3.7164e+00 -2.1441e+00 +3.8318e+00 +3.3237e+00 +2.1685e+00 -2.7786e+00 +9.4082e-01 -1.5116e+00
