% f evaluations | g evaluations | best noise-free fitness - Fopt (-9.210000000000e+00) + sum g_i+ | measured fitness | best measured fitness or single-digit g-values | x1 | x2...
1 0 +1.078198516e+02 +9.860985161e+01 +9.860985161e+01 +0.0000e+00 +0.0000e+00 +0.0000e+00 +0.0000e+00 +0.0000e+00
2 0 +1.078196016e+02 +9.860960161e+01 +9.860960161e+01 +2.5000e-04 +0.0000e+00 +0.0000e+00 +0.0000e+00 +0.0000e+00
44 0 +1.070638930e+02 +9.785389303e+01 +9.785389303e+01 +4.2373e-03 +1.5690e-02 +1.2808e-03 +2.6450e-02 -5.7103e-02
55 0 +1.046655296e+02 +9.545552957e+01 +9.545552957e+01 +1.9747e-02 +6.5305e-02 +5.8069e-03 +1.0786e-01 -2.3935e-01
60 0 +1.014130983e+02 +9.220309828e+01 +9.220309828e+01 +3.8104e-02 +1.3187e-01 +1.3226e-02 +2.1897e-01 -4.8610e-01
63 0 +9.817808989e+01 +8.896808989e+01 +8.896808989e+01 +6.0751e-02 +2.0004e-01 +1.5463e-02 +3.3130e-01 -7.3133e-01
65 0 +9.769759851e+01 +8.848759851e+01 +8.848759851e+01 +6.2117e-02 +2.0895e-01 +1.7674e-02 +3.4808e-01 -7.6753e-01
66 0 +9.461251246e+01 +8.540251246e+01 +8.540251246e+01 +8.1051e-02 +2.7214e-01 +2.3330e-02 +4.5425e-01 -1.0014e+00
68 0 +8.996331764e+01 +8.075331764e+01 +8.075331764e+01 +1.0840e-01 +3.6808e-01 +3.4530e-02 +6.1207e-01 -1.3542e+00
70 0 +8.776938616e+01 +7.855938616e+01 +7.855938616e+01 +1.2435e-01 +4.1455e-01 +3.4023e-02 +6.8947e-01 -1.5204e+00
71 0 +8.094753010e+01 +7.173753010e+01 +7.173753010e+01 +1.6747e-01 +5.5590e-01 +4.4422e-02 +9.2473e-01 -2.0376e+00
73 0 +7.780171932e+01 +6.859171932e+01 +6.859171932e+01 +1.8383e-01 +6.1846e-01 +5.5133e-02 +1.0308e+00 -2.2763e+00
74 0 +6.761353404e+01 +5.840353404e+01 +5.840353404e+01 +2.4537e-01 +8.2768e-01 +7.4968e-02 +1.3806e+00 -3.0489e+00
76 0 +6.557104021e+01 +5.636104021e+01 +5.636104021e+01 +2.6003e-01 +8.7129e-01 +7.6472e-02 +1.4514e+00 -3.2036e+00
77 0 +5.270075326e+01 +4.349075326e+01 +4.349075326e+01 +3.3933e-01 +1.1366e+00 +9.9727e-02 +1.8940e+00 -4.1792e+00
78 0 +5.201431096e+01 +4.280431096e+01 +4.280431096e+01 +3.4543e-01 +1.1512e+00 +9.7983e-02 +1.9182e+00 -4.2316e+00
79 0 +3.974256626e+01 +3.053256626e+01 +3.053256626e+01 +4.6394e-01 +1.5428e+00 +1.2971e-01 +2.5713e+00 -5.6703e+00
81 0 +3.759628464e+01 +2.838628464e+01 +2.838628464e+01 +5.1371e-01 +1.7236e+00 +1.5349e-01 +2.8736e+00 -6.3442e+00
82 0 +3.073280337e+01 +2.152280337e+01 +2.152280337e+01 +6.8682e-01 +2.3075e+00 +2.0802e-01 +3.8480e+00 -8.4975e+00
84 0 +2.748755724e+01 +1.827755724e+01 +1.827755724e+01 +7.7466e-01 +2.5870e+00 +2.2341e-01 +4.3125e+00 -9.5124e+00
85 0 +2.155773126e+01 +1.234773126e+01 +1.234773126e+01 +1.0393e+00 +3.4666e+00 +2.9763e-01 +5.7784e+00 -1.2744e+01
87 0 +2.114053901e+01 +1.193053901e+01 +1.193053901e+01 +1.0892e+00 +3.6383e+00 +3.1723e-01 +6.0678e+00 -1.3387e+01
88 0 +1.853089116e+01 +9.320891159e+00 +9.320891159e+00 +1.4213e+00 +4.7458e+00 +4.1462e-01 +7.9160e+00 -1.7466e+01
90 0 +1.708759816e+01 +7.877598157e+00 +7.877598157e+00 +1.9180e+00 +6.4282e+00 +5.7105e-01 +1.0723e+01 -2.3664e+01
92 0 +1.667564535e+01 +7.465645350e+00 +7.465645350e+00 +2.1591e+00 +7.2074e+00 +6.2507e-01 +1.2020e+01 -2.6514e+01
93 0 +1.528009841e+01 +6.070098406e+00 +6.070098406e+00 +2.8952e+00 +9.6574e+00 +8.3360e-01 +1.6106e+01 -3.5522e+01
95 0 +1.457963686e+01 +5.369636863e+00 +5.369636863e+00 +3.2283e+00 +1.0794e+01 +9.4976e-01 +1.8006e+01 -3.9731e+01
96 0 +1.245400633e+01 +3.244006329e+00 +3.244006329e+00 +4.3229e+00 +1.4458e+01 +1.2758e+00 +2.4120e+01 -5.3224e+01
98 0 +1.205232261e+01 +2.842322613e+00 +2.842322613e+00 +4.5453e+00 +1.5194e+01 +1.3325e+00 +2.5347e+01 -5.5918e+01
99 0 +1.031551312e+01 +1.105513115e+00 +1.105513115e+00 +5.9302e+00 +1.9823e+01 +1.7379e+00 +3.3070e+01 -7.2954e+01
101 0 +8.414096005e+00 -7.959039952e-01 -7.959039952e-01 +8.0526e+00 +2.6877e+01 +2.3392e+00 +4.4831e+01 -9.8892e+01
103 0 +7.444987828e+00 -1.765012172e+00 -1.765012172e+00 +8.9995e+00 +3.0087e+01 +2.6457e+00 +5.0192e+01 -1.1074e+02
104 0 +4.579817055e+00 -4.630182945e+00 -4.630182945e+00 +1.2052e+01 +4.0301e+01 +3.5517e+00 +6.7235e+01 -1.4835e+02
106 0 +3.340483554e+00 -5.869516446e+00 -5.869516446e+00 +1.3503e+01 +4.5105e+01 +3.9436e+00 +7.5245e+01 -1.6599e+02
107 0 +0.000000000e+00 -9.210000000e+00 -9.210000000e+00 +1.8093e+01 +6.0429e+01 +5.2776e+00 +1.0081e+02 -2.2237e+02
% f evaluations | g evaluations | best noise-free fitness - Fopt (6.559900000000e+02) + sum g_i+ | measured fitness | best measured fitness or single-digit g-values | x1 | x2...
1 0 +1.078198516e+02 +7.638098516e+02 +7.638098516e+02 +0.0000e+00 +0.0000e+00 +0.0000e+00 +0.0000e+00 +0.0000e+00
2 0 +1.078196016e+02 +7.638096016e+02 +7.638096016e+02 +2.5000e-04 +0.0000e+00 +0.0000e+00 +0.0000e+00 +0.0000e+00
44 0 +1.071496496e+02 +7.631396496e+02 +7.631396496e+02 +1.1318e-02 +2.4378e-03 +6.3386e-03 +3.5025e-02 -4.8631e-02
56 0 +1.041529358e+02 +7.601429358e+02 +7.601429358e+02 +6.1943e-02 +1.4833e-02 +3.6085e-02 +1.9096e-01 -2.6716e-01
60 0 +1.022568288e+02 +7.582468288e+02 +7.582468288e+02 +9.4503e-02 +2.1333e-02 +5.5520e-02 +2.8978e-01 -4.0525e-01
63 0 +9.946869585e+01 +7.554586958e+02 +7.554586958e+02 +1.4112e-01 +3.3487e-02 +8.0524e-02 +4.3592e-01 -6.0729e-01
64 0 +9.662726478e+01 +7.526172648e+02 +7.526172648e+02 +1.8904e-01 +4.5474e-02 +1.0717e-01 +5.8434e-01 -8.1373e-01
67 0 +9.249060963e+01 +7.484806096e+02 +7.484806096e+02 +2.6031e-01 +6.0478e-02 +1.4911e-01 +8.0046e-01 -1.1147e+00
69 0 +8.706051595e+01 +7.430505160e+02 +7.430505160e+02 +3.5100e-01 +8.0691e-02 +2.0681e-01 +1.0831e+00 -1.5115e+00
71 0 +8.454204273e+01 +7.405320427e+02 +7.405320427e+02 +3.9372e-01 +9.2828e-02 +2.2516e-01 +1.2159e+00 -1.6924e+00
72 0 +7.662788489e+01 +7.326178849e+02 +7.326178849e+02 +5.2724e-01 +1.2511e-01 +3.0006e-01 +1.6298e+00 -2.2671e+00
74 0 +7.295203878e+01 +7.289420388e+02 +7.289420388e+02 +5.9084e-01 +1.3712e-01 +3.4264e-01 +1.8202e+00 -2.5369e+00
75 0 +6.111442578e+01 +7.171044258e+02 +7.171044258e+02 +7.9174e-01 +1.8294e-01 +4.6037e-01 +2.4381e+00 -3.3984e+00
77 0 +5.874033017e+01 +7.147303302e+02 +7.147303302e+02 +8.2988e-01 +1.9410e-01 +4.8101e-01 +2.5631e+00 -3.5703e+00
78 0 +4.378771383e+01 +6.997777138e+02 +6.997777138e+02 +1.0822e+00 +2.5332e-01 +6.2745e-01 +3.3445e+00 -4.6577e+00
79 0 +4.301625623e+01 +6.990062562e+02 +6.990062562e+02 +1.0967e+00 +2.5812e-01 +6.3059e-01 +3.3847e+00 -4.7127e+00
80 0 +3.412643721e+01 +6.901164372e+02 +6.901164372e+02 +1.4695e+00 +3.4683e-01 +8.4248e-01 +4.5355e+00 -6.3132e+00
82 0 +3.175910200e+01 +6.877491020e+02 +6.877491020e+02 +1.6451e+00 +3.8343e-01 +9.5486e-01 +5.0751e+00 -7.0710e+00
198 0 +3.159856959e+01 +6.875885696e+02 +6.875885696e+02 +1.6190e+00 +3.8034e-01 +8.9697e-01 +4.9997e+00 -6.9221e+00
214 0 +3.089730957e+01 +6.868873096e+02 +6.868873096e+02 +1.6185e+00 +3.9442e-01 +6.6775e-01 +5.0140e+00 -6.7104e+00
219 0 +3.009111607e+01 +6.860811161e+02 +6.860811161e+02 +1.6140e+00 +4.1026e-01 +4.0248e-01 +5.0191e+00 -6.4520e+00
222 0 +2.927204959e+01 +6.852620496e+02 +6.852620496e+02 +1.6167e+00 +4.2697e-01 +1.3493e-01 +5.0456e+00 -6.2161e+00
223 0 +2.843899882e+01 +6.844289988e+02 +6.844289988e+02 +1.6170e+00 +4.4389e-01 -1.3791e-01 +5.0655e+00 -5.9674e+00
226 0 +2.722568752e+01 +6.832156875e+02 +6.832156875e+02 +1.6097e+00 +4.6731e-01 -5.3708e-01 +5.0720e+00 -5.5767e+00
228 0 +2.564537651e+01 +6.816353765e+02 +6.816353765e+02 +1.5965e+00 +4.9727e-01 -1.0578e+00 +5.0683e+00 -5.0527e+00
295 0 +2.507962312e+01 +6.810696231e+02 +6.810696231e+02 +1.6296e+00 +5.1474e-01 -1.2475e+00 +5.1804e+00 -4.9964e+00
305 0 +2.445619697e+01 +6.804461970e+02 +6.804461970e+02 +1.6811e+00 +5.3457e-01 -1.4281e+00 +5.3468e+00 -5.0130e+00
309 0 +2.372974996e+01 +6.797197500e+02 +6.797197500e+02 +1.7420e+00 +5.5869e-01 -1.6521e+00 +5.5445e+00 -5.0236e+00
312 0 +2.305907299e+01 +6.790490730e+02 +6.790490730e+02 +1.7905e+00 +5.8042e-01 -1.8677e+00 +5.7044e+00 -4.9979e+00
314 0 +2.220015850e+01 +6.781901585e+02 +6.781901585e+02 +1.8616e+00 +6.0823e-01 -2.1259e+00 +5.9347e+00 -5.0128e+00
317 0 +2.088338769e+01 +6.768733877e+02 +6.768733877e+02 +1.9752e+00 +6.5284e-01 -2.5315e+00 +6.3024e+00 -5.0436e+00
319 0 +2.004253352e+01 +6.760325335e+02 +6.760325335e+02 +2.0326e+00 +6.7876e-01 -2.7938e+00 +6.4924e+00 -5.0068e+00
320 0 +1.821499520e+01 +6.742049952e+02 +6.742049952e+02 +2.1779e+00 +7.3879e-01 -3.3646e+00 +6.9663e+00 -4.9984e+00
322 0 +1.805004866e+01 +6.740400487e+02 +6.740400487e+02 +2.1994e+00 +7.4529e-01 -3.4085e+00 +7.0335e+00 -5.0342e+00
323 0 +1.589438605e+01 +6.718843861e+02 +6.718843861e+02 +2.3756e+00 +8.1663e-01 -4.0746e+00 +7.6062e+00 -5.0479e+00
324 0 +1.568895505e+01 +6.716789550e+02 +6.716789550e+02 +2.3905e+00 +8.2304e-01 -4.1384e+00 +7.6553e+00 -5.0422e+00
325 0 +1.289101895e+01 +6.688810189e+02 +6.688810189e+02 +2.6550e+00 +9.3045e-01 -5.1447e+00 +8.5156e+00 -5.0570e+00
327 0 +1.285652824e+01 +6.688465282e+02 +6.688465282e+02 +2.7906e+00 +9.8731e-01 -5.6943e+00 +8.9591e+00 -5.0335e+00
331 0 +1.252879791e+01 +6.685187979e+02 +6.685187979e+02 +3.9516e+00 +1.4559e+00 -1.0063e+01 +1.2732e+01 -5.1430e+00
334 0 +1.228875203e+01 +6.682787520e+02 +6.682787520e+02 +4.8555e+00 +1.8292e+00 -1.3605e+01 +1.5680e+01 -5.0989e+00
440 0 +1.197068637e+01 +6.679606864e+02 +6.679606864e+02 +5.0012e+00 +1.7316e+00 -1.1783e+01 +1.5991e+01 -7.2763e+00
446 0 +1.167781044e+01 +6.676678104e+02 +6.676678104e+02 +4.9906e+00 +1.5616e+00 -9.2312e+00 +1.5784e+01 -9.5684e+00
448 0 +1.147858450e+01 +6.674685845e+02 +6.674685845e+02 +4.9826e+00 +1.4451e+00 -7.4801e+00 +1.5641e+01 -1.1139e+01
466 0 +1.121000329e+01 +6.672000033e+02 +6.672000033e+02 +4.9645e+00 +1.2839e+00 -5.0793e+00 +1.5422e+01 -1.3266e+01
% f evaluations | g evaluations | best noise-free fitness - Fopt (6.671000000000e+01) + sum g_i+ | measured fitness | best measured fitness or single-digit g-values | x1 | x2...
1 0 +1.078198516e+02 +1.745298516e+02 +1.745298516e+02 +0.0000e+00 +0.0000e+00 +0.0000e+00 +0.0000e+00 +0.0000e+00
5 0 +1.078184458e+02 +1.745284458e+02 +1.745284458e+02 +0.0000e+00 +0.0000e+00 +0.0000e+00 +2.5000e-04 +0.0000e+00
45 0 +1.069515659e+02 +1.736615659e+02 +1.736615659e+02 -8.4851e-03 +3.0919e-03 +8.3527e-03 +4.5880e-02 -6.3371e-02
56 0 +1.041784619e+02 +1.708884619e+02 +1.708884619e+02 -3.6417e-02 +1.4833e-02 +3.6085e-02 +1.9096e-01 -2.6716e-01
60 0 +1.022956974e+02 +1.690056974e+02 +1.690056974e+02 -5.5634e-02 +2.1333e-02 +5.5520e-02 +2.8978e-01 -4.0525e-01
63 0 +9.952630909e+01 +1.662363091e+02 +1.662363091e+02 -8.3510e-02 +3.3487e-02 +8.0524e-02 +4.3592e-01 -6.0729e-01
64 0 +9.670425552e+01 +1.634142555e+02 +1.634142555e+02 -1.1205e-01 +4.5474e-02 +1.0717e-01 +5.8434e-01 -8.1373e-01
67 0 +9.259547569e+01 +1.593054757e+02 +1.593054757e+02 -1.5545e-01 +6.0478e-02 +1.4911e-01 +8.0046e-01 -1.1147e+00
69 0 +8.720165037e+01 +1.539116504e+02 +1.539116504e+02 -2.0986e-01 +8.0691e-02 +2.0681e-01 +1.0831e+00 -1.5115e+00
71 0 +8.470082330e+01 +1.514108233e+02 +1.514108233e+02 -2.3494e-01 +9.2828e-02 +2.2516e-01 +1.2159e+00 -1.6924e+00
72 0 +7.684019589e+01 +1.435501959e+02 +1.435501959e+02 -3.1493e-01 +1.2511e-01 +3.0006e-01 +1.6298e+00 -2.2671e+00
74 0 +7.318917638e+01 +1.398991764e+02 +1.398991764e+02 -3.5370e-01 +1.3712e-01 +3.4264e-01 +1.8202e+00 -2.5369e+00
75 0 +6.143163681e+01 +1.281416368e+02 +1.281416368e+02 -4.7453e-01 +1.8294e-01 +4.6037e-01 +2.4381e+00 -3.3984e+00
77 0 +5.907265698e+01 +1.257826570e+02 +1.257826570e+02 -4.9755e-01 +1.9410e-01 +4.8101e-01 +2.5631e+00 -3.5703e+00
78 0 +4.422033989e+01 +1.109303399e+02 +1.109303399e+02 -6.4954e-01 +2.5332e-01 +6.2745e-01 +3.3445e+00 -4.6577e+00
79 0 +4.345577357e+01 +1.101657736e+02 +1.101657736e+02 -6.5714e-01 +2.5812e-01 +6.3059e-01 +3.3847e+00 -4.7127e+00
80 0 +3.471514601e+01 +1.014251460e+02 +1.014251460e+02 -8.8078e-01 +3.4683e-01 +8.4248e-01 +4.5355e+00 -6.3132e+00
82 0 +3.241698617e+01 +9.912698617e+01 +9.912698617e+01 -9.8720e-01 +3.8343e-01 +9.5486e-01 +5.0751e+00 -7.0710e+00
193 0 +3.235790798e+01 +9.906790798e+01 +9.906790798e+01 -9.7257e-01 +3.7724e-01 +9.3504e-01 +5.0002e+00 -6.9592e+00
230 0 +3.156229878e+01 +9.827229878e+01 +9.827229878e+01 -9.8326e-01 +3.6362e-01 +6.6332e-01 +4.9825e+00 -6.5946e+00
236 0 +3.070195584e+01 +9.741195584e+01 +9.741195584e+01 -9.9535e-01 +3.4995e-01 +3.7261e-01 +4.9655e+00 -6.2072e+00
238 0 +3.012917415e+01 +9.683917415e+01 +9.683917415e+01 -1.0031e+00 +3.4007e-01 +1.7838e-01 +4.9536e+00 -5.9473e+00
241 0 +2.896065956e+01 +9.567065956e+01 +9.567065956e+01 -1.0198e+00 +3.2228e-01 -2.1330e-01 +4.9326e+00 -5.4277e+00
243 0 +2.859576101e+01 +9.530576101e+01 +9.530576101e+01 -1.0244e+00 +3.1508e-01 -3.4162e-01 +4.9222e+00 -5.2529e+00
245 0 +2.817911099e+01 +9.488911099e+01 +9.488911099e+01 -1.0304e+00 +3.0871e-01 -4.7804e-01 +4.9165e+00 -5.0737e+00
350 0 +2.742354069e+01 +9.413354069e+01 +9.413354069e+01 -1.0516e+00 +3.1473e-01 -5.9389e-01 +4.9839e+00 -5.0085e+00
361 0 +2.673703129e+01 +9.344703129e+01 +9.344703129e+01 -1.1114e+00 +3.4153e-01 -7.7846e-01 +5.2103e+00 -5.0476e+00
366 0 +2.627884254e+01 +9.298884254e+01 +9.298884254e+01 -1.1568e+00 +3.6196e-01 -9.2048e-01 +5.3813e+00 -5.0741e+00
369 0 +2.532153617e+01 +9.203153617e+01 +9.203153617e+01 -1.2522e+00 +4.0474e-01 -1.2171e+00 +5.7423e+00 -5.1335e+00
371 0 +2.504590411e+01 +9.175590411e+01 +9.175590411e+01 -1.2785e+00 +4.1642e-01 -1.3025e+00 +5.8405e+00 -5.1438e+00
372 0 +2.420034052e+01 +9.091034052e+01 +9.091034052e+01 -1.3621e+00 +4.5386e-01 -1.5645e+00 +6.1556e+00 -5.1919e+00
374 0 +2.382364673e+01 +9.053364673e+01 +9.053364673e+01 -1.4010e+00 +4.7138e-01 -1.6812e+00 +6.3039e+00 -5.2228e+00
375 0 +2.257196939e+01 +8.928196939e+01 +8.928196939e+01 -1.5260e+00 +5.2758e-01 -2.0691e+00 +6.7767e+00 -5.3016e+00
377 0 +2.230862380e+01 +8.901862380e+01 +8.901862380e+01 -1.5514e+00 +5.3886e-01 -2.1507e+00 +6.8718e+00 -5.3129e+00
378 0 +2.072090258e+01 +8.743090258e+01 +8.743090258e+01 -1.7096e+00 +6.0994e-01 -2.6427e+00 +7.4694e+00 -5.4103e+00
380 0 +1.828558253e+01 +8.499558253e+01 +8.499558253e+01 -1.9496e+00 +7.1697e-01 -3.3971e+00 +8.3742e+00 -5.5456e+00
382 0 +1.720190409e+01 +8.391190409e+01 +8.391190409e+01 -2.0595e+00 +7.6670e-01 -3.7330e+00 +8.7918e+00 -5.6236e+00
383 0 +1.370268587e+01 +8.041268587e+01 +8.041268587e+01 -2.4082e+00 +9.2312e-01 -4.8172e+00 +1.0110e+01 -5.8394e+00
385 0 +1.309138916e+01 +7.980138916e+01 +7.980138916e+01 -2.5723e+00 +9.9661e-01 -5.3342e+00 +1.0727e+01 -5.9288e+00
389 0 +1.282994440e+01 +7.953994440e+01 +7.953994440e+01 -3.8589e+00 +1.5731e+00 -9.3433e+00 +1.5588e+01 -6.7116e+00
529 0 +1.258745319e+01 +7.929745319e+01 +7.929745319e+01 -4.9996e+00 +2.0782e+00 -1.2941e+01 +1.9894e+01 -7.3436e+00
554 0 +1.229403212e+01 +7.900403212e+01 +7.900403212e+01 -4.9978e+00 +1.9122e+00 -1.4109e+01 +1.9784e+01 -5.6882e+00
753 0 +1.201041880e+01 +7.872041880e+01 +7.872041880e+01 -4.9158e+00 +1.7066e+00 -1.4374e+01 +1.9690e+01 -5.1590e+00
761 0 +1.172230300e+01 +7.843230300e+01 +7.843230300e+01 -4.7722e+00 +1.4638e+00 -1.3983e+01 +1.9609e+01 -5.4431e+00
765 0 +1.126871630e+01 +7.797871630e+01 +7.797871630e+01 -4.5465e+00 +1.0819e+00 -1.3372e+01 +1.9482e+01 -5.8850e+00
768 0 +1.093438982e+01 +7.764438982e+01 +7.764438982e+01 -4.3799e+00 +8.0013e-01 -1.2918e+01 +1.9388e+01 -6.2163e+00
770 0 +1.049545525e+01 +7.720545525e+01 +7.720545525e+01 -4.1606e+00 +4.3002e-01 -1.2320e+01 +1.9264e+01 -6.6513e+00
772 0 +1.029327981e+01 +7.700327981e+01 +7.700327981e+01 -4.0606e+00 +2.6008e-01 -1.2053e+01 +1.9208e+01 -6.8439e+00
773 0 +9.654995616e+00 +7.636499562e+01 +7.636499562e+01 -3.7429e+00 -2.7752e-01 -1.1191e+01 +1.9028e+01 -7.4685e+00
775 0 +9.357270881e+00 +7.606727088e+01 +7.606727088e+01 -3.5938e+00 -5.2879e-01 -1.0781e+01 +1.8944e+01 -7.7692e+00
776 0 +8.401548170e+00 +7.511154817e+01 +7.511154817e+01 -3.1174e+00 -1.3341e+00 -9.4858e+00 +1.8675e+01 -8.7113e+00
778 0 +8.210422957e+00 +7.492042296e+01 +7.492042296e+01 -3.0225e+00 -1.4950e+00 -9.2306e+00 +1.8622e+01 -8.8948e+00
779 0 +7.003558776e+00 +7.371355878e+01 +7.371355878e+01 -2.4212e+00 -2.5118e+00 -7.5977e+00 +1.8282e+01 -1.0081e+01
781 0 +5.165813030e+00 +7.187581303e+01 +7.187581303e+01 -1.5063e+00 -4.0597e+00 -5.1163e+00 +1.7766e+01 -1.1881e+01
807 0 +5.093970348e+00 +7.180397035e+01 +7.180397035e+01 -1.4702e+00 -4.1204e+00 -5.0159e+00 +1.7746e+01 -1.1955e+01
897 0 +5.004186924e+00 +7.171418692e+01 +7.171418692e+01 -1.4380e+00 -4.1890e+00 -5.0026e+00 +1.7731e+01 -1.1924e+01
905 0 +4.845106802e+00 +7.155510680e+01 +7.155510680e+01 -1.3843e+00 -4.3087e+00 -5.0073e+00 +1.7708e+01 -1.1838e+01
908 0 +4.759551979e+00 +7.146955198e+01 +7.146955198e+01 -1.3553e+00 -4.3731e+00 -5.0095e+00 +1.7696e+01 -1.1792e+01
911 0 +4.611317971e+00 +7.132131797e+01 +7.132131797e+01 -1.3048e+00 -4.4848e+00 -5.0105e+00 +1.7675e+01 -1.1715e+01
913 0 +4.453647004e+00 +7.116364700e+01 +7.116364700e+01 -1.2521e+00 -4.6031e+00 -5.0200e+00 +1.7652e+01 -1.1624e+01
916 0 +4.167048117e+00 +7.087704812e+01 +7.087704812e+01 -1.1550e+00 -4.8189e+00 -5.0253e+00 +1.7611e+01 -1.1473e+01
918 0 +4.033868404e+00 +7.074386840e+01 +7.074386840e+01 -1.1100e+00 -4.9191e+00 -5.0298e+00 +1.7592e+01 -1.1400e+01
920 0 +3.966496474e+00 +7.067649647e+01 +7.067649647e+01 -1.0335e+00 -5.0903e+00 -5.0405e+00 +1.7560e+01 -1.1272e+01
% f evaluations | g evaluations | best noise-free fitness - Fopt (9.416700000000e+02) + sum g_i+ | measured fitness | best measured fitness or single-digit g-values | x1 | x2...
1 0 +1.078198516e+02 +1.049489852e+03 +1.049489852e+03 +0.0000e+00 +0.0000e+00 +0.0000e+00 +0.0000e+00 +0.0000e+00
4 0 +1.078190610e+02 +1.049489061e+03 +1.049489061e+03 +0.0000e+00 +0.0000e+00 +2.5000e-04 +0.0000e+00 +0.0000e+00
43 0 +1.071305295e+02 +1.048800529e+03 +1.048800529e+03 +1.3490e-02 +5.2193e-03 +2.6431e-02 +1.4484e-02 -5.4706e-02
56 0 +1.039047773e+02 +1.045574777e+03 +1.045574777e+03 +7.5902e-02 +3.1689e-02 +1.4814e-01 +8.3181e-02 -3.1111e-01
59 0 +1.019254991e+02 +1.043595499e+03 +1.043595499e+03 +1.1191e-01 +4.6715e-02 +2.2479e-01 +1.2234e-01 -4.6905e-01
62 0 +9.900161868e+01 +1.040671619e+03 +1.040671619e+03 +1.6862e-01 +7.1691e-02 +3.3484e-01 +1.8634e-01 -7.0077e-01
65 0 +9.573114252e+01 +1.037401143e+03 +1.037401143e+03 +2.3163e-01 +9.8253e-02 +4.5968e-01 +2.5302e-01 -9.6186e-01
67 0 +9.141695906e+01 +1.033086959e+03 +1.033086959e+03 +3.1195e-01 +1.3187e-01 +6.2594e-01 +3.4158e-01 -1.3049e+00
69 0 +8.946901290e+01 +1.031139013e+03 +1.031139013e+03 +3.5129e-01 +1.4915e-01 +6.9795e-01 +3.8537e-01 -1.4593e+00
70 0 +8.324076982e+01 +1.024910770e+03 +1.024910770e+03 +4.7099e-01 +2.0037e-01 +9.3452e-01 +5.1689e-01 -1.9544e+00
72 0 +8.030125462e+01 +1.021971255e+03 +1.021971255e+03 +5.2540e-01 +2.2318e-01 +1.0480e+00 +5.7462e-01 -2.1896e+00
73 0 +7.095107259e+01 +1.012621073e+03 +1.012621073e+03 +7.0379e-01 +2.9892e-01 +1.4046e+00 +7.6876e-01 -2.9339e+00
75 0 +6.909299910e+01 +1.010762999e+03 +1.010762999e+03 +7.3912e-01 +3.1459e-01 +1.4755e+00 +8.0955e-01 -3.0807e+00
76 0 +5.729602460e+01 +9.989660246e+02 +9.989660246e+02 +9.6431e-01 +4.1070e-01 +1.9254e+00 +1.0560e+00 -4.0192e+00
78 0 +4.381884665e+01 +9.854888466e+02 +9.854888466e+02 +1.3093e+00 +5.5898e-01 +2.6043e+00 +1.4349e+00 -5.4455e+00
80 0 +4.214545567e+01 +9.838154557e+02 +9.838154557e+02 +1.4637e+00 +6.2343e-01 +2.9223e+00 +1.6015e+00 -6.1029e+00
81 0 +3.682556304e+01 +9.784955630e+02 +9.784955630e+02 +1.9601e+00 +8.3496e-01 +3.9161e+00 +2.1438e+00 -8.1771e+00
83 0 +3.431927579e+01 +9.759892758e+02 +9.759892758e+02 +2.1958e+00 +9.3661e-01 +4.3771e+00 +2.4043e+00 -9.1433e+00
84 0 +2.906371820e+01 +9.707337182e+02 +9.707337182e+02 +2.9418e+00 +1.2555e+00 +5.8633e+00 +3.2221e+00 -1.2248e+01
86 0 +2.842510589e+01 +9.700951059e+02 +9.700951059e+02 +3.0897e+00 +1.3189e+00 +6.1601e+00 +3.3820e+00 -1.2870e+01
87 0 +2.428967429e+01 +9.659596743e+02 +9.659596743e+02 +4.0305e+00 +1.7213e+00 +8.0369e+00 +4.4120e+00 -1.6792e+01
89 0 +2.349338796e+01 +9.651633880e+02 +9.651633880e+02 +5.4607e+00 +2.3288e+00 +1.0901e+01 +5.9726e+00 -2.2763e+01
90 0 +2.275745911e+01 +9.644274591e+02 +9.644274591e+02 +5.0407e+00 +2.1511e+00 +1.0058e+01 +5.5176e+00 -2.1008e+01
102 0 +2.202218201e+01 +9.636921820e+02 +9.636921820e+02 +4.6220e+00 +1.9731e+00 +9.2193e+00 +5.0589e+00 -1.9259e+01
297 0 +2.187557775e+01 +9.635455777e+02 +9.635455777e+02 +4.4416e+00 +1.9922e+00 +8.5008e+00 +5.0057e+00 -1.7918e+01
512 0 +2.135572294e+01 +9.630257229e+02 +9.630257229e+02 +3.8146e+00 +2.0524e+00 +5.3347e+00 +5.0303e+00 -1.1374e+01
521 0 +2.088278396e+01 +9.625527840e+02 +9.625527840e+02 +4.0209e+00 +1.6704e+00 +6.0382e+00 +5.0142e+00 -1.1063e+01
526 0 +2.021805861e+01 +9.618880586e+02 +9.618880586e+02 +4.3348e+00 +1.0874e+00 +7.1078e+00 +4.9897e+00 -1.0579e+01
529 0 +1.964362763e+01 +9.613136276e+02 +9.613136276e+02 +4.6460e+00 +5.1266e-01 +8.1704e+00 +4.9654e+00 -1.0120e+01
532 0 +1.900448390e+01 +9.606744839e+02 +9.606744839e+02 +4.9896e+00 -1.2505e-01 +9.3416e+00 +4.9385e+00 -9.5929e+00
534 0 +1.816495048e+01 +9.598349505e+02 +9.598349505e+02 +5.4402e+00 -9.6206e-01 +1.0876e+01 +4.9032e+00 -8.8960e+00
536 0 +1.777982982e+01 +9.594498298e+02 +9.594498298e+02 +5.6498e+00 -1.3481e+00 +1.1593e+01 +4.8869e+00 -8.5943e+00
537 0 +1.656071543e+01 +9.582307154e+02 +9.582307154e+02 +6.3073e+00 -2.5658e+00 +1.3836e+01 +4.8355e+00 -7.6020e+00
539 0 +1.599047869e+01 +9.576604787e+02 +9.576604787e+02 +6.6119e+00 -3.1334e+00 +1.4872e+01 +4.8116e+00 -7.1197e+00
540 0 +1.416390422e+01 +9.558339042e+02 +9.558339042e+02 +7.5949e+00 -4.9564e+00 +1.8223e+01 +4.7348e+00 -5.6197e+00
590 0 +1.412382308e+01 +9.557938231e+02 +9.557938231e+02 +7.6170e+00 -4.9968e+00 +1.8299e+01 +4.7331e+00 -5.5905e+00
% f evaluations | g evaluations | best noise-free fitness - Fopt (-3.745000000000e+01) + sum g_i+ | measured fitness | best measured fitness or single-digit g-values | x1 | x2...
1 0 +1.078198516e+02 +7.036985161e+01 +7.036985161e+01 +0.0000e+00 +0.0000e+00 +0.0000e+00 +0.0000e+00 +0.0000e+00
2 0 +1.078196016e+02 +7.036960161e+01 +7.036960161e+01 +2.5000e-04 +0.0000e+00 +0.0000e+00 +0.0000e+00 +0.0000e+00
43 0 +1.070719290e+02 +6.962192901e+01 +6.962192901e+01 -5.1592e-03 +2.3118e-02 +2.9821e-02 -9.2197e-04 -6.1248e-02
54 0 +1.046923757e+02 +6.724237575e+01 +6.724237575e+01 -2.0266e-02 +1.0006e-01 +1.1831e-01 -3.4081e-03 -2.5765e-01
60 0 +1.007849214e+02 +6.333492137e+01 +6.333492137e+01 -4.8827e-02 +2.2492e-01 +2.6848e-01 -7.5417e-03 -5.7924e-01
63 0 +9.815514609e+01 +6.070514609e+01 +6.070514609e+01 -6.6483e-02 +3.0671e-01 +3.7025e-01 -1.1771e-02 -7.9488e-01
65 0 +9.470955751e+01 +5.725955751e+01 +5.725955751e+01 -9.1876e-02 +4.1308e-01 +5.0595e-01 -1.5459e-02 -1.0781e+00
67 0 +9.315918891e+01 +5.570918891e+01 +5.570918891e+01 -1.0149e-01 +4.6643e-01 +5.6065e-01 -1.6684e-02 -1.2066e+00
68 0 +8.818486624e+01 +5.073486624e+01 +5.073486624e+01 -1.3601e-01 +6.2594e-01 +7.4947e-01 -2.2075e-02 -1.6164e+00
70 0 +8.582210927e+01 +4.837210927e+01 +4.837210927e+01 -1.5344e-01 +6.9662e-01 +8.4523e-01 -2.6491e-02 -1.8091e+00
71 0 +7.834070322e+01 +4.089070322e+01 +4.089070322e+01 -2.0574e-01 +9.3246e-01 +1.1336e+00 -3.5966e-02 -2.4240e+00
73 0 +7.686961287e+01 +3.941961287e+01 +3.941961287e+01 -2.1691e-01 +9.8137e-01 +1.1880e+00 -3.6225e-02 -2.5462e+00
74 0 +6.743938945e+01 +2.998938945e+01 +2.998938945e+01 -2.8334e-01 +1.2804e+00 +1.5496e+00 -4.7100e-02 -3.3222e+00
76 0 +5.311829302e+01 +1.566829302e+01 +1.566829302e+01 -3.8255e-01 +1.7411e+00 +2.0933e+00 -6.4113e-02 -4.5008e+00
78 0 +4.693566462e+01 +9.485664616e+00 +9.485664616e+00 -4.3020e-01 +1.9430e+00 +2.3550e+00 -7.3242e-02 -5.0428e+00
79 0 +4.322920378e+01 +5.779203777e+00 +5.779203777e+00 -5.7729e-01 +2.6015e+00 +3.1578e+00 -9.8826e-02 -6.7561e+00
81 0 +4.153614212e+01 +4.086142117e+00 +4.086142117e+00 -6.4411e-01 +2.9174e+00 +3.5208e+00 -1.0777e-01 -7.5575e+00
82 0 +3.601402059e+01 -1.435979410e+00 -1.435979410e+00 -8.6330e-01 +3.9099e+00 +4.7144e+00 -1.4367e-01 -1.0124e+01
84 0 +3.488342605e+01 -2.566573948e+00 -2.566573948e+00 -9.0787e-01 +4.1057e+00 +4.9582e+00 -1.5363e-01 -1.0636e+01
85 0 +3.317314319e+01 -4.276856810e+00 -4.276856810e+00 -1.1856e+00 +5.3569e+00 +6.4693e+00 -2.0086e-01 -1.3876e+01
136 0 +3.310957613e+01 -4.340423875e+00 -4.340423875e+00 -1.1257e+00 +5.1347e+00 +6.2035e+00 -2.0152e-01 -1.3300e+01
160 0 +3.228433333e+01 -5.165666670e+00 -5.165666670e+00 -1.0487e+00 +5.5410e+00 +6.6270e+00 -3.3456e-01 -1.4237e+01
166 0 +3.122766686e+01 -6.222333143e+00 -6.222333143e+00 -8.1517e-01 +5.4450e+00 +6.4391e+00 -4.8095e-01 -1.3863e+01
169 0 +3.050544312e+01 -6.944556877e+00 -6.944556877e+00 -8.9894e-01 +6.4982e+00 +7.6378e+00 -6.2428e-01 -1.6470e+01
172 0 +2.933548096e+01 -8.114519041e+00 -8.114519041e+00 -7.6908e-01 +6.9728e+00 +8.1634e+00 -8.0923e-01 -1.7605e+01
174 0 +2.802925575e+01 -9.420744252e+00 -9.420744252e+00 -4.0866e-01 +6.5356e+00 +7.4736e+00 -9.7743e-01 -1.6212e+01
176 0 +2.750559683e+01 -9.944403168e+00 -9.944403168e+00 -5.6902e-01 +7.7506e+00 +8.9237e+00 -1.0991e+00 -1.9323e+01
177 0 +2.564456182e+01 -1.180543818e+01 -1.180543818e+01 -4.4595e-01 +8.9034e+00 +1.0166e+01 -1.4081e+00 -2.2053e+01
179 0 +2.458766615e+01 -1.286233385e+01 -1.286233385e+01 -1.3697e-01 +8.4595e+00 +9.5668e+00 -1.5411e+00 -2.0791e+01
180 0 +2.162877766e+01 -1.582122234e+01 -1.582122234e+01 +2.4402e-01 +9.4401e+00 +1.0531e+01 -1.9995e+00 -2.2952e+01
182 0 +2.125008161e+01 -1.619991839e+01 -1.619991839e+01 +2.0684e-01 +9.9661e+00 +1.1085e+01 -2.0735e+00 -2.4187e+01
183 0 +1.765000629e+01 -1.979999371e+01 -1.979999371e+01 +5.8959e-01 +1.1532e+01 +1.2676e+01 -2.6456e+00 -2.7735e+01
185 0 +1.226440960e+01 -2.518559040e+01 -2.518559040e+01 +8.8853e-01 +1.5126e+01 +1.6654e+01 -3.5502e+00 -3.6409e+01
187 0 +9.511429813e+00 -2.793857019e+01 -2.793857019e+01 +1.5795e+00 +1.4501e+01 +1.5653e+01 -3.9169e+00 -3.4378e+01
188 0 +2.407833258e+00 -3.504216674e+01 -3.504216674e+01 +2.5922e+00 +1.7300e+01 +1.8397e+01 -5.1712e+00 -4.0541e+01
191 0 +1.991757037e+00 -3.545824296e+01 -3.545824296e+01 +3.0082e+00 +2.2171e+01 +2.3749e+01 -6.4052e+00 -5.2235e+01
192 0 +7.824303328e-01 -3.666756967e+01 -3.666756967e+01 +4.2176e+00 +2.7490e+01 +2.9286e+01 -8.2850e+00 -6.4486e+01
194 0 +0.000000000e+00 -3.745000000e+01 -3.745000000e+01 +5.2206e+00 +2.8498e+01 +2.9968e+01 -9.1871e+00 -6.6197e+01
% f evaluations | g evaluations | best noise-free fitness - Fopt (-1.000000000000e+03) + sum g_i+ | measured fitness | best measured fitness or single-digit g-values | x1 | x2...
1 0 +1.078198516e+02 -8.921801484e+02 -8.921801484e+02 +0.0000e+00 +0.0000e+00 +0.0000e+00 +0.0000e+00 +0.0000e+00
6 0 +1.078173516e+02 -8.921826484e+02 -8.921826484e+02 +0.0000e+00 +0.0000e+00 +0.0000e+00 +0.0000e+00 +2.5000e-04
44 0 +1.071285412e+02 -8.928714588e+02 -8.928714588e+02 +8.4181e-03 -3.4484e-02 -5.3964e-03 -2.8488e-02 +4.6114e-02
57 0 +1.045640906e+02 -8.954359094e+02 -8.954359094e+02 +3.7530e-02 -1.6592e-01 -2.3360e-02 -1.3545e-01 +2.1627e-01
61 0 +1.018313350e+02 -8.981686650e+02 -8.981686650e+02 +6.8243e-02 -3.0495e-01 -4.2038e-02 -2.5023e-01 +3.9744e-01
63 0 +9.969536175e+01 -9.003046382e+02 -9.003046382e+02 +8.9663e-02 -4.1530e-01 -5.6805e-02 -3.3888e-01 +5.3903e-01
66 0 +9.565310487e+01 -9.043468951e+02 -9.043468951e+02 +1.4103e-01 -6.2092e-01 -8.5618e-02 -5.0699e-01 +8.0819e-01
68 0 +9.418816021e+01 -9.058118398e+02 -9.058118398e+02 +1.5390e-01 -6.9616e-01 -9.5325e-02 -5.6921e-01 +9.0453e-01
69 0 +8.955206078e+01 -9.104479392e+02 -9.104479392e+02 +2.0527e-01 -9.3293e-01 -1.2733e-01 -7.6316e-01 +1.2120e+00
71 0 +8.864076716e+01 -9.113592328e+02 -9.113592328e+02 +2.1752e-01 -9.8076e-01 -1.3363e-01 -8.0007e-01 +1.2731e+00
72 0 +8.279749636e+01 -9.172025036e+02 -9.172025036e+02 +2.8379e-01 -1.2800e+00 -1.7381e-01 -1.0438e+00 +1.6611e+00
74 0 +7.392267117e+01 -9.260773288e+02 -9.260773288e+02 +3.9091e-01 -1.7328e+00 -2.3697e-01 -1.4143e+00 +2.2504e+00
76 0 +6.982523042e+01 -9.301747696e+02 -9.301747696e+02 +4.3015e-01 -1.9431e+00 -2.6437e-01 -1.5861e+00 +2.5214e+00
77 0 +5.691129319e+01 -9.430887068e+02 -9.430887068e+02 +5.7471e-01 -2.6041e+00 -3.5374e-01 -2.1256e+00 +3.3780e+00
79 0 +5.089785285e+01 -9.491021471e+02 -9.491021471e+02 +6.5015e-01 -2.9114e+00 -3.9585e-01 -2.3750e+00 +3.7787e+00
80 0 +3.219200362e+01 -9.678079964e+02 -9.678079964e+02 +8.7259e-01 -3.9006e+00 -5.3010e-01 -3.1809e+00 +5.0621e+00
82 0 +3.087780556e+01 -9.691221944e+02 -9.691221944e+02 +9.1491e-01 -4.0986e+00 -5.5706e-01 -3.3444e+00 +5.3179e+00
83 0 +2.328693643e+01 -9.767130636e+02 -9.767130636e+02 +1.1942e+00 -5.3483e+00 -7.2651e-01 -4.3636e+00 +6.9379e+00
85 0 +1.931122956e+01 -9.806887704e+02 -9.806887704e+02 +1.6070e+00 -7.2505e+00 -9.8258e-01 -5.9164e+00 +9.4057e+00
88 0 +1.857558862e+01 -9.814244114e+02 -9.814244114e+02 +2.4329e+00 -1.0874e+01 -1.4764e+00 -8.8701e+00 +1.4109e+01
91 0 +1.744756012e+01 -9.825524399e+02 -9.825524399e+02 +3.6277e+00 -1.6306e+01 -2.2109e+00 -1.3303e+01 +2.1149e+01
93 0 +1.728436011e+01 -9.827156399e+02 -9.827156399e+02 +3.8146e+00 -1.7128e+01 -2.3216e+00 -1.3973e+01 +2.2218e+01
94 0 +1.621281008e+01 -9.837871899e+02 -9.837871899e+02 +4.9771e+00 -2.2346e+01 -3.0281e+00 -1.8230e+01 +2.8988e+01
96 0 +1.458621960e+01 -9.854137804e+02 -9.854137804e+02 +6.7640e+00 -3.0286e+01 -4.1075e+00 -2.4702e+01 +3.9286e+01
98 0 +1.382486974e+01 -9.861751303e+02 -9.861751303e+02 +7.5527e+00 -3.3925e+01 -4.5977e+00 -2.7675e+01 +4.4002e+01
100 0 +1.330103000e+01 -9.866989700e+02 -9.866989700e+02 +8.3010e+00 -3.7221e+01 -5.0459e+00 -3.0364e+01 +4.8280e+01
% f evaluations | g evaluations | best noise-free fitness - Fopt (-1.040300000000e+02) + sum g_i+ | measured fitness | best measured fitness or single-digit g-values | x1 | x2...
1 0 +1.078198516e+02 +3.789851611e+00 +3.789851611e+00 +0.0000e+00 +0.0000e+00 +0.0000e+00 +0.0000e+00 +0.0000e+00
2 0 +1.078196016e+02 +3.789601611e+00 +3.789601611e+00 +2.5000e-04 +0.0000e+00 +0.0000e+00 +0.0000e+00 +0.0000e+00
44 0 +1.071022168e+02 +3.072216778e+00 +3.072216778e+00 +7.9596e-03 -3.7296e-03 +3.9059e-02 -5.4844e-02 +2.7112e-02
57 0 +1.037340766e+02 -2.959233721e-01 -2.959233721e-01 +4.4852e-02 -1.9751e-02 +2.2054e-01 -3.1165e-01 +1.5558e-01
60 0 +1.016963002e+02 -2.333699847e+00 -2.333699847e+00 +7.0645e-02 -2.7760e-02 +3.3188e-01 -4.7298e-01 +2.2943e-01
63 0 +9.863091366e+01 -5.399086339e+00 -5.399086339e+00 +1.0139e-01 -4.2172e-02 +4.9670e-01 -7.0418e-01 +3.4820e-01
66 0 +9.523164404e+01 -8.798355962e+00 -8.798355962e+00 +1.4172e-01 -5.8109e-02 +6.8188e-01 -9.6643e-01 +4.7522e-01
68 0 +9.076434625e+01 -1.326565375e+01 -1.326565375e+01 +1.9315e-01 -7.7158e-02 +9.2527e-01 -1.3142e+00 +6.4090e-01
70 0 +8.870698172e+01 -1.532301828e+01 -1.532301828e+01 +2.1288e-01 -8.8006e-02 +1.0350e+00 -1.4663e+00 +7.2246e-01
71 0 +8.221232250e+01 -2.181767750e+01 -2.181767750e+01 +2.8400e-01 -1.1813e-01 +1.3866e+00 -1.9630e+00 +9.6897e-01
73 0 +7.918128526e+01 -2.484871474e+01 -2.484871474e+01 +3.2305e-01 -1.3067e-01 +1.5524e+00 -2.2021e+00 +1.0791e+00
74 0 +6.945647107e+01 -3.457352893e+01 -3.457352893e+01 +4.3388e-01 -1.7492e-01 +2.0803e+00 -2.9511e+00 +1.4445e+00
76 0 +6.751244379e+01 -3.651755621e+01 -3.651755621e+01 +4.5224e-01 -1.8355e-01 +2.1854e+00 -3.0982e+00 +1.5195e+00
77 0 +5.523370846e+01 -4.879629154e+01 -4.879629154e+01 +5.8946e-01 -2.3939e-01 +2.8518e+00 -4.0418e+00 +1.9824e+00
78 0 +5.460575687e+01 -4.942424313e+01 -4.942424313e+01 +5.9540e-01 -2.4314e-01 +2.8834e+00 -4.0861e+00 +2.0090e+00
79 0 +3.918091576e+01 -6.484908424e+01 -6.484908424e+01 +7.9653e-01 -3.2613e-01 +3.8625e+00 -5.4720e+00 +2.6931e+00
81 0 +3.439228762e+01 -6.963771238e+01 -6.963771238e+01 +8.9855e-01 -3.6309e-01 +4.3286e+00 -6.1379e+00 +3.0078e+00
82 0 +2.154979328e+01 -8.248020672e+01 -8.248020672e+01 +1.2058e+00 -4.8557e-01 +5.7996e+00 -8.2253e+00 +4.0272e+00
84 0 +1.643789837e+01 -8.759210163e+01 -8.759210163e+01 +1.3398e+00 -5.4575e-01 +6.4871e+00 -9.1915e+00 +4.5143e+00
85 0 +1.079839695e+01 -9.323160305e+01 -9.323160305e+01 +1.7928e+00 -7.3117e-01 +8.6905e+00 -1.2312e+01 +6.0492e+00
87 0 +1.063801143e+01 -9.339198857e+01 -9.339198857e+01 +1.8895e+00 -7.6695e-01 +9.1298e+00 -1.2939e+01 +6.3517e+00
88 0 +9.647557780e+00 -9.438244222e+01 -9.438244222e+01 +2.4658e+00 -9.9984e-01 +1.1911e+01 -1.6882e+01 +8.2864e+00
90 0 +8.135150019e+00 -9.589484998e+01 -9.589484998e+01 +3.3482e+00 -1.3541e+00 +1.6149e+01 -2.2891e+01 +1.1221e+01
92 0 +7.451482449e+00 -9.657851755e+01 -9.657851755e+01 +3.7375e+00 -1.5197e+00 +1.8082e+01 -2.5621e+01 +1.2582e+01
93 0 +5.269457677e+00 -9.876054232e+01 -9.876054232e+01 +5.0033e+00 -2.0368e+00 +2.4224e+01 -3.4319e+01 +1.6859e+01
95 0 +4.848524849e+00 -9.918147515e+01 -9.918147515e+01 +5.6136e+00 -2.2735e+00 +2.7104e+01 -3.8415e+01 +1.8845e+01
96 0 +3.477198510e+00 -1.005528015e+02 -1.005528015e+02 +7.5240e+00 -3.0446e+00 +3.6311e+01 -5.1467e+01 +2.5243e+01
98 0 +3.198143379e+00 -1.008318566e+02 -1.008318566e+02 +7.8950e+00 -3.2016e+00 +3.8148e+01 -5.4060e+01 +2.6526e+01
99 0 +1.462998906e+00 -1.025670011e+02 -1.025670011e+02 +1.0300e+01 -4.1773e+00 +4.9771e+01 -7.0528e+01 +3.4608e+01
100 0 +1.375051608e+00 -1.026549484e+02 -1.026549484e+02 +1.0413e+01 -4.2268e+00 +5.0350e+01 -7.1348e+01 +3.5023e+01
101 0 +0.000000000e+00 -1.040300000e+02 -1.040300000e+02 +1.3946e+01 -5.6631e+00 +6.7451e+01 -9.5576e+01 +4.6924e+01
% f evaluations | g evaluations | best noise-free fitness - Fopt (9.284000000000e+01) + sum g_i+ | measured fitness | best measured fitness or single-digit g-values | x1 | x2...
1 0 +1.078198516e+02 +2.006598516e+02 +2.006598516e+02 +0.0000e+00 +0.0000e+00 +0.0000e+00 +0.0000e+00 +0.0000e+00
5 0 +1.078184458e+02 +2.006584458e+02 +2.006584458e+02 +0.0000e+00 +0.0000e+00 +0.0000e+00 +2.5000e-04 +0.0000e+00
45 0 +1.070921758e+02 +1.999321758e+02 +1.999321758e+02 -5.0118e-03 -5.2050e-02 -1.8749e-02 +3.2548e-02 +3.8778e-02
57 0 +1.037547714e+02 +1.965947714e+02 +1.965947714e+02 -2.1379e-02 -2.9512e-01 -1.0383e-01 +1.8131e-01 +2.1709e-01
60 0 +1.022376589e+02 +1.950776589e+02 +1.950776589e+02 -3.1851e-02 -4.0504e-01 -1.4213e-01 +2.5023e-01 +2.9734e-01
64 0 +9.935013365e+01 +1.921901336e+02 +1.921901336e+02 -4.7013e-02 -6.1494e-01 -2.1550e-01 +3.7866e-01 +4.5183e-01
65 0 +9.647633745e+01 +1.893163375e+02 +1.893163375e+02 -6.1766e-02 -8.2372e-01 -2.8841e-01 +5.0699e-01 +6.0539e-01
67 0 +9.511242825e+01 +1.879524283e+02 +1.879524283e+02 -7.3785e-02 -9.2384e-01 -3.2301e-01 +5.6921e-01 +6.7685e-01
68 0 +9.079125669e+01 +1.836312567e+02 +1.836312567e+02 -9.9988e-02 -1.2382e+00 -4.3260e-01 +7.6316e-01 +9.0672e-01
71 0 +8.449231845e+01 +1.773323185e+02 +1.773323185e+02 -1.3371e-01 -1.6975e+00 -5.9131e-01 +1.0438e+00 +1.2436e+00
73 0 +7.621925468e+01 +1.690592547e+02 +1.690592547e+02 -1.7483e-01 -2.2985e+00 -8.0271e-01 +1.4143e+00 +1.6847e+00
75 0 +7.240069460e+01 +1.652406946e+02 +1.652406946e+02 -2.0429e-01 -2.5775e+00 -8.9881e-01 +1.5861e+00 +1.8870e+00
76 0 +6.036287317e+01 +1.532028732e+02 +1.532028732e+02 -2.7555e-01 -3.4544e+00 -1.2040e+00 +2.1256e+00 +2.5278e+00
78 0 +5.475435388e+01 +1.475943539e+02 +1.475943539e+02 -2.9986e-01 -3.8614e+00 -1.3459e+00 +2.3750e+00 +2.8287e+00
79 0 +3.704345644e+01 +1.298834564e+02 +1.298834564e+02 -3.9979e-01 -5.1730e+00 -1.8025e+00 +3.1809e+00 +3.7897e+00
81 0 +3.390506601e+01 +1.267450660e+02 +1.267450660e+02 -4.2284e-01 -5.4364e+00 -1.8948e+00 +3.3444e+00 +3.9802e+00
82 0 +1.602194785e+01 +1.088619478e+02 +1.088619478e+02 -5.5125e-01 -7.0938e+00 -2.4720e+00 +4.3636e+00 +5.1924e+00
83 0 +1.562559579e+01 +1.084655958e+02 +1.084655958e+02 -5.6462e-01 -7.1776e+00 -2.5003e+00 +4.4157e+00 +5.2543e+00
84 0 +9.460915360e+00 +1.023009154e+02 +1.023009154e+02 -7.5952e-01 -9.6171e+00 -3.3492e+00 +5.9164e+00 +7.0391e+00
86 0 +8.114635508e+00 +1.009546355e+02 +1.009546355e+02 -8.3529e-01 -1.0766e+01 -3.7509e+00 +6.6219e+00 +7.8836e+00
87 0 +3.884836045e+00 +9.672483605e+01 +9.672483605e+01 -1.1152e+00 -1.4422e+01 -5.0244e+00 +8.8701e+00 +1.0561e+01
89 0 +3.737692806e+00 +9.657769281e+01 +9.657769281e+01 -1.2623e+00 -1.6142e+01 -5.6223e+00 +9.9292e+00 +1.1815e+01
90 0 +3.306434380e+00 +9.614643438e+01 +9.614643438e+01 -1.6936e+00 -2.1627e+01 -7.5322e+00 +1.3303e+01 +1.5827e+01
92 0 +3.225446313e+00 +9.606544631e+01 +9.606544631e+01 -1.7746e+00 -2.2717e+01 -7.9108e+00 +1.3973e+01 +1.6629e+01
93 0 +2.685163515e+00 +9.552516351e+01 +9.552516351e+01 -2.3148e+00 -2.9638e+01 -1.0320e+01 +1.8230e+01 +2.1696e+01
95 0 +1.883043110e+00 +9.472304311e+01 +9.472304311e+01 -3.1170e+00 -4.0167e+01 -1.3989e+01 +2.4702e+01 +2.9405e+01
97 0 +1.482709723e+00 +9.432270972e+01 +9.432270972e+01 -3.5173e+00 -4.4995e+01 -1.5668e+01 +2.7675e+01 +3.2932e+01
98 0 +2.816465621e-01 +9.312164656e+01 +9.312164656e+01 -4.7184e+00 -6.0282e+01 -2.0989e+01 +3.7078e+01 +4.4118e+01
100 0 +0.000000000e+00 +9.284000000e+01 +9.284000000e+01 -5.2517e+00 -6.7431e+01 -2.3480e+01 +4.1472e+01 +4.9360e+01
% f evaluations | g evaluations | best noise-free fitness - Fopt (2.480000000000e+01) + sum g_i+ | measured fitness | best measured fitness or single-digit g-values | x1 | x2...
1 0 +1.078198516e+02 +1.326198516e+02 +1.326198516e+02 +0.0000e+00 +0.0000e+00 +0.0000e+00 +0.0000e+00 +0.0000e+00
2 0 +1.078196016e+02 +1.326196016e+02 +1.326196016e+02 +2.5000e-04 +0.0000e+00 +0.0000e+00 +0.0000e+00 +0.0000e+00
43 0 +1.071107958e+02 +1.319107958e+02 +1.319107958e+02 +2.3118e-02 +1.4640e-02 +2.9821e-02 -9.2197e-04 -6.1248e-02
56 0 +1.044944790e+02 +1.292944790e+02 +1.292944790e+02 +1.1030e-01 +7.0927e-02 +1.3591e-01 -4.2085e-03 -2.8877e-01
60 0 +1.011644838e+02 +1.259644838e+02 +1.259644838e+02 +2.2492e-01 +1.4246e-01 +2.6848e-01 -7.5417e-03 -5.7924e-01
63 0 +9.867666414e+01 +1.234766641e+02 +1.234766641e+02 +3.0671e-01 +1.9642e-01 +3.7025e-01 -1.1771e-02 -7.9488e-01
65 0 +9.541329315e+01 +1.202132932e+02 +1.202132932e+02 +4.1308e-01 +2.6662e-01 +5.0595e-01 -1.5459e-02 -1.0781e+00
68 0 +8.924606680e+01 +1.140460668e+02 +1.140460668e+02 +6.2594e-01 +3.9929e-01 +7.4947e-01 -2.2075e-02 -1.6164e+00
70 0 +8.700642229e+01 +1.118064223e+02 +1.118064223e+02 +6.9662e-01 +4.4739e-01 +8.4523e-01 -2.6491e-02 -1.8091e+00
71 0 +7.992739155e+01 +1.047273915e+02 +1.047273915e+02 +9.3246e-01 +5.9986e-01 +1.1336e+00 -3.5966e-02 -2.4240e+00
73 0 +7.853718326e+01 +1.033371833e+02 +1.033371833e+02 +9.8137e-01 +6.3022e-01 +1.1880e+00 -3.6225e-02 -2.5462e+00
74 0 +6.961583669e+01 +9.441583669e+01 +9.441583669e+01 +1.2804e+00 +8.2285e-01 +1.5496e+00 -4.7100e-02 -3.3222e+00
76 0 +5.607052929e+01 +8.087052929e+01 +8.087052929e+01 +1.7411e+00 +1.1133e+00 +2.0933e+00 -6.4113e-02 -4.5008e+00
78 0 +5.023781559e+01 +7.503781559e+01 +7.503781559e+01 +1.9430e+00 +1.2485e+00 +2.3550e+00 -7.3242e-02 -5.0428e+00
79 0 +4.765182996e+01 +7.245182996e+01 +7.245182996e+01 +2.6015e+00 +1.6731e+00 +3.1578e+00 -9.8826e-02 -6.7561e+00
81 0 +4.649045280e+01 +7.129045280e+01 +7.129045280e+01 +2.9174e+00 +1.8714e+00 +3.5208e+00 -1.0777e-01 -7.5575e+00
82 0 +4.265214245e+01 +6.745214245e+01 +6.745214245e+01 +3.9099e+00 +2.5072e+00 +4.7144e+00 -1.4367e-01 -1.0124e+01
86 0 +4.167197754e+01 +6.647197754e+01 +6.647197754e+01 +4.9135e+00 +3.1573e+00 +5.9470e+00 -1.8450e-01 -1.2745e+01
182 0 +4.055277961e+01 +6.535277961e+01 +6.535277961e+01 +2.6122e+00 +2.2699e+00 +5.4389e+00 -5.1213e-01 -8.9182e+00
188 0 +3.940256558e+01 +6.420256558e+01 +6.420256558e+01 +5.4706e-01 +1.5333e+00 +5.2242e+00 -8.5100e-01 -5.7047e+00
231 0 +3.879350476e+01 +6.359350476e+01 +6.359350476e+01 -1.3991e-02 +1.4589e+00 +5.6673e+00 -1.0355e+00 -5.2943e+00
238 0 +3.789755539e+01 +6.269755539e+01 +6.269755539e+01 -6.3715e-01 +1.4735e+00 +6.5405e+00 -1.3103e+00 -5.1930e+00
242 0 +3.712696364e+01 +6.192696364e+01 +6.192696364e+01 -9.8549e-01 +1.5981e+00 +7.4898e+00 -1.5487e+00 -5.5635e+00
244 0 +3.626254000e+01 +6.106254000e+01 +6.106254000e+01 -1.5538e+00 +1.6356e+00 +8.3755e+00 -1.8153e+00 -5.5568e+00
248 0 +3.474551702e+01 +5.954551702e+01 +5.954551702e+01 -2.7203e+00 +1.5901e+00 +9.7279e+00 -2.2781e+00 -5.1033e+00
249 0 +3.454100942e+01 +5.934100942e+01 +5.934100942e+01 -2.5813e+00 +1.7630e+00 +1.0228e+01 -2.3445e+00 -5.7703e+00
250 0 +3.286273644e+01 +5.766273644e+01 +5.766273644e+01 -3.5534e+00 +1.9078e+00 +1.2072e+01 -2.8616e+00 -6.0590e+00
253 0 +3.179206375e+01 +5.659206375e+01 +5.659206375e+01 -4.4365e+00 +1.8448e+00 +1.2974e+01 -3.1891e+00 -5.6071e+00
254 0 +2.949453448e+01 +5.429453448e+01 +5.429453448e+01 -5.9072e+00 +1.9607e+00 +1.5353e+01 -3.8958e+00 -5.6647e+00
256 0 +2.604723335e+01 +5.084723335e+01 +5.084723335e+01 -8.4021e+00 +2.1109e+00 +1.9221e+01 -5.0648e+00 -5.5999e+00
% f evaluations | g evaluations | best noise-free fitness - Fopt (-8.410000000000e+01) + sum g_i+ | measured fitness | best measured fitness or single-digit g-values | x1 | x2...
1 0 +1.078198516e+02 +2.371985161e+01 +2.371985161e+01 +0.0000e+00 +0.0000e+00 +0.0000e+00 +0.0000e+00 +0.0000e+00
2 0 +1.078196016e+02 +2.371960161e+01 +2.371960161e+01 +2.5000e-04 +0.0000e+00 +0.0000e+00 +0.0000e+00 +0.0000e+00
45 0 +1.070256134e+02 +2.292561337e+01 +2.292561337e+01 +1.9437e-02 +8.3413e-03 -3.6872e-02 -4.1081e-02 +4.4202e-02
56 0 +1.044713149e+02 +2.037131485e+01 +2.037131485e+01 +8.1714e-02 +2.9718e-02 -1.5042e-01 -1.7205e-01 +1.8765e-01
61 0 +1.016246643e+02 +1.752466430e+01 +1.752466430e+01 +1.5067e-01 +5.8437e-02 -2.8165e-01 -3.2065e-01 +3.4546e-01
64 0 +9.848561922e+01 +1.438561922e+01 +1.438561922e+01 +2.2578e-01 +8.3639e-02 -4.2066e-01 -4.7955e-01 +5.2302e-01
66 0 +9.740005039e+01 +1.330005039e+01 +1.330005039e+01 +2.5280e-01 +9.6099e-02 -4.7300e-01 -5.3746e-01 +5.8198e-01
67 0 +9.386441815e+01 +9.764418155e+00 +9.764418155e+00 +3.3834e-01 +1.2929e-01 -6.3428e-01 -7.2017e-01 +7.7914e-01
69 0 +9.315239836e+01 +9.052398364e+00 +9.052398364e+00 +3.5495e-01 +1.3438e-01 -6.6386e-01 -7.5653e-01 +8.1979e-01
70 0 +8.868365113e+01 +4.583651130e+00 +4.583651130e+00 +4.6238e-01 +1.7517e-01 -8.6571e-01 -9.8702e-01 +1.0697e+00
72 0 +8.184950030e+01 -2.250499702e+00 -2.250499702e+00 +6.2826e-01 +2.3394e-01 -1.1732e+00 -1.3366e+00 +1.4532e+00
74 0 +7.877472345e+01 -5.325276547e+00 -5.325276547e+00 +7.0312e-01 +2.6671e-01 -1.3164e+00 -1.4986e+00 +1.6226e+00
75 0 +6.891927557e+01 -1.518072443e+01 -1.518072443e+01 +9.4179e-01 +3.5824e-01 -1.7643e+00 -2.0082e+00 +2.1724e+00
77 0 +6.425667348e+01 -1.984332652e+01 -1.984332652e+01 +1.0525e+00 +3.9600e-01 -1.9697e+00 -2.2450e+00 +2.4362e+00
78 0 +4.945280115e+01 -3.464719885e+01 -3.464719885e+01 +1.4096e+00 +5.2935e-01 -2.6375e+00 -3.0074e+00 +3.2647e+00
80 0 +4.651529536e+01 -3.758470464e+01 -3.758470464e+01 +1.4821e+00 +5.5762e-01 -2.7741e+00 -3.1600e+00 +3.4272e+00
81 0 +2.784026572e+01 -5.625973428e+01 -5.625973428e+01 +1.9336e+00 +7.2712e-01 -3.6191e+00 -4.1230e+00 +4.4709e+00
82 0 +2.692745587e+01 -5.717254413e+01 -5.717254413e+01 +1.9549e+00 +7.3956e-01 -3.6632e+00 -4.1720e+00 +4.5208e+00
83 0 +1.332822923e+01 -7.077177077e+01 -7.077177077e+01 +2.6183e+00 +9.9236e-01 -4.9082e+00 -5.5897e+00 +6.0546e+00
85 0 +1.291956846e+01 -7.118043154e+01 -7.118043154e+01 +2.9331e+00 +1.1029e+00 -5.4914e+00 -6.2579e+00 +6.7896e+00
86 0 +1.258602366e+01 -7.151397634e+01 -7.151397634e+01 +3.9288e+00 +1.4753e+00 -7.3549e+00 -8.3828e+00 +9.0981e+00
90 0 +1.229391044e+01 -7.180608956e+01 -7.180608956e+01 +4.8578e+00 +1.8334e+00 -9.0999e+00 -1.0370e+01 +1.1241e+01
187 0 +1.201207790e+01 -7.208792210e+01 -7.208792210e+01 +5.0001e+00 +1.7549e+00 -9.2556e+00 -1.0626e+01 +1.1695e+01
194 0 +1.160816869e+01 -7.249183131e+01 -7.249183131e+01 +4.9911e+00 +1.5227e+00 -9.0426e+00 -1.0517e+01 +1.1874e+01
196 0 +1.139879306e+01 -7.270120694e+01 -7.270120694e+01 +4.9905e+00 +1.4047e+00 -8.9426e+00 -1.0478e+01 +1.1992e+01
199 0 +1.095229181e+01 -7.314770819e+01 -7.314770819e+01 +4.9744e+00 +1.1445e+00 -8.6939e+00 -1.0338e+01 +1.2165e+01
202 0 +1.033829470e+01 -7.376170530e+01 -7.376170530e+01 +4.9771e+00 +8.0075e-01 -8.4056e+00 -1.0221e+01 +1.2498e+01
205 0 +9.628947623e+00 -7.447105238e+01 -7.447105238e+01 +4.9479e+00 +3.8548e-01 -8.0061e+00 -1.0005e+01 +1.2793e+01
207 0 +8.684700502e+00 -7.541529950e+01 -7.541529950e+01 +4.9212e+00 -1.6055e-01 -7.4968e+00 -9.7363e+00 +1.3197e+01
209 0 +8.284906447e+00 -7.581509355e+01 -7.581509355e+01 +4.9306e+00 -3.8007e-01 -7.3262e+00 -9.6832e+00 +1.3444e+01
210 0 +6.951213763e+00 -7.714878624e+01 -7.714878624e+01 +4.9087e+00 -1.1424e+00 -6.6424e+00 -9.3557e+00 +1.4083e+01
212 0 +6.291023683e+00 -7.780897632e+01 -7.780897632e+01 +4.8777e+00 -1.5311e+00 -6.2606e+00 -9.1356e+00 +1.4327e+01
213 0 +4.267388177e+00 -7.983261182e+01 -7.983261182e+01 +4.8281e+00 -2.6969e+00 -5.1881e+00 -8.5931e+00 +1.5242e+01
215 0 +3.898068831e+00 -8.020193117e+01 -8.020193117e+01 +4.8241e+00 -2.9167e+00 -4.9945e+00 -8.5055e+00 +1.5437e+01
257 0 +3.887854982e+00 -8.021214502e+01 -8.021214502e+01 +4.8288e+00 -2.9100e+00 -5.0075e+00 -8.5169e+00 +1.5443e+01
285 0 +3.776621389e+00 -8.032337861e+01 -8.032337861e+01 +4.8581e+00 -2.9560e+00 -5.0148e+00 -8.5559e+00 +1.5558e+01
290 0 +3.671134394e+00 -8.042886561e+01 -8.042886561e+01 +4.8783e+00 -3.0244e+00 -4.9885e+00 -8.5701e+00 +1.5673e+01
292 0 +3.584999308e+00 -8.051500069e+01 -8.051500069e+01 +4.8963e+00 -3.0482e+00 -4.9967e+00 -8.5940e+00 +1.5736e+01
295 0 +3.494407002e+00 -8.060559300e+01 -8.060559300e+01 +4.9229e+00 -3.1247e+00 -4.9739e+00 -8.6170e+00 +1.5873e+01
297 0 +3.358742714e+00 -8.074125729e+01 -8.074125729e+01 +4.9607e+00 -3.2246e+00 -4.9487e+00 -8.6530e+00 +1.6060e+01
299 0 +3.167850961e+00 -8.093214904e+01 -8.093214904e+01 +5.0028e+00 -3.2891e+00 -4.9604e+00 -8.7089e+00 +1.6222e+01
302 0 +3.024082466e+00 -8.107591753e+01 -8.107591753e+01 +5.0609e+00 -3.4505e+00 -4.9150e+00 -8.7600e+00 +1.6514e+01
303 0 +2.795487057e+00 -8.130451294e+01 -8.130451294e+01 +5.1432e+00 -3.6517e+00 -4.8742e+00 -8.8430e+00 +1.6904e+01
305 0 +2.745050187e+00 -8.135494981e+01 -8.135494981e+01 +5.1492e+00 -3.6290e+00 -4.9029e+00 -8.8613e+00 +1.6894e+01
306 0 +2.457830624e+00 -8.164216938e+01 -8.164216938e+01 +5.2435e+00 -3.8312e+00 -4.8800e+00 -8.9654e+00 +1.7312e+01
308 0 +2.367694106e+00 -8.173230589e+01 -8.173230589e+01 +5.2787e+00 -3.9254e+00 -4.8556e+00 -9.0000e+00 +1.7490e+01
309 0 +1.966683448e+00 -8.213331655e+01 -8.213331655e+01 +5.4119e+00 -4.2164e+00 -4.8187e+00 -9.1471e+00 +1.8089e+01
310 0 +1.889091560e+00 -8.221090844e+01 -8.221090844e+01 +5.4517e+00 -4.3506e+00 -4.7678e+00 -9.1723e+00 +1.8308e+01
311 0 +1.249711860e+00 -8.285028814e+01 -8.285028814e+01 +5.6762e+00 -4.8813e+00 -4.6715e+00 -9.4041e+00 +1.9351e+01
313 0 +1.140157549e+00 -8.295984245e+01 -8.295984245e+01 +5.6971e+00 -4.8753e+00 -4.7096e+00 -9.4453e+00 +1.9395e+01
315 0 +1.017398218e+00 -8.308260178e+01 -8.308260178e+01 +5.8174e+00 -5.1361e+00 -4.6783e+00 -9.5785e+00 +1.9933e+01
331 0 +9.846274793e-01 -8.311537252e+01 -8.311537252e+01 +5.8690e+00 -5.2198e+00 -4.6886e+00 -9.6467e+00 +2.0139e+01
335 0 +9.266203682e-01 -8.317337963e+01 -8.317337963e+01 +5.8724e+00 -5.2045e+00 -4.7070e+00 -9.6571e+00 +2.0130e+01
336 0 +9.108638882e-01 -8.318913611e+01 -8.318913611e+01 +5.9484e+00 -5.3400e+00 -4.7120e+00 -9.7508e+00 +2.0440e+01
341 0 +8.674960274e-01 -8.323250397e+01 -8.323250397e+01 +5.8782e+00 -5.1932e+00 -4.7257e+00 -9.6727e+00 +2.0134e+01
342 0 +7.925449322e-01 -8.330745507e+01 -8.330745507e+01 +5.9085e+00 -5.2217e+00 -4.7494e+00 -9.7198e+00 +2.0235e+01
344 0 +7.393214137e-01 -8.336067859e+01 -8.336067859e+01 +5.8480e+00 -5.0895e+00 -4.7662e+00 -9.6515e+00 +1.9960e+01
345 0 +6.166683810e-01 -8.348333162e+01 -8.348333162e+01 +5.8375e+00 -5.0243e+00 -4.8050e+00 -9.6540e+00 +1.9871e+01
349 0 +5.924285887e-01 -8.350757141e+01 -8.350757141e+01 +5.9910e+00 -5.3007e+00 -4.8127e+00 -9.8444e+00 +2.0504e+01
350 0 +4.374236700e-01 -8.366257633e+01 -8.366257633e+01 +6.0958e+00 -5.4379e+00 -4.8617e+00 -9.9915e+00 +2.0885e+01
352 0 +4.023319976e-01 -8.369766800e+01 -8.369766800e+01 +6.0256e+00 -5.2942e+00 -4.8728e+00 -9.9107e+00 +2.0579e+01
353 0 +2.060981941e-01 -8.389390181e+01 -8.389390181e+01 +6.1053e+00 -5.3693e+00 -4.9348e+00 -1.0032e+01 +2.0840e+01
354 0 +1.700079749e-01 -8.392999203e+01 -8.392999203e+01 +6.0619e+00 -5.2754e+00 -4.9462e+00 -9.9832e+00 +2.0644e+01
355 0 +0.000000000e+00 -8.410000000e+01 -8.410000000e+01 +6.1386e+00 -5.3023e+00 -5.0447e+00 -1.0115e+01 +2.0848e+01
% f evaluations | g evaluations | best noise-free fitness - Fopt (-2.160000000000e+01) + sum g_i+ | measured fitness | best measured fitness or single-digit g-values | x1 | x2...
1 0 +1.078198516e+02 +8.621985161e+01 +8.621985161e+01 +0.0000e+00 +0.0000e+00 +0.0000e+00 +0.0000e+00 +0.0000e+00
2 0 +1.078196016e+02 +8.621960161e+01 +8.621960161e+01 +2.5000e-04 +0.0000e+00 +0.0000e+00 +0.0000e+00 +0.0000e+00
45 0 +1.070256134e+02 +8.542561337e+01 +8.542561337e+01 +1.9437e-02 +8.3413e-03 -3.6872e-02 -4.1081e-02 +4.4202e-02
56 0 +1.044713149e+02 +8.287131485e+01 +8.287131485e+01 +8.1714e-02 +2.9718e-02 -1.5042e-01 -1.7205e-01 +1.8765e-01
61 0 +1.016246643e+02 +8.002466430e+01 +8.002466430e+01 +1.5067e-01 +5.8437e-02 -2.8165e-01 -3.2065e-01 +3.4546e-01
64 0 +9.848561922e+01 +7.688561922e+01 +7.688561922e+01 +2.2578e-01 +8.3639e-02 -4.2066e-01 -4.7955e-01 +5.2302e-01
66 0 +9.740005039e+01 +7.580005039e+01 +7.580005039e+01 +2.5280e-01 +9.6099e-02 -4.7300e-01 -5.3746e-01 +5.8198e-01
67 0 +9.386441815e+01 +7.226441815e+01 +7.226441815e+01 +3.3834e-01 +1.2929e-01 -6.3428e-01 -7.2017e-01 +7.7914e-01
69 0 +9.315239836e+01 +7.155239836e+01 +7.155239836e+01 +3.5495e-01 +1.3438e-01 -6.6386e-01 -7.5653e-01 +8.1979e-01
70 0 +8.868365113e+01 +6.708365113e+01 +6.708365113e+01 +4.6238e-01 +1.7517e-01 -8.6571e-01 -9.8702e-01 +1.0697e+00
72 0 +8.184950030e+01 +6.024950030e+01 +6.024950030e+01 +6.2826e-01 +2.3394e-01 -1.1732e+00 -1.3366e+00 +1.4532e+00
74 0 +7.877472345e+01 +5.717472345e+01 +5.717472345e+01 +7.0312e-01 +2.6671e-01 -1.3164e+00 -1.4986e+00 +1.6226e+00
75 0 +6.891927557e+01 +4.731927557e+01 +4.731927557e+01 +9.4179e-01 +3.5824e-01 -1.7643e+00 -2.0082e+00 +2.1724e+00
77 0 +6.425667348e+01 +4.265667348e+01 +4.265667348e+01 +1.0525e+00 +3.9600e-01 -1.9697e+00 -2.2450e+00 +2.4362e+00
78 0 +4.945280115e+01 +2.785280115e+01 +2.785280115e+01 +1.4096e+00 +5.2935e-01 -2.6375e+00 -3.0074e+00 +3.2647e+00
80 0 +4.651529536e+01 +2.491529536e+01 +2.491529536e+01 +1.4821e+00 +5.5762e-01 -2.7741e+00 -3.1600e+00 +3.4272e+00
81 0 +2.784026572e+01 +6.240265722e+00 +6.240265722e+00 +1.9336e+00 +7.2712e-01 -3.6191e+00 -4.1230e+00 +4.4709e+00
82 0 +2.692745587e+01 +5.327455870e+00 +5.327455870e+00 +1.9549e+00 +7.3956e-01 -3.6632e+00 -4.1720e+00 +4.5208e+00
83 0 +1.332822923e+01 -8.271770771e+00 -8.271770771e+00 +2.6183e+00 +9.9236e-01 -4.9082e+00 -5.5897e+00 +6.0546e+00
85 0 +1.291956846e+01 -8.680431542e+00 -8.680431542e+00 +2.9331e+00 +1.1029e+00 -5.4914e+00 -6.2579e+00 +6.7896e+00
86 0 +1.258602366e+01 -9.013976337e+00 -9.013976337e+00 +3.9288e+00 +1.4753e+00 -7.3549e+00 -8.3828e+00 +9.0981e+00
90 0 +1.229391044e+01 -9.306089556e+00 -9.306089556e+00 +4.8578e+00 +1.8334e+00 -9.0999e+00 -1.0370e+01 +1.1241e+01
187 0 +1.201207790e+01 -9.587922100e+00 -9.587922100e+00 +5.0001e+00 +1.7549e+00 -9.2556e+00 -1.0626e+01 +1.1695e+01
194 0 +1.160816869e+01 -9.991831314e+00 -9.991831314e+00 +4.9911e+00 +1.5227e+00 -9.0426e+00 -1.0517e+01 +1.1874e+01
196 0 +1.139879306e+01 -1.020120694e+01 -1.020120694e+01 +4.9905e+00 +1.4047e+00 -8.9426e+00 -1.0478e+01 +1.1992e+01
199 0 +1.095229181e+01 -1.064770819e+01 -1.064770819e+01 +4.9744e+00 +1.1445e+00 -8.6939e+00 -1.0338e+01 +1.2165e+01
202 0 +1.033829470e+01 -1.126170530e+01 -1.126170530e+01 +4.9771e+00 +8.0075e-01 -8.4056e+00 -1.0221e+01 +1.2498e+01
205 0 +9.628947623e+00 -1.197105238e+01 -1.197105238e+01 +4.9479e+00 +3.8548e-01 -8.0061e+00 -1.0005e+01 +1.2793e+01
207 0 +8.684700502e+00 -1.291529950e+01 -1.291529950e+01 +4.9212e+00 -1.6055e-01 -7.4968e+00 -9.7363e+00 +1.3197e+01
209 0 +8.284906447e+00 -1.331509355e+01 -1.331509355e+01 +4.9306e+00 -3.8007e-01 -7.3262e+00 -9.6832e+00 +1.3444e+01
210 0 +6.951213763e+00 -1.464878624e+01 -1.464878624e+01 +4.9087e+00 -1.1424e+00 -6.6424e+00 -9.3557e+00 +1.4083e+01
212 0 +6.291023683e+00 -1.530897632e+01 -1.530897632e+01 +4.8777e+00 -1.5311e+00 -6.2606e+00 -9.1356e+00 +1.4327e+01
213 0 +4.267388177e+00 -1.733261182e+01 -1.733261182e+01 +4.8281e+00 -2.6969e+00 -5.1881e+00 -8.5931e+00 +1.5242e+01
215 0 +3.898068831e+00 -1.770193117e+01 -1.770193117e+01 +4.8241e+00 -2.9167e+00 -4.9945e+00 -8.5055e+00 +1.5437e+01
257 0 +3.887854982e+00 -1.771214502e+01 -1.771214502e+01 +4.8288e+00 -2.9100e+00 -5.0075e+00 -8.5169e+00 +1.5443e+01
285 0 +3.776621389e+00 -1.782337861e+01 -1.782337861e+01 +4.8581e+00 -2.9560e+00 -5.0148e+00 -8.5559e+00 +1.5558e+01
290 0 +3.671134394e+00 -1.792886561e+01 -1.792886561e+01 +4.8783e+00 -3.0244e+00 -4.9885e+00 -8.5701e+00 +1.5673e+01
292 0 +3.584999308e+00 -1.801500069e+01 -1.801500069e+01 +4.8963e+00 -3.0482e+00 -4.9967e+00 -8.5940e+00 +1.5736e+01
295 0 +3.494407002e+00 -1.810559300e+01 -1.810559300e+01 +4.9229e+00 -3.1247e+00 -4.9739e+00 -8.6170e+00 +1.5873e+01
297 0 +3.358742714e+00 -1.824125729e+01 -1.824125729e+01 +4.9607e+00 -3.2246e+00 -4.9487e+00 -8.6530e+00 +1.6060e+01
299 0 +3.167850961e+00 -1.843214904e+01 -1.843214904e+01 +5.0028e+00 -3.2891e+00 -4.9604e+00 -8.7089e+00 +1.6222e+01
302 0 +3.024082466e+00 -1.857591753e+01 -1.857591753e+01 +5.0609e+00 -3.4505e+00 -4.9150e+00 -8.7600e+00 +1.6514e+01
303 0 +2.795487057e+00 -1.880451294e+01 -1.880451294e+01 +5.1432e+00 -3.6517e+00 -4.8742e+00 -8.8430e+00 +1.6904e+01
305 0 +2.745050187e+00 -1.885494981e+01 -1.885494981e+01 +5.1492e+00 -3.6290e+00 -4.9029e+00 -8.8613e+00 +1.6894e+01
306 0 +2.457830624e+00 -1.914216938e+01 -1.914216938e+01 +5.2435e+00 -3.8312e+00 -4.8800e+00 -8.9654e+00 +1.7312e+01
308 0 +2.367694106e+00 -1.923230589e+01 -1.923230589e+01 +5.2787e+00 -3.9254e+00 -4.8556e+00 -9.0000e+00 +1.7490e+01
309 0 +1.966683448e+00 -1.963331655e+01 -1.963331655e+01 +5.4119e+00 -4.2164e+00 -4.8187e+00 -9.1471e+00 +1.8089e+01
310 0 +1.889091560e+00 -1.971090844e+01 -1.971090844e+01 +5.4517e+00 -4.3506e+00 -4.7678e+00 -9.1723e+00 +1.8308e+01
311 0 +1.249711860e+00 -2.035028814e+01 -2.035028814e+01 +5.6762e+00 -4.8813e+00 -4.6715e+00 -9.4041e+00 +1.9351e+01
313 0 +1.140157549e+00 -2.045984245e+01 -2.045984245e+01 +5.6971e+00 -4.8753e+00 -4.7096e+00 -9.4453e+00 +1.9395e+01
315 0 +1.017398218e+00 -2.058260178e+01 -2.058260178e+01 +5.8174e+00 -5.1361e+00 -4.6783e+00 -9.5785e+00 +1.9933e+01
331 0 +9.846274793e-01 -2.061537252e+01 -2.061537252e+01 +5.8690e+00 -5.2198e+00 -4.6886e+00 -9.6467e+00 +2.0139e+01
335 0 +9.266203682e-01 -2.067337963e+01 -2.067337963e+01 +5.8724e+00 -5.2045e+00 -4.7070e+00 -9.6571e+00 +2.0130e+01
336 0 +9.108638882e-01 -2.068913611e+01 -2.068913611e+01 +5.9484e+00 -5.3400e+00 -4.7120e+00 -9.7508e+00 +2.0440e+01
341 0 +8.674960274e-01 -2.073250397e+01 -2.073250397e+01 +5.8782e+00 -5.1932e+00 -4.7257e+00 -9.6727e+00 +2.0134e+01
342 0 +7.925449322e-01 -2.080745507e+01 -2.080745507e+01 +5.9085e+00 -5.2217e+00 -4.7494e+00 -9.7198e+00 +2.0235e+01
344 0 +7.393214137e-01 -2.086067859e+01 -2.086067859e+01 +5.8480e+00 -5.0895e+00 -4.7662e+00 -9.6515e+00 +1.9960e+01
345 0 +6.166683810e-01 -2.098333162e+01 -2.098333162e+01 +5.8375e+00 -5.0243e+00 -4.8050e+00 -9.6540e+00 +1.9871e+01
349 0 +5.924285887e-01 -2.100757141e+01 -2.100757141e+01 +5.9910e+00 -5.3007e+00 -4.8127e+00 -9.8444e+00 +2.0504e+01
350 0 +4.374236700e-01 -2.116257633e+01 -2.116257633e+01 +6.0958e+00 -5.4379e+00 -4.8617e+00 -9.9915e+00 +2.0885e+01
352 0 +4.023319976e-01 -2.119766800e+01 -2.119766800e+01 +6.0256e+00 -5.2942e+00 -4.8728e+00 -9.9107e+00 +2.0579e+01
353 0 +2.060981941e-01 -2.139390181e+01 -2.139390181e+01 +6.1053e+00 -5.3693e+00 -4.9348e+00 -1.0032e+01 +2.0840e+01
354 0 +1.700079749e-01 -2.142999203e+01 -2.142999203e+01 +6.0619e+00 -5.2754e+00 -4.9462e+00 -9.9832e+00 +2.0644e+01
355 0 +0.000000000e+00 -2.160000000e+01 -2.160000000e+01 +6.1386e+00 -5.3023e+00 -5.0447e+00 -1.0115e+01 +2.0848e+01
% f evaluations | g evaluations | best noise-free fitness - Fopt (9.337000000000e+01) + sum g_i+ | measured fitness | best measured fitness or single-digit g-values | x1 | x2...
1 0 +1.078198516e+02 +2.011898516e+02 +2.011898516e+02 +0.0000e+00 +0.0000e+00 +0.0000e+00 +0.0000e+00 +0.0000e+00
3 0 +1.078194070e+02 +2.011894070e+02 +2.011894070e+02 +0.0000e+00 +2.5000e-04 +0.0000e+00 +0.0000e+00 +0.0000e+00
45 0 +1.070427152e+02 +2.004127152e+02 +2.004127152e+02 -1.2027e-03 +3.4905e-02 -5.5852e-02 -1.8650e-02 +4.3237e-02
56 0 +1.045601396e+02 +1.979301396e+02 +1.979301396e+02 -9.7476e-03 +1.4668e-01 -2.2760e-01 -7.9096e-02 +1.8246e-01
61 0 +1.017696681e+02 +1.951396681e+02 +1.951396681e+02 -1.6196e-02 +2.7282e-01 -4.2954e-01 -1.4517e-01 +3.3742e-01
64 0 +9.873491221e+01 +1.921049122e+02 +1.921049122e+02 -2.6938e-02 +4.0994e-01 -6.3673e-01 -2.1909e-01 +5.0835e-01
66 0 +9.766184980e+01 +1.910318498e+02 +1.910318498e+02 -2.8400e-02 +4.5921e-01 -7.1781e-01 -2.4444e-01 +5.6685e-01
67 0 +9.421270489e+01 +1.875827049e+02 +1.875827049e+02 -3.7727e-02 +6.1548e-01 -9.6291e-01 -3.2711e-01 +7.5904e-01
70 0 +8.916405766e+01 +1.825340577e+02 +1.825340577e+02 -5.4093e-02 +8.4243e-01 -1.3169e+00 -4.4750e-01 +1.0423e+00
71 0 +8.894252235e+01 +1.823125223e+02 +1.823125223e+02 -5.5442e-02 +8.5304e-01 -1.3288e+00 -4.5439e-01 +1.0548e+00
72 0 +8.252894946e+01 +1.758989495e+02 +1.758989495e+02 -7.5065e-02 +1.1431e+00 -1.7784e+00 -6.0900e-01 +1.4135e+00
74 0 +7.950241548e+01 +1.728724155e+02 +1.728724155e+02 -8.1100e-02 +1.2799e+00 -2.0009e+00 -6.8012e-01 +1.5808e+00
75 0 +6.988616712e+01 +1.632561671e+02 +1.632561671e+02 -1.0818e-01 +1.7149e+00 -2.6830e+00 -9.1064e-01 +2.1171e+00
77 0 +6.537066191e+01 +1.587406619e+02 +1.587406619e+02 -1.2461e-01 +1.9181e+00 -2.9923e+00 -1.0195e+00 +2.3718e+00
78 0 +5.094964043e+01 +1.443196404e+02 +1.443196404e+02 -1.6805e-01 +2.5694e+00 -4.0069e+00 -1.3657e+00 +3.1782e+00
80 0 +4.808012610e+01 +1.414501261e+02 +1.414501261e+02 -1.7513e-01 +2.7009e+00 -4.2133e+00 -1.4352e+00 +3.3367e+00
81 0 +3.145323355e+01 +1.248232336e+02 +1.248232336e+02 -2.2901e-01 +3.5242e+00 -5.4973e+00 -1.8724e+00 +4.3530e+00
82 0 +3.076672694e+01 +1.241367269e+02 +1.241367269e+02 -2.2902e-01 +3.5646e+00 -5.5678e+00 -1.8924e+00 +4.4032e+00
83 0 +1.895998851e+01 +1.123299885e+02 +1.123299885e+02 -3.0599e-01 +4.7754e+00 -7.4626e+00 -2.5341e+00 +5.8981e+00
85 0 +1.679098692e+01 +1.101609869e+02 +1.101609869e+02 -3.4853e-01 +5.3484e+00 -8.3420e+00 -2.8413e+00 +6.6100e+00
86 0 +1.124248604e+01 +1.046124860e+02 +1.046124860e+02 -4.6871e-01 +7.1651e+00 -1.1171e+01 -3.8066e+00 +8.8565e+00
88 0 +8.661227260e+00 +1.020312273e+02 +1.020312273e+02 -5.1893e-01 +8.0172e+00 -1.2516e+01 -4.2567e+00 +9.9028e+00
89 0 +4.305635736e+00 +9.767563574e+01 +9.767563574e+01 -6.9436e-01 +1.0741e+01 -1.6770e+01 -5.7021e+00 +1.3265e+01
92 0 +4.044585092e+00 +9.741458509e+01 +9.741458509e+01 -9.5541e-01 +1.4721e+01 -2.2976e+01 -7.8134e+00 +1.8186e+01
94 0 +3.697131496e+00 +9.706713150e+01 +9.706713150e+01 -1.3029e+00 +1.9952e+01 -3.1122e+01 -1.0595e+01 +2.4654e+01
96 0 +3.551067105e+00 +9.692106710e+01 +9.692106710e+01 -1.4489e+00 +2.2347e+01 -3.4884e+01 -1.1862e+01 +2.7604e+01
97 0 +3.060953802e+00 +9.643095380e+01 +9.643095380e+01 -1.9390e+00 +2.9937e+01 -4.6741e+01 -1.5889e+01 +3.6977e+01
99 0 +2.819888951e+00 +9.618988895e+01 +9.618988895e+01 -2.1801e+00 +3.3492e+01 -5.2262e+01 -1.7780e+01 +4.1379e+01
100 0 +2.077015558e+00 +9.544701556e+01 +9.544701556e+01 -2.9230e+00 +4.4868e+01 -7.0008e+01 -2.3819e+01 +5.5437e+01
102 0 +1.932346574e+00 +9.530234657e+01 +9.530234657e+01 -3.0677e+00 +4.7138e+01 -7.3561e+01 -2.5023e+01 +5.8235e+01
103 0 +9.971930716e-01 +9.436719307e+01 +9.436719307e+01 -4.0028e+00 +6.1499e+01 -9.5973e+01 -3.2646e+01 +7.5976e+01
104 0 +9.578932879e-01 +9.432789329e+01 +9.432789329e+01 -4.0421e+00 +6.2222e+01 -9.7115e+01 -3.3026e+01 +7.6862e+01
105 0 +0.000000000e+00 +9.337000000e+01 +9.337000000e+01 -5.4117e+00 +8.3357e+01 -1.3011e+02 -4.4242e+01 +1.0297e+02
% f evaluations | g evaluations | best noise-free fitness - Fopt (-7.820000000000e+01) + sum g_i+ | measured fitness | best measured fitness or single-digit g-values | x1 | x2...
1 0 +1.078198516e+02 +2.961985161e+01 +2.961985161e+01 +0.0000e+00 +0.0000e+00 +0.0000e+00 +0.0000e+00 +0.0000e+00
2 0 +1.078196016e+02 +2.961960161e+01 +2.961960161e+01 +2.5000e-04 +0.0000e+00 +0.0000e+00 +0.0000e+00 +0.0000e+00
44 0 +1.071022168e+02 +2.890221678e+01 +2.890221678e+01 +7.9596e-03 -3.7296e-03 +3.9059e-02 -5.4844e-02 +2.7112e-02
57 0 +1.037340766e+02 +2.553407663e+01 +2.553407663e+01 +4.4852e-02 -1.9751e-02 +2.2054e-01 -3.1165e-01 +1.5558e-01
60 0 +1.016963002e+02 +2.349630015e+01 +2.349630015e+01 +7.0645e-02 -2.7760e-02 +3.3188e-01 -4.7298e-01 +2.2943e-01
63 0 +9.863091366e+01 +2.043091366e+01 +2.043091366e+01 +1.0139e-01 -4.2172e-02 +4.9670e-01 -7.0418e-01 +3.4820e-01
66 0 +9.523164404e+01 +1.703164404e+01 +1.703164404e+01 +1.4172e-01 -5.8109e-02 +6.8188e-01 -9.6643e-01 +4.7522e-01
68 0 +9.076434625e+01 +1.256434625e+01 +1.256434625e+01 +1.9315e-01 -7.7158e-02 +9.2527e-01 -1.3142e+00 +6.4090e-01
70 0 +8.870698172e+01 +1.050698172e+01 +1.050698172e+01 +2.1288e-01 -8.8006e-02 +1.0350e+00 -1.4663e+00 +7.2246e-01
71 0 +8.221232250e+01 +4.012322503e+00 +4.012322503e+00 +2.8400e-01 -1.1813e-01 +1.3866e+00 -1.9630e+00 +9.6897e-01
73 0 +7.918128526e+01 +9.812852639e-01 +9.812852639e-01 +3.2305e-01 -1.3067e-01 +1.5524e+00 -2.2021e+00 +1.0791e+00
74 0 +6.945647107e+01 -8.743528934e+00 -8.743528934e+00 +4.3388e-01 -1.7492e-01 +2.0803e+00 -2.9511e+00 +1.4445e+00
76 0 +6.751244379e+01 -1.068755621e+01 -1.068755621e+01 +4.5224e-01 -1.8355e-01 +2.1854e+00 -3.0982e+00 +1.5195e+00
77 0 +5.523370846e+01 -2.296629154e+01 -2.296629154e+01 +5.8946e-01 -2.3939e-01 +2.8518e+00 -4.0418e+00 +1.9824e+00
78 0 +5.460575687e+01 -2.359424313e+01 -2.359424313e+01 +5.9540e-01 -2.4314e-01 +2.8834e+00 -4.0861e+00 +2.0090e+00
79 0 +3.918091576e+01 -3.901908424e+01 -3.901908424e+01 +7.9653e-01 -3.2613e-01 +3.8625e+00 -5.4720e+00 +2.6931e+00
81 0 +3.439228762e+01 -4.380771238e+01 -4.380771238e+01 +8.9855e-01 -3.6309e-01 +4.3286e+00 -6.1379e+00 +3.0078e+00
82 0 +2.154979328e+01 -5.665020672e+01 -5.665020672e+01 +1.2058e+00 -4.8557e-01 +5.7996e+00 -8.2253e+00 +4.0272e+00
84 0 +1.643789837e+01 -6.176210163e+01 -6.176210163e+01 +1.3398e+00 -5.4575e-01 +6.4871e+00 -9.1915e+00 +4.5143e+00
85 0 +1.079839695e+01 -6.740160305e+01 -6.740160305e+01 +1.7928e+00 -7.3117e-01 +8.6905e+00 -1.2312e+01 +6.0492e+00
87 0 +1.063801143e+01 -6.756198857e+01 -6.756198857e+01 +1.8895e+00 -7.6695e-01 +9.1298e+00 -1.2939e+01 +6.3517e+00
88 0 +9.647557780e+00 -6.855244222e+01 -6.855244222e+01 +2.4658e+00 -9.9984e-01 +1.1911e+01 -1.6882e+01 +8.2864e+00
90 0 +8.135150019e+00 -7.006484998e+01 -7.006484998e+01 +3.3482e+00 -1.3541e+00 +1.6149e+01 -2.2891e+01 +1.1221e+01
92 0 +7.451482449e+00 -7.074851755e+01 -7.074851755e+01 +3.7375e+00 -1.5197e+00 +1.8082e+01 -2.5621e+01 +1.2582e+01
93 0 +5.269457677e+00 -7.293054232e+01 -7.293054232e+01 +5.0033e+00 -2.0368e+00 +2.4224e+01 -3.4319e+01 +1.6859e+01
95 0 +4.848524849e+00 -7.335147515e+01 -7.335147515e+01 +5.6136e+00 -2.2735e+00 +2.7104e+01 -3.8415e+01 +1.8845e+01
96 0 +3.477198510e+00 -7.472280149e+01 -7.472280149e+01 +7.5240e+00 -3.0446e+00 +3.6311e+01 -5.1467e+01 +2.5243e+01
98 0 +3.198143379e+00 -7.500185662e+01 -7.500185662e+01 +7.8950e+00 -3.2016e+00 +3.8148e+01 -5.4060e+01 +2.6526e+01
99 0 +1.462998906e+00 -7.673700109e+01 -7.673700109e+01 +1.0300e+01 -4.1773e+00 +4.9771e+01 -7.0528e+01 +3.4608e+01
100 0 +1.375051608e+00 -7.682494839e+01 -7.682494839e+01 +1.0413e+01 -4.2268e+00 +5.0350e+01 -7.1348e+01 +3.5023e+01
101 0 +0.000000000e+00 -7.820000000e+01 -7.820000000e+01 +1.3946e+01 -5.6631e+00 +6.7451e+01 -9.5576e+01 +4.6924e+01
% f evaluations | g evaluations | best noise-free fitness - Fopt (3.822000000000e+02) + sum g_i+ | measured fitness | best measured fitness or single-digit g-values | x1 | x2...
1 0 +1.078198516e+02 +4.900198516e+02 +4.900198516e+02 +0.0000e+00 +0.0000e+00 +0.0000e+00 +0.0000e+00 +0.0000e+00
4 0 +1.078190610e+02 +4.900190610e+02 +4.900190610e+02 +0.0000e+00 +0.0000e+00 +2.5000e-04 +0.0000e+00 +0.0000e+00
43 0 +1.071305295e+02 +4.893305295e+02 +4.893305295e+02 +1.3490e-02 +5.2193e-03 +2.6431e-02 +1.4484e-02 -5.4706e-02
56 0 +1.039047773e+02 +4.861047773e+02 +4.861047773e+02 +7.5902e-02 +3.1689e-02 +1.4814e-01 +8.3181e-02 -3.1111e-01
59 0 +1.019254991e+02 +4.841254991e+02 +4.841254991e+02 +1.1191e-01 +4.6715e-02 +2.2479e-01 +1.2234e-01 -4.6905e-01
62 0 +9.900161868e+01 +4.812016187e+02 +4.812016187e+02 +1.6862e-01 +7.1691e-02 +3.3484e-01 +1.8634e-01 -7.0077e-01
65 0 +9.573114252e+01 +4.779311425e+02 +4.779311425e+02 +2.3163e-01 +9.8253e-02 +4.5968e-01 +2.5302e-01 -9.6186e-01
67 0 +9.141695906e+01 +4.736169591e+02 +4.736169591e+02 +3.1195e-01 +1.3187e-01 +6.2594e-01 +3.4158e-01 -1.3049e+00
69 0 +8.946901290e+01 +4.716690129e+02 +4.716690129e+02 +3.5129e-01 +1.4915e-01 +6.9795e-01 +3.8537e-01 -1.4593e+00
70 0 +8.324076982e+01 +4.654407698e+02 +4.654407698e+02 +4.7099e-01 +2.0037e-01 +9.3452e-01 +5.1689e-01 -1.9544e+00
72 0 +8.030125462e+01 +4.625012546e+02 +4.625012546e+02 +5.2540e-01 +2.2318e-01 +1.0480e+00 +5.7462e-01 -2.1896e+00
73 0 +7.095107259e+01 +4.531510726e+02 +4.531510726e+02 +7.0379e-01 +2.9892e-01 +1.4046e+00 +7.6876e-01 -2.9339e+00
75 0 +6.909299910e+01 +4.512929991e+02 +4.512929991e+02 +7.3912e-01 +3.1459e-01 +1.4755e+00 +8.0955e-01 -3.0807e+00
76 0 +5.729602460e+01 +4.394960246e+02 +4.394960246e+02 +9.6431e-01 +4.1070e-01 +1.9254e+00 +1.0560e+00 -4.0192e+00
78 0 +4.381884665e+01 +4.260188466e+02 +4.260188466e+02 +1.3093e+00 +5.5898e-01 +2.6043e+00 +1.4349e+00 -5.4455e+00
80 0 +4.214545567e+01 +4.243454557e+02 +4.243454557e+02 +1.4637e+00 +6.2343e-01 +2.9223e+00 +1.6015e+00 -6.1029e+00
81 0 +3.682556304e+01 +4.190255630e+02 +4.190255630e+02 +1.9601e+00 +8.3496e-01 +3.9161e+00 +2.1438e+00 -8.1771e+00
83 0 +3.431927579e+01 +4.165192758e+02 +4.165192758e+02 +2.1958e+00 +9.3661e-01 +4.3771e+00 +2.4043e+00 -9.1433e+00
84 0 +2.906371820e+01 +4.112637182e+02 +4.112637182e+02 +2.9418e+00 +1.2555e+00 +5.8633e+00 +3.2221e+00 -1.2248e+01
86 0 +2.842510589e+01 +4.106251059e+02 +4.106251059e+02 +3.0897e+00 +1.3189e+00 +6.1601e+00 +3.3820e+00 -1.2870e+01
87 0 +2.428967429e+01 +4.064896743e+02 +4.064896743e+02 +4.0305e+00 +1.7213e+00 +8.0369e+00 +4.4120e+00 -1.6792e+01
89 0 +2.349338796e+01 +4.056933880e+02 +4.056933880e+02 +5.4607e+00 +2.3288e+00 +1.0901e+01 +5.9726e+00 -2.2763e+01
90 0 +2.275745911e+01 +4.049574591e+02 +4.049574591e+02 +5.0407e+00 +2.1511e+00 +1.0058e+01 +5.5176e+00 -2.1008e+01
102 0 +2.202218201e+01 +4.042221820e+02 +4.042221820e+02 +4.6220e+00 +1.9731e+00 +9.2193e+00 +5.0589e+00 -1.9259e+01
297 0 +2.187557775e+01 +4.040755777e+02 +4.040755777e+02 +4.4416e+00 +1.9922e+00 +8.5008e+00 +5.0057e+00 -1.7918e+01
512 0 +2.135572294e+01 +4.035557229e+02 +4.035557229e+02 +3.8146e+00 +2.0524e+00 +5.3347e+00 +5.0303e+00 -1.1374e+01
521 0 +2.088278396e+01 +4.030827840e+02 +4.030827840e+02 +4.0209e+00 +1.6704e+00 +6.0382e+00 +5.0142e+00 -1.1063e+01
526 0 +2.021805861e+01 +4.024180586e+02 +4.024180586e+02 +4.3348e+00 +1.0874e+00 +7.1078e+00 +4.9897e+00 -1.0579e+01
529 0 +1.964362763e+01 +4.018436276e+02 +4.018436276e+02 +4.6460e+00 +5.1266e-01 +8.1704e+00 +4.9654e+00 -1.0120e+01
532 0 +1.900448390e+01 +4.012044839e+02 +4.012044839e+02 +4.9896e+00 -1.2505e-01 +9.3416e+00 +4.9385e+00 -9.5929e+00
534 0 +1.816495048e+01 +4.003649505e+02 +4.003649505e+02 +5.4402e+00 -9.6206e-01 +1.0876e+01 +4.9032e+00 -8.8960e+00
536 0 +1.777982982e+01 +3.999798298e+02 +3.999798298e+02 +5.6498e+00 -1.3481e+00 +1.1593e+01 +4.8869e+00 -8.5943e+00
537 0 +1.656071543e+01 +3.987607154e+02 +3.987607154e+02 +6.3073e+00 -2.5658e+00 +1.3836e+01 +4.8355e+00 -7.6020e+00
539 0 +1.599047869e+01 +3.981904787e+02 +3.981904787e+02 +6.6119e+00 -3.1334e+00 +1.4872e+01 +4.8116e+00 -7.1197e+00
540 0 +1.416390422e+01 +3.963639042e+02 +3.963639042e+02 +7.5949e+00 -4.9564e+00 +1.8223e+01 +4.7348e+00 -5.6197e+00
590 0 +1.412382308e+01 +3.963238231e+02 +3.963238231e+02 +7.6170e+00 -4.9968e+00 +1.8299e+01 +4.7331e+00 -5.5905e+00
% f evaluations | g evaluations | best noise-free fitness - Fopt (4.034800000000e+02) + sum g_i+ | measured fitness | best measured fitness or single-digit g-values | x1 | x2...
1 0 +1.078198516e+02 +5.112998516e+02 +5.112998516e+02 +0.0000e+00 +0.0000e+00 +0.0000e+00 +0.0000e+00 +0.0000e+00
6 0 +1.078173516e+02 +5.112973516e+02 +5.112973516e+02 +0.0000e+00 +0.0000e+00 +0.0000e+00 +0.0000e+00 +2.5000e-04
44 0 +1.071285412e+02 +5.106085412e+02 +5.106085412e+02 +8.4181e-03 -3.4484e-02 -5.3964e-03 -2.8488e-02 +4.6114e-02
57 0 +1.045640906e+02 +5.080440906e+02 +5.080440906e+02 +3.7530e-02 -1.6592e-01 -2.3360e-02 -1.3545e-01 +2.1627e-01
61 0 +1.018313350e+02 +5.053113350e+02 +5.053113350e+02 +6.8243e-02 -3.0495e-01 -4.2038e-02 -2.5023e-01 +3.9744e-01
63 0 +9.969536175e+01 +5.031753618e+02 +5.031753618e+02 +8.9663e-02 -4.1530e-01 -5.6805e-02 -3.3888e-01 +5.3903e-01
66 0 +9.565310487e+01 +4.991331049e+02 +4.991331049e+02 +1.4103e-01 -6.2092e-01 -8.5618e-02 -5.0699e-01 +8.0819e-01
68 0 +9.418816021e+01 +4.976681602e+02 +4.976681602e+02 +1.5390e-01 -6.9616e-01 -9.5325e-02 -5.6921e-01 +9.0453e-01
69 0 +8.955206078e+01 +4.930320608e+02 +4.930320608e+02 +2.0527e-01 -9.3293e-01 -1.2733e-01 -7.6316e-01 +1.2120e+00
71 0 +8.864076716e+01 +4.921207672e+02 +4.921207672e+02 +2.1752e-01 -9.8076e-01 -1.3363e-01 -8.0007e-01 +1.2731e+00
72 0 +8.279749636e+01 +4.862774964e+02 +4.862774964e+02 +2.8379e-01 -1.2800e+00 -1.7381e-01 -1.0438e+00 +1.6611e+00
74 0 +7.392267117e+01 +4.774026712e+02 +4.774026712e+02 +3.9091e-01 -1.7328e+00 -2.3697e-01 -1.4143e+00 +2.2504e+00
76 0 +6.982523042e+01 +4.733052304e+02 +4.733052304e+02 +4.3015e-01 -1.9431e+00 -2.6437e-01 -1.5861e+00 +2.5214e+00
77 0 +5.691129319e+01 +4.603912932e+02 +4.603912932e+02 +5.7471e-01 -2.6041e+00 -3.5374e-01 -2.1256e+00 +3.3780e+00
79 0 +5.089785285e+01 +4.543778529e+02 +4.543778529e+02 +6.5015e-01 -2.9114e+00 -3.9585e-01 -2.3750e+00 +3.7787e+00
80 0 +3.219200362e+01 +4.356720036e+02 +4.356720036e+02 +8.7259e-01 -3.9006e+00 -5.3010e-01 -3.1809e+00 +5.0621e+00
82 0 +3.087780556e+01 +4.343578056e+02 +4.343578056e+02 +9.1491e-01 -4.0986e+00 -5.5706e-01 -3.3444e+00 +5.3179e+00
83 0 +2.328693643e+01 +4.267669364e+02 +4.267669364e+02 +1.1942e+00 -5.3483e+00 -7.2651e-01 -4.3636e+00 +6.9379e+00
85 0 +1.931122956e+01 +4.227912296e+02 +4.227912296e+02 +1.6070e+00 -7.2505e+00 -9.8258e-01 -5.9164e+00 +9.4057e+00
88 0 +1.857558862e+01 +4.220555886e+02 +4.220555886e+02 +2.4329e+00 -1.0874e+01 -1.4764e+00 -8.8701e+00 +1.4109e+01
91 0 +1.744756012e+01 +4.209275601e+02 +4.209275601e+02 +3.6277e+00 -1.6306e+01 -2.2109e+00 -1.3303e+01 +2.1149e+01
93 0 +1.728436011e+01 +4.207643601e+02 +4.207643601e+02 +3.8146e+00 -1.7128e+01 -2.3216e+00 -1.3973e+01 +2.2218e+01
94 0 +1.621281008e+01 +4.196928101e+02 +4.196928101e+02 +4.9771e+00 -2.2346e+01 -3.0281e+00 -1.8230e+01 +2.8988e+01
96 0 +1.458621960e+01 +4.180662196e+02 +4.180662196e+02 +6.7640e+00 -3.0286e+01 -4.1075e+00 -2.4702e+01 +3.9286e+01
98 0 +1.382486974e+01 +4.173048697e+02 +4.173048697e+02 +7.5527e+00 -3.3925e+01 -4.5977e+00 -2.7675e+01 +4.4002e+01
100 0 +1.330103000e+01 +4.167810300e+02 +4.167810300e+02 +8.3010e+00 -3.7221e+01 -5.0459e+00 -3.0364e+01 +4.8280e+01
