% f evaluations | g evaluations | best noise-free fitness - Fopt (-2.098800000000e+02) + sum g_i+ | measured fitness | best measured fitness or single-digit g-values | x1 | x2...
1 0 +2.076966042e+05 +2.074867242e+05 +2.074867242e+05 +0.0000e+00 +0.0000e+00
3 0 +2.076949749e+05 +2.074850949e+05 +2.074850949e+05 +1.0000e+00 +0.0000e+00
6 0 +1.360536044e+05 +1.358437244e+05 +1.358437244e+05 +1.0000e+00 +9.0414e-02
7 0 +3.711399380e+04 +3.690411380e+04 +3.690411380e+04 +1.0000e+00 +2.6185e-01
8 0 +1.834484744e+04 +1.813496744e+04 +1.813496744e+04 +1.0000e+00 +3.1850e-01
10 0 +8.948015955e+03 +8.738135955e+03 +8.738135955e+03 +1.0000e+00 +3.4901e-01
11 0 +4.165100708e+03 +3.955220708e+03 +3.955220708e+03 +1.0000e+00 +3.7737e-01
12 0 +2.921050457e+03 +2.711170457e+03 +2.711170457e+03 +1.0000e+00 +3.9379e-01
13 0 +1.928985396e+03 +1.719105396e+03 +1.719105396e+03 +1.0000e+00 +4.0703e-01
14 0 +1.089379623e+03 +8.794996226e+02 +8.794996226e+02 +1.0000e+00 +4.1630e-01
16 0 +7.203070319e+02 +5.104270319e+02 +5.104270319e+02 +1.0000e+00 +4.2128e-01
17 0 +4.648634896e+02 +2.549834896e+02 +2.549834896e+02 +1.0000e+00 +4.2627e-01
18 0 +3.200083902e+02 +1.101283902e+02 +1.101283902e+02 +1.0000e+00 +4.3034e-01
19 0 +2.560524418e+02 +4.617244178e+01 +4.617244178e+01 +1.0000e+00 +4.3235e-01
20 0 +2.277349923e+02 +1.785499226e+01 +1.785499226e+01 +1.0000e+00 +4.3324e-01
22 0 +1.800199104e+02 -2.986008956e+01 -2.986008956e+01 +1.0022e+00 +4.3474e-01
% f evaluations | g evaluations | best noise-free fitness - Fopt (-9.209000000000e+01) + sum g_i+ | measured fitness | best measured fitness or single-digit g-values | x1 | x2...
1 0 +6.430618442e+06 +6.430526352e+06 +6.430526352e+06 +0.0000e+00 +0.0000e+00
3 0 +6.430618080e+06 +6.430525990e+06 +6.430525990e+06 +1.0000e+00 +0.0000e+00
4 0 +3.034572661e+06 +3.034480571e+06 +3.034480571e+06 +0.0000e+00 +1.0000e+00
5 0 +4.436009131e+05 +4.435088231e+05 +4.435088231e+05 +9.5389e-08 +1.8935e+00
6 0 +3.067399236e+05 +3.066478336e+05 +3.066478336e+05 +1.1147e-07 +2.0338e+00
7 0 +2.944686610e+05 +2.943765710e+05 +2.943765710e+05 -7.0179e-02 +2.0503e+00
8 0 +2.247279072e+05 +2.246358172e+05 +2.246358172e+05 -6.4539e-02 +2.1502e+00
9 0 +8.354037373e+04 +8.344828373e+04 +8.344828373e+04 +2.7653e-02 +2.3342e+00
10 0 +3.771441862e+04 +3.762232862e+04 +3.762232862e+04 +1.3921e-02 +2.4336e+00
11 0 +2.466464243e+04 +2.457255243e+04 +2.457255243e+04 -5.3627e-03 +2.4738e+00
12 0 +1.531986646e+04 +1.522777646e+04 +1.522777646e+04 +1.7085e-02 +2.5010e+00
13 0 +6.103949238e+03 +6.011859238e+03 +6.011859238e+03 +1.8587e-02 +2.5363e+00
14 0 +3.758735037e+03 +3.666645037e+03 +3.666645037e+03 +1.6591e-02 +2.5555e+00
15 0 +3.466860785e+03 +3.374770785e+03 +3.374770785e+03 +2.5119e-02 +2.5593e+00
16 0 +1.370711801e+03 +1.278621801e+03 +1.278621801e+03 +2.0783e-02 +2.5867e+00
17 0 +7.712380459e+02 +6.791480459e+02 +6.791480459e+02 +2.7876e-02 +2.5941e+00
18 0 +4.157195181e+02 +3.236295181e+02 +3.236295181e+02 +2.6846e-02 +2.6011e+00
19 0 +3.422250974e+02 +2.501350974e+02 +2.501350974e+02 +2.5242e-02 +2.6033e+00
20 0 +2.656821337e+02 +1.735921337e+02 +1.735921337e+02 +2.6411e-02 +2.6057e+00
21 0 +1.811826826e+02 +8.909268256e+01 +8.909268256e+01 +2.6242e-02 +2.6083e+00
22 0 +1.026486702e+02 +1.055867017e+01 +1.055867017e+01 +2.6004e-02 +2.6110e+00
23 0 +9.472921177e+01 +2.639211770e+00 +2.639211770e+00 +2.5957e-02 +2.6114e+00
25 0 +9.215639165e+01 +6.639164791e-02 +6.639164791e-02 +2.6003e-02 +2.6115e+00
% f evaluations | g evaluations | best noise-free fitness - Fopt (-8.789000000000e+01) + sum g_i+ | measured fitness | best measured fitness or single-digit g-values | x1 | x2...
1 0 +1.325850294e+07 +1.325841505e+07 +1.325841505e+07 +0.0000e+00 +0.0000e+00
4 0 +6.549462161e+06 +6.549374271e+06 +6.549374271e+06 +0.0000e+00 +1.0000e+00
5 0 +3.170920505e+06 +3.170832615e+06 +3.170832615e+06 -6.6377e-08 +1.9762e+00
6 0 +1.142867618e+06 +1.142779728e+06 +1.142779728e+06 -1.2189e-07 +2.5974e+00
7 0 +5.535940000e+05 +5.535061100e+05 +5.535061100e+05 -1.4585e-07 +2.8424e+00
8 0 +5.013348692e+05 +5.012469792e+05 +5.012469792e+05 -8.0756e-02 +2.8755e+00
9 0 +2.905084807e+05 +2.904205907e+05 +2.904205907e+05 -5.1977e-02 +3.0798e+00
10 0 +1.069339912e+05 +1.068461012e+05 +1.068461012e+05 -1.0094e-01 +3.3250e+00
11 0 +4.508325747e+04 +4.499536747e+04 +4.499536747e+04 -1.3851e-01 +3.4359e+00
12 0 +2.895397245e+04 +2.886608245e+04 +2.886608245e+04 -1.5907e-01 +3.4849e+00
13 0 +1.799578106e+04 +1.790789106e+04 +1.790789106e+04 -1.7441e-01 +3.5171e+00
14 0 +1.566362552e+04 +1.557573552e+04 +1.557573552e+04 -1.6523e-01 +3.5240e+00
15 0 +1.018730467e+04 +1.009941467e+04 +1.009941467e+04 -1.6524e-01 +3.5418e+00
16 0 +4.419235897e+03 +4.331345897e+03 +4.331345897e+03 -1.6791e-01 +3.5725e+00
17 0 +3.379123863e+03 +3.291233863e+03 +3.291233863e+03 -1.7519e-01 +3.5845e+00
18 0 +2.879850470e+03 +2.791960470e+03 +2.791960470e+03 -1.6769e-01 +3.5920e+00
19 0 +3.683147545e+02 +2.804247545e+02 +2.804247545e+02 -1.7322e-01 +3.6265e+00
20 0 +2.551284590e+02 +1.672384590e+02 +1.672384590e+02 -1.7433e-01 +3.6300e+00
21 0 +2.334144170e+02 +1.455244170e+02 +1.455244170e+02 -1.7321e-01 +3.6307e+00
22 0 +1.750320214e+02 +8.714202138e+01 +8.714202138e+01 -1.7322e-01 +3.6325e+00
23 0 +9.803783316e+01 +1.014783316e+01 +1.014783316e+01 -1.7328e-01 +3.6352e+00
24 0 +9.058825126e+01 +2.698251259e+00 +2.698251259e+00 -1.7333e-01 +3.6355e+00
26 0 +8.794703324e+01 +5.703324435e-02 +5.703324435e-02 -1.7328e-01 +3.6357e+00
% f evaluations | g evaluations | best noise-free fitness - Fopt (3.201900000000e+02) + sum g_i+ | measured fitness | best measured fitness or single-digit g-values | x1 | x2...
1 0 +6.283126796e+06 +6.283446986e+06 +6.283446986e+06 +0.0000e+00 +0.0000e+00
5 0 +1.985407295e+06 +1.985727485e+06 +1.985727485e+06 -4.2347e-07 -1.0000e+00
6 0 +7.001471615e+05 +7.004673515e+05 +7.004673515e+05 +4.6880e-03 -1.4573e+00
7 0 +5.028428422e+05 +5.031630322e+05 +5.031630322e+05 +1.8648e-02 -1.6288e+00
8 0 +4.891227469e+05 +4.894429369e+05 +4.894429369e+05 -1.0423e-01 -1.6791e+00
9 0 +4.055043045e+05 +4.058244945e+05 +4.058244945e+05 -7.4633e-02 -1.7746e+00
10 0 +1.056385733e+05 +1.059587633e+05 +1.059587633e+05 +9.0130e-02 -2.0443e+00
11 0 +4.597364490e+04 +4.629383490e+04 +4.629383490e+04 +1.1250e-01 -2.1474e+00
12 0 +2.625762280e+04 +2.657781280e+04 +2.657781280e+04 +1.1500e-01 -2.1965e+00
13 0 +2.408816109e+04 +2.440835109e+04 +2.440835109e+04 +1.3484e-01 -2.2019e+00
14 0 +1.670148695e+04 +1.702167695e+04 +1.702167695e+04 +1.3487e-01 -2.2265e+00
15 0 +1.070275947e+04 +1.102294947e+04 +1.102294947e+04 +1.2247e-01 -2.2640e+00
16 0 +3.712684742e+03 +4.032874742e+03 +4.032874742e+03 +1.4741e-01 -2.2971e+00
17 0 +2.527702036e+03 +2.847892036e+03 +2.847892036e+03 +1.4529e-01 -2.3141e+00
18 0 +1.358747608e+03 +1.678937608e+03 +1.678937608e+03 +1.5877e-01 -2.3216e+00
19 0 +5.642204393e+02 +8.844104393e+02 +8.844104393e+02 +1.6859e-01 -2.3380e+00
20 0 +1.128504439e+02 +4.330404439e+02 +4.330404439e+02 +1.7050e-01 -2.3502e+00
21 0 +2.296414548e+01 +3.431541455e+02 +3.431541455e+02 +1.7020e-01 -2.3564e+00
22 0 +6.796679223e-01 +3.208696679e+02 +3.208696679e+02 +1.6915e-01 -2.3613e+00
28 0 +4.650867937e-01 +3.206550868e+02 +3.206550868e+02 +1.6915e-01 -2.3610e+00
31 0 +4.300567341e-01 +3.206200567e+02 +3.206200567e+02 +1.6915e-01 -2.3608e+00
% f evaluations | g evaluations | best noise-free fitness - Fopt (-1.042400000000e+02) + sum g_i+ | measured fitness | best measured fitness or single-digit g-values | x1 | x2...
1 0 +1.523048660e+07 +1.523038236e+07 +1.523038236e+07 +0.0000e+00 +0.0000e+00
5 0 +8.408274716e+06 +8.408170476e+06 +8.408170476e+06 -3.1366e-08 -1.0000e+00
6 0 +2.993952547e+06 +2.993848307e+06 +2.993848307e+06 +1.1877e-01 -2.0845e+00
7 0 +2.016405176e+06 +2.016300936e+06 +2.016300936e+06 +2.3489e-01 -2.5023e+00
8 0 +1.809804154e+06 +1.809699914e+06 +1.809699914e+06 -2.3120e-02 -2.6938e+00
9 0 +7.530834159e+05 +7.529791759e+05 +7.529791759e+05 +8.7108e-02 -2.9956e+00
10 0 +4.532675360e+05 +4.531632960e+05 +4.531632960e+05 +4.0048e-02 -3.2960e+00
11 0 +1.670478651e+05 +1.669436251e+05 +1.669436251e+05 +1.0301e-01 -3.4867e+00
12 0 +1.303693321e+05 +1.302650921e+05 +1.302650921e+05 +1.3783e-01 -3.5498e+00
13 0 +1.160283995e+05 +1.159241595e+05 +1.159241595e+05 +9.8207e-02 -3.5838e+00
14 0 +1.508517374e+04 +1.498093374e+04 +1.498093374e+04 +1.3558e-01 -3.7960e+00
15 0 +9.371869492e+03 +9.267629492e+03 +9.267629492e+03 +1.3833e-01 -3.8278e+00
17 0 +5.187584276e+03 +5.083344276e+03 +5.083344276e+03 +1.3744e-01 -3.8427e+00
18 0 +3.527976277e+03 +3.423736277e+03 +3.423736277e+03 +1.3056e-01 -3.8642e+00
19 0 +1.061143840e+03 +9.569038401e+02 +9.569038401e+02 +1.3150e-01 -3.8843e+00
20 0 +8.932955947e+02 +7.890555947e+02 +7.890555947e+02 +1.3242e-01 -3.8901e+00
21 0 +8.782267818e+02 +7.739867818e+02 +7.739867818e+02 +1.2922e-01 -3.8910e+00
22 0 +8.031350650e+02 +6.988950650e+02 +6.988950650e+02 +1.2951e-01 -3.8935e+00
23 0 +2.558365003e+02 +1.515965003e+02 +1.515965003e+02 +1.3026e-01 -3.9035e+00
24 0 +2.087339346e+02 +1.044939346e+02 +1.044939346e+02 +1.3151e-01 -3.9057e+00
25 0 +1.590580501e+02 +5.481805006e+01 +5.481805006e+01 +1.3241e-01 -3.9075e+00
26 0 +1.298121727e+02 +2.557217271e+01 +2.557217271e+01 +1.3288e-01 -3.9086e+00
27 0 +1.173584235e+02 +1.311842349e+01 +1.311842349e+01 +1.3310e-01 -3.9092e+00
28 0 +1.086062770e+02 +4.366276976e+00 +4.366276976e+00 +1.3124e-01 -3.9096e+00
29 0 +8.399226474e+01 -2.024773526e+01 -2.024773526e+01 +1.3158e-01 -3.9110e+00
% f evaluations | g evaluations | best noise-free fitness - Fopt (1.212800000000e+02) + sum g_i+ | measured fitness | best measured fitness or single-digit g-values | x1 | x2...
1 0 +7.108768781e+06 +7.108890061e+06 +7.108890061e+06 +0.0000e+00 +0.0000e+00
5 0 +2.111631881e+06 +2.111753161e+06 +2.111753161e+06 -6.8254e-07 -1.0000e+00
6 0 +1.453622664e+06 +1.453743944e+06 +1.453743944e+06 -5.1067e-03 -1.4276e+00
7 0 +8.692626588e+05 +8.693839388e+05 +8.693839388e+05 -3.5622e-01 -1.5778e+00
8 0 +4.706367820e+05 +4.707580620e+05 +4.707580620e+05 -5.6708e-01 -1.8962e+00
9 0 +1.279055934e+05 +1.280268734e+05 +1.280268734e+05 -6.5321e-01 -2.1767e+00
10 0 +8.395280571e+04 +8.407408571e+04 +8.407408571e+04 -6.6745e-01 -2.2576e+00
11 0 +5.228955879e+04 +5.241083879e+04 +5.241083879e+04 -6.7244e-01 -2.3118e+00
13 0 +1.772327161e+04 +1.784455161e+04 +1.784455161e+04 -6.7413e-01 -2.4017e+00
14 0 +1.171003272e+04 +1.183131272e+04 +1.183131272e+04 -6.7911e-01 -2.4401e+00
15 0 +4.632724584e+03 +4.754004584e+03 +4.754004584e+03 -6.5081e-01 -2.4666e+00
16 0 +3.916887653e+03 +4.038167653e+03 +4.038167653e+03 -6.3530e-01 -2.4729e+00
17 0 +3.030469022e+03 +3.151749022e+03 +3.151749022e+03 -6.3881e-01 -2.4909e+00
18 0 +2.133418094e+02 +3.346218094e+02 +3.346218094e+02 -6.2310e-01 -2.5263e+00
19 0 +9.794316003e+01 +2.192231600e+02 +2.192231600e+02 -6.2167e-01 -2.5310e+00
21 0 +8.987606670e+01 +2.111560667e+02 +2.111560667e+02 -6.2164e-01 -2.5315e+00
22 0 +8.187250326e+01 +2.031525033e+02 +2.031525033e+02 -6.2164e-01 -2.5320e+00
23 0 +4.393655780e+01 +1.652165578e+02 +1.652165578e+02 -6.2167e-01 -2.5340e+00
24 0 +1.642571087e+00 +1.229225711e+02 +1.229225711e+02 -6.2157e-01 -2.5420e+00
29 0 +8.998035702e-01 +1.221798036e+02 +1.221798036e+02 -6.2156e-01 -2.5400e+00
32 0 +3.038338908e-01 +1.215838339e+02 +1.215838339e+02 -6.2168e-01 -2.5410e+00
36 0 +2.798970916e-01 +1.215598971e+02 +1.215598971e+02 -6.2169e-01 -2.5409e+00
38 0 +2.741367443e-01 +1.215541367e+02 +1.215541367e+02 -6.2178e-01 -2.5408e+00
% f evaluations | g evaluations | best noise-free fitness - Fopt (1.161000000000e+01) + sum g_i+ | measured fitness | best measured fitness or single-digit g-values | x1 | x2...
1 0 +2.792490387e+06 +2.792501997e+06 +2.792501997e+06 +0.0000e+00 +0.0000e+00
3 0 +2.792482944e+06 +2.792494554e+06 +2.792494554e+06 +1.0000e+00 +0.0000e+00
4 0 +2.723347948e+05 +2.723464048e+05 +2.723464048e+05 +0.0000e+00 +1.0000e+00
5 0 +1.956062639e+05 +1.956178739e+05 +1.956178739e+05 +3.1919e-07 +1.1081e+00
6 0 +1.666795120e+05 +1.666911220e+05 +1.666911220e+05 -9.3658e-02 +1.1448e+00
7 0 +8.879792240e+04 +8.880953240e+04 +8.880953240e+04 -9.7930e-02 +1.2447e+00
8 0 +3.281547484e+04 +3.282708484e+04 +3.282708484e+04 -1.1520e-01 +1.3674e+00
9 0 +1.830726714e+04 +1.831887714e+04 +1.831887714e+04 -1.0392e-01 +1.4107e+00
10 0 +1.119622492e+04 +1.120783492e+04 +1.120783492e+04 -1.2453e-01 +1.4327e+00
11 0 +4.916767290e+03 +4.928377290e+03 +4.928377290e+03 -1.2363e-01 +1.4628e+00
12 0 +3.549236485e+03 +3.560846485e+03 +3.560846485e+03 -1.1797e-01 +1.4768e+00
13 0 +2.957636920e+03 +2.969246920e+03 +2.969246920e+03 -1.2779e-01 +1.4855e+00
14 0 +6.386953924e+02 +6.503053924e+02 +6.503053924e+02 -1.2139e-01 +1.5150e+00
15 0 +3.054151854e+02 +3.170251854e+02 +3.170251854e+02 -1.2052e-01 +1.5233e+00
16 0 +1.622495984e+02 +1.738595984e+02 +1.738595984e+02 -1.2041e-01 +1.5279e+00
17 0 +1.597011499e+02 +1.713111499e+02 +1.713111499e+02 -1.1966e-01 +1.5279e+00
18 0 +1.315292306e+02 +1.431392306e+02 +1.431392306e+02 -1.1967e-01 +1.5289e+00
19 0 +6.138590378e+01 +7.299590378e+01 +7.299590378e+01 -1.2028e-01 +1.5329e+00
20 0 +5.542435472e+01 +6.703435472e+01 +6.703435472e+01 -1.1900e-01 +1.5336e+00
21 0 +3.702237872e+01 +4.863237872e+01 +4.863237872e+01 -1.1987e-01 +1.5359e+00
22 0 +1.670761066e+01 +2.831761066e+01 +2.831761066e+01 -1.1986e-01 +1.5399e+00
% f evaluations | g evaluations | best noise-free fitness - Fopt (3.356700000000e+02) + sum g_i+ | measured fitness | best measured fitness or single-digit g-values | x1 | x2...
1 0 +1.546149204e+07 +1.546182771e+07 +1.546182771e+07 +0.0000e+00 +0.0000e+00
4 0 +8.081578516e+06 +8.081914186e+06 +8.081914186e+06 +0.0000e+00 +1.0000e+00
5 0 +3.863974460e+06 +3.864310130e+06 +3.864310130e+06 -1.0037e-06 +2.0000e+00
6 0 +1.842404951e+06 +1.842740621e+06 +1.842740621e+06 -1.8549e-06 +2.6664e+00
7 0 +7.313827396e+05 +7.317184096e+05 +7.317184096e+05 -2.3782e-06 +3.0272e+00
8 0 +6.121019332e+05 +6.124376032e+05 +6.124376032e+05 -1.0218e-01 +3.0854e+00
9 0 +3.534860575e+05 +3.538217275e+05 +3.538217275e+05 -6.5645e-02 +3.2773e+00
10 0 +1.782935984e+05 +1.786292684e+05 +1.786292684e+05 -1.2544e-01 +3.5119e+00
11 0 +7.780477135e+04 +7.814044135e+04 +7.814044135e+04 -2.0656e-01 +3.6434e+00
12 0 +5.009288254e+04 +5.042855254e+04 +5.042855254e+04 -2.5310e-01 +3.6986e+00
13 0 +3.816669362e+04 +3.850236362e+04 +3.850236362e+04 -2.8755e-01 +3.7322e+00
14 0 +3.029361225e+04 +3.062928225e+04 +3.062928225e+04 -2.7138e-01 +3.7568e+00
15 0 +2.041067031e+04 +2.074634031e+04 +2.074634031e+04 -2.7321e-01 +3.7862e+00
16 0 +4.488179524e+03 +4.823849524e+03 +4.823849524e+03 -2.7693e-01 +3.8479e+00
17 0 +3.173784421e+03 +3.509454421e+03 +3.509454421e+03 -2.7998e-01 +3.8636e+00
18 0 +2.363528175e+03 +2.699198175e+03 +2.699198175e+03 -2.8357e-01 +3.8755e+00
19 0 +2.022333921e+03 +2.358003921e+03 +2.358003921e+03 -2.6985e-01 +3.8797e+00
20 0 +7.440699971e+02 +1.079739997e+03 +1.079739997e+03 -2.6902e-01 +3.8946e+00
21 0 +1.733714874e+02 +5.090414874e+02 +5.090414874e+02 -2.6604e-01 +3.9088e+00
22 0 +3.865791137e+01 +3.743279114e+02 +3.743279114e+02 -2.6638e-01 +3.9163e+00
23 0 +7.981530482e+00 +3.436515305e+02 +3.436515305e+02 -2.6776e-01 +3.9219e+00
30 0 +7.921752789e+00 +3.435917528e+02 +3.435917528e+02 -2.6767e-01 +3.9217e+00
% f evaluations | g evaluations | best noise-free fitness - Fopt (-1.032000000000e+01) + sum g_i+ | measured fitness | best measured fitness or single-digit g-values | x1 | x2...
1 0 +3.529659914e+06 +3.529649594e+06 +3.529649594e+06 +0.0000e+00 +0.0000e+00
5 0 +1.786689585e+06 +1.786679265e+06 +1.786679265e+06 -2.2910e-07 -7.1648e-01
6 0 +5.282379817e+05 +5.282276617e+05 +5.282276617e+05 +1.1494e-01 -1.1455e+00
7 0 +4.789876740e+05 +4.789773540e+05 +4.789773540e+05 +1.6126e-01 -1.2746e+00
8 0 +3.541793255e+05 +3.541690055e+05 +3.541690055e+05 -2.4341e-02 -1.3770e+00
9 0 +4.053761378e+04 +4.052729378e+04 +4.052729378e+04 -2.8893e-01 -1.7338e+00
10 0 +2.181771159e+04 +2.180739159e+04 +2.180739159e+04 -3.2587e-01 -1.7800e+00
11 0 +1.538946101e+04 +1.537914101e+04 +1.537914101e+04 -3.4591e-01 -1.8065e+00
13 0 +1.364184719e+04 +1.363152719e+04 +1.363152719e+04 -3.4838e-01 -1.8213e+00
14 0 +1.198777060e+04 +1.197745060e+04 +1.197745060e+04 -3.4578e-01 -1.8309e+00
15 0 +3.676481641e+03 +3.666161641e+03 +3.666161641e+03 -3.3963e-01 -1.8705e+00
16 0 +1.816612087e+03 +1.806292087e+03 +1.806292087e+03 -3.4098e-01 -1.8903e+00
17 0 +9.158260112e+02 +9.055060112e+02 +9.055060112e+02 -3.4067e-01 -1.9014e+00
18 0 +7.509268807e+02 +7.406068807e+02 +7.406068807e+02 -3.4020e-01 -1.9073e+00
19 0 +4.032703886e+02 +3.929503886e+02 +3.929503886e+02 -3.3958e-01 -1.9124e+00
21 0 +9.763873368e+01 +8.731873368e+01 +8.731873368e+01 -3.3894e-01 -1.9230e+00
22 0 +4.360025833e+01 +3.328025833e+01 +3.328025833e+01 -3.3915e-01 -1.9260e+00
23 0 +2.856606284e+01 +1.824606284e+01 +1.824606284e+01 -3.3925e-01 -1.9272e+00
24 0 +2.711556045e+01 +1.679556045e+01 +1.679556045e+01 -3.3991e-01 -1.9275e+00
25 0 +1.816470529e+01 +7.844705292e+00 +7.844705292e+00 -3.3957e-01 -1.9288e+00
26 0 +9.309825696e+00 -1.010174304e+00 -1.010174304e+00 -3.3997e-01 -1.9295e+00
% f evaluations | g evaluations | best noise-free fitness - Fopt (-2.954000000000e+01) + sum g_i+ | measured fitness | best measured fitness or single-digit g-values | x1 | x2...
1 0 +7.173098936e+06 +7.173069396e+06 +7.173069396e+06 +0.0000e+00 +0.0000e+00
5 0 +2.133318827e+06 +2.133289287e+06 +2.133289287e+06 -9.7588e-08 -1.0000e+00
6 0 +1.519255761e+06 +1.519226221e+06 +1.519226221e+06 -3.9373e-03 -1.4272e+00
7 0 +9.630593377e+05 +9.630297977e+05 +9.630297977e+05 -3.6757e-01 -1.5676e+00
8 0 +4.839483883e+05 +4.839188483e+05 +4.839188483e+05 -5.8775e-01 -1.8892e+00
9 0 +1.373872891e+05 +1.373577491e+05 +1.373577491e+05 -7.1371e-01 -2.1709e+00
10 0 +9.486421491e+04 +9.483467491e+04 +9.483467491e+04 -7.4083e-01 -2.2583e+00
11 0 +5.558304393e+04 +5.555350393e+04 +5.555350393e+04 -7.5467e-01 -2.3214e+00
13 0 +1.975514338e+04 +1.972560338e+04 +1.972560338e+04 -7.5684e-01 -2.4110e+00
14 0 +1.289948738e+04 +1.286994738e+04 +1.286994738e+04 -7.6135e-01 -2.4511e+00
15 0 +6.009739859e+03 +5.980199859e+03 +5.980199859e+03 -7.3024e-01 -2.4767e+00
16 0 +5.545407960e+03 +5.515867960e+03 +5.515867960e+03 -7.1522e-01 -2.4787e+00
17 0 +3.306341018e+03 +3.276801018e+03 +3.276801018e+03 -7.1470e-01 -2.5052e+00
18 0 +2.333356217e+02 +2.037956217e+02 +2.037956217e+02 -7.0585e-01 -2.5422e+00
19 0 +1.758002853e+02 +1.462602853e+02 +1.462602853e+02 -7.0525e-01 -2.5446e+00
20 0 +1.654665113e+02 +1.359265113e+02 +1.359265113e+02 -7.0670e-01 -2.5449e+00
21 0 +1.256712166e+02 +9.613121657e+01 +9.613121657e+01 -7.0676e-01 -2.5464e+00
22 0 +5.481723815e+01 +2.527723815e+01 +2.527723815e+01 -7.0714e-01 -2.5503e+00
23 0 +3.632655819e+01 +6.786558188e+00 +6.786558188e+00 -7.0690e-01 -2.5513e+00
24 0 +3.305847319e+01 +3.518473187e+00 +3.518473187e+00 -7.0681e-01 -2.5516e+00
25 0 +3.195067961e+01 +2.410679611e+00 +2.410679611e+00 -7.0692e-01 -2.5517e+00
26 0 +3.024785023e+01 +7.078502288e-01 +7.078502288e-01 -7.0689e-01 -2.5519e+00
27 0 +2.987808014e+01 +3.380801421e-01 +3.380801421e-01 -7.0686e-01 -2.5520e+00
% f evaluations | g evaluations | best noise-free fitness - Fopt (5.625000000000e+01) + sum g_i+ | measured fitness | best measured fitness or single-digit g-values | x1 | x2...
1 0 +1.001904075e+07 +1.001909700e+07 +1.001909700e+07 +0.0000e+00 +0.0000e+00
3 0 +1.001903829e+07 +1.001909454e+07 +1.001909454e+07 +1.0000e+00 +0.0000e+00
5 0 +5.686218312e+06 +5.686274562e+06 +5.686274562e+06 +1.0000e+00 -1.0000e+00
6 0 +2.415492448e+06 +2.415548698e+06 +2.415548698e+06 +7.3232e-01 -1.5689e+00
7 0 +1.920683876e+06 +1.920740126e+06 +1.920740126e+06 +7.6727e-01 -1.9687e+00
8 0 +1.830500443e+06 +1.830556693e+06 +1.830556693e+06 +5.4272e-01 -2.0227e+00
9 0 +1.139734952e+06 +1.139791202e+06 +1.139791202e+06 +5.2638e-01 -2.2227e+00
10 0 +5.005380851e+05 +5.005943351e+05 +5.005943351e+05 +1.2884e-01 -2.5348e+00
11 0 +2.381361912e+05 +2.381924412e+05 +2.381924412e+05 -5.4196e-02 -2.7675e+00
12 0 +1.248156700e+05 +1.248719200e+05 +1.248719200e+05 -1.3444e-01 -2.9020e+00
13 0 +8.135537789e+04 +8.141162789e+04 +8.141162789e+04 -1.7317e-01 -2.9790e+00
14 0 +5.127806661e+04 +5.133431661e+04 +5.133431661e+04 -1.9664e-01 -3.0318e+00
15 0 +1.346928841e+04 +1.352553841e+04 +1.352553841e+04 -6.8258e-02 -3.1482e+00
16 0 +1.134521324e+01 +6.759521324e+01 +6.759521324e+01 -1.6535e-01 -3.2553e+00
20 0 +4.989970738e+00 +6.123997074e+01 +6.123997074e+01 -1.6718e-01 -3.2570e+00
21 0 +4.855450362e+00 +6.110545036e+01 +6.110545036e+01 -1.6967e-01 -3.2571e+00
22 0 +3.306032729e+00 +5.955603273e+01 +5.955603273e+01 -1.6963e-01 -3.2581e+00
26 0 +3.217271268e+00 +5.946727127e+01 +5.946727127e+01 -1.6964e-01 -3.2583e+00
% f evaluations | g evaluations | best noise-free fitness - Fopt (4.153000000000e+01) + sum g_i+ | measured fitness | best measured fitness or single-digit g-values | x1 | x2...
1 0 +7.000702431e+06 +7.000743961e+06 +7.000743961e+06 +0.0000e+00 +0.0000e+00
5 0 +2.082060573e+06 +2.082102103e+06 +2.082102103e+06 -9.1134e-08 -1.0000e+00
6 0 +1.337450829e+06 +1.337492359e+06 +1.337492359e+06 -6.3464e-03 -1.4295e+00
7 0 +7.270290520e+05 +7.270705820e+05 +7.270705820e+05 -3.3161e-01 -1.5991e+00
8 0 +5.056255250e+05 +5.056670550e+05 +5.056670550e+05 -3.1916e-01 -1.7725e+00
9 0 +3.008956620e+05 +3.009371920e+05 +3.009371920e+05 -5.0275e-01 -1.9866e+00
10 0 +2.391383574e+05 +2.391798874e+05 +2.391798874e+05 -6.7313e-01 -2.0220e+00
11 0 +1.017389678e+05 +1.017804978e+05 +1.017804978e+05 -6.9900e-01 -2.2036e+00
12 0 +5.072946630e+04 +5.077099630e+04 +5.077099630e+04 -7.7425e-01 -2.2883e+00
13 0 +4.542877757e+04 +4.547030757e+04 +4.547030757e+04 -8.1895e-01 -2.3016e+00
14 0 +2.687038908e+04 +2.691191908e+04 +2.691191908e+04 -8.1248e-01 -2.3478e+00
15 0 +1.452197977e+04 +1.456350977e+04 +1.456350977e+04 -8.1232e-01 -2.3945e+00
16 0 +4.883108183e+03 +4.924638183e+03 +4.924638183e+03 -8.1475e-01 -2.4379e+00
17 0 +3.622759101e+03 +3.664289101e+03 +3.664289101e+03 -8.1636e-01 -2.4543e+00
18 0 +2.443862353e+03 +2.485392353e+03 +2.485392353e+03 -8.1811e-01 -2.4674e+00
19 0 +1.140137257e+03 +1.181667257e+03 +1.181667257e+03 -8.1959e-01 -2.4767e+00
21 0 +5.005325121e+02 +5.420625121e+02 +5.420625121e+02 -8.1964e-01 -2.4917e+00
22 0 +8.844186562e+01 +1.299718656e+02 +1.299718656e+02 -8.1960e-01 -2.5044e+00
23 0 +3.095133053e+01 +7.248133053e+01 +7.248133053e+01 -8.1959e-01 -2.5079e+00
24 0 +2.655496364e+01 +6.808496364e+01 +6.808496364e+01 -8.1780e-01 -2.5088e+00
25 0 +8.360606099e+00 +4.989060610e+01 +4.989060610e+01 -8.1852e-01 -2.5107e+00
26 0 +2.217465617e+00 +4.374746562e+01 +4.374746562e+01 -8.1899e-01 -2.5126e+00
29 0 +2.158754942e+00 +4.368875494e+01 +4.368875494e+01 -8.1849e-01 -2.5127e+00
31 0 +1.705296096e+00 +4.323529610e+01 +4.323529610e+01 -8.1849e-01 -2.5129e+00
32 0 +1.439388357e+00 +4.296938836e+01 +4.296938836e+01 -8.1849e-01 -2.5132e+00
33 0 +1.289462589e+00 +4.281946259e+01 +4.281946259e+01 -8.1848e-01 -2.5134e+00
34 0 +1.250669006e+00 +4.278066901e+01 +4.278066901e+01 -8.1826e-01 -2.5135e+00
% f evaluations | g evaluations | best noise-free fitness - Fopt (-1.907000000000e+01) + sum g_i+ | measured fitness | best measured fitness or single-digit g-values | x1 | x2...
1 0 +1.518774059e+07 +1.518772152e+07 +1.518772152e+07 +0.0000e+00 +0.0000e+00
3 0 +1.518773442e+07 +1.518771535e+07 +1.518771535e+07 +1.0000e+00 +0.0000e+00
5 0 +8.390574067e+06 +8.390554997e+06 +8.390554997e+06 +1.0000e+00 -1.0000e+00
6 0 +3.736760064e+06 +3.736740994e+06 +3.736740994e+06 +8.0981e-01 -1.9489e+00
7 0 +2.089321406e+06 +2.089302336e+06 +2.089302336e+06 +1.1166e+00 -2.3943e+00
8 0 +2.011134640e+06 +2.011115570e+06 +2.011115570e+06 +1.3358e+00 -2.5078e+00
9 0 +1.893083762e+06 +1.893064692e+06 +1.893064692e+06 +1.2648e+00 -2.6450e+00
10 0 +1.093740360e+06 +1.093721290e+06 +1.093721290e+06 +1.2439e+00 -2.8910e+00
11 0 +4.024542924e+05 +4.024352224e+05 +4.024352224e+05 +1.0873e+00 -3.3310e+00
12 0 +1.341040897e+05 +1.340850197e+05 +1.340850197e+05 +1.0222e+00 -3.5360e+00
13 0 +9.908267521e+04 +9.906360521e+04 +9.906360521e+04 +9.9988e-01 -3.6095e+00
14 0 +6.189295183e+04 +6.187388183e+04 +6.187388183e+04 +9.8306e-01 -3.6667e+00
15 0 +4.515714047e+04 +4.513807047e+04 +4.513807047e+04 +1.1055e+00 -3.7040e+00
16 0 +1.012133171e+04 +1.010226171e+04 +1.010226171e+04 +1.0700e+00 -3.8205e+00
17 0 +3.697885759e+03 +3.678815759e+03 +3.678815759e+03 +1.0742e+00 -3.8522e+00
18 0 +3.128348389e+03 +3.109278389e+03 +3.109278389e+03 +1.0762e+00 -3.8645e+00
19 0 +2.778673832e+03 +2.759603832e+03 +2.759603832e+03 +1.0614e+00 -3.8670e+00
20 0 +9.825935228e+02 +9.635235228e+02 +9.635235228e+02 +1.0569e+00 -3.8813e+00
21 0 +7.934173135e+02 +7.743473135e+02 +7.743473135e+02 +1.0484e+00 -3.8890e+00
22 0 +2.594025045e+02 +2.403325045e+02 +2.403325045e+02 +1.0414e+00 -3.8988e+00
23 0 +1.804006032e+02 +1.613306032e+02 +1.613306032e+02 +1.0393e+00 -3.9022e+00
25 0 +1.664247658e+02 +1.473547658e+02 +1.473547658e+02 +1.0394e+00 -3.9027e+00
26 0 +1.165610774e+02 +9.749107742e+01 +9.749107742e+01 +1.0393e+00 -3.9047e+00
27 0 +4.776535696e+01 +2.869535696e+01 +2.869535696e+01 +1.0395e+00 -3.9085e+00
28 0 +3.318691084e+01 +1.411691084e+01 +1.411691084e+01 +1.0396e+00 -3.9098e+00
29 0 +3.026692433e+01 +1.119692433e+01 +1.119692433e+01 +1.0398e+00 -3.9105e+00
30 0 +2.485288787e+01 +5.782887865e+00 +5.782887865e+00 +1.0399e+00 -3.9111e+00
31 0 +2.054417693e+01 +1.474176926e+00 +1.474176926e+00 +1.0400e+00 -3.9114e+00
32 0 +1.943505153e+01 +3.650515325e-01 +3.650515325e-01 +1.0401e+00 -3.9115e+00
34 0 +1.412451360e+01 -4.945486403e+00 -4.945486403e+00 +1.0401e+00 -3.9120e+00
% f evaluations | g evaluations | best noise-free fitness - Fopt (-9.299000000000e+01) + sum g_i+ | measured fitness | best measured fitness or single-digit g-values | x1 | x2...
1 0 +8.791245124e+06 +8.791152134e+06 +8.791152134e+06 +0.0000e+00 +0.0000e+00
3 0 +8.791240376e+06 +8.791147386e+06 +8.791147386e+06 +1.0000e+00 +0.0000e+00
4 0 +4.185845965e+06 +4.185752975e+06 +4.185752975e+06 +0.0000e+00 +1.0000e+00
5 0 +1.392300195e+06 +1.392207205e+06 +1.392207205e+06 +9.3707e-07 +1.9089e+00
6 0 +4.957594210e+05 +4.956664310e+05 +4.956664310e+05 +1.3771e-06 +2.2681e+00
7 0 +3.415052178e+05 +3.414122278e+05 +3.414122278e+05 +1.5530e-06 +2.4036e+00
8 0 +3.317811417e+05 +3.316881517e+05 +3.316881517e+05 -5.7469e-02 +2.4150e+00
9 0 +2.581923280e+05 +2.580993380e+05 +2.580993380e+05 -5.2420e-02 +2.5149e+00
10 0 +1.860271571e+05 +1.859341671e+05 +1.859341671e+05 -5.5426e-02 +2.6149e+00
11 0 +3.035538398e+04 +3.026239398e+04 +3.026239398e+04 -6.3747e-02 +2.8694e+00
12 0 +1.496100538e+04 +1.486801538e+04 +1.486801538e+04 -6.6298e-02 +2.9149e+00
14 0 +9.525287485e+03 +9.432297485e+03 +9.432297485e+03 -6.6320e-02 +2.9332e+00
15 0 +4.363593110e+03 +4.270603110e+03 +4.270603110e+03 -6.8734e-02 +2.9619e+00
16 0 +3.318116404e+03 +3.225126404e+03 +3.225126404e+03 -7.5048e-02 +2.9743e+00
17 0 +2.846376520e+03 +2.753386520e+03 +2.753386520e+03 -8.1949e-02 +2.9815e+00
18 0 +2.048754333e+03 +1.955764333e+03 +1.955764333e+03 -7.4917e-02 +2.9922e+00
19 0 +5.795012572e+02 +4.865112572e+02 +4.865112572e+02 -7.3531e-02 +3.0104e+00
20 0 +3.316002290e+02 +2.386102290e+02 +2.386102290e+02 -7.2685e-02 +3.0167e+00
21 0 +2.238844705e+02 +1.308944705e+02 +1.308944705e+02 -7.2464e-02 +3.0201e+00
22 0 +2.219311428e+02 +1.289411428e+02 +1.289411428e+02 -7.1816e-02 +3.0201e+00
23 0 +1.901672983e+02 +9.717729826e+01 +9.717729826e+01 -7.1815e-02 +3.0211e+00
24 0 +1.038276277e+02 +1.083762770e+01 +1.083762770e+01 -7.1828e-02 +3.0242e+00
25 0 +9.760964170e+01 +4.619641696e+00 +4.619641696e+00 -7.1657e-02 +3.0244e+00
26 0 +9.441653360e+01 +1.426533599e+00 +1.426533599e+00 -7.1705e-02 +3.0246e+00
27 0 +9.288921762e+01 -1.007823790e-01 -1.007823790e-01 -7.1954e-02 +3.0247e+00
% f evaluations | g evaluations | best noise-free fitness - Fopt (-1.656000000000e+02) + sum g_i+ | measured fitness | best measured fitness or single-digit g-values | x1 | x2...
1 0 +8.737494526e+06 +8.737328926e+06 +8.737328926e+06 +0.0000e+00 +0.0000e+00
5 0 +3.980046105e+06 +3.979880505e+06 +3.979880505e+06 -4.2903e-07 -1.0000e+00
6 0 +1.989754680e+06 +1.989589080e+06 +1.989589080e+06 +1.3168e-01 -1.6361e+00
7 0 +1.142167557e+06 +1.142001957e+06 +1.142001957e+06 +2.6137e-01 -1.9677e+00
8 0 +5.124285424e+05 +5.122629424e+05 +5.122629424e+05 +1.1507e-01 -2.2449e+00
9 0 +3.474753097e+05 +3.473097097e+05 +3.473097097e+05 +1.4145e-01 -2.4519e+00
10 0 +1.706353725e+05 +1.704697725e+05 +1.704697725e+05 +2.2389e-01 -2.5667e+00
11 0 +1.421332066e+05 +1.419676066e+05 +1.419676066e+05 +2.7194e-01 -2.6075e+00
12 0 +1.092272306e+05 +1.090616306e+05 +1.090616306e+05 +2.3709e-01 -2.6812e+00
13 0 +1.582500851e+04 +1.565940851e+04 +1.565940851e+04 +2.9388e-01 -2.8747e+00
14 0 +1.173846792e+04 +1.157286792e+04 +1.157286792e+04 +3.0676e-01 -2.9032e+00
15 0 +1.020290278e+04 +1.003730278e+04 +1.003730278e+04 +2.9732e-01 -2.9090e+00
16 0 +5.844493283e+03 +5.678893283e+03 +5.678893283e+03 +2.9220e-01 -2.9238e+00
17 0 +3.628474527e+03 +3.462874527e+03 +3.462874527e+03 +2.7941e-01 -2.9444e+00
18 0 +1.490491888e+03 +1.324891888e+03 +1.324891888e+03 +2.7375e-01 -2.9637e+00
19 0 +9.282240642e+02 +7.626240642e+02 +7.626240642e+02 +2.7235e-01 -2.9720e+00
21 0 +8.854683359e+02 +7.198683359e+02 +7.198683359e+02 +2.6969e-01 -2.9747e+00
22 0 +8.170861890e+02 +6.514861890e+02 +6.514861890e+02 +2.6965e-01 -2.9772e+00
23 0 +2.635732245e+02 +9.797322445e+01 +9.797322445e+01 +2.6976e-01 -2.9872e+00
24 0 +2.152304978e+02 +4.963049778e+01 +4.963049778e+01 +2.6986e-01 -2.9895e+00
25 0 +1.849150388e+02 +1.931503880e+01 +1.931503880e+01 +2.6992e-01 -2.9907e+00
27 0 +1.424132087e+02 -2.318679131e+01 -2.318679131e+01 +2.6807e-01 -2.9922e+00
65 0 +1.188417313e+02 -4.675826868e+01 -4.675826868e+01 -2.1107e+00 -2.9931e+00
72 0 +1.823819483e+01 -1.473618052e+02 -1.473618052e+02 -9.2455e-01 -3.0000e+00
