% f evaluations | g evaluations | best noise-free fitness - Fopt (7.948000000000e+01) + sum g_i+ | measured fitness | best measured fitness or single-digit g-values | x1 | x2...
1 0 +8.977281728e+01 +1.692528173e+02 +1.692528173e+02 +0.0000e+00 +0.0000e+00 +0.0000e+00 +0.0000e+00 +0.0000e+00 +0.0000e+00 +0.0000e+00 +0.0000e+00 +0.0000e+00 +0.0000e+00 +0.0000e+00 +0.0000e+00 +0.0000e+00 +0.0000e+00 +0.0000e+00 +0.0000e+00 +0.0000e+00 +0.0000e+00 +0.0000e+00 +0.0000e+00
3 0 +8.973225728e+01 +1.692122573e+02 +1.692122573e+02 +1.0000e-01 +0.0000e+00 +0.0000e+00 +0.0000e+00 +0.0000e+00 +0.0000e+00 +0.0000e+00 +0.0000e+00 +0.0000e+00 +0.0000e+00 +0.0000e+00 +0.0000e+00 +0.0000e+00 +0.0000e+00 +0.0000e+00 +0.0000e+00 +0.0000e+00 +0.0000e+00 +0.0000e+00 +0.0000e+00
17 0 +8.905337728e+01 +1.685333773e+02 +1.685333773e+02 +0.0000e+00 +0.0000e+00 +0.0000e+00 +0.0000e+00 +0.0000e+00 +0.0000e+00 +0.0000e+00 +0.0000e+00 +0.0000e+00 +0.0000e+00 +0.0000e+00 +0.0000e+00 +0.0000e+00 +0.0000e+00 +1.0000e-01 +0.0000e+00 +0.0000e+00 +0.0000e+00 +0.0000e+00 +0.0000e+00
24 0 +7.986908247e+01 +1.593490825e+02 +1.593490825e+02 +1.0716e-02 -6.3769e-02 -4.0899e-02 +9.9152e-02 -1.4430e-01 +2.0566e-02 -8.8139e-03 +3.6989e-03 -8.9175e-02 -1.6387e-01 -2.0627e-01 +1.0389e-01 +5.4765e-02 -7.2076e-03 +2.8702e-01 +1.5106e-01 -9.2367e-03 -2.1020e-01 +1.2219e-01 +6.9138e-02
25 0 +5.387276791e+01 +1.333527679e+02 +1.333527679e+02 +4.5612e-02 -2.7142e-01 -1.7408e-01 +4.2202e-01 -6.1418e-01 +8.7535e-02 -3.7515e-02 +1.5744e-02 -3.7956e-01 -6.9749e-01 -8.7796e-01 +4.4217e-01 +2.3310e-01 -3.0678e-02 +8.1619e-01 +6.4297e-01 -3.9314e-02 -8.9469e-01 +5.2008e-01 +2.9427e-01
26 0 +2.355517951e+01 +1.030351795e+02 +1.030351795e+02 +1.5278e-01 -9.0912e-01 -5.8308e-01 +1.4136e+00 -2.0572e+00 +2.9320e-01 -1.2566e-01 +5.2733e-02 -1.2713e+00 -2.3362e+00 -2.9407e+00 +1.4811e+00 +7.8075e-01 -1.0275e-01 +4.8910e+00 +2.1536e+00 -1.3168e-01 +3.4825e-01 +1.7420e+00 +9.8566e-01
27 0 +4.450222915e+00 +8.393022292e+01 +8.393022292e+01 +2.4739e-01 -1.4721e+00 -9.4416e-01 +2.2889e+00 -3.3312e+00 +4.7477e-01 -2.0347e-01 +8.5389e-02 -2.0586e+00 -3.7830e+00 -4.7618e+00 +2.3982e+00 +1.2643e+00 -1.6639e-01 +3.8744e+00 +3.4873e+00 -2.1323e-01 -2.7637e+00 +2.8208e+00 +1.5961e+00
28 0 +3.672725400e+00 +8.315272540e+01 +8.315272540e+01 +2.5198e-01 -1.4995e+00 -9.6172e-01 +2.3315e+00 -3.3931e+00 +4.8359e-01 -2.0725e-01 +8.6977e-02 -2.0969e+00 -3.8533e+00 -4.0553e+00 +2.4428e+00 +1.2878e+00 -1.6948e-01 +4.3259e+00 +3.5521e+00 -2.1719e-01 -3.2381e+00 +2.8732e+00 +1.6257e+00
30 0 +3.495593996e+00 +8.297559400e+01 +8.297559400e+01 +1.8384e-01 -1.5817e+00 -1.0396e+00 +2.2800e+00 -3.4904e+00 +4.1730e-01 -2.7908e-01 +1.7508e-02 -2.1838e+00 -3.3785e+00 -4.2540e+00 +2.3922e+00 +1.2279e+00 -2.4100e-01 +4.5131e+00 +3.5104e+00 -2.8910e-01 -3.4342e+00 +2.8261e+00 +1.5686e+00
32 0 +3.263261982e+00 +8.274326198e+01 +8.274326198e+01 +1.5453e-01 -1.6207e+00 -1.0756e+00 +2.2622e+00 -3.1635e+00 +3.8928e-01 -3.1093e-01 -1.2712e-02 -1.9567e+00 -3.4887e+00 -4.3949e+00 +2.3751e+00 +1.2044e+00 -2.7265e-01 +4.6459e+00 +3.4995e+00 -3.2101e-01 -3.5735e+00 +2.8113e+00 +1.5469e+00
34 0 +3.191413526e+00 +8.267141353e+01 +8.267141353e+01 +1.3523e-01 -1.4481e+00 -9.3673e-01 +2.2463e+00 -3.1913e+00 +3.7035e-01 -3.3100e-01 -3.2292e-02 -1.9732e+00 -3.5199e+00 -4.4347e+00 +2.3594e+00 +1.1867e+00 -2.9265e-01 +4.6834e+00 +3.4856e+00 -3.4109e-01 -3.6128e+00 +2.7963e+00 +1.5299e+00
36 0 +3.157997462e+00 +8.263799746e+01 +8.263799746e+01 +1.3898e-01 -1.4520e+00 -9.3913e-01 +2.2511e+00 -3.2003e+00 +3.7421e-01 -3.2746e-01 -2.8617e-02 -1.9785e+00 -3.5299e+00 -4.4476e+00 +2.3641e+00 +1.1910e+00 -2.8909e-01 +4.6955e+00 +3.4163e+00 -2.7539e-01 -3.6255e+00 +2.8013e+00 +1.5342e+00
% f evaluations | g evaluations | best noise-free fitness - Fopt (3.944800000000e+02) + sum g_i+ | measured fitness | best measured fitness or single-digit g-values | x1 | x2...
1 0 +1.466628819e+02 +5.411428819e+02 +5.411428819e+02 +0.0000e+00 +0.0000e+00 +0.0000e+00 +0.0000e+00 +0.0000e+00 +0.0000e+00 +0.0000e+00 +0.0000e+00 +0.0000e+00 +0.0000e+00 +0.0000e+00 +0.0000e+00 +0.0000e+00 +0.0000e+00 +0.0000e+00 +0.0000e+00 +0.0000e+00 +0.0000e+00 +0.0000e+00 +0.0000e+00
6 0 +1.458917619e+02 +5.403717619e+02 +5.403717619e+02 +0.0000e+00 +0.0000e+00 +0.0000e+00 +1.0000e-01 +0.0000e+00 +0.0000e+00 +0.0000e+00 +0.0000e+00 +0.0000e+00 +0.0000e+00 +0.0000e+00 +0.0000e+00 +0.0000e+00 +0.0000e+00 +0.0000e+00 +0.0000e+00 +0.0000e+00 +0.0000e+00 +0.0000e+00 +0.0000e+00
23 0 +1.434864333e+02 +5.379664333e+02 +5.379664333e+02 -3.2534e-02 -2.4228e-02 -3.1743e-02 +1.3177e-01 +6.6677e-03 -2.4347e-02 +2.7973e-02 -5.3559e-03 -7.6828e-03 -3.1189e-02 +1.5323e-02 +1.0056e-02 +1.2534e-02 +3.0662e-02 -3.1855e-02 +2.3978e-02 -2.4288e-02 -1.1888e-02 +4.4495e-04 +1.0155e-02
24 0 +1.340651511e+02 +5.285451511e+02 +5.285451511e+02 -1.6295e-01 -1.2135e-01 -1.5899e-01 +2.5638e-01 +3.3396e-02 -1.2195e-01 +1.4010e-01 -2.6826e-02 -3.8480e-02 -1.5622e-01 +7.6746e-02 +5.0366e-02 +6.2780e-02 +1.5357e-01 -1.5955e-01 +1.2010e-01 -1.2165e-01 -5.9545e-02 +2.2286e-03 +5.0861e-02
25 0 +9.961766509e+01 +4.940976651e+02 +4.940976651e+02 -6.9125e-01 -5.1477e-01 -6.7444e-01 +6.9152e-01 +1.4167e-01 -5.1730e-01 +5.9433e-01 -1.1380e-01 -1.6323e-01 -6.6267e-01 +3.2556e-01 +2.1366e-01 +2.6632e-01 +6.5147e-01 -6.7682e-01 +5.0945e-01 -5.1604e-01 -2.5259e-01 +9.4538e-03 +2.1576e-01
26 0 +7.090499497e+01 +4.653849950e+02 +4.653849950e+02 -7.4382e-01 -2.6247e-01 -6.9798e-01 +4.0680e+00 +1.5281e+00 -2.6935e-01 +2.7628e+00 +8.3125e-01 +6.9640e-01 -6.6589e-01 +2.0297e+00 +1.7244e+00 +1.8681e+00 +2.9186e+00 -7.0447e-01 +2.5312e+00 -2.6591e-01 +4.5267e-01 +1.1674e+00 +1.7302e+00
27 0 +1.256788883e+01 +4.070478888e+02 +4.070478888e+02 -3.0862e+00 -2.0793e+00 -2.9903e+00 +3.5218e+00 +1.6662e+00 -2.0937e+00 +4.2490e+00 +2.0862e-01 -7.3467e-02 -2.9231e+00 +2.7155e+00 +2.0770e+00 +2.3774e+00 +4.5750e+00 -3.0039e+00 +3.7647e+00 -2.0865e+00 -5.8331e-01 +9.1185e-01 +2.0890e+00
30 0 +1.200899766e+01 +4.064889977e+02 +4.064889977e+02 -2.0045e+00 -2.5886e+00 -3.5748e+00 +5.0000e+00 +1.4663e+00 -2.6041e+00 +2.1662e+00 -1.1171e-01 -4.1710e-01 -3.5021e+00 +2.6022e+00 +1.9110e+00 +2.2363e+00 +5.0000e+00 -3.5895e+00 +3.7381e+00 -2.5964e+00 -9.6905e-01 +6.4961e-01 +1.9239e+00
32 0 +8.992760734e+00 +4.034727607e+02 +4.034727607e+02 -2.4817e+00 -2.7625e+00 -3.7740e+00 +5.0000e+00 +1.3961e+00 -2.7785e+00 +2.5592e+00 -2.2226e-01 -5.3547e-01 -3.6995e+00 +2.5611e+00 +1.8522e+00 +2.1858e+00 +5.0000e+00 -2.8328e+00 +2.5687e+00 -2.7705e+00 -1.1016e+00 +5.5854e-01 +1.8655e+00
34 0 +7.342921969e+00 +4.018229220e+02 +4.018229220e+02 -2.6810e+00 -2.9258e+00 -3.3559e+00 +5.0000e+00 +1.2785e+00 -2.9419e+00 +2.7239e+00 -3.5765e-01 -6.7429e-01 -3.2984e+00 +2.4563e+00 +1.7395e+00 +2.0768e+00 +5.0000e+00 -2.9685e+00 +2.6159e+00 -2.9338e+00 -1.2466e+00 +4.3172e-01 +1.7530e+00
36 0 +6.564906809e+00 +4.010449068e+02 +4.010449068e+02 -2.7634e+00 -3.0063e+00 -3.4086e+00 +5.0000e+00 +1.2171e+00 -2.7215e+00 +2.7921e+00 -4.2645e-01 -7.4454e-01 -3.3532e+00 +2.4003e+00 +1.6803e+00 +2.0191e+00 +5.0000e+00 -3.0246e+00 +2.6353e+00 -2.7155e+00 -1.3194e+00 +3.6651e-01 +1.6938e+00
38 0 +6.178883733e+00 +4.006588837e+02 +4.006588837e+02 -2.8010e+00 -2.8650e+00 -3.4327e+00 +5.0000e+00 +1.1835e+00 -2.7412e+00 +2.8233e+00 -4.6359e-01 -7.8235e-01 -3.3783e+00 +2.3691e+00 +1.6476e+00 +1.9871e+00 +5.0000e+00 -3.0503e+00 +2.6442e+00 -2.7358e+00 -1.2449e+00 +3.3104e-01 +1.6611e+00
40 0 +6.057923883e+00 +4.005379239e+02 +4.005379239e+02 -2.8127e+00 -2.8711e+00 -3.4401e+00 +5.0000e+00 +1.1625e+00 -2.7473e+00 +2.8330e+00 -4.0988e-01 -7.1921e-01 -3.3860e+00 +2.3490e+00 +1.6269e+00 +1.9667e+00 +5.0000e+00 -3.0583e+00 +2.6469e+00 -2.7421e+00 -1.2488e+00 +3.0945e-01 +1.6405e+00
% f evaluations | g evaluations | best noise-free fitness - Fopt (-2.471100000000e+02) + sum g_i+ | measured fitness | best measured fitness or single-digit g-values | x1 | x2...
1 0 +1.231669958e+02 -1.239430042e+02 -1.239430042e+02 +0.0000e+00 +0.0000e+00 +0.0000e+00 +0.0000e+00 +0.0000e+00 +0.0000e+00 +0.0000e+00 +0.0000e+00 +0.0000e+00 +0.0000e+00 +0.0000e+00 +0.0000e+00 +0.0000e+00 +0.0000e+00 +0.0000e+00 +0.0000e+00 +0.0000e+00 +0.0000e+00 +0.0000e+00 +0.0000e+00
4 0 +1.231363558e+02 -1.239736442e+02 -1.239736442e+02 +0.0000e+00 +1.0000e-01 +0.0000e+00 +0.0000e+00 +0.0000e+00 +0.0000e+00 +0.0000e+00 +0.0000e+00 +0.0000e+00 +0.0000e+00 +0.0000e+00 +0.0000e+00 +0.0000e+00 +0.0000e+00 +0.0000e+00 +0.0000e+00 +0.0000e+00 +0.0000e+00 +0.0000e+00 +0.0000e+00
8 0 +1.227136358e+02 -1.243963642e+02 -1.243963642e+02 +0.0000e+00 +0.0000e+00 +0.0000e+00 +0.0000e+00 +0.0000e+00 +1.0000e-01 +0.0000e+00 +0.0000e+00 +0.0000e+00 +0.0000e+00 +0.0000e+00 +0.0000e+00 +0.0000e+00 +0.0000e+00 +0.0000e+00 +0.0000e+00 +0.0000e+00 +0.0000e+00 +0.0000e+00 +0.0000e+00
% f evaluations | g evaluations | best noise-free fitness - Fopt (-1.520400000000e+02) + sum g_i+ | measured fitness | best measured fitness or single-digit g-values | x1 | x2...
1 0 +1.096536352e+02 -4.238636480e+01 -4.238636480e+01 +0.0000e+00 +0.0000e+00 +0.0000e+00 +0.0000e+00 +0.0000e+00 +0.0000e+00 +0.0000e+00 +0.0000e+00 +0.0000e+00 +0.0000e+00 +0.0000e+00 +0.0000e+00 +0.0000e+00 +0.0000e+00 +0.0000e+00 +0.0000e+00 +0.0000e+00 +0.0000e+00 +0.0000e+00 +0.0000e+00
4 0 +1.093788352e+02 -4.266116480e+01 -4.266116480e+01 +0.0000e+00 +1.0000e-01 +0.0000e+00 +0.0000e+00 +0.0000e+00 +0.0000e+00 +0.0000e+00 +0.0000e+00 +0.0000e+00 +0.0000e+00 +0.0000e+00 +0.0000e+00 +0.0000e+00 +0.0000e+00 +0.0000e+00 +0.0000e+00 +0.0000e+00 +0.0000e+00 +0.0000e+00 +0.0000e+00
% f evaluations | g evaluations | best noise-free fitness - Fopt (-2.525000000000e+01) + sum g_i+ | measured fitness | best measured fitness or single-digit g-values | x1 | x2...
1 0 +7.197402816e+01 +4.672402816e+01 +4.672402816e+01 +0.0000e+00 +0.0000e+00 +0.0000e+00 +0.0000e+00 +0.0000e+00 +0.0000e+00 +0.0000e+00 +0.0000e+00 +0.0000e+00 +0.0000e+00 +0.0000e+00 +0.0000e+00 +0.0000e+00 +0.0000e+00 +0.0000e+00 +0.0000e+00 +0.0000e+00 +0.0000e+00 +0.0000e+00 +0.0000e+00
3 0 +7.126114816e+01 +4.601114816e+01 +4.601114816e+01 +1.0000e-01 +0.0000e+00 +0.0000e+00 +0.0000e+00 +0.0000e+00 +0.0000e+00 +0.0000e+00 +0.0000e+00 +0.0000e+00 +0.0000e+00 +0.0000e+00 +0.0000e+00 +0.0000e+00 +0.0000e+00 +0.0000e+00 +0.0000e+00 +0.0000e+00 +0.0000e+00 +0.0000e+00 +0.0000e+00
23 0 +6.958338053e+01 +4.433338053e+01 +4.433338053e+01 +1.4197e-01 +6.8911e-03 -1.7329e-02 -2.5939e-02 +3.8233e-02 -1.7852e-03 -2.9736e-02 -2.1964e-02 +1.4870e-02 -3.2063e-02 +3.0527e-02 +1.2600e-02 -3.0857e-02 -8.9495e-05 +2.3443e-02 +3.1135e-03 -8.0215e-03 -1.5991e-02 +3.6599e-03 -1.4192e-02
24 0 +6.307232314e+01 +3.782232314e+01 +3.782232314e+01 +3.0703e-01 +3.4554e-02 -8.6893e-02 -1.3007e-01 +1.9171e-01 -8.9515e-03 -1.4910e-01 -1.1013e-01 +7.4564e-02 -1.6077e-01 +1.5307e-01 +6.3180e-02 -1.5473e-01 -4.4875e-04 +1.1755e-01 +1.5612e-02 -4.0223e-02 -8.0185e-02 +1.8352e-02 -7.1163e-02
25 0 +4.026034686e+01 +1.501034686e+01 +1.501034686e+01 +8.9919e-01 +1.4740e-01 -3.7068e-01 -5.5485e-01 +8.1782e-01 -3.8186e-02 -6.3606e-01 -4.6982e-01 +3.1808e-01 -6.8584e-01 +6.5299e-01 +2.6952e-01 -6.6004e-01 -1.9143e-03 +5.0145e-01 +6.6599e-02 -1.7158e-01 -3.4206e-01 +7.8286e-02 -3.0357e-01
26 0 +2.954531810e+01 +4.295318103e+00 +4.295318103e+00 +1.0225e+00 +2.2012e-01 -5.5355e-01 -8.2859e-01 +1.2213e+00 -5.7025e-02 -9.4986e-01 -7.0160e-01 +4.7501e-01 -1.0242e+00 +9.7514e-01 +4.0248e-01 -9.8567e-01 -2.8588e-03 +7.4885e-01 +9.9455e-02 -2.5624e-01 -5.1082e-01 +1.1691e-01 -4.5334e-01
27 0 +2.911504322e+01 +3.865043224e+00 +3.865043224e+00 +1.0614e+00 +2.4366e-01 -5.3956e-01 -8.1800e-01 +1.2572e+00 -3.6912e-02 -9.4077e-01 -6.8944e-01 +5.0168e-01 -1.0160e+00 +1.0080e+00 +4.2827e-01 -9.7702e-01 +1.7922e-02 +7.7890e-01 +1.2150e-01 -2.3858e-01 -4.9630e-01 +1.3917e-01 -4.3812e-01
28 0 +2.785412905e+01 +2.604129049e+00 +2.604129049e+00 +1.1818e+00 +2.5348e-01 -5.6190e-01 -8.5178e-01 +1.1945e+00 -3.8613e-02 -9.7959e-01 -7.1794e-01 +5.2210e-01 -1.0579e+00 +1.0492e+00 +4.4567e-01 -1.0173e+00 +1.8473e-02 +8.1070e-01 +1.2630e-01 -2.4856e-01 -5.1687e-01 +1.4470e-01 -4.5630e-01
29 0 +2.747685470e+01 +2.226854699e+00 +2.226854699e+00 +1.2182e+00 +2.5707e-01 -5.6801e-01 -8.6132e-01 +1.2294e+00 -3.8496e-02 -9.9065e-01 -7.2590e-01 +5.2888e-01 -1.0699e+00 +9.9693e-01 +4.5154e-01 -1.0288e+00 +1.9269e-02 +8.2092e-01 +1.2838e-01 -2.5094e-01 -5.2244e-01 +1.4699e-01 -4.6114e-01
% f evaluations | g evaluations | best noise-free fitness - Fopt (-2.365000000000e+01) + sum g_i+ | measured fitness | best measured fitness or single-digit g-values | x1 | x2...
1 0 +1.176633926e+02 +9.401339264e+01 +9.401339264e+01 +0.0000e+00 +0.0000e+00 +0.0000e+00 +0.0000e+00 +0.0000e+00 +0.0000e+00 +0.0000e+00 +0.0000e+00 +0.0000e+00 +0.0000e+00 +0.0000e+00 +0.0000e+00 +0.0000e+00 +0.0000e+00 +0.0000e+00 +0.0000e+00 +0.0000e+00 +0.0000e+00 +0.0000e+00 +0.0000e+00
3 0 +1.174628326e+02 +9.381283264e+01 +9.381283264e+01 +1.0000e-01 +0.0000e+00 +0.0000e+00 +0.0000e+00 +0.0000e+00 +0.0000e+00 +0.0000e+00 +0.0000e+00 +0.0000e+00 +0.0000e+00 +0.0000e+00 +0.0000e+00 +0.0000e+00 +0.0000e+00 +0.0000e+00 +0.0000e+00 +0.0000e+00 +0.0000e+00 +0.0000e+00 +0.0000e+00
23 0 +1.147245485e+02 +9.107454848e+01 +9.107454848e+01 +9.2749e-03 +1.6312e-02 +3.1632e-03 +1.3640e-01 -3.3825e-02 +1.8065e-02 +1.6178e-02 +1.6363e-02 -3.1206e-02 -1.1768e-02 +1.9249e-02 +1.4107e-02 -2.4458e-02 -4.9390e-03 +6.3596e-03 -2.8121e-02 +2.8883e-02 -3.3374e-02 +2.2801e-02 +2.6633e-02
24 0 +1.063175592e+02 +8.266755923e+01 +8.266755923e+01 +4.6423e-02 +8.1643e-02 +1.5832e-02 +2.8074e-01 -1.6930e-01 +9.0421e-02 +8.0977e-02 +8.1903e-02 -1.5619e-01 -5.8904e-02 +9.6346e-02 +7.0607e-02 -1.2242e-01 -2.4721e-02 +3.1831e-02 -1.4075e-01 +1.4457e-01 -1.6705e-01 +1.1412e-01 +1.3331e-01
25 0 +7.590916523e+01 +5.225916523e+01 +5.225916523e+01 +1.9699e-01 +3.4645e-01 +6.7183e-02 +8.0396e-01 -7.1843e-01 +3.8369e-01 +3.4362e-01 +3.4755e-01 -6.6280e-01 -2.4995e-01 +4.0884e-01 +2.9961e-01 -5.1947e-01 -1.0490e-01 +1.3507e-01 -5.9726e-01 +6.1345e-01 -7.0884e-01 +4.8427e-01 +5.6568e-01
26 0 +6.921038744e+01 +4.556038744e+01 +4.556038744e+01 +7.5491e-03 +1.9583e-01 -1.5599e-01 +1.0235e+00 -1.1457e+00 +2.4275e-01 +1.9227e-01 +1.9722e-01 -1.0756e+00 -5.5552e-01 +2.7443e-01 +1.3683e-01 -8.9506e-01 -3.7278e-01 -7.0456e-02 -9.9306e-01 +5.3220e-01 -1.1336e+00 +3.6946e-01 +4.7202e-01
27 0 +3.860342367e+01 +1.495342367e+01 +1.495342367e+01 +2.8552e-01 +6.3754e-01 -2.0232e-02 +1.2384e+00 -1.8707e+00 +7.2527e-01 +6.3088e-01 +6.4013e-01 -1.7396e+00 -7.6722e-01 +7.8450e-01 +5.2724e-01 -1.4020e+00 -4.2556e-01 +1.3968e-01 -1.5853e+00 +1.2664e+00 -1.8481e+00 +9.6217e-01 +1.1539e+00
28 0 +3.549610265e+01 +1.184610265e+01 +1.184610265e+01 +3.0256e-01 +6.7364e-01 -1.9746e-02 +1.5431e+00 -1.6687e+00 +7.6611e-01 +6.6661e-01 +6.7637e-01 -1.8322e+00 -8.0717e-01 +8.2854e-01 +5.5736e-01 -1.4764e+00 -4.4701e-01 +1.4882e-01 -1.6695e+00 +1.3366e+00 -1.9465e+00 +1.0158e+00 +1.2180e+00
29 0 +3.429738187e+01 +1.064738187e+01 +1.064738187e+01 +3.0908e-01 +6.8761e-01 -1.9688e-02 +1.6621e+00 -1.7819e+00 +7.8194e-01 +6.8044e-01 +6.9039e-01 -1.8685e+00 -8.2291e-01 +8.4562e-01 +5.6899e-01 -1.5055e+00 -4.5553e-01 +1.5226e-01 -1.7025e+00 +1.3639e+00 -1.7907e+00 +1.0367e+00 +1.2429e+00
30 0 +3.370707016e+01 +1.005707016e+01 +1.005707016e+01 +3.1185e-01 +6.9406e-01 -2.0117e-02 +1.7210e+00 -1.8378e+00 +7.8932e-01 +6.8683e-01 +6.9688e-01 -1.7467e+00 -8.3116e-01 +8.5362e-01 +5.7430e-01 -1.5204e+00 -4.6020e-01 +1.5350e-01 -1.7194e+00 +1.3769e+00 -1.8461e+00 +1.0465e+00 +1.2547e+00
33 0 +3.309162505e+01 +9.441625047e+00 +9.441625047e+00 +3.1178e-01 +6.9785e-01 -2.3548e-02 +1.7821e+00 -1.8960e+00 +7.9407e-01 +6.9055e-01 +7.0069e-01 -1.8006e+00 -7.8887e-01 +8.5902e-01 +5.7688e-01 -1.4622e+00 -4.6808e-01 +1.5183e-01 -1.6427e+00 +1.3876e+00 -1.9037e+00 +1.0539e+00 +1.2642e+00
% f evaluations | g evaluations | best noise-free fitness - Fopt (1.000000000000e+03) + sum g_i+ | measured fitness | best measured fitness or single-digit g-values | x1 | x2...
1 0 +1.476585011e+02 +1.147658501e+03 +1.147658501e+03 +0.0000e+00 +0.0000e+00 +0.0000e+00 +0.0000e+00 +0.0000e+00 +0.0000e+00 +0.0000e+00 +0.0000e+00 +0.0000e+00 +0.0000e+00 +0.0000e+00 +0.0000e+00 +0.0000e+00 +0.0000e+00 +0.0000e+00 +0.0000e+00 +0.0000e+00 +0.0000e+00 +0.0000e+00 +0.0000e+00
3 0 +1.469945811e+02 +1.146994581e+03 +1.146994581e+03 +1.0000e-01 +0.0000e+00 +0.0000e+00 +0.0000e+00 +0.0000e+00 +0.0000e+00 +0.0000e+00 +0.0000e+00 +0.0000e+00 +0.0000e+00 +0.0000e+00 +0.0000e+00 +0.0000e+00 +0.0000e+00 +0.0000e+00 +0.0000e+00 +0.0000e+00 +0.0000e+00 +0.0000e+00 +0.0000e+00
23 0 +1.444998203e+02 +1.144499820e+03 +1.144499820e+03 +2.7209e-02 -2.4589e-04 -2.3032e-02 -1.7537e-02 -1.2481e-02 -2.6146e-02 +1.3053e-01 -3.2330e-02 +1.9878e-02 +2.6494e-02 -1.5203e-02 +1.6809e-02 +1.4468e-02 -3.0382e-02 -2.5051e-02 -3.0310e-02 +8.6455e-03 -2.3419e-02 +1.3032e-02 -2.2861e-02
24 0 +1.350447493e+02 +1.135044749e+03 +1.135044749e+03 +1.3632e-01 -1.2319e-03 -1.1539e-01 -8.7860e-02 -6.2532e-02 -1.3099e-01 +2.4963e-01 -1.6197e-01 +9.9588e-02 +1.3273e-01 -7.6165e-02 +8.4214e-02 +7.2486e-02 -1.5222e-01 -1.2551e-01 -1.5185e-01 +4.3314e-02 -1.1733e-01 +6.5291e-02 -1.1454e-01
25 0 +1.008509411e+02 +1.100850941e+03 +1.100850941e+03 +6.3789e-01 +5.3514e-02 -4.3149e-01 -3.1453e-01 -2.0692e-01 -4.9778e-01 +8.3764e-01 -6.2940e-01 +4.8185e-01 +6.2268e-01 -2.6484e-01 +4.1653e-01 +3.6671e-01 -5.8794e-01 -4.7448e-01 -5.8641e-01 +2.4277e-01 -4.3972e-01 +3.3614e-01 -4.2786e-01
26 0 +4.922019428e+01 +1.049220194e+03 +1.049220194e+03 +9.9181e-01 -7.7589e-01 -2.2430e+00 -1.8892e+00 -1.5637e+00 -2.4435e+00 -5.8590e-01 -2.8416e+00 +5.1980e-01 +9.4579e-01 -1.7389e+00 +3.2222e-01 +1.7150e-01 -2.7163e+00 -2.3730e+00 -2.7116e+00 -2.0340e-01 -2.2679e+00 +7.9040e-02 -2.2320e+00
27 0 +5.811593351e+00 +1.005811593e+03 +1.005811593e+03 +3.5171e+00 -4.7989e-02 -3.0068e+00 -2.2933e+00 -1.6368e+00 -3.4113e+00 +1.5310e+00 -4.2142e+00 +2.5651e+00 +3.4243e+00 -1.9902e+00 +2.1667e+00 +1.8627e+00 -3.9613e+00 -3.2691e+00 -3.9519e+00 +1.1066e+00 -3.0571e+00 +1.6762e+00 -2.9847e+00
36 0 +5.687174671e+00 +1.005687175e+03 +1.005687175e+03 +3.7046e+00 -7.8283e-02 -3.0612e+00 -2.3419e+00 -1.6801e+00 -3.2407e+00 +1.7606e+00 -4.4125e+00 +2.7142e+00 +3.6114e+00 -2.0363e+00 +1.6325e+00 +1.5451e+00 -4.1372e+00 -3.3256e+00 -3.5655e+00 +1.0857e+00 -3.1119e+00 +1.6600e+00 -3.0389e+00
38 0 +5.617591674e+00 +1.005617592e+03 +1.005617592e+03 +3.7268e+00 -8.0112e-02 -3.0659e+00 -2.3459e+00 -1.6834e+00 -3.2585e+00 +1.7879e+00 -4.4360e+00 +2.7319e+00 +3.6335e+00 -2.0400e+00 +1.6474e+00 +1.5580e+00 -4.1581e+00 -3.2174e+00 -3.5864e+00 +1.0850e+00 -3.1166e+00 +1.5050e+00 -3.0435e+00
% f evaluations | g evaluations | best noise-free fitness - Fopt (-2.390000000000e+00) + sum g_i+ | measured fitness | best measured fitness or single-digit g-values | x1 | x2...
1 0 +6.902050368e+01 +6.663050368e+01 +6.663050368e+01 +0.0000e+00 +0.0000e+00 +0.0000e+00 +0.0000e+00 +0.0000e+00 +0.0000e+00 +0.0000e+00 +0.0000e+00 +0.0000e+00 +0.0000e+00 +0.0000e+00 +0.0000e+00 +0.0000e+00 +0.0000e+00 +0.0000e+00 +0.0000e+00 +0.0000e+00 +0.0000e+00 +0.0000e+00 +0.0000e+00
4 0 +6.864122368e+01 +6.625122368e+01 +6.625122368e+01 +0.0000e+00 +1.0000e-01 +0.0000e+00 +0.0000e+00 +0.0000e+00 +0.0000e+00 +0.0000e+00 +0.0000e+00 +0.0000e+00 +0.0000e+00 +0.0000e+00 +0.0000e+00 +0.0000e+00 +0.0000e+00 +0.0000e+00 +0.0000e+00 +0.0000e+00 +0.0000e+00 +0.0000e+00 +0.0000e+00
23 0 +6.669116412e+01 +6.430116412e+01 +6.430116412e+01 -9.3946e-04 +2.2841e-02 +2.9340e-03 +2.3944e-03 +1.3249e-03 +2.6714e-02 +3.0111e-03 -2.3409e-02 +2.2812e-02 +1.4135e-01 +1.6429e-03 +2.4908e-03 -2.6897e-02 +3.2727e-02 -3.5541e-02 +7.2122e-03 +7.1544e-03 -1.1105e-02 -3.0954e-02 -4.1341e-02
24 0 +6.032031693e+01 +5.793031693e+01 +5.793031693e+01 -4.7091e-03 +1.1449e-01 +1.4707e-02 +1.2002e-02 +6.6410e-03 +1.3391e-01 +1.5093e-02 -1.1734e-01 +1.1435e-01 +3.0422e-01 +8.2348e-03 +1.2485e-02 -1.3482e-01 +1.6404e-01 -1.7815e-01 +3.6151e-02 +3.5861e-02 -5.5663e-02 -1.5516e-01 -2.0722e-01
25 0 +3.806649875e+01 +3.567649875e+01 +3.567649875e+01 -2.0083e-02 +4.8827e-01 +6.2720e-02 +5.1185e-02 +2.8322e-02 +5.7107e-01 +6.4368e-02 -5.0042e-01 +4.8765e-01 +8.8730e-01 +3.5119e-02 +5.3245e-02 -5.7498e-01 +6.9960e-01 -7.5974e-01 +1.5417e-01 +1.5294e-01 -2.3739e-01 -6.6170e-01 -8.8374e-01
26 0 +1.612937804e+01 +1.373937804e+01 +1.373937804e+01 -4.4119e-02 +1.0727e+00 +1.3779e-01 +1.1245e-01 +6.2219e-02 +1.2546e+00 +1.4141e-01 -1.0994e+00 +1.0713e+00 +1.1524e+00 +7.7151e-02 +1.1697e-01 -1.2632e+00 +1.5369e+00 -1.6690e+00 +3.3870e-01 +3.3598e-01 -5.2151e-01 -1.4537e+00 -1.9415e+00
27 0 +1.352072327e+01 +1.113072327e+01 +1.113072327e+01 -4.7415e-02 +1.1528e+00 +1.4808e-01 +1.2085e-01 +6.6868e-02 +1.3483e+00 +1.5197e-01 -1.1815e+00 +1.1513e+00 +1.5531e+00 +8.2916e-02 +1.2571e-01 -1.3575e+00 +1.6518e+00 -1.7938e+00 +3.6400e-01 +3.6109e-01 -5.6047e-01 -1.5623e+00 -1.7207e+00
28 0 +1.275990937e+01 +1.036990937e+01 +1.036990937e+01 -4.8394e-02 +1.1766e+00 +1.5114e-01 +1.2334e-01 +6.8247e-02 +1.3761e+00 +1.5511e-01 -1.2059e+00 +1.1751e+00 +1.6720e+00 +8.4627e-02 +1.2831e-01 -1.3855e+00 +1.6858e+00 -1.6088e+00 +3.7151e-01 +3.6854e-01 -5.7204e-01 -1.5945e+00 -1.8460e+00
31 0 +1.245225948e+01 +1.006225948e+01 +1.006225948e+01 -7.3139e-02 +1.1633e+00 +1.2826e-01 +1.0020e-01 +4.4594e-02 +1.3647e+00 +1.3227e-01 -1.2414e+00 +1.1618e+00 +1.7234e+00 +6.1126e-02 +1.0521e-01 -1.3648e+00 +1.6773e+00 -1.6558e+00 +3.5070e-01 +3.4769e-01 -6.0168e-01 -1.5693e+00 -1.9004e+00
33 0 +1.228006314e+01 +9.890063142e+00 +9.890063142e+00 -7.9437e-02 +1.1628e+00 +1.2290e-01 +9.4715e-02 +3.8846e-02 +1.3651e+00 +1.2693e-01 -1.1718e+00 +1.1613e+00 +1.7503e+00 +5.5456e-02 +9.9749e-02 -1.3831e+00 +1.6792e+00 -1.6802e+00 +3.4638e-01 +3.4336e-01 -5.5704e-01 -1.5905e+00 -1.9287e+00
% f evaluations | g evaluations | best noise-free fitness - Fopt (1.000000000000e+03) + sum g_i+ | measured fitness | best measured fitness or single-digit g-values | x1 | x2...
1 0 +8.609584832e+01 +1.086095848e+03 +1.086095848e+03 +0.0000e+00 +0.0000e+00 +0.0000e+00 +0.0000e+00 +0.0000e+00 +0.0000e+00 +0.0000e+00 +0.0000e+00 +0.0000e+00 +0.0000e+00 +0.0000e+00 +0.0000e+00 +0.0000e+00 +0.0000e+00 +0.0000e+00 +0.0000e+00 +0.0000e+00 +0.0000e+00 +0.0000e+00 +0.0000e+00
4 0 +8.598744832e+01 +1.085987448e+03 +1.085987448e+03 +0.0000e+00 +1.0000e-01 +0.0000e+00 +0.0000e+00 +0.0000e+00 +0.0000e+00 +0.0000e+00 +0.0000e+00 +0.0000e+00 +0.0000e+00 +0.0000e+00 +0.0000e+00 +0.0000e+00 +0.0000e+00 +0.0000e+00 +0.0000e+00 +0.0000e+00 +0.0000e+00 +0.0000e+00 +0.0000e+00
23 0 +8.347897835e+01 +1.083478978e+03 +1.083478978e+03 -1.7196e-02 +5.8646e-03 +1.5733e-02 -3.3322e-02 +2.0511e-02 -4.1182e-02 +6.6264e-03 +2.8696e-03 -1.8070e-02 -1.9568e-02 +1.8797e-02 -9.9850e-03 -1.1387e-02 +2.0849e-02 +6.1027e-04 +3.2777e-02 +3.4669e-03 +1.1413e-02 +1.4220e-01 +3.7659e-02
24 0 +7.633171215e+01 +1.076331712e+03 +1.076331712e+03 -8.6106e-02 +2.9367e-02 +7.8781e-02 -1.6686e-01 +1.0271e-01 -2.0622e-01 +3.3181e-02 +1.4369e-02 -9.0484e-02 -9.7983e-02 +9.4125e-02 -4.9999e-02 -5.7021e-02 +1.0440e-01 +3.0559e-03 +1.6413e-01 +1.7360e-02 +5.7151e-02 +3.0957e-01 +1.8858e-01
25 0 +5.096060022e+01 +1.050960600e+03 +1.050960600e+03 -3.6633e-01 +1.2494e-01 +3.3516e-01 -7.0988e-01 +4.3695e-01 -8.7732e-01 +1.4116e-01 +6.1131e-02 -3.8495e-01 -4.1685e-01 +4.0044e-01 -2.1271e-01 -2.4259e-01 +4.4415e-01 +1.3001e-02 +6.9826e-01 +7.3855e-02 +2.4314e-01 +9.2392e-01 +8.0227e-01
27 0 +2.113186422e+01 +1.021131864e+03 +1.021131864e+03 -5.9371e-01 +6.1067e-01 +1.1261e+00 -1.4360e+00 +1.3756e+00 -1.8465e+00 +6.5045e-01 +4.5424e-01 -6.3937e-01 -7.1758e-01 +1.2861e+00 -2.1712e-01 -2.9035e-01 +1.3932e+00 +3.3625e-01 +2.0162e+00 +4.8544e-01 +9.0046e-01 +1.2732e+00 +2.2712e+00
28 0 +1.868441526e+01 +1.018684415e+03 +1.018684415e+03 -8.1521e-01 +6.9807e-01 +1.3456e+00 -1.8735e+00 +1.6592e+00 -6.2324e-02 +7.4806e-01 +5.0152e-01 -8.7258e-01 -9.7085e-01 +1.5467e+00 -3.4203e-01 -4.3405e-01 +1.6814e+00 +3.5326e-01 +2.4641e+00 +5.4072e-01 +1.0622e+00 +3.6958e+00 +2.7845e+00
30 0 +8.903607273e+00 +1.008903607e+03 +1.008903607e+03 -1.2851e+00 +5.5220e-01 +1.3384e+00 -2.3136e+00 +1.7191e+00 -1.0070e+00 +6.1289e-01 +3.1357e-01 -1.3548e+00 -1.4741e+00 +1.5826e+00 -7.1060e-01 -8.2233e-01 +1.7460e+00 +1.3356e-01 +2.6964e+00 +3.6116e-01 +9.9428e-01 +4.1047e+00 +3.0854e+00
33 0 +8.471466171e+00 +1.008471466e+03 +1.008471466e+03 -1.2878e+00 +5.7971e-01 +1.3789e+00 -2.4920e+00 +1.7658e+00 -1.2322e+00 +6.4140e-01 +3.3717e-01 -1.3586e+00 -9.8671e-01 +1.6270e+00 -7.0383e-01 -8.1739e-01 +1.7932e+00 +1.5420e-01 +2.2292e+00 +3.8553e-01 +1.0291e+00 +4.3123e+00 +3.3000e+00
35 0 +8.226433375e+00 +1.008226433e+03 +1.008226433e+03 -1.0492e+00 +5.4751e-01 +1.3519e+00 -2.5588e+00 +1.7414e+00 -1.3167e+00 +6.0960e-01 +3.0337e-01 -1.1129e+00 -1.0249e+00 +1.6017e+00 -7.4447e-01 -8.5878e-01 +1.7689e+00 +1.1920e-01 +2.2992e+00 +3.5206e-01 +9.9981e-01 +4.3892e+00 +3.3808e+00
37 0 +8.109313828e+00 +1.008109314e+03 +1.008109314e+03 -1.0622e+00 +5.2818e-01 +1.3347e+00 -2.5847e+00 +1.7252e+00 -1.3494e+00 +5.9043e-01 +2.8340e-01 -1.1273e+00 -1.0396e+00 +1.5851e+00 -6.2253e-01 -7.2906e-01 +1.7528e+00 +9.8751e-02 +2.3263e+00 +3.3221e-01 +9.8166e-01 +4.4188e+00 +3.4121e+00
39 0 +7.771620768e+00 +1.007771621e+03 +1.007771621e+03 -1.0689e+00 +5.3802e-01 +1.3581e+00 -2.6064e+00 +1.7552e+00 -1.3825e+00 +6.0133e-01 +2.8913e-01 -1.1390e+00 -1.0475e+00 +1.6127e+00 -6.2313e-01 -7.3302e-01 +1.7832e+00 +1.1017e-01 +2.3691e+00 +3.3877e-01 +9.9912e-01 +4.4110e+00 +3.4613e+00
40 0 +7.739727398e+00 +1.007739727e+03 +1.007739727e+03 -1.0714e+00 +5.2805e-01 +1.3491e+00 -2.6116e+00 +1.7467e+00 -1.3894e+00 +5.9143e-01 +3.8448e-01 -1.1419e+00 -1.0503e+00 +1.6041e+00 -6.2438e-01 -7.3466e-01 +1.7748e+00 +1.1075e-01 +2.3755e+00 +3.2854e-01 +9.8971e-01 +4.4155e+00 +3.4688e+00
% f evaluations | g evaluations | best noise-free fitness - Fopt (-2.304000000000e+01) + sum g_i+ | measured fitness | best measured fitness or single-digit g-values | x1 | x2...
1 0 +1.092523923e+02 +8.621239232e+01 +8.621239232e+01 +0.0000e+00 +0.0000e+00 +0.0000e+00 +0.0000e+00 +0.0000e+00 +0.0000e+00 +0.0000e+00 +0.0000e+00 +0.0000e+00 +0.0000e+00 +0.0000e+00 +0.0000e+00 +0.0000e+00 +0.0000e+00 +0.0000e+00 +0.0000e+00 +0.0000e+00 +0.0000e+00 +0.0000e+00 +0.0000e+00
3 0 +1.086137523e+02 +8.557375232e+01 +8.557375232e+01 +1.0000e-01 +0.0000e+00 +0.0000e+00 +0.0000e+00 +0.0000e+00 +0.0000e+00 +0.0000e+00 +0.0000e+00 +0.0000e+00 +0.0000e+00 +0.0000e+00 +0.0000e+00 +0.0000e+00 +0.0000e+00 +0.0000e+00 +0.0000e+00 +0.0000e+00 +0.0000e+00 +0.0000e+00 +0.0000e+00
23 0 +1.065392245e+02 +8.349922452e+01 +8.349922452e+01 +3.0529e-02 +1.5584e-02 -3.0828e-02 -2.8862e-02 -1.8406e-02 +1.5110e-02 -2.7753e-02 -2.6866e-02 -1.0444e-02 +1.7925e-02 +1.3882e-03 -1.9607e-02 +1.3056e-01 +2.1168e-02 +2.0189e-02 +1.7320e-02 -1.7060e-02 +2.1114e-02 +6.2145e-03 -3.6067e-02
24 0 +9.844363683e+01 +7.540363683e+01 +7.540363683e+01 +1.5289e-01 +7.8045e-02 -1.5439e-01 -1.4454e-01 -9.2179e-02 +7.5670e-02 -1.3899e-01 -1.3454e-01 -5.2304e-02 +8.9766e-02 +6.9522e-03 -9.8193e-02 +2.5040e-01 +1.0601e-01 +1.0110e-01 +8.6740e-02 -8.5438e-02 +1.0574e-01 +3.1122e-02 -1.8062e-01
25 0 +6.930050029e+01 +4.626050029e+01 +4.626050029e+01 +6.4905e-01 +3.3131e-01 -6.5539e-01 -6.1360e-01 -3.9132e-01 +3.2123e-01 -5.9002e-01 -5.7116e-01 -2.2204e-01 +3.8107e-01 +2.9513e-02 -4.1685e-01 +6.5716e-01 +4.5002e-01 +4.2920e-01 +3.6823e-01 -3.6270e-01 +4.4888e-01 +1.3212e-01 -7.6678e-01
26 0 +4.808030572e+01 +2.504030572e+01 +2.504030572e+01 +1.1555e+00 +5.8982e-01 -1.1668e+00 -1.0924e+00 -6.9664e-01 +5.7188e-01 -1.0504e+00 -1.0168e+00 -3.9529e-01 +6.7841e-01 +5.2541e-02 -7.4209e-01 +1.8164e+00 +8.0115e-01 +7.6409e-01 +6.5554e-01 -6.4569e-01 +7.9912e-01 +2.3521e-01 -3.3350e-01
27 0 +3.336232234e+01 +1.032232234e+01 +1.032232234e+01 +1.5398e+00 +7.8603e-01 -1.5549e+00 -1.4557e+00 -9.2838e-01 +7.6211e-01 -1.3998e+00 -1.3551e+00 -5.2678e-01 +9.0407e-01 +7.0019e-02 -9.8895e-01 +1.7117e+00 +1.0676e+00 +1.0183e+00 +8.7360e-01 -8.6048e-01 +1.0649e+00 +3.1345e-01 -8.4851e-01
28 0 +3.233188793e+01 +9.291887925e+00 +9.291887925e+00 +1.5681e+00 +8.0045e-01 -1.4095e+00 -1.4824e+00 -9.4541e-01 +7.7609e-01 -1.4255e+00 -1.3799e+00 -5.3645e-01 +9.2066e-01 +7.1304e-02 -1.0071e+00 +1.8042e+00 +1.0872e+00 +1.0369e+00 +8.8963e-01 -8.7627e-01 +1.0845e+00 +3.1920e-01 -9.4915e-01
30 0 +3.148219202e+01 +8.442192017e+00 +8.442192017e+00 +1.4829e+00 +8.1270e-01 -1.4867e+00 -1.4062e+00 -9.5988e-01 +7.8797e-01 -1.4473e+00 -1.4010e+00 -5.4466e-01 +9.3475e-01 +7.2395e-02 -1.0225e+00 +1.8827e+00 +1.1039e+00 +1.0528e+00 +9.0324e-01 -8.8968e-01 +1.1011e+00 +3.2408e-01 -1.0347e+00
36 0 +3.075420236e+01 +7.714202364e+00 +7.714202364e+00 +1.5482e+00 +7.9603e-01 -1.5518e+00 -1.4672e+00 -9.4136e-01 +7.7096e-01 -1.4146e+00 -1.3768e+00 -5.7960e-01 +9.1972e-01 +4.5758e-02 -1.0047e+00 +1.9490e+00 +1.0911e+00 +1.0394e+00 +8.8779e-01 -8.7238e-01 +1.0883e+00 +3.0083e-01 -1.1065e+00
% f evaluations | g evaluations | best noise-free fitness - Fopt (1.084500000000e+02) + sum g_i+ | measured fitness | best measured fitness or single-digit g-values | x1 | x2...
1 0 +1.090434918e+02 +2.174934918e+02 +2.174934918e+02 +0.0000e+00 +0.0000e+00 +0.0000e+00 +0.0000e+00 +0.0000e+00 +0.0000e+00 +0.0000e+00 +0.0000e+00 +0.0000e+00 +0.0000e+00 +0.0000e+00 +0.0000e+00 +0.0000e+00 +0.0000e+00 +0.0000e+00 +0.0000e+00 +0.0000e+00 +0.0000e+00 +0.0000e+00 +0.0000e+00
3 0 +1.086787718e+02 +2.171287718e+02 +2.171287718e+02 +1.0000e-01 +0.0000e+00 +0.0000e+00 +0.0000e+00 +0.0000e+00 +0.0000e+00 +0.0000e+00 +0.0000e+00 +0.0000e+00 +0.0000e+00 +0.0000e+00 +0.0000e+00 +0.0000e+00 +0.0000e+00 +0.0000e+00 +0.0000e+00 +0.0000e+00 +0.0000e+00 +0.0000e+00 +0.0000e+00
23 0 +1.061979688e+02 +2.146479688e+02 +2.146479688e+02 +1.7540e-02 -3.7553e-02 -1.1538e-02 -3.1201e-03 -3.6561e-02 +1.8555e-02 -1.6955e-02 +1.3727e-01 +2.7943e-02 -3.1428e-02 +6.3480e-04 +8.3524e-03 +3.3971e-03 +2.4942e-02 -2.6585e-03 +1.8763e-02 +1.7571e-02 -5.6517e-03 +2.8458e-02 +2.8281e-02
24 0 +9.811562130e+01 +2.065656213e+02 +2.065656213e+02 +8.7779e-02 -1.8794e-01 -5.7743e-02 -1.5615e-02 -1.8297e-01 +9.2862e-02 -8.4853e-02 +2.8528e-01 +1.3984e-01 -1.5729e-01 +3.1769e-03 +4.1801e-02 +1.7001e-02 +1.2482e-01 -1.3305e-02 +9.3902e-02 +8.7933e-02 -2.8284e-02 +1.4242e-01 +1.4154e-01
25 0 +6.968803067e+01 +1.781380307e+02 +1.781380307e+02 +3.0150e-01 -8.6500e-01 -3.1417e-01 -1.3594e-01 -8.4398e-01 +3.2301e-01 -4.2886e-01 +8.5688e-01 +5.2177e-01 -7.3531e-01 -5.6432e-02 +1.0698e-01 +2.0564e-03 +4.5823e-01 -1.2616e-01 +3.2741e-01 +3.0215e-01 -1.8954e-01 +5.3268e-01 +5.2894e-01
26 0 +2.778274217e+01 +1.362327422e+02 +1.362327422e+02 +1.9635e+00 -1.5283e+00 +1.2056e-01 +6.5409e-01 -1.4654e+00 +2.0279e+00 -2.2277e-01 +1.7875e+00 +2.6229e+00 -1.1401e+00 +8.9208e-01 +1.3812e+00 +1.0672e+00 +2.4327e+00 +6.8335e-01 +2.0411e+00 +1.9655e+00 +4.9364e-01 +2.6556e+00 +2.6443e+00
27 0 +7.001490969e+00 +1.154514910e+02 +1.154514910e+02 +2.3649e+00 -4.4640e+00 -1.2393e+00 -1.9595e-01 -4.3409e+00 +2.4908e+00 -1.9108e+00 +2.2186e+00 +3.6543e+00 -3.7048e+00 +2.6948e-01 +1.2261e+00 +6.1188e-01 +3.2824e+00 -1.3872e-01 +2.5165e+00 +2.3687e+00 -5.0973e-01 +3.7182e+00 +3.6963e+00
28 0 +5.724420595e+00 +1.141744206e+02 +1.141744206e+02 +2.3906e+00 -3.3732e+00 -1.4140e+00 -3.1259e-01 -4.6880e+00 +2.5235e+00 -2.1228e+00 +3.7168e+00 +3.7517e+00 -4.0165e+00 +1.7871e-01 +1.1885e+00 +5.4014e-01 +3.3591e+00 -2.5219e-01 +2.5507e+00 +2.3946e+00 -6.4382e-01 +3.8192e+00 +3.7960e+00
30 0 +5.071018053e+00 +1.135210181e+02 +1.135210181e+02 +2.3974e+00 -4.1863e+00 -1.5139e+00 -3.8159e-01 -4.0929e+00 +2.5341e+00 -2.2425e+00 +4.5139e+00 +3.7968e+00 -3.4583e+00 +1.2350e-01 +1.1616e+00 +4.9507e-01 +3.3931e+00 -3.1949e-01 +2.5620e+00 +2.4016e+00 -7.2211e-01 +3.8661e+00 +3.8423e+00
32 0 +4.972860436e+00 +1.134228604e+02 +1.134228604e+02 +2.3758e+00 -4.3254e+00 -1.1805e+00 -4.1653e-01 -4.2311e+00 +2.5131e+00 -1.8412e+00 +4.6502e+00 +3.7818e+00 -3.5733e+00 +9.0979e-02 +1.1341e+00 +4.6433e-01 +3.3763e+00 -3.5413e-01 +2.5412e+00 +2.3800e+00 -7.5868e-01 +3.8515e+00 +3.8276e+00
36 0 +4.889403899e+00 +1.133394039e+02 +1.133394039e+02 +2.3325e+00 -4.4201e+00 -1.2118e+00 -1.7501e-01 -4.3253e+00 +2.4703e+00 -1.8884e+00 +4.7429e+00 +3.7433e+00 -3.6515e+00 +2.0958e-01 +1.0866e+00 +4.1455e-01 +3.3364e+00 -2.1211e-01 +2.4984e+00 +2.3367e+00 -4.8934e-01 +3.8133e+00 +3.7893e+00
% f evaluations | g evaluations | best noise-free fitness - Fopt (2.606200000000e+02) + sum g_i+ | measured fitness | best measured fitness or single-digit g-values | x1 | x2...
1 0 +1.148728141e+02 +3.754928141e+02 +3.754928141e+02 +0.0000e+00 +0.0000e+00 +0.0000e+00 +0.0000e+00 +0.0000e+00 +0.0000e+00 +0.0000e+00 +0.0000e+00 +0.0000e+00 +0.0000e+00 +0.0000e+00 +0.0000e+00 +0.0000e+00 +0.0000e+00 +0.0000e+00 +0.0000e+00 +0.0000e+00 +0.0000e+00 +0.0000e+00 +0.0000e+00
3 0 +1.148634541e+02 +3.754834541e+02 +3.754834541e+02 +1.0000e-01 +0.0000e+00 +0.0000e+00 +0.0000e+00 +0.0000e+00 +0.0000e+00 +0.0000e+00 +0.0000e+00 +0.0000e+00 +0.0000e+00 +0.0000e+00 +0.0000e+00 +0.0000e+00 +0.0000e+00 +0.0000e+00 +0.0000e+00 +0.0000e+00 +0.0000e+00 +0.0000e+00 +0.0000e+00
4 0 +1.141152941e+02 +3.747352941e+02 +3.747352941e+02 +0.0000e+00 +1.0000e-01 +0.0000e+00 +0.0000e+00 +0.0000e+00 +0.0000e+00 +0.0000e+00 +0.0000e+00 +0.0000e+00 +0.0000e+00 +0.0000e+00 +0.0000e+00 +0.0000e+00 +0.0000e+00 +0.0000e+00 +0.0000e+00 +0.0000e+00 +0.0000e+00 +0.0000e+00 +0.0000e+00
23 0 +1.119892601e+02 +3.726092601e+02 +3.726092601e+02 +4.3931e-04 +1.3555e-01 +2.4575e-02 -2.3539e-02 -3.2227e-02 +3.5298e-02 -1.1628e-02 +1.6637e-02 +2.6159e-02 +1.8402e-02 +1.7291e-02 +3.2355e-02 +7.5208e-03 -7.2204e-03 +1.4080e-03 +2.1211e-02 -3.7799e-02 +1.7779e-02 -3.0076e-03 -1.4069e-02
24 0 +1.036850579e+02 +3.643050579e+02 +3.643050579e+02 +2.1975e-03 +2.7721e-01 +1.2293e-01 -1.1775e-01 -1.6121e-01 +1.7657e-01 -5.8169e-02 +8.3224e-02 +1.3086e-01 +9.2052e-02 +8.6492e-02 +1.6185e-01 +3.7621e-02 -3.6118e-02 +7.0434e-03 +1.0610e-01 -1.8908e-01 +8.8934e-02 -1.5045e-02 -7.0377e-02
25 0 +7.397612388e+01 +3.345961239e+02 +3.345961239e+02 -3.4871e-02 +8.5097e-01 +4.7942e-01 -5.4581e-01 -7.3095e-01 +7.0793e-01 -2.9202e-01 +3.1029e-01 +5.1319e-01 +3.4789e-01 +3.2421e-01 +6.4520e-01 +1.1603e-01 -1.9809e-01 -1.4229e-02 +4.0774e-01 -8.4968e-01 +3.3461e-01 -1.0832e-01 -3.4402e-01
26 0 +3.480397440e+01 +2.954239744e+02 +2.954239744e+02 +6.7781e-01 +3.2890e+00 +2.3046e+00 -9.3838e-01 -1.5240e+00 +3.0274e+00 -1.3560e-01 +1.7696e+00 +2.4114e+00 +1.8886e+00 +1.8136e+00 +2.8290e+00 +1.1551e+00 +1.6152e-01 +7.4311e-01 +2.0779e+00 +8.0208e-01 +1.8465e+00 +4.4548e-01 -3.0010e-01
27 0 +9.904604643e+00 +2.705246046e+02 +2.705246046e+02 -2.0994e-01 +5.0000e+00 +2.9731e+00 -3.3722e+00 -4.5180e+00 +4.3874e+00 -1.8015e+00 +1.9263e+00 +3.1821e+00 +2.1590e+00 +2.0125e+00 +3.9991e+00 +7.2398e-01 -1.2201e+00 -8.2182e-02 +2.5294e+00 -1.9540e+00 +2.0768e+00 -6.6452e-01 -2.1233e+00
30 0 +8.824869855e+00 +2.694448699e+02 +2.694448699e+02 -2.0422e-01 +5.0000e+00 +3.1078e+00 -1.5952e+00 -5.0000e+00 +4.5793e+00 -1.8602e+00 +2.0186e+00 +3.3252e+00 +2.2607e+00 +2.1082e+00 +4.1754e+00 +7.6753e-01 -1.2553e+00 -7.1290e-02 +2.6461e+00 -3.0675e+00 +2.1752e+00 -6.7722e-01 -8.0398e-01
32 0 +7.620820666e+00 +2.682408207e+02 +2.682408207e+02 -2.4312e-01 +5.0000e+00 +3.1202e+00 -1.8148e+00 -5.0000e+00 +4.6145e+00 -7.0027e-01 +2.0141e+00 +3.3410e+00 +2.2600e+00 +2.1051e+00 +4.2043e+00 +7.4369e-01 -2.8431e-01 -1.0813e-01 +2.6514e+00 -3.5073e+00 +2.1732e+00 -7.2345e-01 -9.5162e-01
34 0 +6.907080612e+00 +2.675270806e+02 +2.675270806e+02 +2.5568e-01 +4.9901e+00 +3.0998e+00 -1.8966e+00 -5.0000e+00 +4.6025e+00 -7.2479e-01 +1.9875e+00 +3.3218e+00 +2.2348e+00 +2.0790e+00 +4.1900e+00 +7.1001e-01 -3.0234e-01 -1.4656e-01 +2.6283e+00 -3.6664e+00 +2.1474e+00 -1.3337e-01 -1.0068e+00
36 0 +6.494814622e+00 +2.671148146e+02 +2.671148146e+02 +2.5840e-01 +4.9739e+00 +3.0793e+00 -1.9313e+00 -5.0000e+00 +4.5855e+00 -7.3513e-01 +1.9645e+00 +3.3018e+00 +2.2123e+00 +2.0562e+00 +4.1720e+00 +9.3599e-01 -3.0996e-01 +1.6727e-01 +2.6068e+00 -3.7318e+00 +2.1248e+00 -1.3305e-01 -1.0303e+00
37 0 +6.318593213e+00 +2.669385932e+02 +2.669385932e+02 +2.5924e-01 +4.8752e+00 +3.0775e+00 -1.9444e+00 -5.0000e+00 +4.5837e+00 -7.3879e-01 +2.1374e+00 +3.3001e+00 +2.2106e+00 +2.0545e+00 +4.1702e+00 +9.3825e-01 -3.1241e-01 +1.6835e-01 +2.6050e+00 -3.7397e+00 +2.1230e+00 -1.3292e-01 -1.0393e+00
% f evaluations | g evaluations | best noise-free fitness - Fopt (-3.553300000000e+02) + sum g_i+ | measured fitness | best measured fitness or single-digit g-values | x1 | x2...
1 0 +9.865219968e+01 -2.566778003e+02 -2.566778003e+02 +0.0000e+00 +0.0000e+00 +0.0000e+00 +0.0000e+00 +0.0000e+00 +0.0000e+00 +0.0000e+00 +0.0000e+00 +0.0000e+00 +0.0000e+00 +0.0000e+00 +0.0000e+00 +0.0000e+00 +0.0000e+00 +0.0000e+00 +0.0000e+00 +0.0000e+00 +0.0000e+00 +0.0000e+00 +0.0000e+00
9 0 +9.830811968e+01 -2.570218803e+02 -2.570218803e+02 +0.0000e+00 +0.0000e+00 +0.0000e+00 +0.0000e+00 +0.0000e+00 +0.0000e+00 +1.0000e-01 +0.0000e+00 +0.0000e+00 +0.0000e+00 +0.0000e+00 +0.0000e+00 +0.0000e+00 +0.0000e+00 +0.0000e+00 +0.0000e+00 +0.0000e+00 +0.0000e+00 +0.0000e+00 +0.0000e+00
% f evaluations | g evaluations | best noise-free fitness - Fopt (2.257700000000e+02) + sum g_i+ | measured fitness | best measured fitness or single-digit g-values | x1 | x2...
1 0 +1.158410797e+02 +3.416110797e+02 +3.416110797e+02 +0.0000e+00 +0.0000e+00 +0.0000e+00 +0.0000e+00 +0.0000e+00 +0.0000e+00 +0.0000e+00 +0.0000e+00 +0.0000e+00 +0.0000e+00 +0.0000e+00 +0.0000e+00 +0.0000e+00 +0.0000e+00 +0.0000e+00 +0.0000e+00 +0.0000e+00 +0.0000e+00 +0.0000e+00 +0.0000e+00
3 0 +1.155157197e+02 +3.412857197e+02 +3.412857197e+02 +1.0000e-01 +0.0000e+00 +0.0000e+00 +0.0000e+00 +0.0000e+00 +0.0000e+00 +0.0000e+00 +0.0000e+00 +0.0000e+00 +0.0000e+00 +0.0000e+00 +0.0000e+00 +0.0000e+00 +0.0000e+00 +0.0000e+00 +0.0000e+00 +0.0000e+00 +0.0000e+00 +0.0000e+00 +0.0000e+00
23 0 +1.130781102e+02 +3.388481102e+02 +3.388481102e+02 +1.5072e-02 -3.5255e-02 +7.5231e-04 +9.3428e-03 -2.9689e-02 +1.2256e-02 -4.7103e-03 +2.8769e-02 -1.0477e-02 +1.5465e-02 +2.1365e-02 -2.0060e-02 -3.5633e-02 +3.9469e-03 -2.7917e-02 +9.5206e-03 +1.2903e-01 -2.7413e-02 -3.6419e-02 +1.6644e-02
24 0 +1.047328380e+02 +3.305028380e+02 +3.305028380e+02 +7.5500e-02 -1.7660e-01 +3.7685e-03 +4.6800e-02 -1.4872e-01 +6.1391e-02 -2.3595e-02 +1.4411e-01 -5.2481e-02 +7.7468e-02 +1.0702e-01 -1.0049e-01 -1.7849e-01 +1.9771e-02 -1.3984e-01 +4.7691e-02 +2.4220e-01 -1.3732e-01 -1.8243e-01 +8.3371e-02
25 0 +7.561366608e+01 +3.013836661e+02 +3.013836661e+02 +4.1105e-01 -6.4240e-01 +1.1130e-01 +2.9112e-01 -5.2589e-01 +3.5209e-01 -3.0396e-03 +6.9776e-01 -1.2374e-01 +4.1927e-01 +5.4277e-01 -3.2435e-01 -6.5031e-01 +1.7817e-01 -4.8881e-01 +2.9484e-01 +8.3564e-01 -4.7826e-01 -6.6676e-01 +4.4394e-01
26 0 +1.476506640e+01 +2.405350664e+02 +2.405350664e+02 +7.5478e-01 -3.1863e+00 -3.6659e-01 +3.0612e-01 -2.7504e+00 +5.3422e-01 -7.9435e-01 +1.8274e+00 -1.2459e+00 +7.8555e-01 +1.2476e+00 -1.9964e+00 -3.2159e+00 -1.1643e-01 -2.6116e+00 +3.2005e-01 +9.2645e-01 -2.5722e+00 -3.2774e+00 +8.7783e-01
27 0 +1.364277196e+01 +2.394127720e+02 +2.394127720e+02 +2.7050e+00 -4.1022e+00 +7.6814e-01 +1.9301e+00 -3.3493e+00 +2.3241e+00 +2.9266e-02 +4.5577e+00 -7.5071e-01 +2.7582e+00 +3.5562e+00 -2.0470e+00 -4.1533e+00 +1.2002e+00 -3.1097e+00 +1.9541e+00 +1.5196e+00 -3.0415e+00 -4.2596e+00 +2.9176e+00
31 0 +1.316909756e+01 +2.389390976e+02 +2.389390976e+02 +2.6257e+00 -3.3681e+00 +6.3485e-01 +1.8291e+00 -3.5972e+00 +2.2341e+00 -1.2460e-01 +5.0000e+00 -9.2629e-01 +2.6803e+00 +3.5005e+00 -2.2587e+00 -3.4530e+00 +1.0790e+00 -3.3509e+00 +1.8539e+00 +2.1989e+00 -3.2809e+00 -4.9778e+00 +2.8441e+00
33 0 +1.163911204e+01 +2.374091120e+02 +2.374091120e+02 +2.5831e+00 -3.5729e+00 +5.7312e-01 +1.7789e+00 -3.1084e+00 +2.1878e+00 -1.9362e-01 +5.0000e+00 -1.0030e+00 +2.6382e+00 +3.4663e+00 -2.3482e+00 -3.6679e+00 +1.0215e+00 -2.8969e+00 +1.8039e+00 +2.4378e+00 -3.3802e+00 -5.0000e+00 +2.8036e+00
35 0 +1.081167355e+01 +2.365816735e+02 +2.365816735e+02 +2.5575e+00 -3.6644e+00 +5.3896e-01 +1.7499e+00 -3.1453e+00 +2.1605e+00 -2.3106e-01 +5.0000e+00 -1.0439e+00 +2.6129e+00 +3.4446e+00 -2.1368e+00 -3.7639e+00 +9.8928e-01 -2.9341e+00 +1.7750e+00 +2.5445e+00 -3.1091e+00 -5.0000e+00 +2.7790e+00
37 0 +1.057333174e+01 +2.363433317e+02 +2.363433317e+02 +2.5364e+00 -3.6904e+00 +5.1524e-01 +1.7277e+00 -3.1558e+00 +2.1389e+00 -1.2365e-01 +5.0000e+00 -8.9726e-01 +2.5918e+00 +3.4246e+00 -2.1430e+00 -3.7913e+00 +9.6613e-01 -2.9448e+00 +1.7528e+00 +2.5745e+00 -3.1180e+00 -5.0000e+00 +2.7582e+00
39 0 +1.042584369e+01 +2.361958437e+02 +2.361958437e+02 +2.5269e+00 -3.7357e+00 +4.9772e-01 +1.7090e+00 -3.1744e+00 +2.1248e+00 -1.4044e-01 +5.0000e+00 -9.1306e-01 +2.5829e+00 +3.4251e+00 -2.1631e+00 -3.8495e+00 +9.3880e-01 -2.9712e+00 +1.7344e+00 +2.5631e+00 -3.1352e+00 -5.0000e+00 +2.7511e+00
% f evaluations | g evaluations | best noise-free fitness - Fopt (1.004400000000e+02) + sum g_i+ | measured fitness | best measured fitness or single-digit g-values | x1 | x2...
1 0 +1.422907789e+02 +2.427307789e+02 +2.427307789e+02 +0.0000e+00 +0.0000e+00 +0.0000e+00 +0.0000e+00 +0.0000e+00 +0.0000e+00 +0.0000e+00 +0.0000e+00 +0.0000e+00 +0.0000e+00 +0.0000e+00 +0.0000e+00 +0.0000e+00 +0.0000e+00 +0.0000e+00 +0.0000e+00 +0.0000e+00 +0.0000e+00 +0.0000e+00 +0.0000e+00
3 0 +1.422550189e+02 +2.426950189e+02 +2.426950189e+02 +1.0000e-01 +0.0000e+00 +0.0000e+00 +0.0000e+00 +0.0000e+00 +0.0000e+00 +0.0000e+00 +0.0000e+00 +0.0000e+00 +0.0000e+00 +0.0000e+00 +0.0000e+00 +0.0000e+00 +0.0000e+00 +0.0000e+00 +0.0000e+00 +0.0000e+00 +0.0000e+00 +0.0000e+00 +0.0000e+00
23 0 +1.391422484e+02 +2.395822484e+02 +2.395822484e+02 +1.4967e-03 -2.8907e-02 -1.4422e-02 +2.1266e-02 -1.0055e-02 +1.3544e-02 -3.3066e-02 +2.6576e-02 -3.2490e-02 +1.4723e-02 +1.3264e-01 +1.4696e-02 -3.2423e-02 +3.1900e-02 -5.8296e-03 -2.3138e-03 -5.3943e-03 -2.8083e-02 -2.2953e-02 +2.0281e-02
24 0 +1.298671715e+02 +2.303071715e+02 +2.303071715e+02 +7.4962e-03 -1.4478e-01 -7.2229e-02 +1.0651e-01 -5.0361e-02 +6.7835e-02 -1.6560e-01 +1.3310e-01 -1.6272e-01 +7.3738e-02 +2.6088e-01 +7.3604e-02 -1.6238e-01 +1.5977e-01 -2.9197e-02 -1.1588e-02 -2.7017e-02 -1.4065e-01 -1.1496e-01 +1.0158e-01
25 0 +9.600137042e+01 +1.964413704e+02 +1.964413704e+02 +3.1803e-02 -6.1421e-01 -3.0643e-01 +4.5185e-01 -2.1365e-01 +2.8779e-01 -7.0257e-01 +5.6469e-01 -6.9034e-01 +3.1283e-01 +7.1223e-01 +3.1226e-01 -6.8891e-01 +6.7781e-01 -1.2387e-01 -4.9162e-02 -1.1462e-01 -5.9671e-01 -4.8771e-01 +4.3094e-01
26 0 +7.797468311e+01 +1.784146831e+02 +1.784146831e+02 +7.8283e-01 -3.7438e-01 +1.7695e-01 +1.5353e+00 +3.4314e-01 +1.2414e+00 -5.3267e-01 +1.7374e+00 -5.1075e-01 +1.2862e+00 +2.4535e+00 +1.2852e+00 -5.0820e-01 +1.9400e+00 +5.0398e-01 +6.3780e-01 +5.2055e-01 -3.4303e-01 -1.4778e-01 +1.4978e+00
27 0 +2.901943462e+01 +1.294594346e+02 +1.294594346e+02 +7.6492e-01 -1.5652e+00 -4.5506e-01 +2.2800e+00 -1.2043e-01 +1.6882e+00 -1.8839e+00 +2.6870e+00 -1.8398e+00 +1.7786e+00 +2.4929e+00 +1.7765e+00 -1.8347e+00 +3.0950e+00 +2.0343e-01 +4.7288e-01 +2.3679e-01 -1.5021e+00 -1.1089e+00 +2.2046e+00
28 0 +2.111414981e+01 +1.215541498e+02 +1.215541498e+02 +7.1446e-01 -1.9939e+00 -7.0353e-01 +2.4755e+00 -3.1459e-01 +1.7876e+00 -2.3643e+00 +2.9485e+00 -2.3130e+00 +1.8926e+00 +4.1859e+00 +1.8902e+00 -2.3071e+00 +1.5505e+00 +6.1835e-02 +3.7502e-01 +1.0061e-01 -1.9205e+00 -1.4635e+00 +2.3878e+00
29 0 +1.883551258e+01 +1.192755126e+02 +1.192755126e+02 +7.0841e-01 -2.1145e+00 -7.6958e-01 +2.5439e+00 -3.6418e-01 +1.8270e+00 -2.5006e+00 +1.8414e+00 -2.4472e+00 +1.9364e+00 +4.7004e+00 +1.9340e+00 -2.4409e+00 +2.1082e+00 +2.8172e-02 +3.5461e-01 +6.8588e-02 -2.0380e+00 -1.5617e+00 +2.4525e+00
31 0 +1.711492310e+01 +1.175549231e+02 +1.175549231e+02 +6.3914e-01 -2.2682e+00 -8.8307e-01 +1.8098e+00 -4.6554e-01 +1.7912e+00 -1.9606e+00 +2.1768e+00 -2.6108e+00 +1.9039e+00 +5.0000e+00 +1.9014e+00 -2.6044e+00 +2.5089e+00 -6.1449e-02 +2.7476e-01 -1.9823e-02 -2.1895e+00 -1.6989e+00 +2.4354e+00
33 0 +1.595839846e+01 +1.163983985e+02 +1.163983985e+02 +6.0817e-01 -2.3351e+00 -9.3282e-01 +1.9187e+00 -5.1014e-01 +1.7745e+00 -2.1246e+00 +2.3192e+00 -2.2639e+00 +1.8886e+00 +5.0000e+00 +1.8860e+00 -2.6754e+00 +2.6789e+00 -1.0106e-01 +2.3929e-01 -5.8922e-02 -2.2553e+00 -1.7588e+00 +2.0053e+00
35 0 +1.541738605e+01 +1.158573861e+02 +1.158573861e+02 +5.5964e-01 -2.1804e+00 -9.8962e-01 +1.9632e+00 -5.6466e-01 +1.7322e+00 -2.1912e+00 +2.3771e+00 -2.3214e+00 +1.8469e+00 +5.0000e+00 +1.8443e+00 -2.4937e+00 +2.7481e+00 -1.5340e-01 +1.8878e-01 -1.1103e-01 -2.3192e+00 -1.8200e+00 +2.0346e+00
39 0 +1.506473812e+01 +1.155047381e+02 +1.155047381e+02 +5.1651e-01 -2.2112e+00 -9.5196e-01 +1.9899e+00 -5.4114e-01 +1.6930e+00 -2.2311e+00 +2.4118e+00 -2.3559e+00 +1.8081e+00 +5.0000e+00 +1.8055e+00 -2.5275e+00 +2.7896e+00 -1.9892e-01 +1.4440e-01 -1.5642e-01 -2.2294e+00 -1.7482e+00 +2.0522e+00
41 0 +1.450165881e+01 +1.149416588e+02 +1.149416588e+02 +5.1986e-01 -2.2322e+00 -9.5826e-01 +2.0259e+00 -5.4461e-01 +1.7158e+00 -2.2570e+00 +2.4516e+00 -2.3823e+00 +1.8328e+00 +5.0000e+00 +1.8302e+00 -2.5484e+00 +2.8349e+00 -1.9691e-01 +1.4160e-01 -1.6421e-01 -2.2467e+00 -1.7627e+00 +2.0730e+00
