% f evaluations | g evaluations | best noise-free fitness - Fopt (-9.210000000000e+00) + sum g_i+ | measured fitness | best measured fitness or single-digit g-values | x1 | x2...
1 0 +7.081138830e+01 +6.160138830e+01 +6.160138830e+01 +0.0000e+00 +0.0000e+00 +0.0000e+00
3 0 +7.071138830e+01 +6.150138830e+01 +6.150138830e+01 +1.0000e-01 +0.0000e+00 +0.0000e+00
6 0 +6.875782293e+01 +5.954782293e+01 +5.954782293e+01 +9.4916e-03 +3.0015e-02 +1.9492e-01
7 0 +6.454356142e+01 +5.533356142e+01 +5.533356142e+01 +4.7458e-02 +1.5008e-01 +5.7458e-01
8 0 +4.768651542e+01 +3.847651542e+01 +3.847651542e+01 +1.9932e-01 +6.3032e-01 +2.0932e+00
9 0 +9.210000000e+00 +0.000000000e+00 +0.000000000e+00 +1.0547e+00 +3.3352e+00 +5.0000e+00
% f evaluations | g evaluations | best noise-free fitness - Fopt (6.559900000000e+02) + sum g_i+ | measured fitness | best measured fitness or single-digit g-values | x1 | x2...
1 0 +7.081138830e+01 +7.268013883e+02 +7.268013883e+02 +0.0000e+00 +0.0000e+00 +0.0000e+00
3 0 +7.071138830e+01 +7.267013883e+02 +7.267013883e+02 +1.0000e-01 +0.0000e+00 +0.0000e+00
7 0 +6.544356142e+01 +7.214335614e+02 +7.214335614e+02 +1.4746e-01 -1.5008e-01 -4.7458e-01
8 0 +4.858651542e+01 +7.045765154e+02 +7.045765154e+02 +2.9932e-01 -6.3032e-01 -1.9932e+00
9 0 +1.119447981e+00 +6.571094480e+02 +6.571094480e+02 +3.8806e+00 -5.0000e+00 -5.0000e+00
10 0 +0.000000000e+00 +6.559900000e+02 +6.559900000e+02 +5.0000e+00 -5.0000e+00 -5.0000e+00
% f evaluations | g evaluations | best noise-free fitness - Fopt (6.671000000000e+01) + sum g_i+ | measured fitness | best measured fitness or single-digit g-values | x1 | x2...
1 0 +7.081138830e+01 +1.375213883e+02 +1.375213883e+02 +0.0000e+00 +0.0000e+00 +0.0000e+00
6 0 +6.975782293e+01 +1.364678229e+02 +1.364678229e+02 -9.4916e-03 -3.0015e-02 -9.4916e-02
7 0 +6.554356142e+01 +1.322535614e+02 +1.322535614e+02 -4.7458e-02 -1.5008e-01 -4.7458e-01
8 0 +4.868651542e+01 +1.153965154e+02 +1.153965154e+02 -1.9932e-01 -6.3032e-01 -1.9932e+00
9 0 +1.219447981e+00 +6.792944798e+01 +6.792944798e+01 -3.7806e+00 -5.0000e+00 -5.0000e+00
10 0 +0.000000000e+00 +6.671000000e+01 +6.671000000e+01 -5.0000e+00 -5.0000e+00 -5.0000e+00
% f evaluations | g evaluations | best noise-free fitness - Fopt (9.416700000000e+02) + sum g_i+ | measured fitness | best measured fitness or single-digit g-values | x1 | x2...
1 0 +7.081138830e+01 +1.012481388e+03 +1.012481388e+03 +0.0000e+00 +0.0000e+00 +0.0000e+00
5 0 +6.981138830e+01 +1.011481388e+03 +1.011481388e+03 +0.0000e+00 +0.0000e+00 +1.0000e-01
6 0 +6.875782293e+01 +1.010427823e+03 +1.010427823e+03 -9.4916e-03 -3.0015e-02 +1.9492e-01
7 0 +6.454356142e+01 +1.006213561e+03 +1.006213561e+03 -4.7458e-02 -1.5008e-01 +5.7458e-01
8 0 +4.768651542e+01 +9.893565154e+02 +9.893565154e+02 -1.9932e-01 -6.3032e-01 +2.0932e+00
9 0 +1.137815419e+00 +9.428078154e+02 +9.428078154e+02 -3.8622e+00 -5.0000e+00 +5.0000e+00
10 0 +0.000000000e+00 +9.416700000e+02 +9.416700000e+02 -5.0000e+00 -5.0000e+00 +5.0000e+00
% f evaluations | g evaluations | best noise-free fitness - Fopt (-3.745000000000e+01) + sum g_i+ | measured fitness | best measured fitness or single-digit g-values | x1 | x2...
1 0 +7.081138830e+01 +3.336138830e+01 +3.336138830e+01 +0.0000e+00 +0.0000e+00 +0.0000e+00
3 0 +7.071138830e+01 +3.326138830e+01 +3.326138830e+01 +1.0000e-01 +0.0000e+00 +0.0000e+00
6 0 +6.875782293e+01 +3.130782293e+01 +3.130782293e+01 +9.4916e-03 +3.0015e-02 +1.9492e-01
7 0 +6.454356142e+01 +2.709356142e+01 +2.709356142e+01 +4.7458e-02 +1.5008e-01 +5.7458e-01
8 0 +4.768651542e+01 +1.023651542e+01 +1.023651542e+01 +1.9932e-01 +6.3032e-01 +2.0932e+00
9 0 +3.745000000e+01 +0.000000000e+00 +0.000000000e+00 +2.9154e-01 +9.2194e-01 +3.0154e+00
121 0 +1.262487141e+01 -2.482512859e+01 -2.482512859e+01 +3.3348e-01 +4.3342e+00 +4.4147e+00
122 0 +1.218340034e+01 -2.526659966e+01 -2.526659966e+01 +7.7495e-01 +4.3342e+00 +4.4147e+00
123 0 +1.122881732e+01 -2.622118268e+01 -2.622118268e+01 +3.3348e-01 +4.7757e+00 +4.4147e+00
124 0 +8.210160759e+00 -2.923983924e+01 -2.923983924e+01 +3.3348e-01 +4.3342e+00 +4.8562e+00
% f evaluations | g evaluations | best noise-free fitness - Fopt (-1.000000000000e+03) + sum g_i+ | measured fitness | best measured fitness or single-digit g-values | x1 | x2...
1 0 +7.081138830e+01 -9.291886117e+02 -9.291886117e+02 +0.0000e+00 +0.0000e+00 +0.0000e+00
68 0 +5.897610579e+01 -9.410238942e+02 -9.410238942e+02 -9.8362e-01 -2.2355e-01 -1.0145e+00
102 0 +3.170016934e+01 -9.682998307e+02 -9.682998307e+02 +1.3546e+00 -2.1031e-01 -3.9801e+00
% f evaluations | g evaluations | best noise-free fitness - Fopt (-1.040300000000e+02) + sum g_i+ | measured fitness | best measured fitness or single-digit g-values | x1 | x2...
1 0 +7.081138830e+01 -3.321861170e+01 -3.321861170e+01 +0.0000e+00 +0.0000e+00 +0.0000e+00
3 0 +7.071138830e+01 -3.331861170e+01 -3.331861170e+01 +1.0000e-01 +0.0000e+00 +0.0000e+00
17 0 +4.650260828e+01 -5.752739172e+01 -5.752739172e+01 +1.1646e+00 -1.6439e+00 +1.7946e+00
20 0 +4.470804734e+01 -5.932195266e+01 -5.932195266e+01 +1.1646e+00 -1.6439e+00 +1.9740e+00
52 0 +4.322207188e+01 -6.080792812e+01 -6.080792812e+01 -2.5034e+00 -3.4186e+00 +1.9282e+00
55 0 +3.980346086e+01 -6.422653914e+01 -6.422653914e+01 -2.5034e+00 -3.4186e+00 +2.2701e+00
74 0 +3.644971248e+01 -6.758028752e+01 -6.758028752e+01 +1.6880e+00 -4.1517e+00 +1.9545e+00
149 0 +3.055676129e+01 -7.347323871e+01 -7.347323871e+01 +4.5381e+00 -2.0170e+00 +2.9338e+00
150 0 +3.010295159e+01 -7.392704841e+01 -7.392704841e+01 +4.9919e+00 -2.0170e+00 +2.9338e+00
152 0 +2.601866431e+01 -7.801133569e+01 -7.801133569e+01 +4.5381e+00 -2.0170e+00 +3.3876e+00
305 0 +1.783837393e+01 -8.619162607e+01 -8.619162607e+01 +5.5521e-01 -4.2036e+00 +3.9125e+00
306 0 +1.741801462e+01 -8.661198538e+01 -8.661198538e+01 +9.7557e-01 -4.2036e+00 +3.9125e+00
308 0 +1.363478077e+01 -9.039521923e+01 -9.039521923e+01 +5.5521e-01 -4.2036e+00 +4.3328e+00
% f evaluations | g evaluations | best noise-free fitness - Fopt (9.284000000000e+01) + sum g_i+ | measured fitness | best measured fitness or single-digit g-values | x1 | x2...
1 0 +7.081138830e+01 +1.636513883e+02 +1.636513883e+02 +0.0000e+00 +0.0000e+00 +0.0000e+00
6 0 +6.975782293e+01 +1.625978229e+02 +1.625978229e+02 -9.4916e-03 -3.0015e-02 -9.4916e-02
7 0 +6.554356142e+01 +1.583835614e+02 +1.583835614e+02 -4.7458e-02 -1.5008e-01 -4.7458e-01
8 0 +4.868651542e+01 +1.415265154e+02 +1.415265154e+02 -1.9932e-01 -6.3032e-01 -1.9932e+00
9 0 +1.219447981e+00 +9.405944798e+01 +9.405944798e+01 -3.7806e+00 -5.0000e+00 -5.0000e+00
10 0 +0.000000000e+00 +9.284000000e+01 +9.284000000e+01 -5.0000e+00 -5.0000e+00 -5.0000e+00
% f evaluations | g evaluations | best noise-free fitness - Fopt (2.480000000000e+01) + sum g_i+ | measured fitness | best measured fitness or single-digit g-values | x1 | x2...
1 0 +7.081138830e+01 +9.561138830e+01 +9.561138830e+01 +0.0000e+00 +0.0000e+00 +0.0000e+00
3 0 +7.071138830e+01 +9.551138830e+01 +9.551138830e+01 +1.0000e-01 +0.0000e+00 +0.0000e+00
6 0 +6.875782293e+01 +9.355782293e+01 +9.355782293e+01 +9.4916e-03 -3.0015e-02 +1.9492e-01
7 0 +6.454356142e+01 +8.934356142e+01 +8.934356142e+01 +4.7458e-02 -1.5008e-01 +5.7458e-01
8 0 +4.768651542e+01 +7.248651542e+01 +7.248651542e+01 +1.9932e-01 -6.3032e-01 +2.0932e+00
9 0 +1.137815419e+00 +2.593781542e+01 +2.593781542e+01 +3.8622e+00 -5.0000e+00 +5.0000e+00
10 0 +0.000000000e+00 +2.480000000e+01 +2.480000000e+01 +5.0000e+00 -5.0000e+00 +5.0000e+00
% f evaluations | g evaluations | best noise-free fitness - Fopt (-8.410000000000e+01) + sum g_i+ | measured fitness | best measured fitness or single-digit g-values | x1 | x2...
1 0 +7.081138830e+01 -1.328861170e+01 -1.328861170e+01 +0.0000e+00 +0.0000e+00 +0.0000e+00
3 0 +7.071138830e+01 -1.338861170e+01 -1.338861170e+01 +1.0000e-01 +0.0000e+00 +0.0000e+00
9 0 +6.570640066e+01 -1.839359934e+01 -1.839359934e+01 +1.8925e+00 -1.9680e+00 +3.0109e-01
16 0 +5.311004410e+01 -3.098995590e+01 -3.098995590e+01 +5.0751e-01 -4.5157e+00 -2.9138e-01
29 0 +4.879481078e+01 -3.530518922e+01 -3.530518922e+01 -1.9043e-01 +1.4578e+00 -2.6817e+00
43 0 +3.716005949e+01 -4.693994051e+01 -4.693994051e+01 -9.9244e-03 -1.9091e+00 -2.7624e+00
44 0 +3.688381777e+01 -4.721618223e+01 -4.721618223e+01 +2.6632e-01 -1.9091e+00 -2.7624e+00
143 0 +2.314783892e+01 -6.095216108e+01 -6.095216108e+01 +2.3535e+00 -1.2342e-02 -4.5271e+00
144 0 +2.267494309e+01 -6.142505691e+01 -6.142505691e+01 +2.8264e+00 -1.2342e-02 -4.5271e+00
% f evaluations | g evaluations | best noise-free fitness - Fopt (-2.160000000000e+01) + sum g_i+ | measured fitness | best measured fitness or single-digit g-values | x1 | x2...
1 0 +7.081138830e+01 +4.921138830e+01 +4.921138830e+01 +0.0000e+00 +0.0000e+00 +0.0000e+00
3 0 +7.071138830e+01 +4.911138830e+01 +4.911138830e+01 +1.0000e-01 +0.0000e+00 +0.0000e+00
7 0 +6.544356142e+01 +4.384356142e+01 +4.384356142e+01 +1.4746e-01 -1.5008e-01 -4.7458e-01
8 0 +4.858651542e+01 +2.698651542e+01 +2.698651542e+01 +2.9932e-01 -6.3032e-01 -1.9932e+00
9 0 +2.160000000e+01 -7.105427358e-15 -7.105427358e-15 +5.4244e-01 -1.3991e+00 -4.4244e+00
166 0 +1.638570416e+01 -5.214295843e+00 -5.214295843e+00 +1.0170e+00 -1.6230e+00 -4.8276e+00
% f evaluations | g evaluations | best noise-free fitness - Fopt (9.337000000000e+01) + sum g_i+ | measured fitness | best measured fitness or single-digit g-values | x1 | x2...
1 0 +7.081138830e+01 +1.641813883e+02 +1.641813883e+02 +0.0000e+00 +0.0000e+00 +0.0000e+00
4 0 +7.049516053e+01 +1.638651605e+02 +1.638651605e+02 +0.0000e+00 +1.0000e-01 +0.0000e+00
7 0 +6.522733366e+01 +1.585973337e+02 +1.585973337e+02 -4.7458e-02 +2.5008e-01 -4.7458e-01
8 0 +4.837028765e+01 +1.417402877e+02 +1.417402877e+02 -1.9932e-01 +7.3032e-01 -1.9932e+00
9 0 +1.100793450e+00 +9.447079345e+01 +9.447079345e+01 -3.8992e+00 +5.0000e+00 -5.0000e+00
10 0 +0.000000000e+00 +9.337000000e+01 +9.337000000e+01 -5.0000e+00 +5.0000e+00 -5.0000e+00
% f evaluations | g evaluations | best noise-free fitness - Fopt (-7.820000000000e+01) + sum g_i+ | measured fitness | best measured fitness or single-digit g-values | x1 | x2...
1 0 +7.081138830e+01 -7.388611699e+00 -7.388611699e+00 +0.0000e+00 +0.0000e+00 +0.0000e+00
3 0 +7.071138830e+01 -7.488611699e+00 -7.488611699e+00 +1.0000e-01 +0.0000e+00 +0.0000e+00
9 0 +6.015275098e+01 -1.804724902e+01 -1.804724902e+01 +3.4643e+00 -6.4959e-01 +5.1401e-01
12 0 +5.668843292e+01 -2.151156708e+01 -2.151156708e+01 +3.4643e+00 -6.4959e-01 +8.6045e-01
39 0 +5.380931112e+01 -2.439068888e+01 -2.439068888e+01 +1.4176e+00 -3.9617e+00 +3.0564e-01
40 0 +5.341313934e+01 -2.478686066e+01 -2.478686066e+01 +1.8138e+00 -3.9617e+00 +3.0564e-01
42 0 +4.984759336e+01 -2.835240664e+01 -2.835240664e+01 +1.4176e+00 -3.9617e+00 +7.0182e-01
117 0 +2.005870086e+01 -5.814129914e+01 -5.814129914e+01 -9.8973e-01 -2.2168e+00 +4.4732e+00
118 0 +1.961137849e+01 -5.858862151e+01 -5.858862151e+01 -5.4241e-01 -2.2168e+00 +4.4732e+00
120 0 +1.558547718e+01 -6.261452282e+01 -6.261452282e+01 -9.8973e-01 -2.2168e+00 +4.9205e+00
% f evaluations | g evaluations | best noise-free fitness - Fopt (3.822000000000e+02) + sum g_i+ | measured fitness | best measured fitness or single-digit g-values | x1 | x2...
1 0 +7.081138830e+01 +4.530113883e+02 +4.530113883e+02 +0.0000e+00 +0.0000e+00 +0.0000e+00
5 0 +6.981138830e+01 +4.520113883e+02 +4.520113883e+02 +0.0000e+00 +0.0000e+00 +1.0000e-01
6 0 +6.875782293e+01 +4.509578229e+02 +4.509578229e+02 -9.4916e-03 -3.0015e-02 +1.9492e-01
7 0 +6.454356142e+01 +4.467435614e+02 +4.467435614e+02 -4.7458e-02 -1.5008e-01 +5.7458e-01
8 0 +4.768651542e+01 +4.298865154e+02 +4.298865154e+02 -1.9932e-01 -6.3032e-01 +2.0932e+00
9 0 +1.137815419e+00 +3.833378154e+02 +3.833378154e+02 -3.8622e+00 -5.0000e+00 +5.0000e+00
10 0 +0.000000000e+00 +3.822000000e+02 +3.822000000e+02 -5.0000e+00 -5.0000e+00 +5.0000e+00
% f evaluations | g evaluations | best noise-free fitness - Fopt (4.034800000000e+02) + sum g_i+ | measured fitness | best measured fitness or single-digit g-values | x1 | x2...
1 0 +7.081138830e+01 +4.742913883e+02 +4.742913883e+02 +0.0000e+00 +0.0000e+00 +0.0000e+00
6 0 +6.975782293e+01 +4.732378229e+02 +4.732378229e+02 -9.4916e-03 -3.0015e-02 -9.4916e-02
7 0 +6.554356142e+01 +4.690235614e+02 +4.690235614e+02 -4.7458e-02 -1.5008e-01 -4.7458e-01
8 0 +4.868651542e+01 +4.521665154e+02 +4.521665154e+02 -1.9932e-01 -6.3032e-01 -1.9932e+00
9 0 +1.219447981e+00 +4.046994480e+02 +4.046994480e+02 -3.7806e+00 -5.0000e+00 -5.0000e+00
10 0 +0.000000000e+00 +4.034800000e+02 +4.034800000e+02 -5.0000e+00 -5.0000e+00 -5.0000e+00
