% f evaluations | g evaluations | best noise-free fitness - Fopt (-4.620900000000e+02) + sum g_i+ | measured fitness | best measured fitness or single-digit g-values | x1 | x2...
1 0 +7.012980258e+01 -3.919601974e+02 -3.919601974e+02 +0.0000e+00 +0.0000e+00
3 0 +5.815087296e+01 -4.039391270e+02 -4.039391270e+02 +5.0000e-01 +0.0000e+00
4 0 +5.319391473e+01 -4.088960853e+02 -4.088960853e+02 +0.0000e+00 +5.0000e-01
52 0 +5.030484519e+01 -4.117851548e+02 -4.117851548e+02 -1.1447e+00 +2.1756e+00
53 0 +2.849975867e+01 -4.335902413e+02 -4.335902413e+02 -6.4466e-01 +2.1756e+00
55 0 +2.763871342e+01 -4.344512866e+02 -4.344512866e+02 -1.5741e+00 +1.9196e+00
% f evaluations | g evaluations | best noise-free fitness - Fopt (7.766000000000e+01) + sum g_i+ | measured fitness | best measured fitness or single-digit g-values | x1 | x2...
1 0 +4.609031571e+01 +1.237503157e+02 +1.237503157e+02 +0.0000e+00 +0.0000e+00
3 0 +3.006521952e+01 +1.077252195e+02 +1.077252195e+02 +5.0000e-01 +0.0000e+00
7 0 +2.038771649e+01 +9.804771649e+01 +9.804771649e+01 +4.1511e-01 -9.1750e-02
10 0 +1.637584310e+01 +9.403584310e+01 +9.403584310e+01 +6.3035e-01 -2.1891e-01
15 0 +1.494743531e+01 +9.260743531e+01 +9.260743531e+01 +6.2524e-01 -2.3032e-01
16 0 +1.037889482e+01 +8.803889482e+01 +8.803889482e+01 +6.0234e-01 -2.7477e-01
24 0 +1.005191022e+01 +8.771191022e+01 +8.771191022e+01 +5.8887e-01 -2.7162e-01
25 0 +9.903539811e+00 +8.756353981e+01 +8.756353981e+01 +5.8538e-01 -2.7519e-01
29 0 +9.646056776e+00 +8.730605678e+01 +8.730605678e+01 +5.7145e-01 -2.7027e-01
32 0 +9.486537348e+00 +8.714653735e+01 +8.714653735e+01 +5.6880e-01 -2.7582e-01
36 0 +9.311463759e+00 +8.697146376e+01 +8.697146376e+01 +5.6058e-01 -2.7383e-01
43 0 +8.952617675e+00 +8.661261767e+01 +8.661261767e+01 +5.4386e-01 -2.7653e-01
44 0 +8.673168955e+00 +8.633316895e+01 +8.633316895e+01 +5.0493e-01 -2.8571e-01
50 0 +8.390127082e+00 +8.605012708e+01 +8.605012708e+01 +5.0229e-01 -2.7074e-01
51 0 +8.292246607e+00 +8.595224661e+01 +8.595224661e+01 +5.0081e-01 -2.7551e-01
58 0 +8.055156430e+00 +8.571515643e+01 +8.571515643e+01 +4.7358e-01 -2.7545e-01
% f evaluations | g evaluations | best noise-free fitness - Fopt (1.156800000000e+02) + sum g_i+ | measured fitness | best measured fitness or single-digit g-values | x1 | x2...
1 0 +1.905594479e+01 +1.347359448e+02 +1.347359448e+02 +0.0000e+00 +0.0000e+00
8 0 +1.781051842e+01 +1.334905184e+02 +1.334905184e+02 +4.9884e-02 +3.3978e-03
10 0 +1.616930161e+01 +1.318493016e+02 +1.318493016e+02 +5.3284e-02 -2.1370e-02
15 0 +1.578205253e+01 +1.314620525e+02 +1.314620525e+02 +5.7308e-02 -9.5366e-03
21 0 +1.544855457e+01 +1.311285546e+02 +1.311285546e+02 +6.4252e-02 -1.3689e-02
31 0 +1.511646062e+01 +1.307964606e+02 +1.307964606e+02 +7.6902e-02 -1.6534e-02
38 0 +1.441857208e+01 +1.300985721e+02 +1.300985721e+02 +1.0603e-01 -1.8042e-02
41 0 +1.400233285e+01 +1.296823329e+02 +1.296823329e+02 +1.2613e-01 -1.8301e-02
45 0 +1.341347476e+01 +1.290934748e+02 +1.290934748e+02 +1.5355e-01 -1.4132e-02
50 0 +1.316985747e+01 +1.288498575e+02 +1.288498575e+02 +1.7407e-01 -1.3793e-02
% f evaluations | g evaluations | best noise-free fitness - Fopt (-3.710000000000e+00) + sum g_i+ | measured fitness | best measured fitness or single-digit g-values | x1 | x2...
1 0 +8.293437844e+01 +7.922437844e+01 +7.922437844e+01 +0.0000e+00 +0.0000e+00
6 0 +6.525341893e+01 +6.154341893e+01 +6.154341893e+01 +2.0967e-01 -1.3616e-01
7 0 +3.872218680e+01 +3.501218680e+01 +3.501218680e+01 +1.0518e+00 -6.7537e-01
10 0 +3.524780339e+01 +3.153780339e+01 +3.153780339e+01 +9.6302e-01 -6.2440e-01
14 0 +3.299142498e+01 +2.928142498e+01 +2.928142498e+01 +9.6961e-01 -6.0028e-01
15 0 +3.193058253e+01 +2.822058253e+01 +2.822058253e+01 +9.8907e-01 -5.8458e-01
17 0 +3.157804417e+01 +2.786804417e+01 +2.786804417e+01 +1.0002e+00 -5.9032e-01
26 0 +3.090185863e+01 +2.719185863e+01 +2.719185863e+01 +1.0248e+00 -5.9351e-01
39 0 +3.017379195e+01 +2.646379195e+01 +2.646379195e+01 +1.0507e+00 -5.9011e-01
42 0 +2.946842588e+01 +2.575842588e+01 +2.575842588e+01 +1.1014e+00 -5.7647e-01
% f evaluations | g evaluations | best noise-free fitness - Fopt (1.321800000000e+02) + sum g_i+ | measured fitness | best measured fitness or single-digit g-values | x1 | x2...
1 0 +5.157176513e+01 +1.837517651e+02 +1.837517651e+02 +0.0000e+00 +0.0000e+00
3 0 +4.696066679e+01 +1.791406668e+02 +1.791406668e+02 +5.0000e-01 +0.0000e+00
4 0 +3.392058874e+01 +1.661005887e+02 +1.661005887e+02 +0.0000e+00 +5.0000e-01
8 0 +3.378075269e+01 +1.659607527e+02 +1.659607527e+02 -1.1600e-02 +5.4864e-01
9 0 +2.958437813e+01 +1.617643781e+02 +1.617643781e+02 -6.0347e-02 +5.3751e-01
10 0 +2.673716738e+01 +1.589171674e+02 +1.589171674e+02 -1.0934e-01 +5.2754e-01
11 0 +2.537171503e+01 +1.575517150e+02 +1.575517150e+02 -1.5840e-01 +5.1788e-01
29 0 +2.506121225e+01 +1.572412122e+02 +1.572412122e+02 -1.7392e-01 +5.2204e-01
% f evaluations | g evaluations | best noise-free fitness - Fopt (1.204300000000e+02) + sum g_i+ | measured fitness | best measured fitness or single-digit g-values | x1 | x2...
1 0 +1.119925499e+02 +2.324225499e+02 +2.324225499e+02 +0.0000e+00 +0.0000e+00
3 0 +1.060271354e+02 +2.264571354e+02 +2.264571354e+02 +5.0000e-01 +0.0000e+00
5 0 +6.968575051e+01 +1.901157505e+02 +1.901157505e+02 +6.5655e-01 -4.7486e-01
7 0 +4.247143804e+01 +1.629014380e+02 +1.629014380e+02 +4.4338e-01 -6.4238e-01
12 0 +3.689120932e+01 +1.573212093e+02 +1.573212093e+02 +4.1884e-01 -6.3761e-01
13 0 +3.596710375e+01 +1.563971037e+02 +1.563971037e+02 +4.0087e-01 -6.5499e-01
% f evaluations | g evaluations | best noise-free fitness - Fopt (1.122600000000e+02) + sum g_i+ | measured fitness | best measured fitness or single-digit g-values | x1 | x2...
1 0 +5.440018400e+01 +1.666601840e+02 +1.666601840e+02 +0.0000e+00 +0.0000e+00
3 0 +3.109078507e+01 +1.433507851e+02 +1.433507851e+02 +5.0000e-01 +0.0000e+00
6 0 +1.595310626e+01 +1.282131063e+02 +1.282131063e+02 +6.0666e-01 -2.2610e-01
9 0 +1.430976389e+01 +1.265697639e+02 +1.265697639e+02 +5.5902e-01 -2.1092e-01
10 0 +1.408338276e+01 +1.263433828e+02 +1.263433828e+02 +5.2489e-01 -2.4746e-01
11 0 +1.298388555e+01 +1.252438856e+02 +1.252438856e+02 +4.8419e-01 -2.1840e-01
92 0 +1.188807000e+01 +1.241480700e+02 +1.241480700e+02 +1.5549e+00 -2.7355e-01
94 0 +8.041006414e+00 +1.203010064e+02 +1.203010064e+02 +1.5565e+00 -2.2357e-01
% f evaluations | g evaluations | best noise-free fitness - Fopt (-8.229300000000e+02) + sum g_i+ | measured fitness | best measured fitness or single-digit g-values | x1 | x2...
1 0 +9.696380608e+01 -7.259661939e+02 -7.259661939e+02 +0.0000e+00 +0.0000e+00
26 0 +5.252469576e+01 -7.704053042e+02 -7.704053042e+02 -2.2560e+00 -5.8177e-01
% f evaluations | g evaluations | best noise-free fitness - Fopt (-2.443800000000e+02) + sum g_i+ | measured fitness | best measured fitness or single-digit g-values | x1 | x2...
1 0 +1.121473112e+02 -1.322326888e+02 -1.322326888e+02 +0.0000e+00 +0.0000e+00
3 0 +9.320667390e+01 -1.511733261e+02 -1.511733261e+02 +5.0000e-01 +0.0000e+00
18 0 +1.369771319e+01 -2.306822868e+02 -2.306822868e+02 -2.0119e-01 -2.5581e+00
19 0 +7.761496835e+00 -2.366185032e+02 -2.366185032e+02 +2.9881e-01 -2.5581e+00
% f evaluations | g evaluations | best noise-free fitness - Fopt (-3.250900000000e+02) + sum g_i+ | measured fitness | best measured fitness or single-digit g-values | x1 | x2...
1 0 +3.401574620e+01 -2.910742538e+02 -2.910742538e+02 +0.0000e+00 +0.0000e+00
5 0 +2.557313869e+01 -2.995168613e+02 -2.995168613e+02 +8.8414e-01 +3.2006e-01
% f evaluations | g evaluations | best noise-free fitness - Fopt (3.960400000000e+02) + sum g_i+ | measured fitness | best measured fitness or single-digit g-values | x1 | x2...
1 0 +1.254405305e+02 +5.214805305e+02 +5.214805305e+02 +0.0000e+00 +0.0000e+00
5 0 +1.100213270e+02 +5.060613270e+02 +5.060613270e+02 -1.4836e-01 -4.7748e-01
6 0 +9.123215111e+01 +4.872721511e+02 +4.872721511e+02 -1.2884e-01 -9.7710e-01
7 0 +7.552355302e+01 +4.715635530e+02 +4.715635530e+02 -3.6893e-01 -1.4157e+00
8 0 +3.060991666e+01 +4.266499167e+02 +4.266499167e+02 -1.6938e+00 -2.9139e+00
11 0 +2.714060067e+01 +4.231806007e+02 +4.231806007e+02 -1.3890e+00 -2.5176e+00
12 0 +2.550856967e+01 +4.215485697e+02 +4.215485697e+02 -9.3032e-01 -2.3185e+00
14 0 +2.286803347e+01 +4.189080335e+02 +4.189080335e+02 -7.7213e-01 -2.5121e+00
15 0 +1.940576324e+01 +4.154457632e+02 +4.154457632e+02 -1.5446e-01 -3.2985e+00
17 0 +7.493805918e+00 +4.035338059e+02 +4.035338059e+02 -1.8954e-02 -3.2440e+00
19 0 +4.763435090e+00 +4.008034351e+02 +4.008034351e+02 -5.9790e-02 -3.1515e+00
22 0 +4.405547939e+00 +4.004455479e+02 +4.004455479e+02 -1.0848e-01 -3.1629e+00
24 0 +2.752144357e+00 +3.987921444e+02 +3.987921444e+02 -1.0449e-01 -3.1876e+00
25 0 +2.670388205e+00 +3.987103882e+02 +3.987103882e+02 -1.0146e-01 -3.2124e+00
27 0 +2.407603569e+00 +3.984476036e+02 +3.984476036e+02 -8.8961e-02 -3.2121e+00
28 0 +2.232888662e+00 +3.982728887e+02 +3.982728887e+02 -7.6511e-02 -3.2110e+00
30 0 +2.058390168e+00 +3.980983902e+02 +3.980983902e+02 -7.6068e-02 -3.2060e+00
31 0 +1.995727849e+00 +3.980357278e+02 +3.980357278e+02 -7.4535e-02 -3.2012e+00
33 0 +1.994590919e+00 +3.980345909e+02 +3.980345909e+02 -7.2710e-02 -3.1995e+00
% f evaluations | g evaluations | best noise-free fitness - Fopt (7.518000000000e+01) + sum g_i+ | measured fitness | best measured fitness or single-digit g-values | x1 | x2...
1 0 +9.805435451e+01 +1.732343545e+02 +1.732343545e+02 +0.0000e+00 +0.0000e+00
6 0 +9.562809556e+01 +1.708080956e+02 +1.708080956e+02 +1.7358e-01 -1.7991e-01
7 0 +9.036875594e+01 +1.655487559e+02 +1.655487559e+02 +3.5130e-01 -3.5575e-01
8 0 +3.963766688e+01 +1.148176669e+02 +1.148176669e+02 +1.0544e+00 -1.0669e+00
9 0 +2.104119996e+01 +9.622119996e+01 +9.622119996e+01 +3.1030e+00 -3.1867e+00
13 0 +1.885589968e+01 +9.403589968e+01 +9.403589968e+01 +3.2115e+00 -3.8588e+00
23 0 +1.796223311e+01 +9.314223311e+01 +9.314223311e+01 +3.2090e+00 -3.8590e+00
32 0 +1.706902046e+01 +9.224902046e+01 +9.224902046e+01 +3.2050e+00 -3.8534e+00
33 0 +1.696049452e+01 +9.214049452e+01 +9.214049452e+01 +3.2026e+00 -3.8578e+00
% f evaluations | g evaluations | best noise-free fitness - Fopt (-1.882400000000e+02) + sum g_i+ | measured fitness | best measured fitness or single-digit g-values | x1 | x2...
1 0 +4.180130932e+01 -1.464386907e+02 -1.464386907e+02 +0.0000e+00 +0.0000e+00
3 0 +2.108735067e+01 -1.671526493e+02 -1.671526493e+02 +5.0000e-01 +0.0000e+00
% f evaluations | g evaluations | best noise-free fitness - Fopt (1.294700000000e+02) + sum g_i+ | measured fitness | best measured fitness or single-digit g-values | x1 | x2...
1 0 +5.824626324e+01 +1.877162632e+02 +1.877162632e+02 +0.0000e+00 +0.0000e+00
3 0 +4.074733871e+01 +1.702173387e+02 +1.702173387e+02 +5.0000e-01 +0.0000e+00
5 0 +3.689471304e+01 +1.663647130e+02 +1.663647130e+02 +8.0523e-01 -3.9603e-01
7 0 +1.754201545e+01 +1.470120155e+02 +1.470120155e+02 +6.1519e-01 -5.5847e-01
12 0 +1.330017458e+01 +1.427701746e+02 +1.427701746e+02 +5.9696e-01 -5.7557e-01
16 0 +1.306070447e+01 +1.425307045e+02 +1.425307045e+02 +5.9860e-01 -5.7369e-01
76 0 +9.988383127e+00 +1.394583831e+02 +1.394583831e+02 +1.7097e-01 -1.2282e+00
77 0 +5.722016676e+00 +1.351920167e+02 +1.351920167e+02 +3.5475e-01 -1.4902e+00
79 0 +9.932175024e-01 +1.304632175e+02 +1.304632175e+02 +3.4250e-01 -1.5263e+00
83 0 +8.747443468e-01 +1.303447443e+02 +1.303447443e+02 +3.4629e-01 -1.5276e+00
84 0 +7.481860999e-01 +1.302181861e+02 +1.302181861e+02 +3.4444e-01 -1.5475e+00
85 0 +7.266679174e-01 +1.301966679e+02 +1.301966679e+02 +3.4656e-01 -1.5477e+00
87 0 +7.003853277e-01 +1.301703853e+02 +1.301703853e+02 +3.4666e-01 -1.5467e+00
88 0 +5.945466250e-01 +1.300645466e+02 +1.300645466e+02 +3.4887e-01 -1.5422e+00
91 0 +5.531289372e-01 +1.300231289e+02 +1.300231289e+02 +3.5782e-01 -1.5469e+00
92 0 +4.360520707e-01 +1.299060521e+02 +1.299060521e+02 +3.6070e-01 -1.5428e+00
95 0 +3.402119863e-01 +1.298102120e+02 +1.298102120e+02 +3.6685e-01 -1.5349e+00
96 0 +3.195787476e-01 +1.297895787e+02 +1.297895787e+02 +3.7568e-01 -1.5302e+00
99 0 +1.690701651e-01 +1.296390702e+02 +1.296390702e+02 +3.7848e-01 -1.5345e+00
100 0 +1.014903109e-01 +1.295714903e+02 +1.295714903e+02 +3.8036e-01 -1.5391e+00
% f evaluations | g evaluations | best noise-free fitness - Fopt (1.683100000000e+02) + sum g_i+ | measured fitness | best measured fitness or single-digit g-values | x1 | x2...
1 0 +5.165789300e+01 +2.199678930e+02 +2.199678930e+02 +0.0000e+00 +0.0000e+00
3 0 +4.295004856e+01 +2.112600486e+02 +2.112600486e+02 +5.0000e-01 +0.0000e+00
5 0 +3.548096677e+01 +2.037909668e+02 +2.037909668e+02 +9.0098e-01 -2.9868e-01
6 0 +1.855585058e+01 +1.868658506e+02 +1.868658506e+02 +1.3988e+00 -3.4516e-01
9 0 +1.780514569e+01 +1.861151457e+02 +1.861151457e+02 +1.4791e+00 -8.3868e-01
14 0 +1.541168432e+01 +1.837216843e+02 +1.837216843e+02 +1.4742e+00 -8.1417e-01
16 0 +9.897049555e+00 +1.782070496e+02 +1.782070496e+02 +1.4860e+00 -8.1009e-01
18 0 +8.686870949e+00 +1.769968709e+02 +1.769968709e+02 +1.4964e+00 -8.0160e-01
19 0 +5.577437020e+00 +1.738874370e+02 +1.738874370e+02 +1.4906e+00 -7.8248e-01
21 0 +5.346659098e+00 +1.736566591e+02 +1.736566591e+02 +1.4943e+00 -7.6041e-01
23 0 +5.106083732e+00 +1.734160837e+02 +1.734160837e+02 +1.4918e+00 -7.5990e-01
26 0 +5.008236273e+00 +1.733182363e+02 +1.733182363e+02 +1.4910e+00 -7.6316e-01
