% f evaluations | g evaluations | best noise-free fitness - Fopt (7.627000000000e+01) + sum g_i+ | measured fitness | best measured fitness or single-digit g-values | x1 | x2...
1 0 +2.338461767e+06 +2.338538037e+06 +2.338538037e+06
4 0 +2.245406828e+06 +2.245483098e+06 +2.245483098e+06
6 0 +2.192216110e+06 +2.192292380e+06 +2.192292380e+06
43 0 +1.842957816e+06 +1.843034086e+06 +1.843034086e+06
44 0 +6.493865422e+05 +6.494628122e+05 +6.494628122e+05
45 0 +3.627464005e+05 +3.628226705e+05 +3.628226705e+05
46 0 +2.756460815e+05 +2.757223515e+05 +2.757223515e+05
47 0 +2.701007140e+05 +2.701769840e+05 +2.701769840e+05
49 0 +2.667199784e+05 +2.667962484e+05 +2.667962484e+05
55 0 +2.625109024e+05 +2.625871724e+05 +2.625871724e+05
71 0 +2.566491331e+05 +2.567254031e+05 +2.567254031e+05
86 0 +2.487503890e+05 +2.488266590e+05 +2.488266590e+05
87 0 +2.418406703e+05 +2.419169403e+05 +2.419169403e+05
88 0 +2.134191186e+05 +2.134953886e+05 +2.134953886e+05
89 0 +8.912737045e+04 +8.920364045e+04 +8.920364045e+04
90 0 +3.466587269e+04 +3.474214269e+04 +3.474214269e+04
91 0 +1.697926389e+04 +1.705553389e+04 +1.705553389e+04
92 0 +8.729573555e+03 +8.805843555e+03 +8.805843555e+03
93 0 +5.848339258e+03 +5.924609258e+03 +5.924609258e+03
94 0 +4.543357471e+03 +4.619627471e+03 +4.619627471e+03
95 0 +3.818102041e+03 +3.894372041e+03 +3.894372041e+03
96 0 +3.335798814e+03 +3.412068814e+03 +3.412068814e+03
97 0 +2.942632970e+03 +3.018902970e+03 +3.018902970e+03
139 0 +2.786266103e+03 +2.862536103e+03 +2.862536103e+03
140 0 +2.294572527e+03 +2.370842527e+03 +2.370842527e+03
141 0 +4.946280773e+02 +5.708980773e+02 +5.708980773e+02
142 0 +2.580944531e+02 +3.343644531e+02 +3.343644531e+02
143 0 +2.007907191e+02 +2.770607191e+02 +2.770607191e+02
185 0 +1.985846451e+02 +2.748546451e+02 +2.748546451e+02
186 0 +1.918293109e+02 +2.680993109e+02 +2.680993109e+02
187 0 +1.793931181e+02 +2.556631181e+02 +2.556631181e+02
% f evaluations | g evaluations | best noise-free fitness - Fopt (-2.255000000000e+01) + sum g_i+ | measured fitness | best measured fitness or single-digit g-values | x1 | x2...
1 0 +2.860709842e+06 +2.860687292e+06 +2.860687292e+06
3 0 +2.789248388e+06 +2.789225838e+06 +2.789225838e+06
23 0 +2.738438626e+06 +2.738416076e+06 +2.738416076e+06
43 0 +2.358978330e+06 +2.358955780e+06 +2.358955780e+06
44 0 +1.907267045e+06 +1.907244495e+06 +1.907244495e+06
45 0 +1.899048007e+06 +1.899025457e+06 +1.899025457e+06
46 0 +1.849251206e+06 +1.849228656e+06 +1.849228656e+06
47 0 +1.814361419e+06 +1.814338869e+06 +1.814338869e+06
48 0 +1.775775647e+06 +1.775753097e+06 +1.775753097e+06
49 0 +1.731350771e+06 +1.731328221e+06 +1.731328221e+06
50 0 +1.693239791e+06 +1.693217241e+06 +1.693217241e+06
51 0 +1.481760069e+06 +1.481737519e+06 +1.481737519e+06
52 0 +6.130836521e+05 +6.130611021e+05 +6.130611021e+05
53 0 +4.909338343e+05 +4.909112843e+05 +4.909112843e+05
54 0 +4.828370658e+05 +4.828145158e+05 +4.828145158e+05
56 0 +4.769455584e+05 +4.769230084e+05 +4.769230084e+05
73 0 +4.675050609e+05 +4.674825109e+05 +4.674825109e+05
93 0 +4.563552942e+05 +4.563327442e+05 +4.563327442e+05
94 0 +4.087224945e+05 +4.086999445e+05 +4.086999445e+05
95 0 +1.729475439e+05 +1.729249939e+05 +1.729249939e+05
96 0 +1.128624918e+05 +1.128399418e+05 +1.128399418e+05
97 0 +5.270236545e+04 +5.267981545e+04 +5.267981545e+04
98 0 +3.146159896e+04 +3.143904896e+04 +3.143904896e+04
99 0 +2.970673876e+04 +2.968418876e+04 +2.968418876e+04
101 0 +2.940451924e+04 +2.938196924e+04 +2.938196924e+04
138 0 +2.881092554e+04 +2.878837554e+04 +2.878837554e+04
139 0 +2.712122041e+04 +2.709867041e+04 +2.709867041e+04
140 0 +2.100720085e+04 +2.098465085e+04 +2.098465085e+04
141 0 +1.079768659e+04 +1.077513659e+04 +1.077513659e+04
142 0 +3.645077022e+03 +3.622527022e+03 +3.622527022e+03
143 0 +1.455928466e+03 +1.433378466e+03 +1.433378466e+03
144 0 +1.127745241e+03 +1.105195241e+03 +1.105195241e+03
145 0 +1.007760079e+03 +9.852100791e+02 +9.852100791e+02
146 0 +6.914184282e+02 +6.688684282e+02 +6.688684282e+02
147 0 +5.162635256e+02 +4.937135256e+02 +4.937135256e+02
154 0 +5.105924705e+02 +4.880424705e+02 +4.880424705e+02
193 0 +4.984285981e+02 +4.758785981e+02 +4.758785981e+02
195 0 +4.791149136e+02 +4.565649136e+02 +4.565649136e+02
196 0 +4.641159707e+02 +4.415659707e+02 +4.415659707e+02
197 0 +4.281780383e+02 +4.056280383e+02 +4.056280383e+02
198 0 +4.257611349e+02 +4.032111349e+02 +4.032111349e+02
% f evaluations | g evaluations | best noise-free fitness - Fopt (1.366000000000e+01) + sum g_i+ | measured fitness | best measured fitness or single-digit g-values | x1 | x2...
1 0 +2.684344599e+03 +2.698004599e+03 +2.698004599e+03
4 0 +1.526389565e+03 +1.540049565e+03 +1.540049565e+03
7 0 +8.744445487e+02 +8.881045487e+02 +8.881045487e+02
12 0 +4.726517301e+02 +4.863117301e+02 +4.863117301e+02
27 0 +3.329919493e+02 +3.466519493e+02 +3.466519493e+02
43 0 +3.267877316e+02 +3.404477316e+02 +3.404477316e+02
45 0 +3.053017159e+02 +3.189617159e+02 +3.189617159e+02
46 0 +2.478053726e+02 +2.614653726e+02 +2.614653726e+02
53 0 +2.446498805e+02 +2.583098805e+02 +2.583098805e+02
63 0 +2.389474527e+02 +2.526074527e+02 +2.526074527e+02
67 0 +2.339526796e+02 +2.476126796e+02 +2.476126796e+02
70 0 +2.261732055e+02 +2.398332055e+02 +2.398332055e+02
72 0 +2.214937236e+02 +2.351537236e+02 +2.351537236e+02
73 0 +2.183051371e+02 +2.319651371e+02 +2.319651371e+02
78 0 +2.133684333e+02 +2.270284333e+02 +2.270284333e+02
% f evaluations | g evaluations | best noise-free fitness - Fopt (9.378400000000e+02) + sum g_i+ | measured fitness | best measured fitness or single-digit g-values | x1 | x2...
1 0 +3.458408478e+06 +3.459346318e+06 +3.459346318e+06
3 0 +3.414136176e+06 +3.415074016e+06 +3.415074016e+06
10 0 +3.270807608e+06 +3.271745448e+06 +3.271745448e+06
43 0 +2.775156495e+06 +2.776094335e+06 +2.776094335e+06
44 0 +2.003294377e+06 +2.004232217e+06 +2.004232217e+06
46 0 +1.983451473e+06 +1.984389313e+06 +1.984389313e+06
49 0 +1.936009943e+06 +1.936947783e+06 +1.936947783e+06
51 0 +1.891799337e+06 +1.892737177e+06 +1.892737177e+06
52 0 +1.737539077e+06 +1.738476917e+06 +1.738476917e+06
53 0 +1.639821462e+06 +1.640759302e+06 +1.640759302e+06
54 0 +1.511348249e+06 +1.512286089e+06 +1.512286089e+06
55 0 +1.380855609e+06 +1.381793449e+06 +1.381793449e+06
56 0 +1.228776395e+06 +1.229714235e+06 +1.229714235e+06
57 0 +1.039147444e+06 +1.040085284e+06 +1.040085284e+06
58 0 +8.743474726e+05 +8.752853126e+05 +8.752853126e+05
59 0 +7.279447631e+05 +7.288826031e+05 +7.288826031e+05
60 0 +6.241225779e+05 +6.250604179e+05 +6.250604179e+05
61 0 +5.716635637e+05 +5.726014037e+05 +5.726014037e+05
62 0 +5.403136114e+05 +5.412514514e+05 +5.412514514e+05
63 0 +5.220036659e+05 +5.229415059e+05 +5.229415059e+05
65 0 +5.090540784e+05 +5.099919184e+05 +5.099919184e+05
69 0 +4.978824035e+05 +4.988202435e+05 +4.988202435e+05
90 0 +4.896822661e+05 +4.906201061e+05 +4.906201061e+05
103 0 +4.513564047e+05 +4.522942447e+05 +4.522942447e+05
104 0 +3.242070903e+05 +3.251449303e+05 +3.251449303e+05
105 0 +9.889872182e+04 +9.983656182e+04 +9.983656182e+04
108 0 +9.583609079e+04 +9.677393079e+04 +9.677393079e+04
110 0 +9.198705711e+04 +9.292489711e+04 +9.292489711e+04
111 0 +9.092113670e+04 +9.185897670e+04 +9.185897670e+04
113 0 +8.713203322e+04 +8.806987322e+04 +8.806987322e+04
114 0 +8.631969531e+04 +8.725753531e+04 +8.725753531e+04
116 0 +8.458310229e+04 +8.552094229e+04 +8.552094229e+04
118 0 +8.093376774e+04 +8.187160774e+04 +8.187160774e+04
121 0 +7.858653676e+04 +7.952437676e+04 +7.952437676e+04
122 0 +7.632006155e+04 +7.725790155e+04 +7.725790155e+04
124 0 +7.515950523e+04 +7.609734523e+04 +7.609734523e+04
125 0 +7.391330113e+04 +7.485114113e+04 +7.485114113e+04
127 0 +7.243573473e+04 +7.337357473e+04 +7.337357473e+04
128 0 +7.050029349e+04 +7.143813349e+04 +7.143813349e+04
130 0 +6.873083108e+04 +6.966867108e+04 +6.966867108e+04
132 0 +6.699505073e+04 +6.793289073e+04 +6.793289073e+04
134 0 +6.470482046e+04 +6.564266046e+04 +6.564266046e+04
136 0 +6.300330214e+04 +6.394114214e+04 +6.394114214e+04
138 0 +6.134633112e+04 +6.228417112e+04 +6.228417112e+04
140 0 +5.987171575e+04 +6.080955575e+04 +6.080955575e+04
142 0 +5.847005590e+04 +5.940789590e+04 +5.940789590e+04
144 0 +5.723162180e+04 +5.816946180e+04 +5.816946180e+04
145 0 +5.617458833e+04 +5.711242833e+04 +5.711242833e+04
146 0 +5.168422743e+04 +5.262206743e+04 +5.262206743e+04
147 0 +4.350797058e+04 +4.444581058e+04 +4.444581058e+04
148 0 +3.614782746e+04 +3.708566746e+04 +3.708566746e+04
149 0 +3.146317486e+04 +3.240101486e+04 +3.240101486e+04
150 0 +2.680316762e+04 +2.774100762e+04 +2.774100762e+04
151 0 +2.425880376e+04 +2.519664376e+04 +2.519664376e+04
152 0 +2.134439861e+04 +2.228223861e+04 +2.228223861e+04
153 0 +2.017077975e+04 +2.110861975e+04 +2.110861975e+04
154 0 +1.936979626e+04 +2.030763626e+04 +2.030763626e+04
156 0 +1.829621159e+04 +1.923405159e+04 +1.923405159e+04
157 0 +1.729404328e+04 +1.823188328e+04 +1.823188328e+04
158 0 +1.676911105e+04 +1.770695105e+04 +1.770695105e+04
160 0 +1.574036104e+04 +1.667820104e+04 +1.667820104e+04
161 0 +1.541843445e+04 +1.635627445e+04 +1.635627445e+04
163 0 +1.493166055e+04 +1.586950055e+04 +1.586950055e+04
165 0 +1.475603182e+04 +1.569387182e+04 +1.569387182e+04
167 0 +1.433136119e+04 +1.526920119e+04 +1.526920119e+04
169 0 +1.398728867e+04 +1.492512867e+04 +1.492512867e+04
171 0 +1.351906723e+04 +1.445690723e+04 +1.445690723e+04
173 0 +1.314509059e+04 +1.408293059e+04 +1.408293059e+04
175 0 +1.260533760e+04 +1.354317760e+04 +1.354317760e+04
177 0 +1.233283279e+04 +1.327067279e+04 +1.327067279e+04
179 0 +1.174962149e+04 +1.268746149e+04 +1.268746149e+04
180 0 +1.173619828e+04 +1.267403828e+04 +1.267403828e+04
181 0 +1.091782162e+04 +1.185566162e+04 +1.185566162e+04
182 0 +1.067893496e+04 +1.161677496e+04 +1.161677496e+04
184 0 +1.024877685e+04 +1.118661685e+04 +1.118661685e+04
186 0 +9.610307576e+03 +1.054814758e+04 +1.054814758e+04
187 0 +9.236974316e+03 +1.017481432e+04 +1.017481432e+04
189 0 +7.397868976e+03 +8.335708976e+03 +8.335708976e+03
190 0 +5.881673139e+03 +6.819513139e+03 +6.819513139e+03
191 0 +4.550385403e+03 +5.488225403e+03 +5.488225403e+03
192 0 +3.994598319e+03 +4.932438319e+03 +4.932438319e+03
193 0 +3.835009808e+03 +4.772849808e+03 +4.772849808e+03
195 0 +3.792501793e+03 +4.730341793e+03 +4.730341793e+03
% f evaluations | g evaluations | best noise-free fitness - Fopt (-7.872000000000e+01) + sum g_i+ | measured fitness | best measured fitness or single-digit g-values | x1 | x2...
1 0 +1.212839078e+07 +1.212831206e+07 +1.212831206e+07
6 0 +1.199289892e+07 +1.199282020e+07 +1.199282020e+07
43 0 +1.112158413e+07 +1.112150541e+07 +1.112150541e+07
44 0 +8.831303833e+06 +8.831225113e+06 +8.831225113e+06
45 0 +3.973956533e+06 +3.973877813e+06 +3.973877813e+06
46 0 +2.388291219e+06 +2.388212499e+06 +2.388212499e+06
47 0 +2.333921072e+06 +2.333842352e+06 +2.333842352e+06
49 0 +2.194912977e+06 +2.194834257e+06 +2.194834257e+06
50 0 +2.130727038e+06 +2.130648318e+06 +2.130648318e+06
52 0 +2.084460224e+06 +2.084381504e+06 +2.084381504e+06
58 0 +2.036502438e+06 +2.036423718e+06 +2.036423718e+06
65 0 +1.993643501e+06 +1.993564781e+06 +1.993564781e+06
92 0 +1.927540182e+06 +1.927461462e+06 +1.927461462e+06
93 0 +1.655210485e+06 +1.655131765e+06 +1.655131765e+06
94 0 +1.471650490e+06 +1.471571770e+06 +1.471571770e+06
95 0 +7.079278858e+05 +7.078491658e+05 +7.078491658e+05
96 0 +4.942716268e+05 +4.941929068e+05 +4.941929068e+05
119 0 +4.897717752e+05 +4.896930552e+05 +4.896930552e+05
138 0 +4.559530763e+05 +4.558743563e+05 +4.558743563e+05
139 0 +2.432435843e+05 +2.431648643e+05 +2.431648643e+05
140 0 +2.307013327e+05 +2.306226127e+05 +2.306226127e+05
141 0 +1.195171529e+05 +1.194384329e+05 +1.194384329e+05
142 0 +1.140511782e+05 +1.139724582e+05 +1.139724582e+05
144 0 +1.096383227e+05 +1.095596027e+05 +1.095596027e+05
148 0 +1.068261555e+05 +1.067474355e+05 +1.067474355e+05
154 0 +1.025911663e+05 +1.025124463e+05 +1.025124463e+05
156 0 +1.020269781e+05 +1.019482581e+05 +1.019482581e+05
164 0 +9.989106960e+04 +9.981234960e+04 +9.981234960e+04
168 0 +9.696769459e+04 +9.688897459e+04 +9.688897459e+04
175 0 +9.547111608e+04 +9.539239608e+04 +9.539239608e+04
181 0 +8.733169722e+04 +8.725297722e+04 +8.725297722e+04
182 0 +6.222592458e+04 +6.214720458e+04 +6.214720458e+04
183 0 +2.187058456e+04 +2.179186456e+04 +2.179186456e+04
184 0 +1.377726876e+04 +1.369854876e+04 +1.369854876e+04
185 0 +7.252178518e+03 +7.173458518e+03 +7.173458518e+03
186 0 +4.467672820e+03 +4.388952820e+03 +4.388952820e+03
187 0 +4.336237171e+03 +4.257517171e+03 +4.257517171e+03
188 0 +4.136917658e+03 +4.058197658e+03 +4.058197658e+03
194 0 +4.025604384e+03 +3.946884384e+03 +3.946884384e+03
% f evaluations | g evaluations | best noise-free fitness - Fopt (-1.277000000000e+01) + sum g_i+ | measured fitness | best measured fitness or single-digit g-values | x1 | x2...
1 0 +2.432171369e+05 +2.432043669e+05 +2.432043669e+05
3 0 +2.422617628e+05 +2.422489928e+05 +2.422489928e+05
4 0 +2.185667486e+05 +2.185539786e+05 +2.185539786e+05
43 0 +1.386598343e+05 +1.386470643e+05 +1.386470643e+05
44 0 +3.205978922e+04 +3.204701922e+04 +3.204701922e+04
45 0 +1.606440350e+04 +1.605163350e+04 +1.605163350e+04
46 0 +1.524072127e+04 +1.522795127e+04 +1.522795127e+04
48 0 +1.483781502e+04 +1.482504502e+04 +1.482504502e+04
50 0 +1.421957478e+04 +1.420680478e+04 +1.420680478e+04
52 0 +1.382438182e+04 +1.381161182e+04 +1.381161182e+04
54 0 +1.351651992e+04 +1.350374992e+04 +1.350374992e+04
56 0 +1.327654535e+04 +1.326377535e+04 +1.326377535e+04
58 0 +1.293123837e+04 +1.291846837e+04 +1.291846837e+04
60 0 +1.277643809e+04 +1.276366809e+04 +1.276366809e+04
70 0 +1.257706465e+04 +1.256429465e+04 +1.256429465e+04
84 0 +1.225182383e+04 +1.223905383e+04 +1.223905383e+04
85 0 +1.201546858e+04 +1.200269858e+04 +1.200269858e+04
86 0 +1.172150040e+04 +1.170873040e+04 +1.170873040e+04
87 0 +1.059942621e+04 +1.058665621e+04 +1.058665621e+04
88 0 +7.628458849e+03 +7.615688849e+03 +7.615688849e+03
89 0 +5.060609098e+03 +5.047839098e+03 +5.047839098e+03
90 0 +4.977487222e+03 +4.964717222e+03 +4.964717222e+03
92 0 +4.840002088e+03 +4.827232088e+03 +4.827232088e+03
96 0 +4.764226678e+03 +4.751456678e+03 +4.751456678e+03
104 0 +4.673193715e+03 +4.660423715e+03 +4.660423715e+03
116 0 +4.559851212e+03 +4.547081212e+03 +4.547081212e+03
128 0 +4.403380227e+03 +4.390610227e+03 +4.390610227e+03
129 0 +4.324098001e+03 +4.311328001e+03 +4.311328001e+03
130 0 +4.231661983e+03 +4.218891983e+03 +4.218891983e+03
131 0 +3.897438795e+03 +3.884668795e+03 +3.884668795e+03
132 0 +2.907522094e+03 +2.894752094e+03 +2.894752094e+03
133 0 +1.282720866e+03 +1.269950866e+03 +1.269950866e+03
134 0 +5.459068896e+02 +5.331368896e+02 +5.331368896e+02
137 0 +5.282247500e+02 +5.154547500e+02 +5.154547500e+02
139 0 +5.247970850e+02 +5.120270850e+02 +5.120270850e+02
143 0 +5.104576407e+02 +4.976876407e+02 +4.976876407e+02
145 0 +5.000646313e+02 +4.872946313e+02 +4.872946313e+02
149 0 +4.885340554e+02 +4.757640554e+02 +4.757640554e+02
153 0 +4.766094000e+02 +4.638394000e+02 +4.638394000e+02
157 0 +4.672188041e+02 +4.544488041e+02 +4.544488041e+02
165 0 +4.563006415e+02 +4.435306415e+02 +4.435306415e+02
175 0 +4.436974256e+02 +4.309274256e+02 +4.309274256e+02
176 0 +4.309931950e+02 +4.182231950e+02 +4.182231950e+02
177 0 +3.819045685e+02 +3.691345685e+02 +3.691345685e+02
178 0 +2.799673488e+02 +2.671973488e+02 +2.671973488e+02
179 0 +2.459714396e+02 +2.332014396e+02 +2.332014396e+02
% f evaluations | g evaluations | best noise-free fitness - Fopt (-7.665100000000e+02) + sum g_i+ | measured fitness | best measured fitness or single-digit g-values | x1 | x2...
1 0 +2.588304486e+06 +2.587537976e+06 +2.587537976e+06
3 0 +2.545937125e+06 +2.545170615e+06 +2.545170615e+06
19 0 +2.467098000e+06 +2.466331490e+06 +2.466331490e+06
43 0 +2.213258266e+06 +2.212491756e+06 +2.212491756e+06
44 0 +1.797536270e+06 +1.796769760e+06 +1.796769760e+06
45 0 +1.759366719e+06 +1.758600209e+06 +1.758600209e+06
46 0 +1.686414321e+06 +1.685647811e+06 +1.685647811e+06
47 0 +1.602504242e+06 +1.601737732e+06 +1.601737732e+06
48 0 +1.514608078e+06 +1.513841568e+06 +1.513841568e+06
49 0 +1.436656317e+06 +1.435889807e+06 +1.435889807e+06
50 0 +1.347286560e+06 +1.346520050e+06 +1.346520050e+06
51 0 +1.248243327e+06 +1.247476817e+06 +1.247476817e+06
52 0 +1.142211116e+06 +1.141444606e+06 +1.141444606e+06
53 0 +8.934102238e+05 +8.926437138e+05 +8.926437138e+05
54 0 +5.117109537e+05 +5.109444437e+05 +5.109444437e+05
77 0 +5.000316246e+05 +4.992651146e+05 +4.992651146e+05
96 0 +4.789421878e+05 +4.781756778e+05 +4.781756778e+05
97 0 +4.099221776e+05 +4.091556676e+05 +4.091556676e+05
98 0 +3.194389091e+05 +3.186723991e+05 +3.186723991e+05
99 0 +1.806592574e+05 +1.798927474e+05 +1.798927474e+05
100 0 +1.749715463e+05 +1.742050363e+05 +1.742050363e+05
102 0 +1.622441162e+05 +1.614776062e+05 +1.614776062e+05
103 0 +1.574154484e+05 +1.566489384e+05 +1.566489384e+05
109 0 +1.543578196e+05 +1.535913096e+05 +1.535913096e+05
138 0 +1.510067218e+05 +1.502402118e+05 +1.502402118e+05
142 0 +1.458456922e+05 +1.450791822e+05 +1.450791822e+05
143 0 +1.385460964e+05 +1.377795864e+05 +1.377795864e+05
144 0 +1.337636964e+05 +1.329971864e+05 +1.329971864e+05
145 0 +1.284836675e+05 +1.277171575e+05 +1.277171575e+05
146 0 +1.240310651e+05 +1.232645551e+05 +1.232645551e+05
147 0 +1.217012766e+05 +1.209347666e+05 +1.209347666e+05
148 0 +1.191531904e+05 +1.183866804e+05 +1.183866804e+05
151 0 +1.168486141e+05 +1.160821041e+05 +1.160821041e+05
182 0 +1.147202743e+05 +1.139537643e+05 +1.139537643e+05
186 0 +1.038371331e+05 +1.030706231e+05 +1.030706231e+05
187 0 +6.444962909e+04 +6.368311909e+04 +6.368311909e+04
188 0 +3.821665970e+04 +3.745014970e+04 +3.745014970e+04
189 0 +3.788991960e+04 +3.712340960e+04 +3.712340960e+04
190 0 +3.712547326e+04 +3.635896326e+04 +3.635896326e+04
192 0 +3.625077419e+04 +3.548426419e+04 +3.548426419e+04
197 0 +3.540034320e+04 +3.463383320e+04 +3.463383320e+04
% f evaluations | g evaluations | best noise-free fitness - Fopt (-1.898200000000e+02) + sum g_i+ | measured fitness | best measured fitness or single-digit g-values | x1 | x2...
1 0 +1.982980839e+07 +1.982961857e+07 +1.982961857e+07
6 0 +1.980290725e+07 +1.980271743e+07 +1.980271743e+07
43 0 +1.877454876e+07 +1.877435894e+07 +1.877435894e+07
44 0 +1.528185531e+07 +1.528166549e+07 +1.528166549e+07
45 0 +6.130688528e+06 +6.130498708e+06 +6.130498708e+06
46 0 +2.506896565e+06 +2.506706745e+06 +2.506706745e+06
47 0 +2.027969686e+06 +2.027779866e+06 +2.027779866e+06
51 0 +1.974388001e+06 +1.974198181e+06 +1.974198181e+06
62 0 +1.947096261e+06 +1.946906441e+06 +1.946906441e+06
89 0 +1.862802901e+06 +1.862613081e+06 +1.862613081e+06
90 0 +1.414386925e+06 +1.414197105e+06 +1.414197105e+06
91 0 +5.317632474e+05 +5.315734274e+05 +5.315734274e+05
92 0 +4.290330630e+05 +4.288432430e+05 +4.288432430e+05
93 0 +4.151295300e+05 +4.149397100e+05 +4.149397100e+05
94 0 +4.068629875e+05 +4.066731675e+05 +4.066731675e+05
99 0 +3.980045918e+05 +3.978147718e+05 +3.978147718e+05
117 0 +3.884989896e+05 +3.883091696e+05 +3.883091696e+05
131 0 +3.772778909e+05 +3.770880709e+05 +3.770880709e+05
132 0 +3.624373665e+05 +3.622475465e+05 +3.622475465e+05
133 0 +2.890572036e+05 +2.888673836e+05 +2.888673836e+05
134 0 +1.279072446e+05 +1.277174246e+05 +1.277174246e+05
135 0 +7.537113636e+04 +7.518131636e+04 +7.518131636e+04
136 0 +7.062147530e+04 +7.043165530e+04 +7.043165530e+04
137 0 +6.914017567e+04 +6.895035567e+04 +6.895035567e+04
141 0 +6.694349396e+04 +6.675367396e+04 +6.675367396e+04
145 0 +6.603830424e+04 +6.584848424e+04 +6.584848424e+04
156 0 +6.433769537e+04 +6.414787537e+04 +6.414787537e+04
175 0 +6.300936005e+04 +6.281954005e+04 +6.281954005e+04
176 0 +6.081990550e+04 +6.063008550e+04 +6.063008550e+04
177 0 +5.303646875e+04 +5.284664875e+04 +5.284664875e+04
178 0 +2.757895681e+04 +2.738913681e+04 +2.738913681e+04
179 0 +1.309936682e+04 +1.290954682e+04 +1.290954682e+04
182 0 +1.278060384e+04 +1.259078384e+04 +1.259078384e+04
% f evaluations | g evaluations | best noise-free fitness - Fopt (-3.079000000000e+01) + sum g_i+ | measured fitness | best measured fitness or single-digit g-values | x1 | x2...
1 0 +8.002483256e+06 +8.002452466e+06 +8.002452466e+06
7 0 +7.940737854e+06 +7.940707064e+06 +7.940707064e+06
43 0 +7.224948047e+06 +7.224917257e+06 +7.224917257e+06
44 0 +5.339688773e+06 +5.339657983e+06 +5.339657983e+06
45 0 +2.660154104e+06 +2.660123314e+06 +2.660123314e+06
46 0 +2.321012404e+06 +2.320981614e+06 +2.320981614e+06
47 0 +2.082789769e+06 +2.082758979e+06 +2.082758979e+06
48 0 +1.900937369e+06 +1.900906579e+06 +1.900906579e+06
50 0 +1.737962592e+06 +1.737931802e+06 +1.737931802e+06
51 0 +1.638816408e+06 +1.638785618e+06 +1.638785618e+06
52 0 +1.555548630e+06 +1.555517840e+06 +1.555517840e+06
54 0 +1.442155947e+06 +1.442125157e+06 +1.442125157e+06
55 0 +1.388989851e+06 +1.388959061e+06 +1.388959061e+06
57 0 +1.297932015e+06 +1.297901225e+06 +1.297901225e+06
58 0 +1.268205963e+06 +1.268175173e+06 +1.268175173e+06
60 0 +1.231413317e+06 +1.231382527e+06 +1.231382527e+06
62 0 +9.449436935e+05 +9.449129035e+05 +9.449129035e+05
63 0 +8.389164050e+05 +8.388856150e+05 +8.388856150e+05
64 0 +7.593409757e+05 +7.593101857e+05 +7.593101857e+05
65 0 +7.239119447e+05 +7.238811547e+05 +7.238811547e+05
67 0 +6.815811059e+05 +6.815503159e+05 +6.815503159e+05
68 0 +6.673237070e+05 +6.672929170e+05 +6.672929170e+05
70 0 +6.529399492e+05 +6.529091592e+05 +6.529091592e+05
74 0 +6.435249825e+05 +6.434941925e+05 +6.434941925e+05
84 0 +6.299299730e+05 +6.298991830e+05 +6.298991830e+05
86 0 +6.116702856e+05 +6.116394956e+05 +6.116394956e+05
89 0 +6.011872317e+05 +6.011564417e+05 +6.011564417e+05
95 0 +5.833866417e+05 +5.833558517e+05 +5.833558517e+05
98 0 +5.666788470e+05 +5.666480570e+05 +5.666480570e+05
99 0 +5.619163667e+05 +5.618855767e+05 +5.618855767e+05
102 0 +5.451134332e+05 +5.450826432e+05 +5.450826432e+05
104 0 +5.286709578e+05 +5.286401678e+05 +5.286401678e+05
105 0 +4.832611832e+05 +4.832303932e+05 +4.832303932e+05
106 0 +4.519013269e+05 +4.518705369e+05 +4.518705369e+05
107 0 +4.073384124e+05 +4.073076224e+05 +4.073076224e+05
108 0 +3.970681321e+05 +3.970373421e+05 +3.970373421e+05
112 0 +3.848828509e+05 +3.848520609e+05 +3.848520609e+05
116 0 +3.776042566e+05 +3.775734666e+05 +3.775734666e+05
122 0 +3.705867136e+05 +3.705559236e+05 +3.705559236e+05
128 0 +3.627237325e+05 +3.626929425e+05 +3.626929425e+05
134 0 +3.542734919e+05 +3.542427019e+05 +3.542427019e+05
138 0 +3.462363413e+05 +3.462055513e+05 +3.462055513e+05
143 0 +3.362571871e+05 +3.362263971e+05 +3.362263971e+05
146 0 +3.246619646e+05 +3.246311746e+05 +3.246311746e+05
147 0 +3.198601197e+05 +3.198293297e+05 +3.198293297e+05
148 0 +3.122664895e+05 +3.122356995e+05 +3.122356995e+05
149 0 +2.989370863e+05 +2.989062963e+05 +2.989062963e+05
150 0 +2.858420070e+05 +2.858112170e+05 +2.858112170e+05
151 0 +2.707075317e+05 +2.706767417e+05 +2.706767417e+05
152 0 +2.583971553e+05 +2.583663653e+05 +2.583663653e+05
153 0 +2.415767592e+05 +2.415459692e+05 +2.415459692e+05
154 0 +2.169370251e+05 +2.169062351e+05 +2.169062351e+05
155 0 +1.979812135e+05 +1.979504235e+05 +1.979504235e+05
156 0 +1.876103834e+05 +1.875795934e+05 +1.875795934e+05
157 0 +1.773473821e+05 +1.773165921e+05 +1.773165921e+05
158 0 +1.658446234e+05 +1.658138334e+05 +1.658138334e+05
159 0 +1.554325453e+05 +1.554017553e+05 +1.554017553e+05
160 0 +1.502668837e+05 +1.502360937e+05 +1.502360937e+05
162 0 +1.397910206e+05 +1.397602306e+05 +1.397602306e+05
163 0 +1.285169735e+05 +1.284861835e+05 +1.284861835e+05
164 0 +1.185323552e+05 +1.185015652e+05 +1.185015652e+05
165 0 +1.054555873e+05 +1.054247973e+05 +1.054247973e+05
166 0 +8.332330869e+04 +8.329251869e+04 +8.329251869e+04
167 0 +6.300926045e+04 +6.297847045e+04 +6.297847045e+04
168 0 +4.656139258e+04 +4.653060258e+04 +4.653060258e+04
169 0 +4.433910246e+04 +4.430831246e+04 +4.430831246e+04
171 0 +4.058419685e+04 +4.055340685e+04 +4.055340685e+04
172 0 +3.914959758e+04 +3.911880758e+04 +3.911880758e+04
174 0 +3.782138902e+04 +3.779059902e+04 +3.779059902e+04
176 0 +3.675877827e+04 +3.672798827e+04 +3.672798827e+04
178 0 +3.569384528e+04 +3.566305528e+04 +3.566305528e+04
180 0 +3.530564493e+04 +3.527485493e+04 +3.527485493e+04
182 0 +3.464541249e+04 +3.461462249e+04 +3.461462249e+04
184 0 +3.345030358e+04 +3.341951358e+04 +3.341951358e+04
186 0 +3.282541897e+04 +3.279462897e+04 +3.279462897e+04
188 0 +3.217481548e+04 +3.214402548e+04 +3.214402548e+04
190 0 +3.126962662e+04 +3.123883662e+04 +3.123883662e+04
194 0 +3.079679779e+04 +3.076600779e+04 +3.076600779e+04
198 0 +2.967895622e+04 +2.964816622e+04 +2.964816622e+04
200 0 +2.918390453e+04 +2.915311453e+04 +2.915311453e+04
% f evaluations | g evaluations | best noise-free fitness - Fopt (2.090000000000e+01) + sum g_i+ | measured fitness | best measured fitness or single-digit g-values | x1 | x2...
1 0 +2.210347670e+06 +2.210368570e+06 +2.210368570e+06
9 0 +2.139753434e+06 +2.139774334e+06 +2.139774334e+06
20 0 +2.041678045e+06 +2.041698945e+06 +2.041698945e+06
43 0 +1.690068998e+06 +1.690089898e+06 +1.690089898e+06
44 0 +5.716054270e+05 +5.716263270e+05 +5.716263270e+05
45 0 +3.690408756e+05 +3.690617756e+05 +3.690617756e+05
46 0 +3.319093728e+05 +3.319302728e+05 +3.319302728e+05
47 0 +3.298412894e+05 +3.298621894e+05 +3.298621894e+05
57 0 +3.231502808e+05 +3.231711808e+05 +3.231711808e+05
85 0 +3.096462205e+05 +3.096671205e+05 +3.096671205e+05
86 0 +3.021417937e+05 +3.021626937e+05 +3.021626937e+05
87 0 +2.736430540e+05 +2.736639540e+05 +2.736639540e+05
88 0 +1.609455411e+05 +1.609664411e+05 +1.609664411e+05
89 0 +3.129267971e+04 +3.131357971e+04 +3.131357971e+04
90 0 +2.637195414e+04 +2.639285414e+04 +2.639285414e+04
91 0 +1.489928863e+04 +1.492018863e+04 +1.492018863e+04
97 0 +1.446181534e+04 +1.448271534e+04 +1.448271534e+04
99 0 +1.431981721e+04 +1.434071721e+04 +1.434071721e+04
121 0 +1.412107151e+04 +1.414197151e+04 +1.414197151e+04
133 0 +1.343527474e+04 +1.345617474e+04 +1.345617474e+04
134 0 +1.150306847e+04 +1.152396847e+04 +1.152396847e+04
135 0 +5.811456037e+03 +5.832356037e+03 +5.832356037e+03
136 0 +3.451004182e+03 +3.471904182e+03 +3.471904182e+03
178 0 +3.374464317e+03 +3.395364317e+03 +3.395364317e+03
179 0 +3.269965004e+03 +3.290865004e+03 +3.290865004e+03
180 0 +2.845863574e+03 +2.866763574e+03 +2.866763574e+03
181 0 +8.510780297e+02 +8.719780297e+02 +8.719780297e+02
182 0 +5.750649516e+02 +5.959649516e+02 +5.959649516e+02
% f evaluations | g evaluations | best noise-free fitness - Fopt (-1.000000000000e+03) + sum g_i+ | measured fitness | best measured fitness or single-digit g-values | x1 | x2...
1 0 +1.768365287e+07 +1.768265287e+07 +1.768265287e+07
8 0 +1.767714729e+07 +1.767614729e+07 +1.767614729e+07
33 0 +1.736781673e+07 +1.736681673e+07 +1.736681673e+07
43 0 +1.656466235e+07 +1.656366235e+07 +1.656366235e+07
44 0 +1.336206992e+07 +1.336106992e+07 +1.336106992e+07
45 0 +4.258586125e+06 +4.257586125e+06 +4.257586125e+06
46 0 +4.144504854e+06 +4.143504854e+06 +4.143504854e+06
48 0 +3.701866871e+06 +3.700866871e+06 +3.700866871e+06
49 0 +3.524896079e+06 +3.523896079e+06 +3.523896079e+06
50 0 +3.426107835e+06 +3.425107835e+06 +3.425107835e+06
52 0 +3.352565207e+06 +3.351565207e+06 +3.351565207e+06
54 0 +3.296290793e+06 +3.295290793e+06 +3.295290793e+06
58 0 +3.224050690e+06 +3.223050690e+06 +3.223050690e+06
69 0 +3.156075841e+06 +3.155075841e+06 +3.155075841e+06
88 0 +2.994628771e+06 +2.993628771e+06 +2.993628771e+06
89 0 +2.502560829e+06 +2.501560829e+06 +2.501560829e+06
90 0 +5.692502451e+05 +5.682502451e+05 +5.682502451e+05
91 0 +3.375398597e+05 +3.365398597e+05 +3.365398597e+05
133 0 +3.293852040e+05 +3.283852040e+05 +3.283852040e+05
134 0 +3.169936577e+05 +3.159936577e+05 +3.159936577e+05
135 0 +2.705692851e+05 +2.695692851e+05 +2.695692851e+05
136 0 +9.069739058e+04 +8.969739058e+04 +8.969739058e+04
137 0 +3.484628928e+04 +3.384628928e+04 +3.384628928e+04
152 0 +3.466791094e+04 +3.366791094e+04 +3.366791094e+04
181 0 +3.190199042e+04 +3.090199042e+04 +3.090199042e+04
182 0 +2.342565092e+04 +2.242565092e+04 +2.242565092e+04
183 0 +1.392985597e+04 +1.292985597e+04 +1.292985597e+04
184 0 +5.012362773e+03 +4.012362773e+03 +4.012362773e+03
197 0 +5.011841156e+03 +4.011841156e+03 +4.011841156e+03
% f evaluations | g evaluations | best noise-free fitness - Fopt (8.561000000000e+01) + sum g_i+ | measured fitness | best measured fitness or single-digit g-values | x1 | x2...
1 0 +8.864756184e+06 +8.864841794e+06 +8.864841794e+06
3 0 +8.736593600e+06 +8.736679210e+06 +8.736679210e+06
43 0 +8.348957336e+06 +8.349042946e+06 +8.349042946e+06
44 0 +7.128358430e+06 +7.128444040e+06 +7.128444040e+06
45 0 +2.006781887e+06 +2.006867497e+06 +2.006867497e+06
46 0 +8.245609942e+05 +8.246466042e+05 +8.246466042e+05
47 0 +5.125366667e+05 +5.126222767e+05 +5.126222767e+05
48 0 +4.697231843e+05 +4.698087943e+05 +4.698087943e+05
49 0 +3.280542687e+05 +3.281398787e+05 +3.281398787e+05
52 0 +2.738694733e+05 +2.739550833e+05 +2.739550833e+05
53 0 +2.654708876e+05 +2.655564976e+05 +2.655564976e+05
55 0 +2.596836209e+05 +2.597692309e+05 +2.597692309e+05
57 0 +2.566875828e+05 +2.567731928e+05 +2.567731928e+05
63 0 +2.507023943e+05 +2.507880043e+05 +2.507880043e+05
69 0 +2.454307799e+05 +2.455163899e+05 +2.455163899e+05
90 0 +2.398061951e+05 +2.398918051e+05 +2.398918051e+05
91 0 +2.335169686e+05 +2.336025786e+05 +2.336025786e+05
92 0 +2.150625016e+05 +2.151481116e+05 +2.151481116e+05
93 0 +1.987078780e+05 +1.987934880e+05 +1.987934880e+05
94 0 +1.808255352e+05 +1.809111452e+05 +1.809111452e+05
95 0 +1.438105241e+05 +1.438961341e+05 +1.438961341e+05
96 0 +1.250313851e+05 +1.251169951e+05 +1.251169951e+05
135 0 +1.230180630e+05 +1.231036730e+05 +1.231036730e+05
138 0 +1.134824025e+05 +1.135680125e+05 +1.135680125e+05
139 0 +7.355857761e+04 +7.364418761e+04 +7.364418761e+04
140 0 +6.415843085e+04 +6.424404085e+04 +6.424404085e+04
141 0 +2.221376678e+04 +2.229937678e+04 +2.229937678e+04
142 0 +2.137715718e+04 +2.146276718e+04 +2.146276718e+04
146 0 +2.085826166e+04 +2.094387166e+04 +2.094387166e+04
162 0 +2.034354547e+04 +2.042915547e+04 +2.042915547e+04
174 0 +1.994508789e+04 +2.003069789e+04 +2.003069789e+04
181 0 +1.896160169e+04 +1.904721169e+04 +1.904721169e+04
182 0 +1.793814161e+04 +1.802375161e+04 +1.802375161e+04
183 0 +1.532020237e+04 +1.540581237e+04 +1.540581237e+04
184 0 +1.465436293e+04 +1.473997293e+04 +1.473997293e+04
186 0 +1.429245837e+04 +1.437806837e+04 +1.437806837e+04
192 0 +1.412421109e+04 +1.420982109e+04 +1.420982109e+04
% f evaluations | g evaluations | best noise-free fitness - Fopt (-4.439500000000e+02) + sum g_i+ | measured fitness | best measured fitness or single-digit g-values | x1 | x2...
1 0 +1.917791541e+06 +1.917347591e+06 +1.917347591e+06
4 0 +1.892395127e+06 +1.891951177e+06 +1.891951177e+06
34 0 +1.858773770e+06 +1.858329820e+06 +1.858329820e+06
43 0 +1.591543747e+06 +1.591099797e+06 +1.591099797e+06
44 0 +7.185251593e+05 +7.180812093e+05 +7.180812093e+05
45 0 +4.842882355e+05 +4.838442855e+05 +4.838442855e+05
46 0 +1.881484281e+05 +1.877044781e+05 +1.877044781e+05
47 0 +1.300577436e+05 +1.296137936e+05 +1.296137936e+05
48 0 +1.024439219e+05 +1.019999719e+05 +1.019999719e+05
49 0 +8.536201550e+04 +8.491806550e+04 +8.491806550e+04
50 0 +7.215563533e+04 +7.171168533e+04 +7.171168533e+04
51 0 +6.223849383e+04 +6.179454383e+04 +6.179454383e+04
52 0 +5.483232495e+04 +5.438837495e+04 +5.438837495e+04
53 0 +5.070126511e+04 +5.025731511e+04 +5.025731511e+04
88 0 +5.000494038e+04 +4.956099038e+04 +4.956099038e+04
90 0 +4.804467916e+04 +4.760072916e+04 +4.760072916e+04
91 0 +4.213554498e+04 +4.169159498e+04 +4.169159498e+04
92 0 +1.960521358e+04 +1.916126358e+04 +1.916126358e+04
93 0 +1.177274767e+04 +1.132879767e+04 +1.132879767e+04
94 0 +9.613707358e+03 +9.169757358e+03 +9.169757358e+03
98 0 +9.529659456e+03 +9.085709456e+03 +9.085709456e+03
134 0 +9.222863061e+03 +8.778913061e+03 +8.778913061e+03
135 0 +8.722710574e+03 +8.278760574e+03 +8.278760574e+03
136 0 +6.802751185e+03 +6.358801185e+03 +6.358801185e+03
137 0 +3.873193615e+03 +3.429243615e+03 +3.429243615e+03
181 0 +3.605747847e+03 +3.161797847e+03 +3.161797847e+03
182 0 +1.463161751e+03 +1.019211751e+03 +1.019211751e+03
183 0 +1.407335656e+03 +9.633856561e+02 +9.633856561e+02
184 0 +1.355478464e+03 +9.115284636e+02 +9.115284636e+02
185 0 +1.222399719e+03 +7.784497185e+02 +7.784497185e+02
186 0 +1.057651646e+03 +6.137016458e+02 +6.137016458e+02
% f evaluations | g evaluations | best noise-free fitness - Fopt (-5.860400000000e+02) + sum g_i+ | measured fitness | best measured fitness or single-digit g-values | x1 | x2...
1 0 +3.172937337e+06 +3.172351297e+06 +3.172351297e+06
5 0 +3.155303330e+06 +3.154717290e+06 +3.154717290e+06
17 0 +3.086923614e+06 +3.086337574e+06 +3.086337574e+06
43 0 +2.791878111e+06 +2.791292071e+06 +2.791292071e+06
44 0 +1.441440337e+06 +1.440854297e+06 +1.440854297e+06
45 0 +1.064482896e+06 +1.063896856e+06 +1.063896856e+06
46 0 +4.102956490e+05 +4.097096090e+05 +4.097096090e+05
47 0 +3.243901583e+05 +3.238041183e+05 +3.238041183e+05
48 0 +2.969958428e+05 +2.964098028e+05 +2.964098028e+05
49 0 +2.941344468e+05 +2.935484068e+05 +2.935484068e+05
53 0 +2.869477061e+05 +2.863616661e+05 +2.863616661e+05
58 0 +2.757531842e+05 +2.751671442e+05 +2.751671442e+05
61 0 +2.753399155e+05 +2.747538755e+05 +2.747538755e+05
90 0 +2.627155740e+05 +2.621295340e+05 +2.621295340e+05
91 0 +2.554030682e+05 +2.548170282e+05 +2.548170282e+05
92 0 +2.443867185e+05 +2.438006785e+05 +2.438006785e+05
93 0 +1.982937770e+05 +1.977077370e+05 +1.977077370e+05
94 0 +3.535347575e+04 +3.476743575e+04 +3.476743575e+04
95 0 +1.823602666e+04 +1.764998666e+04 +1.764998666e+04
96 0 +1.774859327e+04 +1.716255327e+04 +1.716255327e+04
135 0 +1.711950438e+04 +1.653346438e+04 +1.653346438e+04
136 0 +1.577046023e+04 +1.518442023e+04 +1.518442023e+04
137 0 +1.081953624e+04 +1.023349624e+04 +1.023349624e+04
138 0 +4.622523516e+03 +4.036483516e+03 +4.036483516e+03
139 0 +3.287925882e+03 +2.701885882e+03 +2.701885882e+03
140 0 +2.387870131e+03 +1.801830131e+03 +1.801830131e+03
180 0 +2.338941634e+03 +1.752901634e+03 +1.752901634e+03
183 0 +2.157519546e+03 +1.571479546e+03 +1.571479546e+03
184 0 +1.620405130e+03 +1.034365130e+03 +1.034365130e+03
185 0 +7.601327961e+02 +1.740927961e+02 +1.740927961e+02
186 0 +7.579017082e+02 +1.718617082e+02 +1.718617082e+02
% f evaluations | g evaluations | best noise-free fitness - Fopt (-1.000000000000e+03) + sum g_i+ | measured fitness | best measured fitness or single-digit g-values | x1 | x2...
1 0 +4.880652570e+06 +4.879652570e+06 +4.879652570e+06
3 0 +4.783421270e+06 +4.782421270e+06 +4.782421270e+06
9 0 +4.613187752e+06 +4.612187752e+06 +4.612187752e+06
43 0 +3.937430002e+06 +3.936430002e+06 +3.936430002e+06
44 0 +2.197265947e+06 +2.196265947e+06 +2.196265947e+06
45 0 +2.041555268e+06 +2.040555268e+06 +2.040555268e+06
46 0 +1.852112869e+06 +1.851112869e+06 +1.851112869e+06
47 0 +1.772464397e+06 +1.771464397e+06 +1.771464397e+06
48 0 +1.708950167e+06 +1.707950167e+06 +1.707950167e+06
49 0 +1.672453171e+06 +1.671453171e+06 +1.671453171e+06
51 0 +1.623769587e+06 +1.622769587e+06 +1.622769587e+06
52 0 +1.621565748e+06 +1.620565748e+06 +1.620565748e+06
53 0 +1.583169944e+06 +1.582169944e+06 +1.582169944e+06
58 0 +1.533247194e+06 +1.532247194e+06 +1.532247194e+06
61 0 +1.505863263e+06 +1.504863263e+06 +1.504863263e+06
66 0 +1.471425862e+06 +1.470425862e+06 +1.470425862e+06
85 0 +1.428486190e+06 +1.427486190e+06 +1.427486190e+06
86 0 +1.396218235e+06 +1.395218235e+06 +1.395218235e+06
87 0 +1.238664477e+06 +1.237664477e+06 +1.237664477e+06
88 0 +6.968227488e+05 +6.958227488e+05 +6.958227488e+05
89 0 +4.969502150e+05 +4.959502150e+05 +4.959502150e+05
90 0 +3.695476934e+05 +3.685476934e+05 +3.685476934e+05
91 0 +3.358413272e+05 +3.348413272e+05 +3.348413272e+05
92 0 +3.102734239e+05 +3.092734239e+05 +3.092734239e+05
93 0 +2.965534987e+05 +2.955534987e+05 +2.955534987e+05
94 0 +2.921276897e+05 +2.911276897e+05 +2.911276897e+05
95 0 +2.836501106e+05 +2.826501106e+05 +2.826501106e+05
97 0 +2.792312002e+05 +2.782312002e+05 +2.782312002e+05
99 0 +2.750177065e+05 +2.740177065e+05 +2.740177065e+05
103 0 +2.686257824e+05 +2.676257824e+05 +2.676257824e+05
105 0 +2.604779033e+05 +2.594779033e+05 +2.594779033e+05
108 0 +2.566222778e+05 +2.556222778e+05 +2.556222778e+05
118 0 +2.471156342e+05 +2.461156342e+05 +2.461156342e+05
122 0 +2.435587939e+05 +2.425587939e+05 +2.425587939e+05
131 0 +2.350345846e+05 +2.340345846e+05 +2.340345846e+05
132 0 +2.117953878e+05 +2.107953878e+05 +2.107953878e+05
133 0 +1.516363412e+05 +1.506363412e+05 +1.506363412e+05
134 0 +1.314767865e+05 +1.304767865e+05 +1.304767865e+05
175 0 +1.275558179e+05 +1.265558179e+05 +1.265558179e+05
176 0 +1.209821638e+05 +1.199821638e+05 +1.199821638e+05
177 0 +8.381925770e+04 +8.281925770e+04 +8.281925770e+04
178 0 +2.687680371e+04 +2.587680371e+04 +2.587680371e+04
179 0 +1.735390306e+04 +1.635390306e+04 +1.635390306e+04
180 0 +1.634619847e+04 +1.534619847e+04 +1.534619847e+04
181 0 +1.516852800e+04 +1.416852800e+04 +1.416852800e+04
182 0 +1.499579899e+04 +1.399579899e+04 +1.399579899e+04
190 0 +1.477332575e+04 +1.377332575e+04 +1.377332575e+04
