% f evaluations | g evaluations | best noise-free fitness - Fopt (1.238300000000e+02) + sum g_i+ | measured fitness | best measured fitness or single-digit g-values | x1 | x2...
1 0 +2.600000000e+01 +1.498300000e+02 +1.498300000e+02 +0.0000e+00 +0.0000e+00 +0.0000e+00 +0.0000e+00 +0.0000e+00
4 0 +2.290486498e+01 +1.467348650e+02 +1.467348650e+02 +0.0000e+00 +1.0000e-01 +0.0000e+00 +0.0000e+00 +0.0000e+00
5 0 +2.185847921e+01 +1.456884792e+02 +1.456884792e+02 +0.0000e+00 +0.0000e+00 +1.0000e-01 +0.0000e+00 +0.0000e+00
8 0 +1.833882678e+01 +1.421688268e+02 +1.421688268e+02 -2.2647e-02 +3.6629e-02 +1.4901e-01 -2.9110e-03 -7.5728e-02
12 0 +1.721182281e+01 +1.410418228e+02 +1.410418228e+02 -1.0289e-02 +3.8554e-02 +1.5368e-01 +1.4088e-02 -8.8293e-02
13 0 +1.686472082e+01 +1.406947208e+02 +1.406947208e+02 -9.5276e-03 +5.8402e-02 +1.3923e-01 +1.7370e-02 -9.1593e-02
15 0 +1.630991033e+01 +1.401399103e+02 +1.401399103e+02 -6.9998e-03 +6.2963e-02 +1.4340e-01 +2.4734e-02 -9.0528e-02
16 0 +1.418861908e+01 +1.380186191e+02 +1.380186191e+02 -5.6324e-04 +8.1561e-02 +1.6086e-01 +5.4141e-02 -9.7096e-02
17 0 +7.921249700e+00 +1.317512497e+02 +1.317512497e+02 +1.3157e-02 +1.5316e-01 +2.2929e-01 +1.6557e-01 -1.5355e-01
21 0 +7.699946756e+00 +1.315299468e+02 +1.315299468e+02 -4.6219e-02 +2.8583e-01 +2.0029e-01 +1.5023e-01 -9.5286e-02
22 0 +7.556211023e+00 +1.313862110e+02 +1.313862110e+02 -6.5811e-02 +2.7533e-01 +1.9002e-01 +1.6821e-01 -9.1712e-02
23 0 +5.238020814e+00 +1.290680208e+02 +1.290680208e+02 -3.1081e-02 +2.9349e-01 +2.0640e-01 +2.3168e-01 -6.7898e-02
26 0 +3.951864049e+00 +1.277818640e+02 +1.277818640e+02 -2.3934e-02 +3.1061e-01 +2.0414e-01 +2.5855e-01 -9.0895e-02
29 0 +3.425677357e+00 +1.272556774e+02 +1.272556774e+02 -1.7204e-02 +3.1814e-01 +2.0699e-01 +2.5505e-01 -1.0756e-01
30 0 +2.899109418e+00 +1.267291094e+02 +1.267291094e+02 -1.4625e-02 +3.2410e-01 +2.2356e-01 +2.6273e-01 -1.1248e-01
31 0 +2.541936720e+00 +1.263719367e+02 +1.263719367e+02 -9.1972e-04 +3.3229e-01 +2.2782e-01 +2.7136e-01 -1.1972e-01
32 0 +2.276834249e+00 +1.261068342e+02 +1.261068342e+02 +3.5390e-03 +3.3724e-01 +2.4255e-01 +2.6724e-01 -1.3075e-01
33 0 +2.085065295e+00 +1.259150653e+02 +1.259150653e+02 -4.9861e-03 +3.3906e-01 +2.4244e-01 +2.7890e-01 -1.4446e-01
34 0 +1.986754114e+00 +1.258167541e+02 +1.258167541e+02 +1.2179e-03 +3.2888e-01 +2.5372e-01 +2.9013e-01 -1.4655e-01
35 0 +1.636997325e+00 +1.254669973e+02 +1.254669973e+02 +1.4840e-04 +3.4337e-01 +2.6384e-01 +2.9923e-01 -1.4459e-01
36 0 +1.460954759e+00 +1.252909548e+02 +1.252909548e+02 +5.1532e-03 +3.5692e-01 +2.7175e-01 +3.0777e-01 -1.5206e-01
37 0 +1.286062381e+00 +1.251160624e+02 +1.251160624e+02 -7.5305e-03 +3.6074e-01 +2.8668e-01 +3.0907e-01 -1.5196e-01
38 0 +1.110580025e+00 +1.249405800e+02 +1.249405800e+02 -1.3708e-02 +3.6658e-01 +2.8716e-01 +3.2529e-01 -1.4393e-01
39 0 +1.084247551e+00 +1.249142476e+02 +1.249142476e+02 -7.5406e-03 +3.7386e-01 +2.9858e-01 +3.2558e-01 -1.3057e-01
40 0 +9.984751801e-01 +1.248284752e+02 +1.248284752e+02 -8.6562e-03 +3.7242e-01 +3.0428e-01 +3.3317e-01 -1.3314e-01
41 0 +9.562582354e-01 +1.247862582e+02 +1.247862582e+02 -1.3373e-02 +3.7753e-01 +3.0776e-01 +3.3908e-01 -1.3529e-01
43 0 +9.368024368e-01 +1.247668024e+02 +1.247668024e+02 -1.0730e-02 +3.7791e-01 +3.0701e-01 +3.4323e-01 -1.3561e-01
44 0 +9.123675140e-01 +1.247423675e+02 +1.247423675e+02 -9.0290e-03 +3.7783e-01 +3.1048e-01 +3.4445e-01 -1.3854e-01
45 0 +9.004455896e-01 +1.247304456e+02 +1.247304456e+02 -7.1653e-03 +3.8058e-01 +3.1321e-01 +3.4685e-01 -1.3939e-01
49 0 +8.843877515e-01 +1.247143878e+02 +1.247143878e+02 -9.0465e-03 +3.8041e-01 +3.1448e-01 +3.4905e-01 -1.4438e-01
52 0 +8.663633420e-01 +1.246963633e+02 +1.246963633e+02 -1.2688e-02 +3.7954e-01 +3.1792e-01 +3.5212e-01 -1.4538e-01
56 0 +8.497441147e-01 +1.246797441e+02 +1.246797441e+02 -1.4722e-02 +3.7796e-01 +3.2313e-01 +3.5682e-01 -1.4563e-01
66 0 +8.300345132e-01 +1.246600345e+02 +1.246600345e+02 -1.2852e-02 +3.7476e-01 +3.3387e-01 +3.6111e-01 -1.4674e-01
84 0 +8.077668329e-01 +1.246377668e+02 +1.246377668e+02 -1.0951e-02 +3.6549e-01 +3.4203e-01 +3.6007e-01 -1.4347e-01
95 0 +7.855429456e-01 +1.246155429e+02 +1.246155429e+02 -8.0874e-03 +3.5534e-01 +3.6023e-01 +3.6703e-01 -1.3920e-01
103 0 +7.744112643e-01 +1.246044113e+02 +1.246044113e+02 -7.8340e-03 +3.5252e-01 +3.6079e-01 +3.6327e-01 -1.3913e-01
112 0 +7.545674313e-01 +1.245845674e+02 +1.245845674e+02 -4.3439e-03 +3.4110e-01 +3.6547e-01 +3.6067e-01 -1.3865e-01
122 0 +7.402865617e-01 +1.245702866e+02 +1.245702866e+02 -4.4952e-03 +3.3358e-01 +3.6876e-01 +3.5572e-01 -1.3554e-01
129 0 +7.217941129e-01 +1.245517941e+02 +1.245517941e+02 -2.1283e-03 +3.2551e-01 +3.7780e-01 +3.5590e-01 -1.3578e-01
138 0 +7.074753659e-01 +1.245374754e+02 +1.245374754e+02 +1.0592e-03 +3.2062e-01 +3.8380e-01 +3.5592e-01 -1.3253e-01
147 0 +6.904873820e-01 +1.245204874e+02 +1.245204874e+02 +4.6060e-03 +3.1115e-01 +3.8999e-01 +3.5481e-01 -1.3023e-01
148 0 +6.755435075e-01 +1.245055435e+02 +1.245055435e+02 +9.5643e-03 +2.8791e-01 +4.0536e-01 +3.4001e-01 -1.2831e-01
155 0 +6.592056076e-01 +1.244892056e+02 +1.244892056e+02 +1.0667e-02 +2.8245e-01 +4.0310e-01 +3.4095e-01 -1.2554e-01
163 0 +6.448225530e-01 +1.244748226e+02 +1.244748226e+02 +1.4859e-02 +2.8271e-01 +4.0865e-01 +3.4244e-01 -1.2399e-01
171 0 +6.289021431e-01 +1.244589021e+02 +1.244589021e+02 +1.5547e-02 +2.7928e-01 +4.1459e-01 +3.4672e-01 -1.2217e-01
189 0 +6.164293268e-01 +1.244464293e+02 +1.244464293e+02 +1.4805e-02 +2.7362e-01 +4.2190e-01 +3.4620e-01 -1.2098e-01
200 0 +5.950248439e-01 +1.244250248e+02 +1.244250248e+02 +2.3011e-02 +2.6121e-01 +4.4097e-01 +3.4778e-01 -1.1630e-01
208 0 +5.868253326e-01 +1.244168253e+02 +1.244168253e+02 +2.2887e-02 +2.5751e-01 +4.4069e-01 +3.4813e-01 -1.1532e-01
217 0 +5.734713136e-01 +1.244034713e+02 +1.244034713e+02 +2.1326e-02 +2.4968e-01 +4.4372e-01 +3.4415e-01 -1.1422e-01
229 0 +5.622879031e-01 +1.243922879e+02 +1.243922879e+02 +2.5406e-02 +2.4416e-01 +4.4519e-01 +3.4016e-01 -1.1257e-01
246 0 +5.494278282e-01 +1.243794278e+02 +1.243794278e+02 +2.8968e-02 +2.3731e-01 +4.5193e-01 +3.4001e-01 -1.1007e-01
253 0 +5.352131402e-01 +1.243652131e+02 +1.243652131e+02 +3.1692e-02 +2.2572e-01 +4.6079e-01 +3.4019e-01 -1.0985e-01
270 0 +5.242076116e-01 +1.243542076e+02 +1.243542076e+02 +3.3627e-02 +2.2150e-01 +4.6353e-01 +3.3775e-01 -1.0548e-01
278 0 +5.127794844e-01 +1.243427795e+02 +1.243427795e+02 +3.4774e-02 +2.1399e-01 +4.6633e-01 +3.3379e-01 -1.0424e-01
283 0 +4.974684721e-01 +1.243274685e+02 +1.243274685e+02 +3.6567e-02 +2.0107e-01 +4.7467e-01 +3.2979e-01 -1.0212e-01
289 0 +4.877088488e-01 +1.243177088e+02 +1.243177088e+02 +4.1262e-02 +1.9865e-01 +4.7932e-01 +3.3008e-01 -1.0045e-01
309 0 +4.784923381e-01 +1.243084923e+02 +1.243084923e+02 +4.4047e-02 +1.9316e-01 +4.8310e-01 +3.2829e-01 -9.8020e-02
326 0 +4.675833790e-01 +1.242975834e+02 +1.242975834e+02 +4.5931e-02 +1.8506e-01 +4.8618e-01 +3.2555e-01 -9.4083e-02
349 0 +4.567086121e-01 +1.242867086e+02 +1.242867086e+02 +4.7854e-02 +1.7781e-01 +4.9223e-01 +3.2346e-01 -9.3637e-02
369 0 +4.461952554e-01 +1.242761953e+02 +1.242761953e+02 +5.1866e-02 +1.7101e-01 +4.9527e-01 +3.2115e-01 -9.0991e-02
375 0 +4.344714110e-01 +1.242644714e+02 +1.242644714e+02 +5.3751e-02 +1.6011e-01 +5.0299e-01 +3.2061e-01 -8.8259e-02
393 0 +4.263487362e-01 +1.242563487e+02 +1.242563487e+02 +5.7721e-02 +1.5740e-01 +5.0582e-01 +3.1787e-01 -8.7140e-02
418 0 +4.156277093e-01 +1.242456277e+02 +1.242456277e+02 +6.0565e-02 +1.4899e-01 +5.0920e-01 +3.1460e-01 -8.4617e-02
432 0 +4.056010897e-01 +1.242356011e+02 +1.242356011e+02 +6.3443e-02 +1.4184e-01 +5.1543e-01 +3.1068e-01 -8.3257e-02
441 0 +3.944943015e-01 +1.242244943e+02 +1.242244943e+02 +6.4539e-02 +1.3217e-01 +5.2063e-01 +3.0974e-01 -7.9154e-02
452 0 +3.887941254e-01 +1.242187941e+02 +1.242187941e+02 +6.7802e-02 +1.3013e-01 +5.2261e-01 +3.0777e-01 -7.7487e-02
469 0 +3.783737706e-01 +1.242083738e+02 +1.242083738e+02 +7.1777e-02 +1.2209e-01 +5.2870e-01 +3.0524e-01 -7.3735e-02
485 0 +3.709362672e-01 +1.242009363e+02 +1.242009363e+02 +7.3536e-02 +1.1523e-01 +5.2947e-01 +3.0216e-01 -7.4054e-02
% f evaluations | g evaluations | best noise-free fitness - Fopt (4.751000000000e+01) + sum g_i+ | measured fitness | best measured fitness or single-digit g-values | x1 | x2...
1 0 +2.600000000e+01 +7.351000000e+01 +7.351000000e+01 +0.0000e+00 +0.0000e+00 +0.0000e+00 +0.0000e+00 +0.0000e+00
4 0 +2.532025288e+01 +7.283025288e+01 +7.283025288e+01 +0.0000e+00 +1.0000e-01 +0.0000e+00 +0.0000e+00 +0.0000e+00
8 0 +1.948368306e+01 +6.699368306e+01 +6.699368306e+01 -7.9039e-02 +1.0869e-01 -2.1866e-03 -6.0308e-02 -5.9638e-03
11 0 +1.603746905e+01 +6.354746905e+01 +6.354746905e+01 -1.4742e-01 +1.5709e-01 +3.7649e-02 -6.6251e-02 +3.0897e-02
12 0 +1.573374393e+01 +6.324374393e+01 +6.324374393e+01 -2.1307e-01 +1.7403e-01 +4.0341e-02 -1.3967e-01 +2.8642e-02
13 0 +1.157225018e+01 +5.908225018e+01 +5.908225018e+01 -2.8326e-01 +1.5102e-01 +1.4117e-02 -8.3912e-02 +1.3018e-03
14 0 +1.095926492e+01 +5.846926492e+01 +5.846926492e+01 -3.3228e-01 +2.1565e-01 -1.2089e-03 -3.0943e-02 -1.8171e-02
15 0 +5.900596160e+00 +5.341059616e+01 +5.341059616e+01 -3.6187e-01 +1.9815e-01 -4.9797e-02 -1.5183e-02 +6.0626e-02
16 0 +3.708342226e+00 +5.121834223e+01 +5.121834223e+01 -4.2166e-01 +1.5479e-01 -3.2616e-02 +2.1939e-02 +1.1422e-01
17 0 +3.318465596e+00 +5.082846560e+01 +5.082846560e+01 -4.5284e-01 +1.1814e-01 -1.1897e-01 +3.2324e-02 +1.2510e-01
18 0 +2.276953670e+00 +4.978695367e+01 +4.978695367e+01 -4.9336e-01 +1.5740e-01 -1.2359e-01 -1.9460e-02 +1.8924e-01
20 0 +1.225599479e+00 +4.873559948e+01 +4.873559948e+01 -5.3525e-01 +1.7037e-01 -1.1830e-01 -1.4738e-02 +1.6627e-01
22 0 +1.029829129e+00 +4.853982913e+01 +4.853982913e+01 -5.3859e-01 +1.6566e-01 -1.3285e-01 -1.4123e-02 +1.6649e-01
23 0 +9.274032909e-01 +4.843740329e+01 +4.843740329e+01 -5.3428e-01 +1.7841e-01 -1.4121e-01 -2.7746e-02 +1.5276e-01
25 0 +8.861970039e-01 +4.839619700e+01 +4.839619700e+01 -5.3980e-01 +1.8088e-01 -1.4533e-01 -2.2696e-02 +1.4820e-01
30 0 +8.614275638e-01 +4.837142756e+01 +4.837142756e+01 -5.3638e-01 +1.7802e-01 -1.5400e-01 -1.8321e-02 +1.4845e-01
31 0 +8.474250395e-01 +4.835742504e+01 +4.835742504e+01 -5.3588e-01 +1.7740e-01 -1.5450e-01 -1.8961e-02 +1.5068e-01
33 0 +8.256700825e-01 +4.833567008e+01 +4.833567008e+01 -5.3748e-01 +1.7572e-01 -1.5637e-01 -1.9862e-02 +1.5300e-01
35 0 +8.115774426e-01 +4.832157744e+01 +4.832157744e+01 -5.3716e-01 +1.7378e-01 -1.5820e-01 -2.1787e-02 +1.5514e-01
37 0 +7.942397021e-01 +4.830423970e+01 +4.830423970e+01 -5.4026e-01 +1.7354e-01 -1.5971e-01 -2.3119e-02 +1.5712e-01
39 0 +7.639642905e-01 +4.827396429e+01 +4.827396429e+01 -5.4570e-01 +1.6801e-01 -1.6695e-01 -2.9503e-02 +1.5821e-01
41 0 +7.529007741e-01 +4.826290077e+01 +4.826290077e+01 -5.4806e-01 +1.7175e-01 -1.7139e-01 -3.1809e-02 +1.6605e-01
45 0 +7.384234651e-01 +4.824842347e+01 +4.824842347e+01 -5.5248e-01 +1.7327e-01 -1.7515e-01 -3.1466e-02 +1.6338e-01
53 0 +7.219921842e-01 +4.823199218e+01 +4.823199218e+01 -5.4796e-01 +1.7612e-01 -1.8359e-01 -3.6308e-02 +1.6642e-01
78 0 +7.069897499e-01 +4.821698975e+01 +4.821698975e+01 -5.4283e-01 +1.7605e-01 -1.9122e-01 -3.9982e-02 +1.6651e-01
95 0 +6.907025736e-01 +4.820070257e+01 +4.820070257e+01 -5.3839e-01 +1.7723e-01 -1.9760e-01 -4.6628e-02 +1.6808e-01
116 0 +6.746605799e-01 +4.818466058e+01 +4.818466058e+01 -5.3396e-01 +1.7680e-01 -2.0662e-01 -5.2220e-02 +1.7031e-01
124 0 +6.597475968e-01 +4.816974760e+01 +4.816974760e+01 -5.2912e-01 +1.7986e-01 -2.1291e-01 -5.7040e-02 +1.7141e-01
137 0 +6.447760025e-01 +4.815477600e+01 +4.815477600e+01 -5.2480e-01 +1.8090e-01 -2.2113e-01 -6.2337e-02 +1.7317e-01
162 0 +6.303848008e-01 +4.814038480e+01 +4.814038480e+01 -5.1934e-01 +1.8361e-01 -2.2701e-01 -6.8450e-02 +1.7363e-01
171 0 +6.158913794e-01 +4.812589138e+01 +4.812589138e+01 -5.1110e-01 +1.8356e-01 -2.3290e-01 -7.3641e-02 +1.7497e-01
184 0 +6.019509482e-01 +4.811195095e+01 +4.811195095e+01 -5.0616e-01 +1.8608e-01 -2.4020e-01 -7.7137e-02 +1.7576e-01
196 0 +5.861988185e-01 +4.809619882e+01 +4.809619882e+01 -4.9806e-01 +1.8560e-01 -2.4886e-01 -8.5445e-02 +1.7596e-01
208 0 +5.750639358e-01 +4.808506394e+01 +4.808506394e+01 -4.9773e-01 +1.8811e-01 -2.5685e-01 -8.7636e-02 +1.7921e-01
222 0 +5.569446309e-01 +4.806694463e+01 +4.806694463e+01 -4.8891e-01 +1.9055e-01 -2.6428e-01 -9.8535e-02 +1.8106e-01
235 0 +5.488873076e-01 +4.805888731e+01 +4.805888731e+01 -4.8535e-01 +1.9380e-01 -2.6764e-01 -9.6772e-02 +1.8008e-01
245 0 +5.358922065e-01 +4.804589221e+01 +4.804589221e+01 -4.7945e-01 +1.9299e-01 -2.7420e-01 -1.0325e-01 +1.8130e-01
247 0 +5.228261071e-01 +4.803282611e+01 +4.803282611e+01 -4.5944e-01 +1.9552e-01 -2.8708e-01 -1.1729e-01 +1.8812e-01
248 0 +5.041613383e-01 +4.801416134e+01 +4.801416134e+01 -4.6428e-01 +1.9582e-01 -3.0180e-01 -1.2126e-01 +1.8780e-01
256 0 +4.986352380e-01 +4.800863524e+01 +4.800863524e+01 -4.6200e-01 +1.9740e-01 -3.0126e-01 -1.1999e-01 +1.8808e-01
264 0 +4.891740851e-01 +4.799917409e+01 +4.799917409e+01 -4.5866e-01 +2.0110e-01 -3.0102e-01 -1.2120e-01 +1.8745e-01
272 0 +4.774263502e-01 +4.798742635e+01 +4.798742635e+01 -4.4860e-01 +2.0501e-01 -3.0595e-01 -1.2652e-01 +1.8928e-01
283 0 +4.671842652e-01 +4.797718427e+01 +4.797718427e+01 -4.4661e-01 +2.0434e-01 -3.1086e-01 -1.2985e-01 +1.8794e-01
309 0 +4.567090494e-01 +4.796670905e+01 +4.796670905e+01 -4.3969e-01 +2.0572e-01 -3.1558e-01 -1.3510e-01 +1.8914e-01
324 0 +4.453592977e-01 +4.795535930e+01 +4.795535930e+01 -4.3280e-01 +2.1095e-01 -3.2480e-01 -1.3929e-01 +1.8774e-01
333 0 +4.359538853e-01 +4.794595389e+01 +4.794595389e+01 -4.2764e-01 +2.0923e-01 -3.2687e-01 -1.4201e-01 +1.8954e-01
348 0 +4.256102140e-01 +4.793561021e+01 +4.793561021e+01 -4.1681e-01 +2.1386e-01 -3.3630e-01 -1.4960e-01 +1.9441e-01
356 0 +4.159572126e-01 +4.792595721e+01 +4.792595721e+01 -4.1552e-01 +2.1112e-01 -3.3904e-01 -1.5268e-01 +1.9205e-01
377 0 +4.068148277e-01 +4.791681483e+01 +4.791681483e+01 -4.1119e-01 +2.1562e-01 -3.4364e-01 -1.5561e-01 +1.9190e-01
386 0 +3.969792296e-01 +4.790697923e+01 +4.790697923e+01 -4.0480e-01 +2.1724e-01 -3.5285e-01 -1.5979e-01 +1.9342e-01
407 0 +3.885822823e-01 +4.789858228e+01 +4.789858228e+01 -3.9841e-01 +2.1886e-01 -3.5367e-01 -1.6251e-01 +1.9299e-01
411 0 +3.767564480e-01 +4.788675645e+01 +4.788675645e+01 -3.8829e-01 +2.2067e-01 -3.5883e-01 -1.6924e-01 +1.9199e-01
412 0 +3.492727725e-01 +4.785927277e+01 +4.785927277e+01 -3.6468e-01 +2.2647e-01 -3.7483e-01 -1.8212e-01 +1.9529e-01
423 0 +3.465794693e-01 +4.785657947e+01 +4.785657947e+01 -3.6238e-01 +2.2731e-01 -3.7618e-01 -1.8390e-01 +1.9513e-01
444 0 +3.387290650e-01 +4.784872907e+01 +4.784872907e+01 -3.6188e-01 +2.2855e-01 -3.8155e-01 -1.8601e-01 +1.9528e-01
459 0 +3.308525109e-01 +4.784085251e+01 +4.784085251e+01 -3.5664e-01 +2.3061e-01 -3.8689e-01 -1.8966e-01 +1.9595e-01
471 0 +3.232019557e-01 +4.783320196e+01 +4.783320196e+01 -3.5073e-01 +2.3143e-01 -3.9552e-01 -1.9518e-01 +1.9915e-01
480 0 +3.161851643e-01 +4.782618516e+01 +4.782618516e+01 -3.4606e-01 +2.3480e-01 -3.9702e-01 -1.9746e-01 +1.9698e-01
482 0 +3.089043950e-01 +4.781890439e+01 +4.781890439e+01 -3.3887e-01 +2.3666e-01 -4.0251e-01 -2.0067e-01 +1.9665e-01
% f evaluations | g evaluations | best noise-free fitness - Fopt (5.534000000000e+01) + sum g_i+ | measured fitness | best measured fitness or single-digit g-values | x1 | x2...
1 0 +2.600000000e+01 +8.134000000e+01 +8.134000000e+01 +0.0000e+00 +0.0000e+00 +0.0000e+00 +0.0000e+00 +0.0000e+00
4 0 +2.314012269e+01 +7.848012269e+01 +7.848012269e+01 +0.0000e+00 +1.0000e-01 +0.0000e+00 +0.0000e+00 +0.0000e+00
8 0 +1.703912007e+01 +7.237912007e+01 +7.237912007e+01 -1.2354e-02 +1.3303e-01 +1.2458e-02 -2.0256e-02 -9.0505e-02
11 0 +1.434007460e+01 +6.968007460e+01 +6.968007460e+01 -1.9314e-02 +1.5570e-01 +3.3015e-02 -3.5981e-02 -1.8414e-01
13 0 +1.374659958e+01 +6.908659958e+01 +6.908659958e+01 -3.8267e-02 +1.5669e-01 +1.9853e-02 +5.3943e-03 -2.0010e-01
17 0 +1.312202357e+01 +6.846202357e+01 +6.846202357e+01 -2.5574e-02 +1.5264e-01 +3.1872e-02 +1.6489e-02 -2.1736e-01
18 0 +1.113024864e+01 +6.647024864e+01 +6.647024864e+01 -1.2011e-02 +1.7751e-01 +4.7744e-02 +3.8783e-02 -2.1037e-01
19 0 +4.720027480e+00 +6.006002748e+01 +6.006002748e+01 -6.2221e-03 +3.1412e-01 +1.0326e-01 +6.8205e-02 -2.6474e-01
24 0 +4.515193676e+00 +5.985519368e+01 +5.985519368e+01 -3.6199e-02 +3.3207e-01 +1.1335e-01 +4.1535e-02 -2.6374e-01
26 0 +3.830975029e+00 +5.917097503e+01 +5.917097503e+01 -2.8320e-02 +3.4531e-01 +1.2244e-01 +4.2559e-02 -2.5486e-01
27 0 +3.277082049e+00 +5.861708205e+01 +5.861708205e+01 -1.9853e-02 +3.5377e-01 +1.3443e-01 +4.0711e-02 -2.6533e-01
28 0 +2.677642765e+00 +5.801764276e+01 +5.801764276e+01 -1.6963e-02 +3.7028e-01 +1.4246e-01 +4.8049e-02 -2.6611e-01
29 0 +2.218077718e+00 +5.755807772e+01 +5.755807772e+01 -7.8920e-03 +3.8342e-01 +1.5417e-01 +4.7027e-02 -2.6349e-01
30 0 +1.793435103e+00 +5.713343510e+01 +5.713343510e+01 -8.5244e-03 +3.9923e-01 +1.6142e-01 +4.8903e-02 -2.7316e-01
33 0 +1.614719734e+00 +5.695471973e+01 +5.695471973e+01 -3.7410e-03 +4.0618e-01 +1.6146e-01 +5.4267e-02 -2.7338e-01
34 0 +1.432986250e+00 +5.677298625e+01 +5.677298625e+01 +2.5593e-03 +4.1157e-01 +1.6459e-01 +5.2701e-02 -2.7774e-01
35 0 +1.291829004e+00 +5.663182900e+01 +5.663182900e+01 +4.6440e-03 +4.1730e-01 +1.6407e-01 +5.5808e-02 -2.8501e-01
36 0 +1.197415257e+00 +5.653741526e+01 +5.653741526e+01 +1.2512e-02 +4.2241e-01 +1.6547e-01 +5.8099e-02 -2.8719e-01
37 0 +1.077438207e+00 +5.641743821e+01 +5.641743821e+01 +9.8803e-03 +4.3144e-01 +1.6701e-01 +5.5342e-02 -2.8594e-01
38 0 +1.005744833e+00 +5.634574483e+01 +5.634574483e+01 +1.1720e-02 +4.3623e-01 +1.6658e-01 +4.9180e-02 -2.9190e-01
39 0 +9.268347336e-01 +5.626683473e+01 +5.626683473e+01 +1.1917e-02 +4.4444e-01 +1.6163e-01 +5.1686e-02 -2.9324e-01
40 0 +8.271074267e-01 +5.616710743e+01 +5.616710743e+01 +1.0699e-02 +4.5115e-01 +1.6712e-01 +5.4276e-02 -2.9730e-01
41 0 +7.463832634e-01 +5.608638326e+01 +5.608638326e+01 +1.3159e-02 +4.6021e-01 +1.7031e-01 +5.3118e-02 -2.9672e-01
42 0 +6.805545145e-01 +5.602055451e+01 +5.602055451e+01 +7.4326e-03 +4.6771e-01 +1.7128e-01 +5.1684e-02 -2.9954e-01
43 0 +6.343121832e-01 +5.597431218e+01 +5.597431218e+01 +9.7390e-03 +4.7471e-01 +1.7261e-01 +5.4053e-02 -3.0573e-01
44 0 +6.109483990e-01 +5.595094840e+01 +5.595094840e+01 +7.1685e-03 +4.7978e-01 +1.7501e-01 +6.0825e-02 -3.0171e-01
45 0 +5.889451238e-01 +5.592894512e+01 +5.592894512e+01 +6.0472e-03 +4.8284e-01 +1.8397e-01 +5.8078e-02 -3.0297e-01
46 0 +5.750267427e-01 +5.591502674e+01 +5.591502674e+01 +6.2228e-03 +4.9207e-01 +1.8250e-01 +5.4690e-02 -3.0185e-01
47 0 +5.466950122e-01 +5.588669501e+01 +5.588669501e+01 -2.4555e-04 +4.9575e-01 +1.8325e-01 +5.7058e-02 -3.0805e-01
56 0 +5.348879211e-01 +5.587488792e+01 +5.587488792e+01 -3.8431e-04 +5.0248e-01 +1.8299e-01 +6.2316e-02 -3.1342e-01
66 0 +5.202639900e-01 +5.586026399e+01 +5.586026399e+01 -3.3399e-04 +5.0592e-01 +1.7213e-01 +5.9911e-02 -3.0936e-01
67 0 +4.964529794e-01 +5.583645298e+01 +5.583645298e+01 -6.6950e-04 +5.1425e-01 +1.4404e-01 +5.5404e-02 -2.9730e-01
74 0 +4.872560392e-01 +5.582725604e+01 +5.582725604e+01 +6.6544e-04 +5.1530e-01 +1.4065e-01 +5.2081e-02 -2.9877e-01
80 0 +4.776465542e-01 +5.581764655e+01 +5.581764655e+01 -1.6683e-03 +5.2029e-01 +1.4046e-01 +5.1010e-02 -2.9914e-01
93 0 +4.626268700e-01 +5.580262687e+01 +5.580262687e+01 -5.6238e-03 +5.2925e-01 +1.3117e-01 +5.0704e-02 -2.9963e-01
100 0 +4.546560191e-01 +5.579465602e+01 +5.579465602e+01 -4.1699e-03 +5.2948e-01 +1.2495e-01 +4.9809e-02 -2.9584e-01
117 0 +4.462688707e-01 +5.578626887e+01 +5.578626887e+01 -5.4776e-03 +5.3355e-01 +1.1946e-01 +4.8706e-02 -2.9403e-01
139 0 +4.360577928e-01 +5.577605779e+01 +5.577605779e+01 -5.6605e-03 +5.3822e-01 +1.1151e-01 +4.7803e-02 -2.9165e-01
148 0 +4.264739477e-01 +5.576647395e+01 +5.576647395e+01 -6.9332e-03 +5.4176e-01 +1.0382e-01 +4.6319e-02 -2.8979e-01
181 0 +4.162422292e-01 +5.575624223e+01 +5.575624223e+01 -6.5053e-03 +5.4631e-01 +9.5843e-02 +4.2662e-02 -2.8622e-01
201 0 +4.042495483e-01 +5.574424955e+01 +5.574424955e+01 -8.4989e-03 +5.5009e-01 +8.5486e-02 +4.1805e-02 -2.8249e-01
203 0 +3.958226779e-01 +5.573582268e+01 +5.573582268e+01 -7.8026e-03 +5.5332e-01 +7.0569e-02 +3.6904e-02 -2.8054e-01
210 0 +3.886205322e-01 +5.572862053e+01 +5.572862053e+01 -7.0442e-03 +5.5358e-01 +6.8991e-02 +3.6781e-02 -2.7518e-01
220 0 +3.800044570e-01 +5.572000446e+01 +5.572000446e+01 -7.5412e-03 +5.5936e-01 +6.5060e-02 +3.6974e-02 -2.7648e-01
241 0 +3.706240373e-01 +5.571062404e+01 +5.571062404e+01 -8.0520e-03 +5.6357e-01 +5.6333e-02 +3.6251e-02 -2.7407e-01
255 0 +3.623053094e-01 +5.570230531e+01 +5.570230531e+01 -5.6458e-03 +5.6668e-01 +4.3877e-02 +3.3432e-02 -2.7052e-01
261 0 +3.546989823e-01 +5.569469898e+01 +5.569469898e+01 -8.4496e-03 +5.6924e-01 +4.2362e-02 +3.2252e-02 -2.6866e-01
280 0 +3.461599036e-01 +5.568615990e+01 +5.568615990e+01 -1.0820e-02 +5.7452e-01 +3.3709e-02 +3.1391e-02 -2.6618e-01
301 0 +3.379286636e-01 +5.567792866e+01 +5.567792866e+01 -6.9142e-03 +5.7647e-01 +2.5395e-02 +2.8292e-02 -2.6107e-01
320 0 +3.310558697e-01 +5.567105587e+01 +5.567105587e+01 -1.0189e-02 +5.8124e-01 +2.0081e-02 +2.7895e-02 -2.6149e-01
348 0 +3.235366356e-01 +5.566353664e+01 +5.566353664e+01 -8.5851e-03 +5.8316e-01 +1.3460e-02 +2.5100e-02 -2.5844e-01
378 0 +3.162159153e-01 +5.565621592e+01 +5.565621592e+01 -9.2113e-03 +5.8507e-01 +5.6732e-03 +2.3527e-02 -2.5576e-01
399 0 +3.087204924e-01 +5.564872049e+01 +5.564872049e+01 -9.5707e-03 +5.8954e-01 -1.2853e-03 +2.1849e-02 -2.5296e-01
417 0 +3.016648952e-01 +5.564166490e+01 +5.564166490e+01 -9.2728e-03 +5.9108e-01 -9.5635e-03 +1.8230e-02 -2.4959e-01
440 0 +2.944230936e-01 +5.563442309e+01 +5.563442309e+01 -8.5832e-03 +5.9512e-01 -1.6273e-02 +1.7814e-02 -2.4793e-01
445 0 +2.877938408e-01 +5.562779384e+01 +5.562779384e+01 -9.8656e-03 +5.9685e-01 -2.4576e-02 +1.6270e-02 -2.4497e-01
461 0 +2.806551527e-01 +5.562065515e+01 +5.562065515e+01 -9.2143e-03 +6.0319e-01 -3.2019e-02 +1.2992e-02 -2.4270e-01
478 0 +2.753253623e-01 +5.561532536e+01 +5.561532536e+01 -9.0324e-03 +6.0327e-01 -3.6340e-02 +1.2427e-02 -2.3971e-01
496 0 +2.688951254e-01 +5.560889513e+01 +5.560889513e+01 -7.9589e-03 +6.0537e-01 -4.3563e-02 +1.0453e-02 -2.3703e-01
% f evaluations | g evaluations | best noise-free fitness - Fopt (-9.033000000000e+01) + sum g_i+ | measured fitness | best measured fitness or single-digit g-values | x1 | x2...
1 0 +2.600000000e+01 -6.433000000e+01 -6.433000000e+01 +0.0000e+00 +0.0000e+00 +0.0000e+00 +0.0000e+00 +0.0000e+00
3 0 +2.247298520e+01 -6.785701480e+01 -6.785701480e+01 +1.0000e-01 +0.0000e+00 +0.0000e+00 +0.0000e+00 +0.0000e+00
% f evaluations | g evaluations | best noise-free fitness - Fopt (6.561000000000e+01) + sum g_i+ | measured fitness | best measured fitness or single-digit g-values | x1 | x2...
1 0 +2.600000000e+01 +9.161000000e+01 +9.161000000e+01 +0.0000e+00 +0.0000e+00 +0.0000e+00 +0.0000e+00 +0.0000e+00
5 0 +2.267170983e+01 +8.828170983e+01 +8.828170983e+01 +0.0000e+00 +0.0000e+00 +1.0000e-01 +0.0000e+00 +0.0000e+00
8 0 +1.660880627e+01 +8.221880627e+01 +8.221880627e+01 -7.3384e-02 -2.6022e-03 +1.3840e-01 -2.6623e-02 -4.9241e-02
9 0 +1.400300603e+01 +7.961300603e+01 +7.961300603e+01 -3.8623e-01 -1.3695e-02 +2.0954e-01 -1.4012e-01 -2.5916e-01
12 0 +1.002193989e+01 +7.563193989e+01 +7.563193989e+01 -3.9597e-01 -3.5118e-02 +2.2097e-01 -1.6971e-01 -2.2850e-01
13 0 +8.238346669e+00 +7.384834667e+01 +7.384834667e+01 -4.0829e-01 -7.0763e-02 +2.3408e-01 -1.8507e-01 -2.0262e-01
14 0 +6.216947692e+00 +7.182694769e+01 +7.182694769e+01 -4.1192e-01 -5.6067e-02 +2.3363e-01 -2.2725e-01 -1.8046e-01
15 0 +4.765295969e+00 +7.037529597e+01 +7.037529597e+01 -3.7270e-01 -5.6632e-02 +2.2903e-01 -2.1774e-01 -1.5130e-01
17 0 +4.546050697e+00 +7.015605070e+01 +7.015605070e+01 -3.7087e-01 -6.7602e-02 +2.0453e-01 -2.3193e-01 -1.3155e-01
18 0 +3.317236069e+00 +6.892723607e+01 +6.892723607e+01 -3.5583e-01 -7.6149e-02 +2.1166e-01 -2.4718e-01 -1.3807e-01
19 0 +2.640301125e+00 +6.825030112e+01 +6.825030112e+01 -3.3899e-01 -6.4059e-02 +2.0957e-01 -2.6048e-01 -1.4181e-01
20 0 +2.260150817e+00 +6.787015082e+01 +6.787015082e+01 -3.1838e-01 -7.4923e-02 +2.1455e-01 -2.6780e-01 -1.4376e-01
21 0 +1.745107686e+00 +6.735510769e+01 +6.735510769e+01 -3.2396e-01 -7.6900e-02 +2.1967e-01 -2.9042e-01 -1.5098e-01
22 0 +1.693802482e+00 +6.730380248e+01 +6.730380248e+01 -3.1684e-01 -7.2867e-02 +2.1846e-01 -3.0984e-01 -1.3758e-01
24 0 +1.593189656e+00 +6.720318966e+01 +6.720318966e+01 -3.1335e-01 -7.3663e-02 +2.1022e-01 -3.1540e-01 -1.4701e-01
25 0 +1.523560528e+00 +6.713356053e+01 +6.713356053e+01 -3.1375e-01 -8.0558e-02 +2.1397e-01 -3.2051e-01 -1.5049e-01
26 0 +1.345436775e+00 +6.695543677e+01 +6.695543677e+01 -3.2061e-01 -7.7629e-02 +2.1438e-01 -3.2599e-01 -1.5424e-01
27 0 +1.192248918e+00 +6.680224892e+01 +6.680224892e+01 -3.2587e-01 -7.5145e-02 +2.1524e-01 -3.3235e-01 -1.5924e-01
28 0 +7.643835585e-01 +6.637438356e+01 +6.637438356e+01 -3.4506e-01 -6.5763e-02 +2.1914e-01 -3.5848e-01 -1.8034e-01
29 0 +7.043634824e-01 +6.631436348e+01 +6.631436348e+01 -3.5586e-01 -5.9017e-02 +2.2474e-01 -3.8651e-01 -2.0527e-01
30 0 +6.556733222e-01 +6.626567332e+01 +6.626567332e+01 -3.8230e-01 -7.5245e-02 +2.0222e-01 -3.9387e-01 -1.9655e-01
31 0 +5.561330528e-01 +6.616613305e+01 +6.616613305e+01 -3.7963e-01 -7.3032e-02 +2.0371e-01 -4.0214e-01 -1.8748e-01
34 0 +5.343269890e-01 +6.614432699e+01 +6.614432699e+01 -3.7423e-01 -7.2862e-02 +1.9834e-01 -4.0838e-01 -1.8576e-01
42 0 +5.241168914e-01 +6.613411689e+01 +6.613411689e+01 -3.7327e-01 -6.9849e-02 +1.9886e-01 -4.0733e-01 -1.8587e-01
52 0 +5.118114677e-01 +6.612181147e+01 +6.612181147e+01 -3.7342e-01 -6.3648e-02 +1.9637e-01 -4.0377e-01 -1.8978e-01
65 0 +5.004147133e-01 +6.611041471e+01 +6.611041471e+01 -3.7431e-01 -6.2017e-02 +1.9182e-01 -4.1047e-01 -1.8910e-01
72 0 +4.890489073e-01 +6.609904891e+01 +6.609904891e+01 -3.7860e-01 -5.9926e-02 +1.8302e-01 -4.1457e-01 -1.9007e-01
93 0 +4.778636441e-01 +6.608786364e+01 +6.608786364e+01 -3.7904e-01 -6.0507e-02 +1.7476e-01 -4.1782e-01 -1.8821e-01
110 0 +4.665929886e-01 +6.607659299e+01 +6.607659299e+01 -3.8133e-01 -6.0332e-02 +1.6571e-01 -4.2111e-01 -1.8820e-01
122 0 +4.570239349e-01 +6.606702393e+01 +6.606702393e+01 -3.8131e-01 -6.0827e-02 +1.5753e-01 -4.2268e-01 -1.8646e-01
135 0 +4.463553812e-01 +6.605635538e+01 +6.605635538e+01 -3.8181e-01 -5.7212e-02 +1.4564e-01 -4.2949e-01 -1.8657e-01
151 0 +4.358493894e-01 +6.604584939e+01 +6.604584939e+01 -3.8516e-01 -6.1606e-02 +1.3869e-01 -4.2969e-01 -1.8562e-01
175 0 +4.257487786e-01 +6.603574878e+01 +6.603574878e+01 -3.8602e-01 -6.0027e-02 +1.3063e-01 -4.3310e-01 -1.8256e-01
188 0 +4.162442990e-01 +6.602624430e+01 +6.602624430e+01 -3.8680e-01 -5.9728e-02 +1.2244e-01 -4.3496e-01 -1.8286e-01
189 0 +4.038564983e-01 +6.601385650e+01 +6.601385650e+01 -3.8668e-01 -6.1150e-02 +1.0750e-01 -4.3975e-01 -1.8007e-01
190 0 +3.654007174e-01 +6.597540072e+01 +6.597540072e+01 -3.9231e-01 -6.6862e-02 +4.6699e-02 -4.5459e-01 -1.6936e-01
197 0 +3.616499332e-01 +6.597164993e+01 +6.597164993e+01 -3.9771e-01 -6.7661e-02 +4.6402e-02 -4.5128e-01 -1.6974e-01
202 0 +3.461289105e-01 +6.595612891e+01 +6.595612891e+01 -4.0020e-01 -6.5521e-02 +4.0375e-02 -4.5454e-01 -1.6827e-01
208 0 +3.380944772e-01 +6.594809448e+01 +6.594809448e+01 -3.9805e-01 -6.1447e-02 +3.8360e-02 -4.5429e-01 -1.6694e-01
219 0 +3.304785116e-01 +6.594047851e+01 +6.594047851e+01 -3.9771e-01 -6.0608e-02 +3.5967e-02 -4.5764e-01 -1.6996e-01
237 0 +3.226161171e-01 +6.593261612e+01 +6.593261612e+01 -4.0085e-01 -6.0150e-02 +2.9445e-02 -4.6517e-01 -1.6919e-01
247 0 +3.158894652e-01 +6.592588947e+01 +6.592588947e+01 -4.0166e-01 -5.9069e-02 +2.2716e-02 -4.6466e-01 -1.6773e-01
262 0 +3.087566875e-01 +6.591875669e+01 +6.591875669e+01 -4.0288e-01 -5.9102e-02 +1.5146e-02 -4.6615e-01 -1.6760e-01
284 0 +3.005590680e-01 +6.591055907e+01 +6.591055907e+01 -4.0330e-01 -6.0202e-02 +5.8696e-03 -4.6845e-01 -1.6603e-01
300 0 +2.913527564e-01 +6.590135276e+01 +6.590135276e+01 -4.0416e-01 -6.0494e-02 -6.9075e-03 -4.6848e-01 -1.6259e-01
312 0 +2.882830721e-01 +6.589828307e+01 +6.589828307e+01 -4.0540e-01 -6.0507e-02 -8.7644e-03 -4.7099e-01 -1.6324e-01
334 0 +2.812955143e-01 +6.589129551e+01 +6.589129551e+01 -4.0578e-01 -5.8543e-02 -1.9716e-02 -4.7559e-01 -1.6346e-01
363 0 +2.750425952e-01 +6.588504260e+01 +6.588504260e+01 -4.0672e-01 -6.0340e-02 -2.4151e-02 -4.7629e-01 -1.6067e-01
381 0 +2.690414988e-01 +6.587904150e+01 +6.587904150e+01 -4.0780e-01 -6.1245e-02 -3.1617e-02 -4.7836e-01 -1.5856e-01
413 0 +2.625037754e-01 +6.587250378e+01 +6.587250378e+01 -4.0840e-01 -6.0616e-02 -3.9826e-02 -4.7989e-01 -1.5744e-01
442 0 +2.565377500e-01 +6.586653775e+01 +6.586653775e+01 -4.1036e-01 -6.3945e-02 -4.9246e-02 -4.8090e-01 -1.5457e-01
462 0 +2.500228135e-01 +6.586002281e+01 +6.586002281e+01 -4.1121e-01 -6.0471e-02 -5.6654e-02 -4.8412e-01 -1.5429e-01
480 0 +2.448708895e-01 +6.585487089e+01 +6.585487089e+01 -4.1101e-01 -6.2077e-02 -6.2621e-02 -4.8468e-01 -1.5387e-01
488 0 +2.388775684e-01 +6.584887757e+01 +6.584887757e+01 -4.1032e-01 -6.1420e-02 -7.8115e-02 -4.8796e-01 -1.5260e-01
491 0 +2.332330861e-01 +6.584323309e+01 +6.584323309e+01 -4.1139e-01 -6.2911e-02 -7.9729e-02 -4.8642e-01 -1.4990e-01
% f evaluations | g evaluations | best noise-free fitness - Fopt (-1.304400000000e+02) + sum g_i+ | measured fitness | best measured fitness or single-digit g-values | x1 | x2...
1 0 +2.600000000e+01 -1.044400000e+02 -1.044400000e+02 +0.0000e+00 +0.0000e+00 +0.0000e+00 +0.0000e+00 +0.0000e+00
4 0 +2.182667613e+01 -1.086133239e+02 -1.086133239e+02 +0.0000e+00 +1.0000e-01 +0.0000e+00 +0.0000e+00 +0.0000e+00
% f evaluations | g evaluations | best noise-free fitness - Fopt (4.949800000000e+02) + sum g_i+ | measured fitness | best measured fitness or single-digit g-values | x1 | x2...
1 0 +2.600000000e+01 +5.209800000e+02 +5.209800000e+02 +0.0000e+00 +0.0000e+00 +0.0000e+00 +0.0000e+00 +0.0000e+00
4 0 +2.171443361e+01 +5.166944336e+02 +5.166944336e+02 +0.0000e+00 +1.0000e-01 +0.0000e+00 +0.0000e+00 +0.0000e+00
8 0 +1.718280246e+01 +5.121628025e+02 +5.121628025e+02 -2.2413e-02 +1.6046e-01 +2.1831e-02 -7.0855e-02 -1.8578e-02
9 0 +1.688195884e+01 +5.118619588e+02 +5.118619588e+02 -5.2976e-02 +2.4291e-01 +5.1601e-02 -9.8061e-02 -4.3911e-02
10 0 +1.169774018e+01 +5.066777402e+02 +5.066777402e+02 +3.7575e-02 +2.6164e-01 +5.8365e-02 -1.3508e-01 -4.9667e-02
11 0 +8.538575227e+00 +5.035185752e+02 +5.035185752e+02 +5.7545e-02 +2.4533e-01 +2.0764e-02 -2.0094e-01 -1.0954e-01
13 0 +8.120086275e+00 +5.031000863e+02 +5.031000863e+02 +8.4331e-02 +2.6274e-01 +4.8924e-04 -1.8080e-01 -1.3529e-01
14 0 +7.603384053e+00 +5.025833841e+02 +5.025833841e+02 +7.7450e-02 +2.8034e-01 +8.1526e-03 -1.8644e-01 -1.4099e-01
15 0 +6.675761051e+00 +5.016557611e+02 +5.016557611e+02 +8.5047e-02 +2.7504e-01 +2.6413e-02 -1.8830e-01 -1.5522e-01
16 0 +6.299779290e+00 +5.012797793e+02 +5.012797793e+02 +7.3708e-02 +2.7164e-01 +2.9532e-02 -1.8832e-01 -1.7701e-01
17 0 +5.259226330e+00 +5.002392263e+02 +5.002392263e+02 +8.4147e-02 +2.7656e-01 +3.9401e-02 -2.0325e-01 -1.9011e-01
18 0 +2.289106877e+00 +4.972691069e+02 +4.972691069e+02 +1.0282e-01 +2.9734e-01 +6.5649e-02 -2.6269e-01 -2.6080e-01
21 0 +2.036349257e+00 +4.970163493e+02 +4.970163493e+02 +1.2090e-01 +3.0385e-01 +1.1137e-01 -2.6810e-01 -2.6417e-01
23 0 +1.550647029e+00 +4.965306470e+02 +4.965306470e+02 +1.3562e-01 +3.0771e-01 +1.0488e-01 -2.8595e-01 -2.5844e-01
24 0 +1.302890562e+00 +4.962828906e+02 +4.962828906e+02 +1.4025e-01 +3.2178e-01 +1.0560e-01 -2.9965e-01 -2.4370e-01
25 0 +1.027959210e+00 +4.960079592e+02 +4.960079592e+02 +1.3515e-01 +3.3088e-01 +1.0495e-01 -3.1531e-01 -2.6015e-01
27 0 +9.231319099e-01 +4.959031319e+02 +4.959031319e+02 +1.4080e-01 +3.3728e-01 +1.0250e-01 -3.1182e-01 -2.6313e-01
28 0 +8.766749063e-01 +4.958566749e+02 +4.958566749e+02 +1.3904e-01 +3.4511e-01 +1.0828e-01 -3.1103e-01 -2.6440e-01
32 0 +8.441108868e-01 +4.958241109e+02 +4.958241109e+02 +1.4090e-01 +3.4575e-01 +1.0912e-01 -3.1000e-01 -2.6956e-01
33 0 +8.190664227e-01 +4.957990664e+02 +4.957990664e+02 +1.4218e-01 +3.4647e-01 +1.1011e-01 -3.1157e-01 -2.7037e-01
34 0 +7.486586499e-01 +4.957286586e+02 +4.957286586e+02 +1.4540e-01 +3.4865e-01 +1.1480e-01 -3.1870e-01 -2.7382e-01
35 0 +6.831240881e-01 +4.956631241e+02 +4.956631241e+02 +1.5399e-01 +3.5283e-01 +1.1760e-01 -3.1869e-01 -2.7475e-01
36 0 +6.542492809e-01 +4.956342493e+02 +4.956342493e+02 +1.5876e-01 +3.5554e-01 +1.2339e-01 -3.2021e-01 -2.8059e-01
39 0 +6.231489352e-01 +4.956031489e+02 +4.956031489e+02 +1.5942e-01 +3.5951e-01 +1.2380e-01 -3.2257e-01 -2.7883e-01
40 0 +6.084497348e-01 +4.955884497e+02 +4.955884497e+02 +1.6116e-01 +3.6391e-01 +1.2340e-01 -3.2100e-01 -2.7859e-01
41 0 +6.007520174e-01 +4.955807520e+02 +4.955807520e+02 +1.5943e-01 +3.6753e-01 +1.2398e-01 -3.2364e-01 -2.7985e-01
45 0 +5.790189323e-01 +4.955590189e+02 +4.955590189e+02 +1.6316e-01 +3.6979e-01 +1.2664e-01 -3.2587e-01 -2.7769e-01
46 0 +5.719700425e-01 +4.955519700e+02 +4.955519700e+02 +1.6403e-01 +3.6906e-01 +1.2667e-01 -3.2807e-01 -2.7803e-01
52 0 +5.590782868e-01 +4.955390783e+02 +4.955390783e+02 +1.6840e-01 +3.6992e-01 +1.2593e-01 -3.2929e-01 -2.7881e-01
53 0 +5.480386026e-01 +4.955280386e+02 +4.955280386e+02 +1.7082e-01 +3.7278e-01 +1.2525e-01 -3.2977e-01 -2.7995e-01
57 0 +5.302417783e-01 +4.955102418e+02 +4.955102418e+02 +1.7759e-01 +3.8659e-01 +1.1756e-01 -3.3312e-01 -2.8459e-01
61 0 +5.226204565e-01 +4.955026205e+02 +4.955026205e+02 +1.7628e-01 +3.8556e-01 +1.1683e-01 -3.3420e-01 -2.8738e-01
70 0 +5.122389305e-01 +4.954922389e+02 +4.954922389e+02 +1.7526e-01 +3.8367e-01 +1.1220e-01 -3.3394e-01 -2.9195e-01
80 0 +4.975550688e-01 +4.954775551e+02 +4.954775551e+02 +1.7029e-01 +3.7849e-01 +9.8922e-02 -3.3724e-01 -2.9946e-01
92 0 +4.854417463e-01 +4.954654417e+02 +4.954654417e+02 +1.7088e-01 +3.8026e-01 +9.3209e-02 -3.3337e-01 -3.0332e-01
101 0 +4.781245484e-01 +4.954581245e+02 +4.954581245e+02 +1.7084e-01 +3.8167e-01 +8.7916e-02 -3.3435e-01 -3.0659e-01
117 0 +4.636235865e-01 +4.954436236e+02 +4.954436236e+02 +1.6605e-01 +3.7860e-01 +7.2442e-02 -3.3146e-01 -3.1008e-01
125 0 +4.553592657e-01 +4.954353593e+02 +4.954353593e+02 +1.6521e-01 +3.7908e-01 +6.8933e-02 -3.3567e-01 -3.1438e-01
137 0 +4.409529176e-01 +4.954209529e+02 +4.954209529e+02 +1.6490e-01 +3.7774e-01 +5.8899e-02 -3.3401e-01 -3.2354e-01
139 0 +4.269009556e-01 +4.954069010e+02 +4.954069010e+02 +1.5602e-01 +3.7608e-01 +3.1088e-02 -3.2839e-01 -3.3605e-01
141 0 +4.088342919e-01 +4.953888343e+02 +4.953888343e+02 +1.5803e-01 +3.7571e-01 +2.9433e-02 -3.3163e-01 -3.3520e-01
146 0 +4.030578744e-01 +4.953830579e+02 +4.953830579e+02 +1.5752e-01 +3.7453e-01 +2.6224e-02 -3.3237e-01 -3.3688e-01
155 0 +3.971703713e-01 +4.953771704e+02 +4.953771704e+02 +1.5689e-01 +3.7481e-01 +2.3084e-02 -3.3508e-01 -3.4049e-01
170 0 +3.885439697e-01 +4.953685440e+02 +4.953685440e+02 +1.5620e-01 +3.7546e-01 +1.5206e-02 -3.3575e-01 -3.4564e-01
197 0 +3.798326855e-01 +4.953598327e+02 +4.953598327e+02 +1.5383e-01 +3.7353e-01 +7.3865e-03 -3.3480e-01 -3.4790e-01
222 0 +3.711699376e-01 +4.953511699e+02 +4.953511699e+02 +1.5239e-01 +3.7049e-01 +2.1839e-04 -3.3506e-01 -3.5306e-01
233 0 +3.628611228e-01 +4.953428611e+02 +4.953428611e+02 +1.5144e-01 +3.7063e-01 -7.5729e-03 -3.3386e-01 -3.5602e-01
252 0 +3.547315422e-01 +4.953347315e+02 +4.953347315e+02 +1.4918e-01 +3.7063e-01 -1.4931e-02 -3.3377e-01 -3.6074e-01
278 0 +3.467287452e-01 +4.953267287e+02 +4.953267287e+02 +1.4752e-01 +3.6941e-01 -2.2302e-02 -3.3497e-01 -3.6455e-01
289 0 +3.359533227e-01 +4.953159533e+02 +4.953159533e+02 +1.4005e-01 +3.6269e-01 -3.7713e-02 -3.3342e-01 -3.7734e-01
297 0 +3.279849416e-01 +4.953079849e+02 +4.953079849e+02 +1.4029e-01 +3.6245e-01 -4.1028e-02 -3.3457e-01 -3.7622e-01
309 0 +3.235586873e-01 +4.953035587e+02 +4.953035587e+02 +1.4089e-01 +3.6402e-01 -4.3739e-02 -3.3386e-01 -3.7644e-01
319 0 +3.160189736e-01 +4.952960190e+02 +4.952960190e+02 +1.3977e-01 +3.6050e-01 -5.4585e-02 -3.3223e-01 -3.7943e-01
332 0 +3.083057145e-01 +4.952883057e+02 +4.952883057e+02 +1.3733e-01 +3.6133e-01 -5.9317e-02 -3.3297e-01 -3.8280e-01
355 0 +3.014193891e-01 +4.952814194e+02 +4.952814194e+02 +1.3644e-01 +3.6172e-01 -6.6510e-02 -3.3330e-01 -3.8866e-01
362 0 +2.948665925e-01 +4.952748666e+02 +4.952748666e+02 +1.3538e-01 +3.6067e-01 -7.4409e-02 -3.3235e-01 -3.9161e-01
391 0 +2.882081913e-01 +4.952682082e+02 +4.952682082e+02 +1.3260e-01 +3.5862e-01 -8.0317e-02 -3.3255e-01 -3.9418e-01
408 0 +2.817830748e-01 +4.952617831e+02 +4.952617831e+02 +1.3118e-01 +3.5733e-01 -8.7488e-02 -3.3235e-01 -3.9807e-01
433 0 +2.754082663e-01 +4.952554083e+02 +4.952554083e+02 +1.2871e-01 +3.5485e-01 -9.4064e-02 -3.3244e-01 -4.0122e-01
455 0 +2.675027462e-01 +4.952475027e+02 +4.952475027e+02 +1.2484e-01 +3.5375e-01 -1.0657e-01 -3.3144e-01 -4.0489e-01
476 0 +2.630000262e-01 +4.952430000e+02 +4.952430000e+02 +1.2413e-01 +3.5207e-01 -1.0689e-01 -3.3136e-01 -4.0854e-01
499 0 +2.539705188e-01 +4.952339705e+02 +4.952339705e+02 +1.1921e-01 +3.4981e-01 -1.2004e-01 -3.3084e-01 -4.1277e-01
% f evaluations | g evaluations | best noise-free fitness - Fopt (4.685000000000e+01) + sum g_i+ | measured fitness | best measured fitness or single-digit g-values | x1 | x2...
1 0 +2.600000000e+01 +7.285000000e+01 +7.285000000e+01 +0.0000e+00 +0.0000e+00 +0.0000e+00 +0.0000e+00 +0.0000e+00
7 0 +2.080617306e+01 +6.765617306e+01 +6.765617306e+01 +0.0000e+00 +0.0000e+00 +0.0000e+00 +0.0000e+00 +1.0000e-01
8 0 +1.553583545e+01 +6.238583545e+01 +6.238583545e+01 -3.9715e-02 -2.9017e-02 -6.6452e-02 -7.3126e-04 +1.5625e-01
9 0 +1.409526902e+01 +6.094526902e+01 +6.094526902e+01 -9.2845e-02 -6.7837e-02 -6.8947e-02 -1.7095e-03 +2.3151e-01
10 0 +9.476512883e+00 +5.632651288e+01 +5.632651288e+01 -3.0814e-02 -9.1892e-02 -1.2724e-01 -2.3157e-03 +2.7814e-01
11 0 +7.456966423e+00 +5.430696642e+01 +5.430696642e+01 -3.0406e-02 -2.9053e-02 -1.8799e-01 -2.9474e-03 +3.2673e-01
14 0 +6.997001309e+00 +5.384700131e+01 +5.384700131e+01 -4.1334e-02 -3.7037e-02 -1.8394e-01 -3.1486e-03 +3.4221e-01
15 0 +5.883741450e+00 +5.273374145e+01 +5.273374145e+01 -2.7171e-02 -3.4441e-02 -1.7605e-01 -1.2443e-02 +3.5861e-01
16 0 +5.037994052e+00 +5.188799405e+01 +5.188799405e+01 -2.8783e-02 -2.3453e-02 -1.6679e-01 -2.7481e-02 +3.7239e-01
17 0 +4.737781713e+00 +5.158778171e+01 +5.158778171e+01 -2.2983e-02 -3.3751e-02 -1.4937e-01 -4.0283e-02 +3.7662e-01
18 0 +3.939188770e+00 +5.078918877e+01 +5.078918877e+01 -1.4626e-02 -2.8056e-02 -1.4741e-01 -4.2265e-02 +3.9931e-01
21 0 +3.647611176e+00 +5.049761118e+01 +5.049761118e+01 -7.9092e-05 -1.0938e-02 -1.4163e-01 -5.2361e-02 +4.0953e-01
22 0 +3.370012519e+00 +5.022001252e+01 +5.022001252e+01 +2.9411e-03 -1.4149e-02 -1.4209e-01 -5.2207e-02 +4.1850e-01
23 0 +2.650994128e+00 +4.950099413e+01 +4.950099413e+01 +8.6525e-03 -2.8061e-02 -1.3396e-01 -6.6084e-02 +4.5189e-01
24 0 +1.774548793e+00 +4.862454879e+01 +4.862454879e+01 +9.0597e-03 -1.9819e-02 -1.5337e-01 -5.8408e-02 +4.8501e-01
26 0 +1.584478149e+00 +4.843447815e+01 +4.843447815e+01 -2.6702e-04 -1.1528e-02 -1.5626e-01 -6.9577e-02 +4.9555e-01
27 0 +1.429939816e+00 +4.827993982e+01 +4.827993982e+01 -2.4680e-03 -6.1784e-03 -1.4733e-01 -6.0576e-02 +5.0990e-01
29 0 +1.364418248e+00 +4.821441825e+01 +4.821441825e+01 -5.0058e-03 +4.7039e-04 -1.5261e-01 -5.5946e-02 +5.0967e-01
31 0 +1.186693350e+00 +4.803669335e+01 +4.803669335e+01 -5.1491e-03 +7.7883e-03 -1.5705e-01 -5.6232e-02 +5.2114e-01
32 0 +1.067761546e+00 +4.791776155e+01 +4.791776155e+01 -2.1781e-04 +8.7028e-03 -1.6138e-01 -5.1951e-02 +5.2729e-01
33 0 +1.022270429e+00 +4.787227043e+01 +4.787227043e+01 +2.3271e-03 +1.0094e-02 -1.6976e-01 -5.4904e-02 +5.3083e-01
34 0 +9.920812314e-01 +4.784208123e+01 +4.784208123e+01 +8.1146e-03 +9.8022e-03 -1.6580e-01 -5.8346e-02 +5.3706e-01
35 0 +9.339078251e-01 +4.778390783e+01 +4.778390783e+01 +8.4867e-03 +1.4098e-02 -1.6748e-01 -5.3026e-02 +5.4415e-01
37 0 +8.888417000e-01 +4.773884170e+01 +4.773884170e+01 +7.1453e-03 +1.0154e-02 -1.6832e-01 -5.2244e-02 +5.4667e-01
38 0 +8.340301085e-01 +4.768403011e+01 +4.768403011e+01 +3.9595e-03 +1.0229e-02 -1.6861e-01 -5.3958e-02 +5.5011e-01
39 0 +8.162069784e-01 +4.766620698e+01 +4.766620698e+01 +1.5556e-03 +9.6662e-03 -1.6485e-01 -5.2356e-02 +5.5160e-01
40 0 +7.765747317e-01 +4.762657473e+01 +4.762657473e+01 -5.3513e-04 +8.5550e-03 -1.6589e-01 -5.2850e-02 +5.5585e-01
41 0 +7.732487370e-01 +4.762324874e+01 +4.762324874e+01 -4.3136e-03 +8.8611e-03 -1.6817e-01 -5.0880e-02 +5.5460e-01
44 0 +7.462635323e-01 +4.759626353e+01 +4.759626353e+01 -5.9078e-03 +9.9485e-03 -1.6825e-01 -5.1056e-02 +5.5834e-01
45 0 +7.123910640e-01 +4.756239106e+01 +4.756239106e+01 -9.5057e-03 +9.0509e-03 -1.6780e-01 -5.2904e-02 +5.6744e-01
46 0 +6.815128874e-01 +4.753151289e+01 +4.753151289e+01 -1.3481e-02 +1.2482e-02 -1.6951e-01 -4.5750e-02 +5.7172e-01
47 0 +6.636899892e-01 +4.751368999e+01 +4.751368999e+01 -1.0823e-02 +1.3995e-02 -1.7847e-01 -4.7095e-02 +5.7464e-01
49 0 +6.417191894e-01 +4.749171919e+01 +4.749171919e+01 -9.6685e-03 +1.6386e-02 -1.7802e-01 -4.6565e-02 +5.7882e-01
53 0 +6.224157758e-01 +4.747241578e+01 +4.747241578e+01 -8.2551e-03 +1.8411e-02 -1.7810e-01 -4.6879e-02 +5.8492e-01
55 0 +6.126288897e-01 +4.746262889e+01 +4.746262889e+01 -8.4415e-03 +2.0486e-02 -1.7668e-01 -4.9189e-02 +5.8679e-01
62 0 +5.988795726e-01 +4.744887957e+01 +4.744887957e+01 -1.0249e-02 +2.4528e-02 -1.7491e-01 -4.5752e-02 +5.9371e-01
87 0 +5.860755412e-01 +4.743607554e+01 +4.743607554e+01 -1.2535e-02 +2.7834e-02 -1.6907e-01 -3.7937e-02 +5.9558e-01
101 0 +5.723598825e-01 +4.742235988e+01 +4.742235988e+01 -1.7218e-02 +3.2427e-02 -1.6483e-01 -2.8187e-02 +5.9720e-01
117 0 +5.609662785e-01 +4.741096628e+01 +4.741096628e+01 -1.5107e-02 +3.9764e-02 -1.6246e-01 -2.2831e-02 +5.9899e-01
138 0 +5.483367036e-01 +4.739833670e+01 +4.739833670e+01 -1.8158e-02 +4.1516e-02 -1.5976e-01 -1.5529e-02 +5.9953e-01
146 0 +5.336594508e-01 +4.738365945e+01 +4.738365945e+01 -1.9826e-02 +4.1781e-02 -1.5121e-01 -4.0333e-03 +6.0113e-01
153 0 +5.233625811e-01 +4.737336258e+01 +4.737336258e+01 -2.1892e-02 +4.8329e-02 -1.4992e-01 -4.6298e-04 +6.0167e-01
164 0 +5.120174596e-01 +4.736201746e+01 +4.736201746e+01 -2.3578e-02 +5.1124e-02 -1.4409e-01 +6.6488e-03 +6.0277e-01
189 0 +4.979332084e-01 +4.734793321e+01 +4.734793321e+01 -2.5762e-02 +5.5771e-02 -1.4021e-01 +1.6818e-02 +6.0161e-01
200 0 +4.889790133e-01 +4.733897901e+01 +4.733897901e+01 -2.7836e-02 +5.7169e-02 -1.3591e-01 +2.2040e-02 +6.0234e-01
207 0 +4.724287344e-01 +4.732242873e+01 +4.732242873e+01 -2.9466e-02 +6.2384e-02 -1.2909e-01 +3.3388e-02 +6.0455e-01
222 0 +4.665489258e-01 +4.731654893e+01 +4.731654893e+01 -3.1257e-02 +6.3842e-02 -1.2673e-01 +3.7209e-02 +6.0481e-01
233 0 +4.569115182e-01 +4.730691152e+01 +4.730691152e+01 -3.2780e-02 +6.7224e-02 -1.2278e-01 +4.3913e-02 +6.0459e-01
253 0 +4.462639705e-01 +4.729626397e+01 +4.729626397e+01 -3.4648e-02 +7.0466e-02 -1.1816e-01 +5.1425e-02 +6.0567e-01
267 0 +4.303514396e-01 +4.728035144e+01 +4.728035144e+01 -3.8648e-02 +7.7321e-02 -1.1235e-01 +6.4544e-02 +6.0747e-01
268 0 +4.229144951e-01 +4.727291450e+01 +4.727291450e+01 -4.1355e-02 +8.4715e-02 -9.2294e-02 +8.5699e-02 +6.1806e-01
275 0 +4.094951742e-01 +4.725949517e+01 +4.725949517e+01 -4.2092e-02 +8.4214e-02 -9.3715e-02 +8.7957e-02 +6.1522e-01
276 0 +4.032713042e-01 +4.725327130e+01 +4.725327130e+01 -4.4903e-02 +8.5512e-02 -9.5220e-02 +8.8655e-02 +6.1331e-01
282 0 +3.969187061e-01 +4.724691871e+01 +4.724691871e+01 -4.3984e-02 +8.5494e-02 -9.5389e-02 +9.0436e-02 +6.0860e-01
298 0 +3.884815204e-01 +4.723848152e+01 +4.723848152e+01 -4.3692e-02 +9.0237e-02 -8.9846e-02 +9.7343e-02 +6.0524e-01
313 0 +3.800572715e-01 +4.723005727e+01 +4.723005727e+01 -4.5982e-02 +9.0053e-02 -8.5570e-02 +1.0163e-01 +6.0506e-01
334 0 +3.710241289e-01 +4.722102413e+01 +4.722102413e+01 -4.7268e-02 +9.3004e-02 -8.1068e-02 +1.0896e-01 +6.0631e-01
355 0 +3.630055606e-01 +4.721300556e+01 +4.721300556e+01 -4.9450e-02 +9.5480e-02 -7.7387e-02 +1.1603e-01 +6.0669e-01
375 0 +3.544765410e-01 +4.720447654e+01 +4.720447654e+01 -5.0635e-02 +9.8527e-02 -7.2098e-02 +1.2279e-01 +6.0467e-01
398 0 +3.466864162e-01 +4.719668642e+01 +4.719668642e+01 -5.2133e-02 +1.0143e-01 -6.7986e-02 +1.2892e-01 +6.0589e-01
400 0 +3.383814800e-01 +4.718838148e+01 +4.718838148e+01 -5.3062e-02 +1.0718e-01 -5.9740e-02 +1.3868e-01 +6.0937e-01
417 0 +3.295446820e-01 +4.717954468e+01 +4.717954468e+01 -5.4960e-02 +1.0839e-01 -5.6695e-02 +1.4413e-01 +6.0579e-01
438 0 +3.228705326e-01 +4.717287053e+01 +4.717287053e+01 -5.5000e-02 +1.0994e-01 -5.2146e-02 +1.5096e-01 +6.0621e-01
455 0 +3.161663084e-01 +4.716616631e+01 +4.716616631e+01 -5.7510e-02 +1.1106e-01 -4.9598e-02 +1.5568e-01 +6.0604e-01
473 0 +3.084015486e-01 +4.715840155e+01 +4.715840155e+01 -6.1241e-02 +1.1407e-01 -4.4854e-02 +1.6462e-01 +6.0692e-01
496 0 +3.019004418e-01 +4.715190044e+01 +4.715190044e+01 -6.0427e-02 +1.1563e-01 -4.0768e-02 +1.6879e-01 +6.0466e-01
% f evaluations | g evaluations | best noise-free fitness - Fopt (1.046400000000e+02) + sum g_i+ | measured fitness | best measured fitness or single-digit g-values | x1 | x2...
1 0 +2.600000000e+01 +1.306400000e+02 +1.306400000e+02 +0.0000e+00 +0.0000e+00 +0.0000e+00 +0.0000e+00 +0.0000e+00
5 0 +2.173958505e+01 +1.263795851e+02 +1.263795851e+02 +0.0000e+00 +0.0000e+00 +1.0000e-01 +0.0000e+00 +0.0000e+00
8 0 +1.627213935e+01 +1.209121393e+02 +1.209121393e+02 -4.7880e-02 -5.2750e-02 +1.4780e-01 -1.8702e-02 -4.7855e-02
9 0 +1.477093515e+01 +1.194109351e+02 +1.194109351e+02 -1.0266e-01 -2.9261e-02 +2.0250e-01 -4.0099e-02 -1.0261e-01
11 0 +1.324914724e+01 +1.178891472e+02 +1.178891472e+02 -1.3245e-01 -5.1059e-02 +2.1887e-01 -4.6506e-02 -7.3830e-02
12 0 +1.222677817e+01 +1.168667782e+02 +1.168667782e+02 -1.4592e-01 -6.0912e-02 +2.2628e-01 -3.6618e-04 -7.9985e-02
14 0 +1.148223187e+01 +1.161222319e+02 +1.161222319e+02 -1.5468e-01 -5.6442e-02 +2.4420e-01 +7.6605e-03 -6.8039e-02
15 0 +1.116359627e+01 +1.158035963e+02 +1.158035963e+02 -1.4640e-01 -6.3885e-02 +2.4402e-01 +1.7452e-02 -4.7909e-02
17 0 +1.064674848e+01 +1.152867485e+02 +1.152867485e+02 -1.4356e-01 -6.8664e-02 +2.5214e-01 +1.8457e-02 -4.9336e-02
18 0 +1.016866845e+01 +1.148086684e+02 +1.148086684e+02 -1.4456e-01 -7.5008e-02 +2.5973e-01 +1.9487e-02 -4.8959e-02
19 0 +8.480093965e+00 +1.131200940e+02 +1.131200940e+02 -1.5324e-01 -1.0128e-01 +2.8810e-01 +2.3463e-02 -4.5230e-02
20 0 +7.345254242e+00 +1.119852542e+02 +1.119852542e+02 -2.3783e-01 -2.0480e-01 +3.6603e-01 +3.5906e-02 -6.5143e-03
21 0 +3.350974732e+00 +1.079909747e+02 +1.079909747e+02 -1.7071e-01 -2.0221e-01 +4.9299e-01 +5.9350e-02 -7.2987e-02
23 0 +2.470491010e+00 +1.071104910e+02 +1.071104910e+02 -1.7883e-01 -1.9984e-01 +4.8695e-01 +8.9647e-02 -8.1959e-02
24 0 +1.607134263e+00 +1.062471343e+02 +1.062471343e+02 -1.9029e-01 -1.5085e-01 +5.2658e-01 +1.2121e-01 -4.5882e-02
25 0 +1.248968895e+00 +1.058889689e+02 +1.058889689e+02 -2.0595e-01 -1.6820e-01 +5.3784e-01 +1.2220e-01 -4.0524e-02
29 0 +1.211046631e+00 +1.058510466e+02 +1.058510466e+02 -2.0829e-01 -1.6871e-01 +5.4360e-01 +1.1813e-01 -3.3850e-02
30 0 +1.186986604e+00 +1.058269866e+02 +1.058269866e+02 -2.1021e-01 -1.7718e-01 +5.4206e-01 +1.1344e-01 -3.4285e-02
31 0 +1.173826659e+00 +1.058138267e+02 +1.058138267e+02 -2.1738e-01 -1.7751e-01 +5.4729e-01 +1.1350e-01 -3.8886e-02
35 0 +1.136610930e+00 +1.057766109e+02 +1.057766109e+02 -2.1720e-01 -1.8189e-01 +5.4991e-01 +1.1781e-01 -3.7228e-02
37 0 +1.112733822e+00 +1.057527338e+02 +1.057527338e+02 -2.1552e-01 -1.8326e-01 +5.5362e-01 +1.1961e-01 -3.7312e-02
42 0 +1.092632048e+00 +1.057326320e+02 +1.057326320e+02 -2.1529e-01 -1.8482e-01 +5.5721e-01 +1.2289e-01 -3.9451e-02
44 0 +1.050282962e+00 +1.056902830e+02 +1.056902830e+02 -2.1379e-01 -1.9153e-01 +5.6881e-01 +1.3653e-01 -3.6433e-02
51 0 +1.046116653e+00 +1.056861167e+02 +1.056861167e+02 -2.1346e-01 -1.9262e-01 +5.6633e-01 +1.3648e-01 -3.7714e-02
66 0 +1.015485800e+00 +1.056554858e+02 +1.056554858e+02 -2.1326e-01 -2.0256e-01 +5.6134e-01 +1.4697e-01 -4.2504e-02
79 0 +9.892048694e-01 +1.056292049e+02 +1.056292049e+02 -2.1083e-01 -2.1111e-01 +5.5087e-01 +1.5228e-01 -4.5123e-02
81 0 +9.737383771e-01 +1.056137384e+02 +1.056137384e+02 -2.1090e-01 -2.2227e-01 +5.4751e-01 +1.5895e-01 -4.5898e-02
91 0 +9.510063231e-01 +1.055910063e+02 +1.055910063e+02 -2.0709e-01 -2.2502e-01 +5.4270e-01 +1.6404e-01 -5.0163e-02
103 0 +9.288546572e-01 +1.055688547e+02 +1.055688547e+02 -2.0385e-01 -2.3072e-01 +5.3609e-01 +1.7111e-01 -5.4852e-02
107 0 +8.977607975e-01 +1.055377608e+02 +1.055377608e+02 -1.9973e-01 -2.4278e-01 +5.2615e-01 +1.7986e-01 -6.0967e-02
113 0 +8.884066625e-01 +1.055284067e+02 +1.055284067e+02 -1.9594e-01 -2.4344e-01 +5.1682e-01 +1.8037e-01 -6.0694e-02
120 0 +8.691297893e-01 +1.055091298e+02 +1.055091298e+02 -1.9803e-01 -2.4956e-01 +5.1414e-01 +1.8738e-01 -6.2947e-02
135 0 +8.484998503e-01 +1.054884999e+02 +1.054884999e+02 -1.9715e-01 -2.5920e-01 +5.0812e-01 +1.9444e-01 -6.4468e-02
146 0 +8.312012301e-01 +1.054712012e+02 +1.054712012e+02 -1.9375e-01 -2.6396e-01 +5.0330e-01 +2.0153e-01 -6.6835e-02
171 0 +8.123933215e-01 +1.054523933e+02 +1.054523933e+02 -1.9036e-01 -2.7118e-01 +4.9693e-01 +2.0304e-01 -6.9804e-02
178 0 +7.768819438e-01 +1.054168819e+02 +1.054168819e+02 -1.8364e-01 -2.8187e-01 +4.8152e-01 +2.1481e-01 -7.1884e-02
183 0 +7.743670099e-01 +1.054143670e+02 +1.054143670e+02 -1.8391e-01 -2.8301e-01 +4.8157e-01 +2.1367e-01 -7.3723e-02
195 0 +7.577807409e-01 +1.053977807e+02 +1.053977807e+02 -1.8167e-01 -2.8833e-01 +4.7381e-01 +2.1922e-01 -7.5121e-02
203 0 +7.267377448e-01 +1.053667377e+02 +1.053667377e+02 -1.7568e-01 -3.0009e-01 +4.6117e-01 +2.2882e-01 -7.7594e-02
204 0 +7.230834254e-01 +1.053630834e+02 +1.053630834e+02 -1.7522e-01 -3.0154e-01 +4.6177e-01 +2.2908e-01 -8.1236e-02
215 0 +7.061628473e-01 +1.053461628e+02 +1.053461628e+02 -1.7474e-01 -3.0773e-01 +4.5450e-01 +2.3377e-01 -8.4486e-02
216 0 +6.877140721e-01 +1.053277141e+02 +1.053277141e+02 -1.7283e-01 -3.1833e-01 +4.4630e-01 +2.4040e-01 -8.9865e-02
235 0 +6.743572715e-01 +1.053143573e+02 +1.053143573e+02 -1.6850e-01 -3.1936e-01 +4.4103e-01 +2.4308e-01 -8.7259e-02
249 0 +6.517461977e-01 +1.052917462e+02 +1.052917462e+02 -1.6379e-01 -3.2767e-01 +4.3075e-01 +2.5020e-01 -9.0668e-02
264 0 +6.431799833e-01 +1.052831800e+02 +1.052831800e+02 -1.6257e-01 -3.3278e-01 +4.2559e-01 +2.5172e-01 -8.8632e-02
274 0 +6.272812369e-01 +1.052672812e+02 +1.052672812e+02 -1.5945e-01 -3.3833e-01 +4.1889e-01 +2.5581e-01 -9.2264e-02
278 0 +6.143160015e-01 +1.052543160e+02 +1.052543160e+02 -1.5609e-01 -3.4218e-01 +4.0697e-01 +2.6091e-01 -9.1483e-02
294 0 +6.010930172e-01 +1.052410930e+02 +1.052410930e+02 -1.5422e-01 -3.4727e-01 +4.0485e-01 +2.6390e-01 -9.4091e-02
304 0 +5.858267417e-01 +1.052258267e+02 +1.052258267e+02 -1.4654e-01 -3.5273e-01 +3.9546e-01 +2.6796e-01 -9.6407e-02
315 0 +5.717014877e-01 +1.052117015e+02 +1.052117015e+02 -1.4804e-01 -3.5893e-01 +3.8933e-01 +2.7164e-01 -9.7960e-02
321 0 +5.620098095e-01 +1.052020098e+02 +1.052020098e+02 -1.4268e-01 -3.6056e-01 +3.8189e-01 +2.7532e-01 -9.8111e-02
338 0 +5.491956695e-01 +1.051891957e+02 +1.051891957e+02 -1.4235e-01 -3.6717e-01 +3.7736e-01 +2.7853e-01 -1.0015e-01
355 0 +5.369596304e-01 +1.051769596e+02 +1.051769596e+02 -1.3915e-01 -3.7307e-01 +3.7186e-01 +2.8257e-01 -1.0257e-01
363 0 +5.179156903e-01 +1.051579157e+02 +1.051579157e+02 -1.3321e-01 -3.7917e-01 +3.5911e-01 +2.8751e-01 -1.0246e-01
364 0 +4.914764535e-01 +1.051314765e+02 +1.051314765e+02 -1.1997e-01 -3.9252e-01 +3.3693e-01 +3.0088e-01 -1.0251e-01
368 0 +4.840679331e-01 +1.051240679e+02 +1.051240679e+02 -1.1984e-01 -3.9538e-01 +3.3702e-01 +2.9803e-01 -1.0357e-01
373 0 +4.771371964e-01 +1.051171372e+02 +1.051171372e+02 -1.1956e-01 -3.9769e-01 +3.3424e-01 +2.9979e-01 -1.0510e-01
380 0 +4.669759366e-01 +1.051069759e+02 +1.051069759e+02 -1.2039e-01 -4.0229e-01 +3.2650e-01 +3.0126e-01 -1.0763e-01
396 0 +4.560545691e-01 +1.050960546e+02 +1.050960546e+02 -1.1670e-01 -4.0646e-01 +3.2231e-01 +3.0672e-01 -1.0805e-01
416 0 +4.433720102e-01 +1.050833720e+02 +1.050833720e+02 -1.1360e-01 -4.1259e-01 +3.1403e-01 +3.1082e-01 -1.0974e-01
421 0 +4.344491499e-01 +1.050744491e+02 +1.050744491e+02 -1.1170e-01 -4.2356e-01 +3.0317e-01 +3.2114e-01 -1.1466e-01
429 0 +4.260687777e-01 +1.050660688e+02 +1.050660688e+02 -1.0778e-01 -4.2394e-01 +3.0206e-01 +3.2079e-01 -1.1251e-01
447 0 +4.164309635e-01 +1.050564310e+02 +1.050564310e+02 -1.0368e-01 -4.2430e-01 +2.9578e-01 +3.1929e-01 -1.1160e-01
458 0 +4.071812454e-01 +1.050471812e+02 +1.050471812e+02 -1.0159e-01 -4.2812e-01 +2.8844e-01 +3.2191e-01 -1.1256e-01
466 0 +3.970866446e-01 +1.050370866e+02 +1.050370866e+02 -9.7559e-02 -4.3309e-01 +2.8038e-01 +3.2356e-01 -1.1428e-01
484 0 +3.888871341e-01 +1.050288871e+02 +1.050288871e+02 -9.4108e-02 -4.3609e-01 +2.7472e-01 +3.2597e-01 -1.1254e-01
% f evaluations | g evaluations | best noise-free fitness - Fopt (1.965900000000e+02) + sum g_i+ | measured fitness | best measured fitness or single-digit g-values | x1 | x2...
1 0 +2.600000000e+01 +2.225900000e+02 +2.225900000e+02 +0.0000e+00 +0.0000e+00 +0.0000e+00 +0.0000e+00 +0.0000e+00
7 0 +2.310639356e+01 +2.196963936e+02 +2.196963936e+02 +0.0000e+00 +0.0000e+00 +0.0000e+00 +0.0000e+00 +1.0000e-01
8 0 +1.842587874e+01 +2.150158787e+02 +2.150158787e+02 -3.2758e-02 -8.1226e-02 -6.1517e-03 -3.0833e-02 +1.3662e-01
9 0 +1.547126876e+01 +2.120612688e+02 +2.120612688e+02 -8.2340e-02 -1.2819e-01 -1.5463e-02 -7.7501e-02 +1.9204e-01
11 0 +1.325024854e+01 +2.098402485e+02 +2.098402485e+02 -1.0902e-01 -1.4602e-01 -1.7057e-02 -4.0387e-02 +2.0153e-01
12 0 +1.271828154e+01 +2.093082815e+02 +2.093082815e+02 -1.3108e-01 -1.6076e-01 -5.1230e-02 -4.2169e-02 +1.7652e-01
14 0 +1.158039340e+01 +2.081703934e+02 +2.081703934e+02 -1.5341e-01 -1.6436e-01 -4.1208e-02 -3.8597e-02 +1.7692e-01
15 0 +1.045070872e+01 +2.070407087e+02 +2.070407087e+02 -1.6704e-01 -1.8234e-01 -3.2856e-02 -3.2058e-02 +1.7874e-01
16 0 +7.178269795e+00 +2.037682698e+02 +2.037682698e+02 -2.5486e-01 -1.8518e-01 +1.5439e-03 -1.0042e-02 +2.0348e-01
17 0 +4.871065103e+00 +2.014610651e+02 +2.014610651e+02 -2.9166e-01 -2.6775e-01 +2.7980e-02 +2.0030e-02 +2.1845e-01
19 0 +4.538175848e+00 +2.011281758e+02 +2.011281758e+02 -2.9272e-01 -2.7040e-01 +4.1840e-02 +3.6187e-03 +2.0974e-01
20 0 +3.211602343e+00 +1.998016023e+02 +1.998016023e+02 -3.2723e-01 -2.8673e-01 +3.2475e-02 -2.3260e-02 +2.2496e-01
23 0 +2.728185015e+00 +1.993181850e+02 +1.993181850e+02 -3.4247e-01 -3.0099e-01 +2.8490e-02 -2.8317e-02 +2.1280e-01
24 0 +2.642924005e+00 +1.992329240e+02 +1.992329240e+02 -3.5306e-01 -2.9341e-01 +1.7651e-02 -4.5603e-02 +2.0656e-01
25 0 +2.614430541e+00 +1.992044305e+02 +1.992044305e+02 -3.5749e-01 -2.9541e-01 +1.0735e-02 -4.1184e-02 +2.0957e-01
27 0 +2.354348551e+00 +1.989443486e+02 +1.989443486e+02 -3.6760e-01 -3.0437e-01 +1.4379e-02 -4.3281e-02 +2.0639e-01
28 0 +2.283007573e+00 +1.988730076e+02 +1.988730076e+02 -3.7573e-01 -3.0200e-01 +1.9229e-02 -4.2352e-02 +2.0837e-01
29 0 +2.078940859e+00 +1.986689409e+02 +1.986689409e+02 -3.7968e-01 -3.0853e-01 +2.0761e-02 -4.7141e-02 +2.1244e-01
30 0 +1.553782718e+00 +1.981437827e+02 +1.981437827e+02 -4.0229e-01 -3.3004e-01 +3.0011e-02 -6.3802e-02 +2.2865e-01
31 0 +1.513747046e+00 +1.981037470e+02 +1.981037470e+02 -4.3538e-01 -3.3783e-01 +4.4278e-02 -7.2084e-02 +2.4177e-01
33 0 +1.341786145e+00 +1.979317861e+02 +1.979317861e+02 -4.3618e-01 -3.5496e-01 +4.3412e-02 -7.2450e-02 +2.3153e-01
34 0 +1.121275434e+00 +1.977112754e+02 +1.977112754e+02 -4.3819e-01 -3.6323e-01 +2.8365e-02 -6.9143e-02 +2.4103e-01
36 0 +1.076151533e+00 +1.976661515e+02 +1.976661515e+02 -4.4218e-01 -3.6798e-01 +2.2732e-02 -6.3941e-02 +2.3939e-01
38 0 +1.069280973e+00 +1.976592810e+02 +1.976592810e+02 -4.4527e-01 -3.6616e-01 +2.0004e-02 -6.5464e-02 +2.4095e-01
44 0 +1.041277886e+00 +1.976312779e+02 +1.976312779e+02 -4.4578e-01 -3.7051e-01 +1.8909e-02 -6.8619e-02 +2.4445e-01
49 0 +1.021192566e+00 +1.976111926e+02 +1.976111926e+02 -4.4466e-01 -3.7348e-01 +1.4480e-02 -7.3060e-02 +2.4586e-01
54 0 +9.952845257e-01 +1.975852845e+02 +1.975852845e+02 -4.4629e-01 -3.8216e-01 +1.0523e-02 -7.7598e-02 +2.4127e-01
63 0 +9.742031851e-01 +1.975642032e+02 +1.975642032e+02 -4.4646e-01 -3.9095e-01 +1.2711e-02 -8.0309e-02 +2.3993e-01
64 0 +9.503414185e-01 +1.975403414e+02 +1.975403414e+02 -4.4034e-01 -4.0054e-01 +1.5630e-02 -8.3565e-02 +2.2956e-01
69 0 +9.272350555e-01 +1.975172351e+02 +1.975172351e+02 -4.4223e-01 -4.0851e-01 +1.3569e-02 -9.0885e-02 +2.1491e-01
73 0 +9.116112415e-01 +1.975016112e+02 +1.975016112e+02 -4.3822e-01 -4.1201e-01 +1.2341e-02 -9.4797e-02 +2.1415e-01
90 0 +8.855733630e-01 +1.974755734e+02 +1.974755734e+02 -4.2852e-01 -4.1678e-01 +1.3851e-02 -9.9782e-02 +2.0452e-01
105 0 +8.685656678e-01 +1.974585657e+02 +1.974585657e+02 -4.2324e-01 -4.2485e-01 +1.2983e-02 -9.7269e-02 +1.9808e-01
119 0 +8.455588664e-01 +1.974355589e+02 +1.974355589e+02 -4.1883e-01 -4.2799e-01 +1.5530e-02 -1.0184e-01 +1.8853e-01
130 0 +8.317389978e-01 +1.974217390e+02 +1.974217390e+02 -4.1514e-01 -4.3375e-01 +1.2535e-02 -1.0688e-01 +1.8221e-01
136 0 +8.103792320e-01 +1.974003792e+02 +1.974003792e+02 -4.0742e-01 -4.3923e-01 +1.6182e-02 -1.0515e-01 +1.7146e-01
143 0 +7.937938817e-01 +1.973837939e+02 +1.973837939e+02 -4.0204e-01 -4.4168e-01 +1.6417e-02 -1.1283e-01 +1.6618e-01
149 0 +7.728236506e-01 +1.973628237e+02 +1.973628237e+02 -3.9831e-01 -4.4828e-01 +2.0675e-02 -1.1485e-01 +1.5563e-01
156 0 +7.569231554e-01 +1.973469232e+02 +1.973469232e+02 -3.9640e-01 -4.5373e-01 +1.9544e-02 -1.1697e-01 +1.4843e-01
170 0 +7.382032358e-01 +1.973282032e+02 +1.973282032e+02 -3.8909e-01 -4.5764e-01 +1.9080e-02 -1.1884e-01 +1.3995e-01
177 0 +7.224850287e-01 +1.973124850e+02 +1.973124850e+02 -3.7722e-01 -4.6421e-01 +2.2271e-02 -1.2296e-01 +1.3215e-01
187 0 +7.073289003e-01 +1.972973289e+02 +1.972973289e+02 -3.7805e-01 -4.6632e-01 +2.1239e-02 -1.2224e-01 +1.2589e-01
203 0 +6.835109572e-01 +1.972735110e+02 +1.972735110e+02 -3.6966e-01 -4.7454e-01 +2.1289e-02 -1.2615e-01 +1.1439e-01
207 0 +6.759481732e-01 +1.972659482e+02 +1.972659482e+02 -3.7006e-01 -4.7554e-01 +2.2611e-02 -1.3022e-01 +1.0982e-01
219 0 +6.592147101e-01 +1.972492147e+02 +1.972492147e+02 -3.6052e-01 -4.7975e-01 +2.3375e-02 -1.3234e-01 +1.0241e-01
231 0 +6.410348853e-01 +1.972310349e+02 +1.972310349e+02 -3.5663e-01 -4.8387e-01 +2.6273e-02 -1.3242e-01 +9.2064e-02
242 0 +6.280828569e-01 +1.972180829e+02 +1.972180829e+02 -3.5325e-01 -4.8836e-01 +2.5178e-02 -1.3621e-01 +8.4796e-02
247 0 +6.147394604e-01 +1.972047395e+02 +1.972047395e+02 -3.4765e-01 -4.9093e-01 +2.8904e-02 -1.3625e-01 +7.7333e-02
258 0 +6.012726956e-01 +1.971912727e+02 +1.971912727e+02 -3.4246e-01 -4.9597e-01 +2.6138e-02 -1.4125e-01 +6.9881e-02
269 0 +5.873725438e-01 +1.971773725e+02 +1.971773725e+02 -3.3823e-01 -4.9883e-01 +2.8951e-02 -1.4282e-01 +5.7762e-02
280 0 +5.754367626e-01 +1.971654368e+02 +1.971654368e+02 -3.3269e-01 -5.0222e-01 +3.0175e-02 -1.4190e-01 +5.6011e-02
283 0 +5.511118757e-01 +1.971411119e+02 +1.971411119e+02 -3.2033e-01 -5.0924e-01 +3.0653e-02 -1.4760e-01 +4.2015e-02
293 0 +5.480640621e-01 +1.971380641e+02 +1.971380641e+02 -3.2103e-01 -5.0896e-01 +3.1938e-02 -1.4775e-01 +4.0149e-02
307 0 +5.300687731e-01 +1.971200688e+02 +1.971200688e+02 -3.1165e-01 -5.1137e-01 +3.5880e-02 -1.4730e-01 +2.8489e-02
320 0 +5.247477768e-01 +1.971147478e+02 +1.971147478e+02 -3.1030e-01 -5.1252e-01 +3.5882e-02 -1.4878e-01 +2.5334e-02
335 0 +5.117408897e-01 +1.971017409e+02 +1.971017409e+02 -3.0720e-01 -5.1870e-01 +3.7008e-02 -1.5039e-01 +1.6597e-02
350 0 +4.997209665e-01 +1.970897210e+02 +1.970897210e+02 -3.0066e-01 -5.2505e-01 +3.6581e-02 -1.5622e-01 +8.8627e-03
362 0 +4.855624684e-01 +1.970755625e+02 +1.970755625e+02 -2.9316e-01 -5.2498e-01 +3.9690e-02 -1.5768e-01 -8.0430e-04
372 0 +4.783694109e-01 +1.970683694e+02 +1.970683694e+02 -2.9157e-01 -5.2563e-01 +4.0802e-02 -1.5534e-01 -4.3807e-03
388 0 +4.660909683e-01 +1.970560910e+02 +1.970560910e+02 -2.8409e-01 -5.2739e-01 +4.1582e-02 -1.5651e-01 -1.2662e-02
410 0 +4.562591871e-01 +1.970462592e+02 +1.970462592e+02 -2.8024e-01 -5.3043e-01 +4.2980e-02 -1.5742e-01 -1.9416e-02
416 0 +4.357208153e-01 +1.970257208e+02 +1.970257208e+02 -2.6917e-01 -5.3871e-01 +4.6109e-02 -1.6513e-01 -3.6691e-02
439 0 +4.264381755e-01 +1.970164382e+02 +1.970164382e+02 -2.6657e-01 -5.3890e-01 +4.7369e-02 -1.6146e-01 -4.0766e-02
455 0 +4.154926424e-01 +1.970054926e+02 +1.970054926e+02 -2.6108e-01 -5.4091e-01 +4.8942e-02 -1.6255e-01 -4.9394e-02
462 0 +4.072753175e-01 +1.969972753e+02 +1.969972753e+02 -2.5740e-01 -5.4426e-01 +4.9754e-02 -1.6498e-01 -5.6472e-02
482 0 +3.980918754e-01 +1.969880919e+02 +1.969880919e+02 -2.5238e-01 -5.4543e-01 +5.2004e-02 -1.6545e-01 -6.2786e-02
499 0 +3.859328393e-01 +1.969759328e+02 +1.969759328e+02 -2.4535e-01 -5.4956e-01 +5.6132e-02 -1.6602e-01 -7.4041e-02
% f evaluations | g evaluations | best noise-free fitness - Fopt (1.461600000000e+02) + sum g_i+ | measured fitness | best measured fitness or single-digit g-values | x1 | x2...
1 0 +2.600000000e+01 +1.721600000e+02 +1.721600000e+02 +0.0000e+00 +0.0000e+00 +0.0000e+00 +0.0000e+00 +0.0000e+00
3 0 +2.380267751e+01 +1.699626775e+02 +1.699626775e+02 +1.0000e-01 +0.0000e+00 +0.0000e+00 +0.0000e+00 +0.0000e+00
7 0 +2.181675602e+01 +1.679767560e+02 +1.679767560e+02 +0.0000e+00 +0.0000e+00 +0.0000e+00 +0.0000e+00 +1.0000e-01
8 0 +1.739128296e+01 +1.635512830e+02 +1.635512830e+02 +3.6705e-02 -4.5535e-02 -3.0195e-02 +2.8007e-02 +1.6988e-01
11 0 +1.569208624e+01 +1.618520862e+02 +1.618520862e+02 +7.9188e-02 -8.3104e-02 -6.5143e-02 +6.0422e-02 +2.3705e-01
13 0 +1.457533959e+01 +1.607353396e+02 +1.607353396e+02 +8.2841e-02 -9.2489e-02 -2.4810e-02 +6.1058e-02 +2.6482e-01
14 0 +1.179093570e+01 +1.579509357e+02 +1.579509357e+02 +6.5876e-02 -9.4691e-02 -1.5032e-02 +1.0691e-01 +2.6783e-01
15 0 +1.016175449e+01 +1.563217545e+02 +1.563217545e+02 +7.4479e-02 -9.7330e-02 +3.8142e-03 +1.5234e-01 +2.6813e-01
16 0 +8.485321120e+00 +1.546453211e+02 +1.546453211e+02 +4.2407e-02 -1.0580e-01 +8.9968e-03 +1.8179e-01 +2.9062e-01
17 0 +6.971524128e+00 +1.531315241e+02 +1.531315241e+02 +3.9264e-02 -1.1658e-01 +4.3580e-02 +2.0093e-01 +3.1911e-01
18 0 +6.192984854e+00 +1.523529849e+02 +1.523529849e+02 +3.8322e-02 -1.3066e-01 +4.5479e-02 +2.4065e-01 +3.4592e-01
19 0 +5.968144957e+00 +1.521281450e+02 +1.521281450e+02 +1.1872e-02 -1.4326e-01 +7.6524e-02 +2.6085e-01 +3.2949e-01
20 0 +5.661382328e+00 +1.518213823e+02 +1.518213823e+02 +1.3264e-02 -1.2476e-01 +7.9543e-02 +2.6832e-01 +3.2795e-01
21 0 +4.690046114e+00 +1.508500461e+02 +1.508500461e+02 +6.3214e-04 -1.1558e-01 +8.6124e-02 +2.6726e-01 +3.4631e-01
22 0 +4.008674608e+00 +1.501686746e+02 +1.501686746e+02 -5.0744e-03 -1.0629e-01 +9.8311e-02 +2.6884e-01 +3.6515e-01
23 0 +3.527745018e+00 +1.496877450e+02 +1.496877450e+02 -2.3740e-02 -9.6947e-02 +9.2171e-02 +2.7418e-01 +3.7624e-01
25 0 +3.364322064e+00 +1.495243221e+02 +1.495243221e+02 -2.2541e-02 -9.1553e-02 +9.3661e-02 +2.8170e-01 +3.7952e-01
26 0 +3.203652223e+00 +1.493636522e+02 +1.493636522e+02 -2.5903e-02 -9.5774e-02 +9.6627e-02 +2.8647e-01 +3.8579e-01
27 0 +3.018975479e+00 +1.491789755e+02 +1.491789755e+02 -2.2952e-02 -9.4915e-02 +9.2355e-02 +2.8565e-01 +3.9425e-01
28 0 +2.853669500e+00 +1.490136695e+02 +1.490136695e+02 -2.4615e-02 -9.4753e-02 +8.7039e-02 +2.9162e-01 +4.0002e-01
29 0 +2.698387109e+00 +1.488583871e+02 +1.488583871e+02 -2.0146e-02 -9.5778e-02 +8.7459e-02 +2.9648e-01 +4.0745e-01
30 0 +2.488400811e+00 +1.486484008e+02 +1.486484008e+02 -2.2965e-02 -9.1818e-02 +8.8421e-02 +2.9756e-01 +4.1607e-01
31 0 +1.846435210e+00 +1.480064352e+02 +1.480064352e+02 -3.4551e-02 -8.2459e-02 +8.2964e-02 +3.1687e-01 +4.4730e-01
32 0 +1.524719402e+00 +1.476847194e+02 +1.476847194e+02 -1.8709e-02 -7.8299e-02 +1.0202e-01 +3.2111e-01 +4.7813e-01
34 0 +1.478023438e+00 +1.476380234e+02 +1.476380234e+02 -1.2951e-02 -7.3620e-02 +9.5501e-02 +3.1935e-01 +4.7881e-01
35 0 +1.424398113e+00 +1.475843981e+02 +1.475843981e+02 -1.9073e-02 -5.5824e-02 +9.8185e-02 +3.2084e-01 +4.8485e-01
36 0 +1.294880247e+00 +1.474548802e+02 +1.474548802e+02 -1.6992e-02 -5.5440e-02 +9.5283e-02 +3.2918e-01 +4.8904e-01
37 0 +1.214513560e+00 +1.473745136e+02 +1.473745136e+02 -1.2438e-02 -5.3724e-02 +9.3925e-02 +3.3631e-01 +4.9390e-01
38 0 +1.192968682e+00 +1.473529687e+02 +1.473529687e+02 -1.5319e-02 -5.2405e-02 +8.6964e-02 +3.4269e-01 +4.9301e-01
40 0 +1.168451055e+00 +1.473284511e+02 +1.473284511e+02 -1.2883e-02 -4.9006e-02 +8.6128e-02 +3.4411e-01 +4.9520e-01
41 0 +1.136487770e+00 +1.472964878e+02 +1.472964878e+02 -1.4123e-02 -5.0030e-02 +8.4829e-02 +3.4346e-01 +4.9971e-01
43 0 +1.093094419e+00 +1.472530944e+02 +1.472530944e+02 -1.2560e-02 -4.9371e-02 +8.0827e-02 +3.4405e-01 +5.0646e-01
44 0 +1.031292352e+00 +1.471912924e+02 +1.471912924e+02 -1.0455e-02 -4.2032e-02 +7.0762e-02 +3.4476e-01 +5.2195e-01
49 0 +1.014495527e+00 +1.471744955e+02 +1.471744955e+02 -1.0184e-02 -4.0483e-02 +7.4322e-02 +3.4086e-01 +5.2512e-01
53 0 +9.965891897e-01 +1.471565892e+02 +1.471565892e+02 -5.9474e-03 -3.9902e-02 +7.5296e-02 +3.4116e-01 +5.2846e-01
57 0 +9.737358495e-01 +1.471337358e+02 +1.471337358e+02 -1.9764e-03 -3.5834e-02 +7.5266e-02 +3.4630e-01 +5.3181e-01
64 0 +9.525598318e-01 +1.471125598e+02 +1.471125598e+02 +2.9325e-03 -2.6223e-02 +7.5962e-02 +3.4762e-01 +5.3601e-01
77 0 +9.280768567e-01 +1.470880769e+02 +1.470880769e+02 +1.4051e-02 -1.8813e-02 +7.3668e-02 +3.4693e-01 +5.3550e-01
90 0 +9.110055576e-01 +1.470710056e+02 +1.470710056e+02 +1.8831e-02 -9.7965e-03 +7.3585e-02 +3.4660e-01 +5.3558e-01
96 0 +8.837544220e-01 +1.470437544e+02 +1.470437544e+02 +3.0225e-02 +5.5328e-03 +6.7106e-02 +3.4591e-01 +5.2932e-01
105 0 +8.703934937e-01 +1.470303935e+02 +1.470303935e+02 +3.4965e-02 +5.8541e-03 +6.9676e-02 +3.4322e-01 +5.2986e-01
120 0 +8.492362851e-01 +1.470092363e+02 +1.470092363e+02 +4.4322e-02 +1.3859e-02 +6.7579e-02 +3.4152e-01 +5.3216e-01
132 0 +8.290924421e-01 +1.469890924e+02 +1.469890924e+02 +5.0516e-02 +2.3656e-02 +6.3802e-02 +3.3984e-01 +5.3207e-01
137 0 +8.009443009e-01 +1.469609443e+02 +1.469609443e+02 +6.3344e-02 +3.5402e-02 +5.8984e-02 +3.3482e-01 +5.2551e-01
148 0 +7.925265842e-01 +1.469525266e+02 +1.469525266e+02 +6.5007e-02 +3.9024e-02 +6.1039e-02 +3.3592e-01 +5.2471e-01
157 0 +7.751568022e-01 +1.469351568e+02 +1.469351568e+02 +7.5561e-02 +4.5352e-02 +5.9502e-02 +3.3254e-01 +5.2710e-01
167 0 +7.553443993e-01 +1.469153444e+02 +1.469153444e+02 +8.0858e-02 +5.4731e-02 +5.8376e-02 +3.3059e-01 +5.2257e-01
173 0 +7.397407853e-01 +1.468997408e+02 +1.468997408e+02 +8.7070e-02 +6.2345e-02 +5.8041e-02 +3.3139e-01 +5.2112e-01
181 0 +7.221846586e-01 +1.468821847e+02 +1.468821847e+02 +9.7792e-02 +6.8964e-02 +5.7718e-02 +3.2791e-01 +5.1780e-01
195 0 +7.068747793e-01 +1.468668748e+02 +1.468668748e+02 +1.0160e-01 +7.6427e-02 +5.5055e-02 +3.2710e-01 +5.1669e-01
197 0 +6.905280407e-01 +1.468505280e+02 +1.468505280e+02 +1.1245e-01 +9.0855e-02 +5.0695e-02 +3.2877e-01 +5.1970e-01
206 0 +6.748368300e-01 +1.468348368e+02 +1.468348368e+02 +1.1785e-01 +9.1810e-02 +4.9741e-02 +3.2175e-01 +5.1441e-01
215 0 +6.598124103e-01 +1.468198124e+02 +1.468198124e+02 +1.2306e-01 +9.8610e-02 +5.0502e-02 +3.2244e-01 +5.0801e-01
226 0 +6.448049610e-01 +1.468048050e+02 +1.468048050e+02 +1.3042e-01 +1.0766e-01 +5.1915e-02 +3.1875e-01 +5.0690e-01
239 0 +6.293854145e-01 +1.467893854e+02 +1.467893854e+02 +1.3921e-01 +1.1509e-01 +4.8055e-02 +3.1940e-01 +5.0788e-01
247 0 +6.153107685e-01 +1.467753108e+02 +1.467753108e+02 +1.4587e-01 +1.2058e-01 +4.9390e-02 +3.1532e-01 +5.0211e-01
252 0 +6.007137808e-01 +1.467607138e+02 +1.467607138e+02 +1.4961e-01 +1.3103e-01 +4.7148e-02 +3.1451e-01 +4.9400e-01
272 0 +5.885492028e-01 +1.467485492e+02 +1.467485492e+02 +1.5661e-01 +1.3250e-01 +4.4907e-02 +3.1119e-01 +4.9496e-01
288 0 +5.752148690e-01 +1.467352149e+02 +1.467352149e+02 +1.6314e-01 +1.3985e-01 +4.5752e-02 +3.1035e-01 +4.9210e-01
304 0 +5.617160954e-01 +1.467217161e+02 +1.467217161e+02 +1.7094e-01 +1.4764e-01 +4.3129e-02 +3.0976e-01 +4.9018e-01
312 0 +5.486170447e-01 +1.467086170e+02 +1.467086170e+02 +1.7649e-01 +1.5650e-01 +4.3722e-02 +3.0891e-01 +4.8427e-01
322 0 +5.369633247e-01 +1.466969633e+02 +1.466969633e+02 +1.8218e-01 +1.5935e-01 +4.3300e-02 +3.0338e-01 +4.8037e-01
347 0 +5.238663907e-01 +1.466838664e+02 +1.466838664e+02 +1.8813e-01 +1.6699e-01 +4.0493e-02 +3.0257e-01 +4.7902e-01
356 0 +5.122354974e-01 +1.466722355e+02 +1.466722355e+02 +1.9599e-01 +1.7260e-01 +4.0738e-02 +2.9912e-01 +4.7568e-01
375 0 +4.996559215e-01 +1.466596559e+02 +1.466596559e+02 +2.0290e-01 +1.7968e-01 +3.9225e-02 +2.9864e-01 +4.7246e-01
391 0 +4.886642278e-01 +1.466486642e+02 +1.466486642e+02 +2.0750e-01 +1.8694e-01 +3.9488e-02 +2.9588e-01 +4.6954e-01
411 0 +4.783738110e-01 +1.466383738e+02 +1.466383738e+02 +2.1258e-01 +1.9215e-01 +3.8602e-02 +2.9452e-01 +4.6585e-01
428 0 +4.669686783e-01 +1.466269687e+02 +1.466269687e+02 +2.1927e-01 +1.9974e-01 +3.7348e-02 +2.9365e-01 +4.6363e-01
446 0 +4.565526761e-01 +1.466165527e+02 +1.466165527e+02 +2.2449e-01 +2.0435e-01 +3.7643e-02 +2.9029e-01 +4.5731e-01
457 0 +4.462218322e-01 +1.466062218e+02 +1.466062218e+02 +2.3005e-01 +2.1109e-01 +3.5560e-02 +2.8897e-01 +4.5541e-01
480 0 +4.361870909e-01 +1.465961871e+02 +1.465961871e+02 +2.3645e-01 +2.1582e-01 +3.5067e-02 +2.8698e-01 +4.5061e-01
496 0 +4.263631565e-01 +1.465863632e+02 +1.465863632e+02 +2.4380e-01 +2.2421e-01 +3.5048e-02 +2.8661e-01 +4.4954e-01
% f evaluations | g evaluations | best noise-free fitness - Fopt (-7.469000000000e+01) + sum g_i+ | measured fitness | best measured fitness or single-digit g-values | x1 | x2...
1 0 +2.600000000e+01 -4.869000000e+01 -4.869000000e+01 +0.0000e+00 +0.0000e+00 +0.0000e+00 +0.0000e+00 +0.0000e+00
6 0 +2.324877737e+01 -5.144122263e+01 -5.144122263e+01 +0.0000e+00 +0.0000e+00 +0.0000e+00 +1.0000e-01 +0.0000e+00
% f evaluations | g evaluations | best noise-free fitness - Fopt (1.853000000000e+01) + sum g_i+ | measured fitness | best measured fitness or single-digit g-values | x1 | x2...
1 0 +2.600000000e+01 +4.453000000e+01 +4.453000000e+01 +0.0000e+00 +0.0000e+00 +0.0000e+00 +0.0000e+00 +0.0000e+00
3 0 +2.131213282e+01 +3.984213282e+01 +3.984213282e+01 +1.0000e-01 +0.0000e+00 +0.0000e+00 +0.0000e+00 +0.0000e+00
8 0 +1.682065912e+01 +3.535065912e+01 +3.535065912e+01 +1.6209e-01 -1.1467e-02 -3.3109e-02 -4.8882e-03 -6.9955e-02
10 0 +1.443647141e+01 +3.296647141e+01 +3.296647141e+01 +1.7616e-01 -1.4067e-02 +7.4477e-03 -5.9964e-03 -9.5432e-02
12 0 +1.370741940e+01 +3.223741940e+01 +3.223741940e+01 +1.6494e-01 -2.7045e-02 +1.0899e-02 -5.2383e-02 -1.2103e-01
13 0 +1.330945642e+01 +3.183945642e+01 +3.183945642e+01 +1.6351e-01 -1.4053e-02 +1.3683e-02 -4.7897e-02 -1.4168e-01
14 0 +1.236043651e+01 +3.089043651e+01 +3.089043651e+01 +1.7165e-01 -7.8650e-03 +3.5031e-02 -5.4886e-02 -1.4566e-01
15 0 +1.186649388e+01 +3.039649388e+01 +3.039649388e+01 +1.7244e-01 +2.5520e-03 +5.5472e-02 -6.3668e-02 -1.5023e-01
16 0 +1.064480132e+01 +2.917480132e+01 +2.917480132e+01 +1.9513e-01 +3.8649e-03 +5.7182e-02 -6.9997e-02 -1.5833e-01
17 0 +9.711891984e+00 +2.824189198e+01 +2.824189198e+01 +2.0977e-01 -6.9776e-03 +6.8562e-02 -6.8185e-02 -1.7099e-01
18 0 +8.614607004e+00 +2.714460700e+01 +2.714460700e+01 +2.2891e-01 -3.2356e-03 +7.2248e-02 -7.3329e-02 -1.8530e-01
19 0 +4.869759272e+00 +2.339975927e+01 +2.339975927e+01 +3.0104e-01 +4.8161e-03 +1.1550e-01 -9.7558e-02 -2.3298e-01
22 0 +4.784261320e+00 +2.331426132e+01 +2.331426132e+01 +4.0935e-01 +2.0110e-02 +2.6341e-01 -1.5978e-01 -2.8079e-01
23 0 +4.412172610e+00 +2.294217261e+01 +2.294217261e+01 +3.9224e-01 +5.9403e-03 +2.5877e-01 -1.9152e-01 -2.9716e-01
24 0 +3.546424029e+00 +2.207642403e+01 +2.207642403e+01 +3.7210e-01 -5.5153e-03 +2.6953e-01 -1.4116e-01 -3.7969e-01
25 0 +2.844205332e+00 +2.137420533e+01 +2.137420533e+01 +3.9393e-01 -3.1064e-02 +2.5663e-01 -1.3864e-01 -3.8161e-01
28 0 +2.747140772e+00 +2.127714077e+01 +2.127714077e+01 +4.1743e-01 -1.8972e-02 +2.5768e-01 -1.5096e-01 -3.9930e-01
30 0 +2.393356695e+00 +2.092335669e+01 +2.092335669e+01 +4.2313e-01 -1.7240e-02 +2.5591e-01 -1.5078e-01 -3.9147e-01
31 0 +2.084043343e+00 +2.061404334e+01 +2.061404334e+01 +4.2944e-01 -1.8364e-02 +2.5309e-01 -1.5221e-01 -3.8447e-01
32 0 +1.283014076e+00 +1.981301408e+01 +1.981301408e+01 +4.5478e-01 -2.5025e-02 +2.4120e-01 -1.5913e-01 -3.5756e-01
33 0 +1.042071161e+00 +1.957207116e+01 +1.957207116e+01 +4.7905e-01 -4.0953e-02 +2.2713e-01 -1.7088e-01 -3.3704e-01
36 0 +9.481466199e-01 +1.947814662e+01 +1.947814662e+01 +4.8782e-01 -4.2091e-02 +2.2604e-01 -1.5297e-01 -3.3717e-01
38 0 +9.000174985e-01 +1.943001750e+01 +1.943001750e+01 +4.8648e-01 -5.1227e-02 +2.2330e-01 -1.5112e-01 -3.3912e-01
39 0 +8.835403921e-01 +1.941354039e+01 +1.941354039e+01 +4.8527e-01 -5.4240e-02 +2.1848e-01 -1.4700e-01 -3.3210e-01
44 0 +8.668599079e-01 +1.939685991e+01 +1.939685991e+01 +4.7765e-01 -5.1951e-02 +2.1925e-01 -1.4012e-01 -3.3389e-01
56 0 +8.449471699e-01 +1.937494717e+01 +1.937494717e+01 +4.7853e-01 -4.7737e-02 +2.2268e-01 -1.2854e-01 -3.2833e-01
66 0 +8.304239231e-01 +1.936042392e+01 +1.936042392e+01 +4.7423e-01 -4.2360e-02 +2.2142e-01 -1.2131e-01 -3.2869e-01
77 0 +8.088026034e-01 +1.933880260e+01 +1.933880260e+01 +4.7725e-01 -4.1561e-02 +2.2462e-01 -1.0870e-01 -3.2816e-01
88 0 +7.928253701e-01 +1.932282537e+01 +1.932282537e+01 +4.8024e-01 -3.4656e-02 +2.2732e-01 -9.7559e-02 -3.3039e-01
102 0 +7.732611061e-01 +1.930326111e+01 +1.930326111e+01 +4.7832e-01 -3.4500e-02 +2.3009e-01 -8.9673e-02 -3.2576e-01
106 0 +7.488754718e-01 +1.927887547e+01 +1.927887547e+01 +4.7376e-01 -1.9175e-02 +2.2727e-01 -4.9529e-02 -3.2045e-01
107 0 +7.393507282e-01 +1.926935073e+01 +1.926935073e+01 +4.7066e-01 -1.7836e-02 +2.3005e-01 -4.9984e-02 -3.2207e-01
108 0 +7.173939887e-01 +1.924739399e+01 +1.924739399e+01 +4.7504e-01 -1.3838e-02 +2.3533e-01 -5.0431e-02 -3.2120e-01
111 0 +7.041804926e-01 +1.923418049e+01 +1.923418049e+01 +4.7550e-01 -1.4696e-02 +2.3781e-01 -4.5177e-02 -3.2226e-01
123 0 +6.905804360e-01 +1.922058044e+01 +1.922058044e+01 +4.7662e-01 -1.6279e-02 +2.4048e-01 -4.0197e-02 -3.2043e-01
131 0 +6.749324924e-01 +1.920493249e+01 +1.920493249e+01 +4.7702e-01 -1.4584e-02 +2.4372e-01 -3.0166e-02 -3.1944e-01
146 0 +6.593519090e-01 +1.918935191e+01 +1.918935191e+01 +4.7540e-01 -9.5680e-03 +2.4740e-01 -2.0542e-02 -3.1933e-01
152 0 +6.452459783e-01 +1.917524598e+01 +1.917524598e+01 +4.7892e-01 -2.8303e-03 +2.5015e-01 -9.9462e-03 -3.1621e-01
168 0 +6.270001090e-01 +1.915700011e+01 +1.915700011e+01 +4.7117e-01 -3.0569e-03 +2.5625e-01 +1.0956e-02 -3.1330e-01
173 0 +6.152864493e-01 +1.914528645e+01 +1.914528645e+01 +4.7196e-01 -1.4778e-03 +2.5225e-01 +1.2908e-02 -3.1312e-01
180 0 +6.018397832e-01 +1.913183978e+01 +1.913183978e+01 +4.7521e-01 +4.5072e-03 +2.5354e-01 +1.6679e-02 -3.1160e-01
194 0 +5.848953132e-01 +1.911489531e+01 +1.911489531e+01 +4.7228e-01 +8.7859e-03 +2.5598e-01 +2.7550e-02 -3.1036e-01
195 0 +5.684268967e-01 +1.909842690e+01 +1.909842690e+01 +4.7004e-01 +1.6301e-02 +2.5543e-01 +4.1039e-02 -3.0686e-01
205 0 +5.611452632e-01 +1.909114526e+01 +1.909114526e+01 +4.7339e-01 +1.6525e-02 +2.6056e-01 +4.6014e-02 -3.1094e-01
213 0 +5.487270466e-01 +1.907872705e+01 +1.907872705e+01 +4.7043e-01 +1.8620e-02 +2.6029e-01 +5.2946e-02 -3.0673e-01
232 0 +5.338704113e-01 +1.906387041e+01 +1.906387041e+01 +4.6716e-01 +2.2910e-02 +2.6281e-01 +6.3553e-02 -3.0435e-01
243 0 +5.245673825e-01 +1.905456738e+01 +1.905456738e+01 +4.6737e-01 +2.5195e-02 +2.6422e-01 +7.0230e-02 -3.0502e-01
250 0 +5.098521819e-01 +1.903985218e+01 +1.903985218e+01 +4.6332e-01 +3.3766e-02 +2.6412e-01 +8.2442e-02 -3.0308e-01
254 0 +4.990667496e-01 +1.902906675e+01 +1.902906675e+01 +4.5890e-01 +3.8694e-02 +2.6489e-01 +9.1984e-02 -2.9761e-01
263 0 +4.870811490e-01 +1.901708115e+01 +1.901708115e+01 +4.6016e-01 +4.0333e-02 +2.6808e-01 +9.8322e-02 -2.9936e-01
277 0 +4.784768714e-01 +1.900847687e+01 +1.900847687e+01 +4.5999e-01 +4.0090e-02 +2.6913e-01 +1.0438e-01 -2.9871e-01
289 0 +4.671219737e-01 +1.899712197e+01 +1.899712197e+01 +4.5909e-01 +4.4535e-02 +2.7076e-01 +1.1319e-01 -2.9775e-01
302 0 +4.563805620e-01 +1.898638056e+01 +1.898638056e+01 +4.5781e-01 +4.7236e-02 +2.7168e-01 +1.2188e-01 -2.9580e-01
315 0 +4.457094167e-01 +1.897570942e+01 +1.897570942e+01 +4.5232e-01 +5.1011e-02 +2.7259e-01 +1.3152e-01 -2.9365e-01
324 0 +4.358894568e-01 +1.896588946e+01 +1.896588946e+01 +4.5470e-01 +5.3739e-02 +2.7449e-01 +1.3884e-01 -2.9231e-01
351 0 +4.258127946e-01 +1.895581279e+01 +1.895581279e+01 +4.5228e-01 +5.8599e-02 +2.7524e-01 +1.4645e-01 -2.9136e-01
378 0 +4.162454323e-01 +1.894624543e+01 +1.894624543e+01 +4.4975e-01 +6.1711e-02 +2.7706e-01 +1.5414e-01 -2.9002e-01
387 0 +4.011775219e-01 +1.893117752e+01 +1.893117752e+01 +4.4670e-01 +7.1428e-02 +2.8436e-01 +1.7158e-01 -2.8948e-01
388 0 +3.969329771e-01 +1.892693298e+01 +1.892693298e+01 +4.4654e-01 +7.1417e-02 +2.8262e-01 +1.7235e-01 -2.8887e-01
407 0 +3.888800587e-01 +1.891888006e+01 +1.891888006e+01 +4.4632e-01 +7.2493e-02 +2.8153e-01 +1.7864e-01 -2.8643e-01
420 0 +3.794317525e-01 +1.890943175e+01 +1.890943175e+01 +4.3567e-01 +7.7325e-02 +2.7965e-01 +1.9031e-01 -2.8186e-01
433 0 +3.711814096e-01 +1.890118141e+01 +1.890118141e+01 +4.3814e-01 +8.0367e-02 +2.8075e-01 +1.9357e-01 -2.8211e-01
452 0 +3.629620242e-01 +1.889296202e+01 +1.889296202e+01 +4.3836e-01 +8.3046e-02 +2.8326e-01 +2.0098e-01 -2.8176e-01
474 0 +3.546415074e-01 +1.888464151e+01 +1.888464151e+01 +4.3504e-01 +8.7004e-02 +2.8361e-01 +2.0810e-01 -2.7926e-01
490 0 +3.465224071e-01 +1.887652241e+01 +1.887652241e+01 +4.3401e-01 +9.1767e-02 +2.8605e-01 +2.1561e-01 -2.7832e-01
% f evaluations | g evaluations | best noise-free fitness - Fopt (-3.444000000000e+01) + sum g_i+ | measured fitness | best measured fitness or single-digit g-values | x1 | x2...
1 0 +2.600000000e+01 -8.440000000e+00 -8.440000000e+00 +0.0000e+00 +0.0000e+00 +0.0000e+00 +0.0000e+00 +0.0000e+00
3 0 +2.377427547e+01 -1.066572453e+01 -1.066572453e+01 +1.0000e-01 +0.0000e+00 +0.0000e+00 +0.0000e+00 +0.0000e+00
4 0 +2.164534321e+01 -1.279465679e+01 -1.279465679e+01 +0.0000e+00 +1.0000e-01 +0.0000e+00 +0.0000e+00 +0.0000e+00
% f evaluations | g evaluations | best noise-free fitness - Fopt (7.741000000000e+01) + sum g_i+ | measured fitness | best measured fitness or single-digit g-values | x1 | x2...
1 0 +2.600000000e+01 +1.034100000e+02 +1.034100000e+02 +0.0000e+00 +0.0000e+00 +0.0000e+00 +0.0000e+00 +0.0000e+00
3 0 +2.594087566e+01 +1.033508757e+02 +1.033508757e+02 +1.0000e-01 +0.0000e+00 +0.0000e+00 +0.0000e+00 +0.0000e+00
7 0 +2.337865299e+01 +1.007886530e+02 +1.007886530e+02 +0.0000e+00 +0.0000e+00 +0.0000e+00 +0.0000e+00 +1.0000e-01
8 0 +1.778522995e+01 +9.519522995e+01 +9.519522995e+01 +9.8174e-04 +4.6440e-03 -8.9385e-02 -9.6556e-03 +1.4353e-01
9 0 +4.615260712e+00 +8.202526071e+01 +8.202526071e+01 +4.9912e-03 +2.3610e-02 -4.5444e-01 -4.9090e-02 +3.0102e-01
11 0 +2.245942655e+00 +7.965594266e+01 +7.965594266e+01 -6.0671e-02 -4.1606e-02 -4.8150e-01 -1.1605e-01 +2.4797e-01
12 0 +1.163555512e+00 +7.857355551e+01 +7.857355551e+01 -9.1332e-02 -7.1970e-02 -5.0715e-01 -3.2648e-02 +2.2507e-01
15 0 +9.089862676e-01 +7.831898627e+01 +7.831898627e+01 -9.1063e-02 -7.0699e-02 -5.2866e-01 -3.5292e-02 +2.3748e-01
17 0 +8.306871983e-01 +7.824068720e+01 +7.824068720e+01 -9.1121e-02 -7.0749e-02 -5.2981e-01 -2.5360e-02 +2.3759e-01
19 0 +7.725370422e-01 +7.818253704e+01 +7.818253704e+01 -8.7175e-02 -7.3326e-02 -5.3118e-01 -2.5024e-02 +2.3671e-01
20 0 +6.993487835e-01 +7.810934878e+01 +7.810934878e+01 -8.5467e-02 -7.1336e-02 -5.3443e-01 -2.4176e-02 +2.3408e-01
21 0 +6.437476687e-01 +7.805374767e+01 +7.805374767e+01 -8.4336e-02 -7.2430e-02 -5.3862e-01 -2.2618e-02 +2.3251e-01
22 0 +6.193466493e-01 +7.802934665e+01 +7.802934665e+01 -8.1796e-02 -7.2232e-02 -5.3907e-01 -2.0689e-02 +2.2869e-01
23 0 +6.087940701e-01 +7.801879407e+01 +7.801879407e+01 -7.9803e-02 -7.1883e-02 -5.4187e-01 -2.4085e-02 +2.2746e-01
25 0 +5.986716483e-01 +7.800867165e+01 +7.800867165e+01 -7.9543e-02 -7.0391e-02 -5.4347e-01 -2.2926e-02 +2.2770e-01
26 0 +5.848595988e-01 +7.799485960e+01 +7.799485960e+01 -7.8411e-02 -7.1740e-02 -5.4488e-01 -2.1875e-02 +2.2793e-01
28 0 +5.680492145e-01 +7.797804921e+01 +7.797804921e+01 -7.6038e-02 -7.1894e-02 -5.4713e-01 -2.1035e-02 +2.2994e-01
29 0 +5.596458710e-01 +7.796964587e+01 +7.796964587e+01 -7.6086e-02 -7.2542e-02 -5.4944e-01 -2.0331e-02 +2.2999e-01
34 0 +5.483389329e-01 +7.795833893e+01 +7.795833893e+01 -7.5587e-02 -7.5267e-02 -5.5231e-01 -2.0252e-02 +2.3184e-01
39 0 +5.369579717e-01 +7.794695797e+01 +7.794695797e+01 -7.7689e-02 -7.8300e-02 -5.5663e-01 -1.9238e-02 +2.3167e-01
52 0 +5.247233116e-01 +7.793472331e+01 +7.793472331e+01 -8.1104e-02 -7.9346e-02 -5.6139e-01 -1.5606e-02 +2.3276e-01
69 0 +5.110964339e-01 +7.792109643e+01 +7.792109643e+01 -8.5792e-02 -8.4913e-02 -5.6372e-01 -8.0915e-03 +2.3316e-01
89 0 +5.009497791e-01 +7.791094978e+01 +7.791094978e+01 -8.8154e-02 -9.0174e-02 -5.6350e-01 -2.4305e-03 +2.3031e-01
103 0 +4.896656709e-01 +7.789966567e+01 +7.789966567e+01 -9.0346e-02 -9.7987e-02 -5.6043e-01 +4.5850e-03 +2.2581e-01
120 0 +4.768020784e-01 +7.788680208e+01 +7.788680208e+01 -9.3677e-02 -1.0389e-01 -5.6083e-01 +1.2007e-02 +2.2457e-01
131 0 +4.663597020e-01 +7.787635970e+01 +7.787635970e+01 -9.8343e-02 -1.1089e-01 -5.6626e-01 +1.9288e-02 +2.2408e-01
153 0 +4.561575047e-01 +7.786615750e+01 +7.786615750e+01 -9.6626e-02 -1.1530e-01 -5.6272e-01 +2.5701e-02 +2.2160e-01
168 0 +4.414217176e-01 +7.785142172e+01 +7.785142172e+01 -1.0287e-01 -1.2664e-01 -5.6320e-01 +3.3138e-02 +2.1861e-01
176 0 +4.363387487e-01 +7.784633875e+01 +7.784633875e+01 -1.0116e-01 -1.2914e-01 -5.6255e-01 +3.6210e-02 +2.1728e-01
190 0 +4.263403693e-01 +7.783634037e+01 +7.783634037e+01 -1.0474e-01 -1.3296e-01 -5.6064e-01 +4.3124e-02 +2.1447e-01
218 0 +4.168300251e-01 +7.782683003e+01 +7.782683003e+01 -1.0549e-01 -1.3882e-01 -5.5919e-01 +4.9271e-02 +2.1213e-01
241 0 +4.069117104e-01 +7.781691171e+01 +7.781691171e+01 -1.0830e-01 -1.4544e-01 -5.5894e-01 +5.4996e-02 +2.1051e-01
260 0 +3.977391347e-01 +7.780773913e+01 +7.780773913e+01 -1.1020e-01 -1.5183e-01 -5.5879e-01 +6.1085e-02 +2.0880e-01
275 0 +3.887045740e-01 +7.779870457e+01 +7.779870457e+01 -1.1241e-01 -1.5769e-01 -5.5751e-01 +6.6881e-02 +2.0618e-01
299 0 +3.800298492e-01 +7.779002985e+01 +7.779002985e+01 -1.1286e-01 -1.6349e-01 -5.5611e-01 +7.3324e-02 +2.0395e-01
313 0 +3.705180652e-01 +7.778051807e+01 +7.778051807e+01 -1.1609e-01 -1.7254e-01 -5.5741e-01 +8.0128e-02 +2.0207e-01
329 0 +3.614314095e-01 +7.777143141e+01 +7.777143141e+01 -1.1850e-01 -1.7569e-01 -5.5501e-01 +8.6310e-02 +1.9918e-01
341 0 +3.544455640e-01 +7.776444556e+01 +7.776444556e+01 -1.1962e-01 -1.8256e-01 -5.5587e-01 +9.0882e-02 +1.9705e-01
360 0 +3.456628080e-01 +7.775566281e+01 +7.775566281e+01 -1.2148e-01 -1.8772e-01 -5.4785e-01 +1.0005e-01 +1.9227e-01
383 0 +3.386714881e-01 +7.774867149e+01 +7.774867149e+01 -1.2247e-01 -1.9266e-01 -5.5129e-01 +1.0151e-01 +1.9163e-01
394 0 +3.293939454e-01 +7.773939395e+01 +7.773939395e+01 -1.2491e-01 -2.0085e-01 -5.5062e-01 +1.1099e-01 +1.8643e-01
406 0 +3.230848664e-01 +7.773308487e+01 +7.773308487e+01 -1.2571e-01 -2.0402e-01 -5.4935e-01 +1.1329e-01 +1.8713e-01
430 0 +3.151361950e-01 +7.772513619e+01 +7.772513619e+01 -1.2759e-01 -2.1046e-01 -5.4796e-01 +1.1913e-01 +1.8501e-01
448 0 +3.081172288e-01 +7.771811723e+01 +7.771811723e+01 -1.3001e-01 -2.1624e-01 -5.4716e-01 +1.2506e-01 +1.8321e-01
473 0 +3.014258844e-01 +7.771142588e+01 +7.771142588e+01 -1.3027e-01 -2.2126e-01 -5.4597e-01 +1.2966e-01 +1.8043e-01
494 0 +2.944856732e-01 +7.770448567e+01 +7.770448567e+01 -1.3169e-01 -2.2825e-01 -5.4457e-01 +1.3455e-01 +1.7695e-01
