% f evaluations | g evaluations | best noise-free fitness - Fopt (-1.694000000000e+01) + sum g_i+ | measured fitness | best measured fitness or single-digit g-values | x1 | x2...
1 0 +9.470123986e+01 +7.776123986e+01 +7.776123986e+01 +0.0000e+00 +0.0000e+00 +0.0000e+00 +0.0000e+00 +0.0000e+00
4 0 +9.467246143e+01 +7.773246143e+01 +7.773246143e+01 +0.0000e+00 +0.0000e+00 +2.5000e-04 +0.0000e+00 +0.0000e+00
25 0 +9.293982683e+01 +7.599982683e+01 +7.599982683e+01 +4.5389e-04 -1.8420e-03 +3.1135e-03 -4.7577e-03 +1.6436e-03
32 0 +9.093923807e+01 +7.399923807e+01 +7.399923807e+01 +5.9396e-04 -3.5425e-03 +6.9835e-03 -9.9453e-03 +3.1717e-03
35 0 +8.904969798e+01 +7.210969798e+01 +7.210969798e+01 +9.5051e-04 -4.5234e-03 +1.0746e-02 -1.5411e-02 +4.4044e-03
38 0 +8.673714264e+01 +6.979714264e+01 +6.979714264e+01 +1.8622e-03 -7.0225e-03 +1.5154e-02 -2.1845e-02 +6.3592e-03
39 0 +8.435624060e+01 +6.741624060e+01 +6.741624060e+01 +2.5826e-03 -9.3644e-03 +1.9916e-02 -2.8517e-02 +8.2329e-03
41 0 +8.079466331e+01 +6.385466331e+01 +6.385466331e+01 +2.7376e-03 -1.3391e-02 +2.6772e-02 -3.7976e-02 +1.0904e-02
43 0 +7.929943116e+01 +6.235943116e+01 +6.235943116e+01 +3.3774e-03 -1.3438e-02 +3.0283e-02 -4.3543e-02 +1.2247e-02
44 0 +7.475439003e+01 +5.781439003e+01 +5.781439003e+01 +4.6540e-03 -1.7609e-02 +4.0720e-02 -5.8689e-02 +1.6251e-02
46 0 +7.276939431e+01 +5.582939431e+01 +5.582939431e+01 +5.2608e-03 -2.1895e-02 +4.5419e-02 -6.4561e-02 +1.8421e-02
47 0 +6.753906365e+01 +5.059906365e+01 +5.059906365e+01 +7.2918e-03 -2.9910e-02 +6.0847e-02 -8.6473e-02 +2.4739e-02
50 0 +6.289650521e+01 +4.595650521e+01 +4.595650521e+01 +9.8064e-03 -3.9323e-02 +8.3683e-02 -1.1922e-01 +3.2730e-02
79 0 +6.165077672e+01 +4.471077672e+01 +4.471077672e+01 +1.1807e-02 -4.7878e-02 +1.0233e-01 -1.4529e-01 +4.0637e-02
103 0 +5.974496802e+01 +4.280496802e+01 +4.280496802e+01 +7.1542e-03 -4.8843e-02 +1.0834e-01 -1.3996e-01 +4.0682e-02
108 0 +5.859244586e+01 +4.165244586e+01 +4.165244586e+01 +5.0745e-03 -5.2778e-02 +1.1740e-01 -1.4418e-01 +4.3134e-02
111 0 +5.724318139e+01 +4.030318139e+01 +4.030318139e+01 +1.0022e-03 -5.0134e-02 +1.1519e-01 -1.3103e-01 +4.0620e-02
112 0 +5.579276655e+01 +3.885276655e+01 +3.885276655e+01 -2.8890e-03 -5.0237e-02 +1.1890e-01 -1.2508e-01 +4.0232e-02
114 0 +5.494551292e+01 +3.800551292e+01 +3.800551292e+01 -5.1776e-03 -5.1839e-02 +1.2026e-01 -1.1949e-01 +4.0429e-02
115 0 +5.283365079e+01 +3.589365079e+01 +3.589365079e+01 -1.1343e-02 -5.3337e-02 +1.2622e-01 -1.0926e-01 +4.0303e-02
117 0 +5.196795769e+01 +3.502795769e+01 +3.502795769e+01 -1.1550e-02 -5.7954e-02 +1.3939e-01 -1.2467e-01 +4.4329e-02
118 0 +4.960462423e+01 +3.266462423e+01 +3.266462423e+01 -1.8809e-02 -6.2835e-02 +1.5506e-01 -1.2316e-01 +4.7029e-02
120 0 +4.876148310e+01 +3.182148310e+01 +3.182148310e+01 -2.2555e-02 -5.9980e-02 +1.5204e-01 -1.0934e-01 +4.3995e-02
121 0 +4.681896373e+01 +2.987896373e+01 +2.987896373e+01 -3.2865e-02 -6.4892e-02 +1.7068e-01 -1.0276e-01 +4.6081e-02
122 0 +4.666046861e+01 +2.972046861e+01 +2.972046861e+01 -3.3592e-02 -6.5762e-02 +1.6862e-01 -9.7845e-02 +4.5928e-02
213 0 +4.565567709e+01 +2.871567709e+01 +2.871567709e+01 -3.9883e-02 -8.2687e-02 +1.6779e-01 -7.1028e-02 +5.3625e-02
342 0 +4.465423860e+01 +2.771423860e+01 +2.771423860e+01 -3.7274e-02 -1.5734e-01 +1.6444e-01 -3.4708e-02 +8.3446e-02
368 0 +4.364180307e+01 +2.670180307e+01 +2.670180307e+01 -6.8803e-02 -3.4619e-01 +1.7140e-01 +1.6257e-01 +4.0930e-02
379 0 +4.255300473e+01 +2.561300473e+01 +2.561300473e+01 -6.2142e-02 -3.3281e-01 +1.6451e-01 +1.4535e-01 +3.8274e-02
384 0 +4.154206878e+01 +2.460206878e+01 +2.460206878e+01 -7.0455e-02 -3.9906e-01 +1.6401e-01 +2.1170e-01 +1.6762e-02
398 0 +4.039116623e+01 +2.345116623e+01 +2.345116623e+01 -7.1779e-02 -4.5567e-01 +1.5855e-01 +2.5936e-01 -3.9629e-03
412 0 +3.961821001e+01 +2.267821001e+01 +2.267821001e+01 -7.1451e-02 -4.4653e-01 +1.6278e-01 +2.4835e-01 -7.7581e-03
418 0 +3.878769309e+01 +2.184769309e+01 +2.184769309e+01 -6.3879e-02 -4.4350e-01 +1.6271e-01 +2.2629e-01 -9.0234e-03
425 0 +3.792571068e+01 +2.098571068e+01 +2.098571068e+01 -7.9844e-02 -4.5439e-01 +1.7703e-01 +2.6507e-01 -5.0483e-02
427 0 +3.689001853e+01 +1.995001853e+01 +1.995001853e+01 -7.6818e-02 -4.7910e-01 +1.8151e-01 +2.6415e-01 -3.7092e-02
432 0 +3.608447605e+01 +1.914447605e+01 +1.914447605e+01 -8.5751e-02 -4.8792e-01 +1.9675e-01 +2.8210e-01 -8.2225e-02
440 0 +3.525405898e+01 +1.831405898e+01 +1.831405898e+01 -9.1996e-02 -5.3960e-01 +2.1527e-01 +3.0961e-01 -9.5658e-02
% f evaluations | g evaluations | best noise-free fitness - Fopt (1.881000000000e+01) + sum g_i+ | measured fitness | best measured fitness or single-digit g-values | x1 | x2...
1 0 +3.169183622e+01 +5.050183622e+01 +5.050183622e+01 +0.0000e+00 +0.0000e+00 +0.0000e+00 +0.0000e+00 +0.0000e+00
7 0 +3.165456771e+01 +5.046456771e+01 +5.046456771e+01 +1.0000e-04 +1.0000e-04 -2.5000e-04 +1.0000e-04 +1.0000e-04
8 0 +3.160635882e+01 +5.041635882e+01 +5.041635882e+01 +1.5000e-04 +1.5000e-04 -5.0000e-04 +1.5000e-04 +1.5000e-04
23 0 +3.085579071e+01 +4.966579071e+01 +4.966579071e+01 +1.2020e-04 +1.3843e-03 -3.5755e-03 +5.0084e-05 +7.1288e-04
27 0 +2.975215676e+01 +4.856215676e+01 +4.856215676e+01 -3.2350e-04 +2.3989e-03 -7.7717e-03 +5.0689e-05 +1.8456e-03
30 0 +2.895833745e+01 +4.776833745e+01 +4.776833745e+01 -8.0865e-04 +4.2973e-03 -1.0237e-02 -3.1937e-04 +2.2959e-03
32 0 +2.776048816e+01 +4.657048816e+01 +4.657048816e+01 -3.8017e-04 +5.4275e-03 -1.4652e-02 +8.8530e-05 +3.5186e-03
34 0 +2.719130569e+01 +4.600130569e+01 +4.600130569e+01 -8.7569e-04 +5.8404e-03 -1.6252e-02 -2.3385e-04 +3.7372e-03
35 0 +2.545463405e+01 +4.426463405e+01 +4.426463405e+01 -1.3505e-03 +7.7481e-03 -2.1931e-02 -4.0178e-04 +5.1153e-03
37 0 +2.478267312e+01 +4.359267312e+01 +4.359267312e+01 -1.5981e-03 +9.5927e-03 -2.4285e-02 -2.5767e-04 +5.6159e-03
38 0 +2.258469765e+01 +4.139469765e+01 +4.139469765e+01 -2.2355e-03 +1.3190e-02 -3.2542e-02 -4.1185e-04 +7.5010e-03
40 0 +2.212829814e+01 +4.093829814e+01 +4.093829814e+01 -2.2258e-03 +1.2992e-02 -3.4791e-02 -3.2960e-04 +8.5055e-03
41 0 +2.035013170e+01 +3.916013170e+01 +3.916013170e+01 -3.0029e-03 +1.6968e-02 -4.5586e-02 -5.3575e-04 +1.1352e-02
44 0 +1.988169518e+01 +3.869169518e+01 +3.869169518e+01 -3.7794e-03 +2.1444e-02 -5.6701e-02 -9.1084e-04 +1.3430e-02
145 0 +1.947237077e+01 +3.828237077e+01 +3.828237077e+01 -1.7998e-02 +1.0925e-02 -5.7813e-02 -6.6313e-04 +1.6081e-02
151 0 +1.889972973e+01 +3.770972973e+01 +3.770972973e+01 -3.5028e-02 -7.3901e-04 -6.2615e-02 -6.0932e-04 +2.0139e-02
153 0 +1.839104426e+01 +3.720104426e+01 +3.720104426e+01 -4.3405e-02 -7.5066e-03 -6.2640e-02 -6.0844e-04 +2.1578e-02
155 0 +1.767833018e+01 +3.648833018e+01 +3.648833018e+01 -6.1102e-02 -1.9458e-02 -6.7981e-02 -4.9588e-04 +2.5757e-02
158 0 +1.683516896e+01 +3.564516896e+01 +3.564516896e+01 -7.8833e-02 -3.2363e-02 -7.1962e-02 -4.2472e-04 +2.9857e-02
160 0 +1.616664200e+01 +3.497664200e+01 +3.497664200e+01 -1.1162e-01 -5.4438e-02 -8.1840e-02 -4.3559e-04 +3.7668e-02
161 0 +1.573706760e+01 +3.454706760e+01 +3.454706760e+01 -1.0473e-01 -5.0909e-02 -7.7050e-02 -3.7757e-04 +3.5385e-02
162 0 +1.502594206e+01 +3.383594206e+01 +3.383594206e+01 -1.3958e-01 -7.5994e-02 -8.4268e-02 -2.6169e-04 +4.3008e-02
173 0 +1.441821673e+01 +3.322821673e+01 +3.322821673e+01 -1.3492e-01 -7.3874e-02 -7.9992e-02 -1.2571e-04 +4.1229e-02
174 0 +1.409917325e+01 +3.290917325e+01 +3.290917325e+01 -1.2453e-01 -6.7602e-02 -7.4629e-02 -7.2195e-05 +3.8189e-02
176 0 +1.310392701e+01 +3.191392701e+01 +3.191392701e+01 -1.6008e-01 -9.5006e-02 -7.8087e-02 +4.2361e-05 +4.5173e-02
181 0 +1.268338927e+01 +3.149338927e+01 +3.149338927e+01 -1.3661e-01 -8.0347e-02 -6.6967e-02 +1.1010e-04 +3.8514e-02
182 0 +1.201322570e+01 +3.082322570e+01 +3.082322570e+01 -1.4913e-01 -9.1887e-02 -6.3083e-02 +2.7961e-04 +3.9716e-02
185 0 +1.158731749e+01 +3.039731749e+01 +3.039731749e+01 -1.6581e-01 -1.0773e-01 -5.7168e-02 +4.0814e-04 +4.1405e-02
186 0 +1.134626032e+01 +3.015626032e+01 +3.015626032e+01 -1.7846e-01 -1.1596e-01 -6.2259e-02 +5.3595e-04 +4.4671e-02
% f evaluations | g evaluations | best noise-free fitness - Fopt (2.731500000000e+02) + sum g_i+ | measured fitness | best measured fitness or single-digit g-values | x1 | x2...
1 0 +8.700664503e+01 +3.601566450e+02 +3.601566450e+02 +0.0000e+00 +0.0000e+00 +0.0000e+00 +0.0000e+00 +0.0000e+00
2 0 +8.699896538e+01 +3.601489654e+02 +3.601489654e+02 +2.5000e-04 +0.0000e+00 +0.0000e+00 +0.0000e+00 +0.0000e+00
27 0 +8.482566104e+01 +3.579756610e+02 +3.579756610e+02 -1.5266e-03 +3.9474e-03 -6.0495e-03 +2.6513e-03 +1.9840e-03
33 0 +8.196336805e+01 +3.551133681e+02 +3.551133681e+02 -2.9253e-03 +8.3596e-03 -1.4094e-02 +6.3328e-03 +5.0223e-03
36 0 +8.008624706e+01 +3.532362471e+02 +3.532362471e+02 -3.5449e-03 +1.1869e-02 -2.0308e-02 +8.9725e-03 +5.9724e-03
38 0 +7.759105776e+01 +3.507410578e+02 +3.507410578e+02 -3.6512e-03 +1.5526e-02 -2.8246e-02 +1.1917e-02 +8.6553e-03
41 0 +7.274205070e+01 +3.458920507e+02 +3.458920507e+02 -7.8647e-03 +2.4164e-02 -4.0397e-02 +1.7933e-02 +1.2953e-02
43 0 +7.113216405e+01 +3.442821641e+02 +3.442821641e+02 -7.4062e-03 +2.6638e-02 -4.6906e-02 +2.0407e-02 +1.4108e-02
44 0 +6.595882568e+01 +3.391088257e+02 +3.391088257e+02 -9.6467e-03 +3.5777e-02 -6.3312e-02 +2.7444e-02 +1.8650e-02
47 0 +5.889221293e+01 +3.320422129e+02 +3.320422129e+02 -1.3579e-02 +4.9224e-02 -8.5471e-02 +3.7535e-02 +2.5958e-02
48 0 +5.856099208e+01 +3.317109921e+02 +3.317109921e+02 -1.5073e-02 +4.9862e-02 -8.5761e-02 +3.8098e-02 +2.6484e-02
49 0 +5.107001590e+01 +3.242200159e+02 +3.242200159e+02 -2.0784e-02 +6.7030e-02 -1.1452e-01 +5.1189e-02 +3.5399e-02
51 0 +4.837444028e+01 +3.215244403e+02 +3.215244403e+02 -2.0610e-02 +7.4501e-02 -1.3076e-01 +5.7291e-02 +3.9308e-02
52 0 +4.222958095e+01 +3.153795809e+02 +3.153795809e+02 -2.6982e-02 +9.9669e-02 -1.7594e-01 +7.6970e-02 +5.2485e-02
54 0 +4.046506396e+01 +3.136150640e+02 +3.136150640e+02 -3.2610e-02 +1.1247e-01 -1.9393e-01 +8.5843e-02 +5.8947e-02
81 0 +3.980807991e+01 +3.129580799e+02 +3.129580799e+02 -3.8064e-02 +1.2979e-01 -2.2364e-01 +9.8852e-02 +6.7682e-02
99 0 +3.889571477e+01 +3.120457148e+02 +3.120457148e+02 -4.8461e-02 +1.3848e-01 -2.2539e-01 +1.0107e-01 +7.0860e-02
105 0 +3.787944301e+01 +3.110294430e+02 +3.110294430e+02 -6.3012e-02 +1.5088e-01 -2.2828e-01 +1.0413e-01 +7.5545e-02
108 0 +3.646736992e+01 +3.096173699e+02 +3.096173699e+02 -7.3894e-02 +1.5322e-01 -2.1444e-01 +1.0013e-01 +7.5287e-02
110 0 +3.619491377e+01 +3.093449138e+02 +3.093449138e+02 -8.0250e-02 +1.5930e-01 -2.1740e-01 +1.0185e-01 +7.7682e-02
111 0 +3.518029745e+01 +3.083302974e+02 +3.083302974e+02 -9.3904e-02 +1.6742e-01 -2.1226e-01 +1.0143e-01 +8.0149e-02
114 0 +3.420030571e+01 +3.073503057e+02 +3.073503057e+02 -1.0330e-01 +1.7068e-01 -2.0249e-01 +9.8918e-02 +8.0532e-02
115 0 +3.279244471e+01 +3.059424447e+02 +3.059424447e+02 -1.1826e-01 +1.7549e-01 -1.8715e-01 +9.4617e-02 +8.1006e-02
119 0 +3.222303587e+01 +3.053730359e+02 +3.053730359e+02 -1.1910e-01 +1.5751e-01 -1.4739e-01 +7.7715e-02 +7.0807e-02
120 0 +3.097619988e+01 +3.041261999e+02 +3.041261999e+02 -1.4513e-01 +1.8623e-01 -1.6593e-01 +8.9100e-02 +8.3041e-02
121 0 +2.967345486e+01 +3.028234549e+02 +3.028234549e+02 -1.7239e-01 +1.9738e-01 -1.4389e-01 +8.3559e-02 +8.5307e-02
122 0 +2.947508845e+01 +3.026250885e+02 +3.026250885e+02 -1.7322e-01 +1.9474e-01 -1.3633e-01 +8.0708e-02 +8.3463e-02
123 0 +2.883039225e+01 +3.019803922e+02 +3.019803922e+02 -2.1287e-01 +2.0840e-01 -9.8370e-02 +7.0349e-02 +8.5119e-02
220 0 +2.806894333e+01 +3.012189433e+02 +3.012189433e+02 -2.3682e-01 +2.2429e-01 -9.4090e-02 +7.8430e-02 +8.1182e-02
231 0 +2.750163596e+01 +3.006516360e+02 +3.006516360e+02 -2.6590e-01 +2.3799e-01 -7.7179e-02 +8.8393e-02 +6.6357e-02
% f evaluations | g evaluations | best noise-free fitness - Fopt (3.718000000000e+01) + sum g_i+ | measured fitness | best measured fitness or single-digit g-values | x1 | x2...
1 0 +1.334312491e+02 +1.706112491e+02 +1.706112491e+02 +0.0000e+00 +0.0000e+00 +0.0000e+00 +0.0000e+00 +0.0000e+00
6 0 +1.333428778e+02 +1.705228778e+02 +1.705228778e+02 +0.0000e+00 +0.0000e+00 +0.0000e+00 +0.0000e+00 +2.5000e-04
20 0 +1.313945320e+02 +1.685745320e+02 +1.685745320e+02 +3.9983e-04 -1.8743e-04 -1.7554e-04 -2.3550e-03 +1.3244e-03
26 0 +1.285929040e+02 +1.657729040e+02 +1.657729040e+02 +1.5330e-03 +1.4583e-04 -7.6284e-04 -6.1066e-03 +2.7178e-03
31 0 +1.257433054e+02 +1.629233054e+02 +1.629233054e+02 +2.0365e-03 +1.5542e-04 -3.6411e-04 -9.6469e-03 +3.9993e-03
34 0 +1.196475173e+02 +1.568275173e+02 +1.568275173e+02 +3.8636e-03 -1.7641e-04 -1.7007e-03 -1.6603e-02 +7.5418e-03
37 0 +1.123490814e+02 +1.495290814e+02 +1.495290814e+02 +5.5570e-03 -1.6868e-04 -7.0933e-04 -2.5184e-02 +1.0508e-02
39 0 +1.096722201e+02 +1.468522201e+02 +1.468522201e+02 +6.2864e-03 +2.5156e-04 -2.0398e-03 -2.8382e-02 +1.2382e-02
40 0 +1.013000141e+02 +1.384800141e+02 +1.384800141e+02 +8.4353e-03 +4.9026e-04 -2.9686e-03 -3.8273e-02 +1.6717e-02
42 0 +9.998842277e+01 +1.371684228e+02 +1.371684228e+02 +8.5513e-03 -2.7871e-04 -2.6957e-03 -3.9296e-02 +1.7423e-02
43 0 +9.007852585e+01 +1.272585259e+02 +1.272585259e+02 +1.0931e-02 -5.2177e-04 -3.4783e-03 -5.1154e-02 +2.2782e-02
45 0 +7.666257660e+01 +1.138425766e+02 +1.138425766e+02 +1.5028e-02 +3.8648e-05 -3.4045e-03 -6.9841e-02 +3.0253e-02
47 0 +7.171809897e+01 +1.088980990e+02 +1.088980990e+02 +1.7147e-02 +6.9572e-05 -5.8266e-03 -7.8444e-02 +3.4767e-02
48 0 +5.997033270e+01 +9.715033270e+01 +9.715033270e+01 +2.2942e-02 +1.8870e-04 -8.3852e-03 -1.0507e-01 +4.6896e-02
50 0 +5.656675197e+01 +9.374675197e+01 +9.374675197e+01 +2.5068e-02 -5.1396e-04 -7.1095e-03 -1.1708e-01 +5.1489e-02
52 0 +5.517654036e+01 +9.235654036e+01 +9.235654036e+01 +2.8228e-02 +5.0120e-04 -8.0523e-03 -1.3057e-01 +5.6906e-02
108 0 +5.493920696e+01 +9.211920696e+01 +9.211920696e+01 +2.8419e-02 -4.8885e-04 -9.5595e-03 -1.3414e-01 +6.0344e-02
137 0 +5.365186936e+01 +9.083186936e+01 +9.083186936e+01 +1.3767e-02 -1.7275e-02 -1.8154e-02 -1.2185e-01 +8.1973e-02
154 0 +5.233426675e+01 +8.951426675e+01 +8.951426675e+01 -2.9760e-03 -3.3703e-02 -1.9450e-02 -1.0576e-01 +9.9348e-02
161 0 +5.114570046e+01 +8.832570046e+01 +8.832570046e+01 -5.4387e-03 -3.3285e-02 -1.3015e-02 -9.7667e-02 +9.3167e-02
165 0 +5.007261533e+01 +8.725261533e+01 +8.725261533e+01 -1.7397e-02 -4.3247e-02 -1.0532e-02 -8.4473e-02 +1.0185e-01
169 0 +4.881365955e+01 +8.599365955e+01 +8.599365955e+01 -5.2722e-02 -7.6595e-02 -9.9686e-03 -4.8201e-02 +1.3475e-01
% f evaluations | g evaluations | best noise-free fitness - Fopt (-1.479000000000e+02) + sum g_i+ | measured fitness | best measured fitness or single-digit g-values | x1 | x2...
1 0 +6.898756762e+01 -7.891243238e+01 -7.891243238e+01 +0.0000e+00 +0.0000e+00 +0.0000e+00 +0.0000e+00 +0.0000e+00
4 0 +6.897489785e+01 -7.892510215e+01 -7.892510215e+01 +0.0000e+00 +0.0000e+00 +2.5000e-04 +0.0000e+00 +0.0000e+00
25 0 +6.750950169e+01 -8.039049831e+01 -8.039049831e+01 -4.5700e-03 -6.7570e-04 +2.4921e-03 +1.7137e-03 -8.3050e-04
30 0 +6.595404342e+01 -8.194595658e+01 -8.194595658e+01 -1.0016e-02 -7.7386e-04 +4.9664e-03 +3.1800e-03 -9.9141e-04
35 0 +6.387732900e+01 -8.402267100e+01 -8.402267100e+01 -1.6073e-02 -1.6512e-03 +8.6724e-03 +5.5334e-03 -2.2813e-03
36 0 +6.202771761e+01 -8.587228239e+01 -8.587228239e+01 -2.1825e-02 -2.1389e-03 +1.1763e-02 +7.4433e-03 -3.0068e-03
39 0 +5.951648239e+01 -8.838351761e+01 -8.838351761e+01 -2.9477e-02 -3.2161e-03 +1.4925e-02 +1.0763e-02 -4.3075e-03
41 0 +5.631866545e+01 -9.158133455e+01 -9.158133455e+01 -3.8438e-02 -4.7806e-03 +2.0839e-02 +1.4290e-02 -6.8578e-03
43 0 +5.448634810e+01 -9.341365190e+01 -9.341365190e+01 -4.5054e-02 -4.4608e-03 +2.3528e-02 +1.5772e-02 -6.6897e-03
44 0 +4.969041188e+01 -9.820958812e+01 -9.820958812e+01 -6.0886e-02 -5.6051e-03 +3.1558e-02 +2.1114e-02 -8.8183e-03
46 0 +4.795344768e+01 -9.994655232e+01 -9.994655232e+01 -6.6211e-02 -7.6131e-03 +3.4560e-02 +2.4310e-02 -1.0708e-02
47 0 +4.213807327e+01 -1.057619267e+02 -1.057619267e+02 -8.8405e-02 -1.0350e-02 +4.5959e-02 +3.2743e-02 -1.4559e-02
49 0 +4.097740686e+01 -1.069225931e+02 -1.069225931e+02 -9.3472e-02 -9.9865e-03 +4.8953e-02 +3.4126e-02 -1.5203e-02
50 0 +3.562335866e+01 -1.122766413e+02 -1.122766413e+02 -1.2200e-01 -1.2703e-02 +6.3677e-02 +4.4642e-02 -1.9941e-02
51 0 +3.520095855e+01 -1.126990415e+02 -1.126990415e+02 -1.2488e-01 -1.2928e-02 +6.4755e-02 +4.5071e-02 -1.9304e-02
52 0 +3.128457813e+01 -1.166154219e+02 -1.166154219e+02 -1.6810e-01 -1.7002e-02 +8.6712e-02 +6.0462e-02 -2.5528e-02
70 0 +3.089875615e+01 -1.170012438e+02 -1.170012438e+02 -1.8346e-01 -1.7671e-02 +9.4006e-02 +6.5763e-02 -2.7563e-02
86 0 +3.007401928e+01 -1.178259807e+02 -1.178259807e+02 -1.7310e-01 -9.0327e-03 +8.3415e-02 +5.6831e-02 -1.8764e-02
89 0 +2.925022300e+01 -1.186497770e+02 -1.186497770e+02 -1.8750e-01 -7.3159e-03 +8.9276e-02 +5.9875e-02 -1.8033e-02
94 0 +2.805208374e+01 -1.198479163e+02 -1.198479163e+02 -1.9139e-01 +9.0102e-04 +8.5000e-02 +5.5594e-02 -1.0514e-02
95 0 +2.702381374e+01 -1.208761863e+02 -1.208761863e+02 -1.9897e-01 +7.2962e-03 +8.4042e-02 +5.3451e-02 -4.7864e-03
98 0 +2.665949432e+01 -1.212405057e+02 -1.212405057e+02 -2.1113e-01 +8.6288e-03 +8.8541e-02 +5.6536e-02 -5.0583e-03
99 0 +2.558375682e+01 -1.223162432e+02 -1.223162432e+02 -2.2294e-01 +1.6601e-02 +8.8173e-02 +5.4867e-02 +1.4289e-03
101 0 +2.494962604e+01 -1.229503740e+02 -1.229503740e+02 -2.2828e-01 +2.1415e-02 +8.7944e-02 +5.2794e-02 +6.2767e-03
102 0 +2.341846439e+01 -1.244815356e+02 -1.244815356e+02 -2.3942e-01 +3.5594e-02 +8.3535e-02 +4.6476e-02 +1.9061e-02
106 0 +2.205382350e+01 -1.258461765e+02 -1.258461765e+02 -2.4073e-01 +6.2361e-02 +6.4577e-02 +2.9125e-02 +4.4381e-02
107 0 +2.166637306e+01 -1.262336269e+02 -1.262336269e+02 -2.5391e-01 +6.1633e-02 +7.1723e-02 +3.3645e-02 +4.1926e-02
108 0 +2.119464299e+01 -1.267053570e+02 -1.267053570e+02 -2.8138e-01 +8.8802e-02 +6.5563e-02 +2.3743e-02 +6.5282e-02
% f evaluations | g evaluations | best noise-free fitness - Fopt (3.553000000000e+01) + sum g_i+ | measured fitness | best measured fitness or single-digit g-values | x1 | x2...
1 0 +8.888098970e+01 +1.244109897e+02 +1.244109897e+02 +0.0000e+00 +0.0000e+00 +0.0000e+00 +0.0000e+00 +0.0000e+00
2 0 +8.888059351e+01 +1.244105935e+02 +1.244105935e+02 +2.5000e-04 +0.0000e+00 +0.0000e+00 +0.0000e+00 +0.0000e+00
30 0 +8.669883428e+01 +1.222288343e+02 +1.222288343e+02 +1.3679e-03 +5.5459e-03 +1.8572e-03 +1.3180e-03 -1.0387e-02
36 0 +8.445700637e+01 +1.199870064e+02 +1.199870064e+02 +2.5278e-03 +1.1786e-02 +4.7475e-03 +4.0002e-03 -2.3780e-02
40 0 +8.313021090e+01 +1.186602109e+02 +1.186602109e+02 +4.7116e-03 +1.6483e-02 +7.1063e-03 +5.3612e-03 -3.3382e-02
44 0 +8.127221277e+01 +1.168022128e+02 +1.168022128e+02 +7.5747e-03 +3.3372e-02 +1.4227e-02 +1.0266e-02 -6.7097e-02
77 0 +7.936549344e+01 +1.148954934e+02 +1.148954934e+02 +2.0689e-02 +3.8320e-02 +1.9424e-02 +1.6369e-02 -7.8116e-02
82 0 +7.620516966e+01 +1.117351697e+02 +1.117351697e+02 +3.6887e-02 +4.1548e-02 +2.4583e-02 +2.3503e-02 -8.6202e-02
85 0 +7.584003505e+01 +1.113700350e+02 +1.113700350e+02 +4.1887e-02 +4.8714e-02 +2.8314e-02 +2.5759e-02 -1.0064e-01
86 0 +7.407892284e+01 +1.096089228e+02 +1.096089228e+02 +5.0247e-02 +5.1014e-02 +3.1046e-02 +2.8878e-02 -1.0619e-01
88 0 +7.215686030e+01 +1.076868603e+02 +1.076868603e+02 +5.9305e-02 +5.5590e-02 +3.5050e-02 +3.3641e-02 -1.1556e-01
89 0 +6.837150606e+01 +1.039015061e+02 +1.039015061e+02 +7.6467e-02 +6.3094e-02 +4.1946e-02 +4.1464e-02 -1.3193e-01
92 0 +6.563746104e+01 +1.011674610e+02 +1.011674610e+02 +8.5602e-02 +6.1904e-02 +4.3362e-02 +4.3253e-02 -1.3073e-01
93 0 +6.016686035e+01 +9.569686035e+01 +9.569686035e+01 +1.0996e-01 +7.2082e-02 +5.2752e-02 +5.3128e-02 -1.5300e-01
95 0 +5.706585955e+01 +9.259585955e+01 +9.259585955e+01 +1.1788e-01 +6.9649e-02 +5.4050e-02 +5.7247e-02 -1.4929e-01
96 0 +4.935046650e+01 +8.488046650e+01 +8.488046650e+01 +1.5169e-01 +7.8967e-02 +6.5552e-02 +7.1431e-02 -1.7085e-01
99 0 +4.510447976e+01 +8.063447976e+01 +8.063447976e+01 +1.8955e-01 +9.6943e-02 +8.0786e-02 +8.6640e-02 -2.1013e-01
100 0 +4.264160487e+01 +7.817160487e+01 +7.817160487e+01 +2.4609e-01 +1.1387e-01 +1.0021e-01 +1.0923e-01 -2.4923e-01
115 0 +4.028908114e+01 +7.581908114e+01 +7.581908114e+01 +2.3981e-01 +1.0311e-01 +9.4868e-02 +1.0533e-01 -2.2791e-01
116 0 +3.874633046e+01 +7.427633046e+01 +7.427633046e+01 +2.4825e-01 +9.9425e-02 +9.5512e-02 +1.0764e-01 -2.2234e-01
124 0 +3.753409935e+01 +7.306409935e+01 +7.306409935e+01 +2.3133e-01 +9.0235e-02 +8.8351e-02 +1.0099e-01 -2.0259e-01
125 0 +3.557040587e+01 +7.110040587e+01 +7.110040587e+01 +2.3640e-01 +8.4578e-02 +8.7643e-02 +1.0244e-01 -1.9274e-01
126 0 +3.522961951e+01 +7.075961951e+01 +7.075961951e+01 +2.3203e-01 +8.0774e-02 +8.4915e-02 +9.9095e-02 -1.8499e-01
127 0 +3.285091311e+01 +6.838091311e+01 +6.838091311e+01 +2.3553e-01 +6.9432e-02 +8.1564e-02 +9.8300e-02 -1.6428e-01
130 0 +3.146971535e+01 +6.699971535e+01 +6.699971535e+01 +2.4068e-01 +5.6402e-02 +7.8084e-02 +9.8120e-02 -1.4209e-01
131 0 +3.045837317e+01 +6.598837317e+01 +6.598837317e+01 +2.7490e-01 +7.1152e-02 +9.1783e-02 +1.1334e-01 -1.7331e-01
132 0 +2.955553194e+01 +6.508553194e+01 +6.508553194e+01 +3.0800e-01 +6.3878e-02 +9.7107e-02 +1.2439e-01 -1.6437e-01
141 0 +2.923651443e+01 +6.476651443e+01 +6.476651443e+01 +3.0608e-01 +5.1510e-02 +9.1792e-02 +1.2039e-01 -1.4199e-01
250 0 +2.883278963e+01 +6.436278963e+01 +6.436278963e+01 +2.8742e-01 +5.6551e-02 +9.2965e-02 +1.2635e-01 -1.4439e-01
388 0 +2.816646615e+01 +6.369646615e+01 +6.369646615e+01 +2.3253e-01 +5.6264e-02 +1.0651e-01 +2.0020e-01 -1.5014e-01
% f evaluations | g evaluations | best noise-free fitness - Fopt (-6.216000000000e+01) + sum g_i+ | measured fitness | best measured fitness or single-digit g-values | x1 | x2...
1 0 +7.959601684e+01 +1.743601684e+01 +1.743601684e+01 +0.0000e+00 +0.0000e+00 +0.0000e+00 +0.0000e+00 +0.0000e+00
2 0 +7.956651343e+01 +1.740651343e+01 +1.740651343e+01 +2.5000e-04 +0.0000e+00 +0.0000e+00 +0.0000e+00 +0.0000e+00
15 0 +7.939880567e+01 +1.723880567e+01 +1.723880567e+01 +4.0370e-04 +2.9770e-04 +2.4730e-04 -1.3171e-03 +6.9370e-04
31 0 +7.745635002e+01 +1.529635002e+01 +1.529635002e+01 +4.3164e-03 -2.0652e-04 +3.0654e-03 -1.2238e-02 +5.0863e-03
36 0 +7.558634070e+01 +1.342634070e+01 +1.342634070e+01 +8.0016e-03 -6.0455e-04 +4.8694e-03 -2.0309e-02 +8.3232e-03
37 0 +7.390313500e+01 +1.174313500e+01 +1.174313500e+01 +1.0643e-02 -5.2541e-04 +6.5375e-03 -2.7410e-02 +1.1123e-02
40 0 +7.078435325e+01 +8.624353247e+00 +8.624353247e+00 +1.4670e-02 -2.0931e-03 +9.8540e-03 -3.7606e-02 +1.5504e-02
42 0 +6.732561310e+01 +5.165613104e+00 +5.165613104e+00 +2.1047e-02 -3.5484e-03 +1.2580e-02 -5.0280e-02 +2.0747e-02
45 0 +6.353434063e+01 +1.374340630e+00 +1.374340630e+00 +2.9716e-02 -2.8166e-03 +1.9447e-02 -7.7180e-02 +3.1044e-02
47 0 +6.298144499e+01 +8.214449853e-01 +8.214449853e-01 +3.4277e-02 -5.2223e-03 +2.1933e-02 -8.5402e-02 +3.5093e-02
78 0 +6.131379338e+01 -8.462066173e-01 -8.462066173e-01 +3.3188e-02 -1.1364e-02 +2.1229e-02 -7.3197e-02 +3.2282e-02
82 0 +6.015643665e+01 -2.003563352e+00 -2.003563352e+00 +3.5277e-02 -1.5387e-02 +2.3661e-02 -7.5856e-02 +3.4615e-02
86 0 +5.830872891e+01 -3.851271094e+00 -3.851271094e+00 +4.3101e-02 -2.9347e-02 +2.8337e-02 -7.6050e-02 +3.9231e-02
87 0 +5.745634920e+01 -4.703650803e+00 -4.703650803e+00 +3.7991e-02 -2.6914e-02 +2.5788e-02 -6.7600e-02 +3.5271e-02
88 0 +5.563294442e+01 -6.527055576e+00 -6.527055576e+00 +3.9122e-02 -3.4900e-02 +2.6943e-02 -6.0340e-02 +3.5131e-02
90 0 +5.488431178e+01 -7.275688219e+00 -7.275688219e+00 +3.6715e-02 -3.7720e-02 +2.6632e-02 -5.2006e-02 +3.2505e-02
91 0 +5.369928674e+01 -8.460713260e+00 -8.460713260e+00 +3.4880e-02 -4.8040e-02 +2.6717e-02 -3.4752e-02 +2.8998e-02
94 0 +5.137762329e+01 -1.078237671e+01 -1.078237671e+01 +4.9700e-02 -6.6143e-02 +3.5141e-02 -4.7212e-02 +4.0083e-02
95 0 +5.027300103e+01 -1.188699897e+01 -1.188699897e+01 +5.7110e-02 -8.9519e-02 +4.0661e-02 -3.5504e-02 +4.3208e-02
96 0 +4.788156745e+01 -1.427843255e+01 -1.427843255e+01 +4.7083e-02 -8.0255e-02 +3.5837e-02 -2.5571e-02 +3.6274e-02
97 0 +4.545012866e+01 -1.670987134e+01 -1.670987134e+01 +4.9074e-02 -1.0571e-01 +3.9587e-02 -3.3150e-04 +3.4796e-02
99 0 +4.457884796e+01 -1.758115204e+01 -1.758115204e+01 +5.7779e-02 -1.2931e-01 +4.5183e-02 +1.0544e-02 +3.7918e-02
% f evaluations | g evaluations | best noise-free fitness - Fopt (-1.472700000000e+02) + sum g_i+ | measured fitness | best measured fitness or single-digit g-values | x1 | x2...
1 0 +5.849545243e+01 -8.877454757e+01 -8.877454757e+01 +0.0000e+00 +0.0000e+00 +0.0000e+00 +0.0000e+00 +0.0000e+00
5 0 +5.840857695e+01 -8.886142305e+01 -8.886142305e+01 +0.0000e+00 +0.0000e+00 +0.0000e+00 +2.5000e-04 +0.0000e+00
19 0 +5.721328879e+01 -9.005671121e+01 -9.005671121e+01 +9.1953e-04 -1.8198e-03 -1.0414e-03 +1.0599e-03 +1.0095e-03
24 0 +5.558843638e+01 -9.168156362e+01 -9.168156362e+01 +1.4141e-03 -4.2693e-03 -2.0553e-03 +1.9962e-03 +2.3195e-03
27 0 +5.392208182e+01 -9.334791818e+01 -9.334791818e+01 +2.3220e-03 -6.2269e-03 -2.8896e-03 +3.5068e-03 +3.5117e-03
29 0 +5.367611416e+01 -9.359388584e+01 -9.359388584e+01 +2.2662e-03 -7.0675e-03 -2.7128e-03 +3.5647e-03 +3.5962e-03
30 0 +5.204501572e+01 -9.522498428e+01 -9.522498428e+01 +3.0203e-03 -9.4248e-03 -3.5278e-03 +4.7438e-03 +4.5890e-03
32 0 +4.950421723e+01 -9.776578277e+01 -9.776578277e+01 +4.6343e-03 -1.2579e-02 -5.7083e-03 +5.8854e-03 +6.6553e-03
34 0 +4.824070022e+01 -9.902929978e+01 -9.902929978e+01 +4.7841e-03 -1.3967e-02 -5.7552e-03 +7.1787e-03 +7.3618e-03
35 0 +4.443259906e+01 -1.028374009e+02 -1.028374009e+02 +6.4690e-03 -1.8816e-02 -7.6052e-03 +9.7700e-03 +9.8830e-03
37 0 +4.278817573e+01 -1.044818243e+02 -1.044818243e+02 +7.3983e-03 -2.1493e-02 -8.9627e-03 +1.0531e-02 +1.0852e-02
38 0 +3.753668148e+01 -1.097333185e+02 -1.097333185e+02 +9.9365e-03 -2.9126e-02 -1.1999e-02 +1.4042e-02 +1.4522e-02
40 0 +3.654890727e+01 -1.107210927e+02 -1.107210927e+02 +1.0955e-02 -3.0308e-02 -1.2752e-02 +1.4834e-02 +1.5452e-02
41 0 +3.111389798e+01 -1.161561020e+02 -1.161561020e+02 +1.4532e-02 -3.9833e-02 -1.6567e-02 +1.9349e-02 +2.0183e-02
42 0 +3.074452529e+01 -1.165254747e+02 -1.165254747e+02 +1.4079e-02 -3.9889e-02 -1.6512e-02 +2.0140e-02 +2.0197e-02
43 0 +2.545753189e+01 -1.218124681e+02 -1.218124681e+02 +1.8801e-02 -5.3544e-02 -2.1913e-02 +2.7267e-02 +2.6967e-02
45 0 +2.441072955e+01 -1.228592704e+02 -1.228592704e+02 +2.1547e-02 -6.0566e-02 -2.5373e-02 +2.9494e-02 +3.0417e-02
47 0 +2.385107875e+01 -1.234189213e+02 -1.234189213e+02 +2.3382e-02 -6.6963e-02 -2.6729e-02 +3.2843e-02 +3.3219e-02
98 0 +2.343812536e+01 -1.238318746e+02 -1.238318746e+02 +2.4571e-02 -6.9369e-02 -2.9325e-02 +3.6153e-02 +3.5499e-02
110 0 +2.290739357e+01 -1.243626064e+02 -1.243626064e+02 +2.4108e-02 -6.6829e-02 -3.0853e-02 +3.8008e-02 +3.5672e-02
115 0 +2.228304888e+01 -1.249869511e+02 -1.249869511e+02 +2.3654e-02 -6.4187e-02 -3.2596e-02 +4.0741e-02 +3.6257e-02
116 0 +2.184221520e+01 -1.254277848e+02 -1.254277848e+02 +2.2901e-02 -6.1119e-02 -3.3318e-02 +4.1825e-02 +3.5984e-02
120 0 +2.094477206e+01 -1.263252279e+02 -1.263252279e+02 +2.2135e-02 -5.6337e-02 -3.6969e-02 +4.7593e-02 +3.7110e-02
122 0 +2.077771298e+01 -1.264922870e+02 -1.264922870e+02 +2.1780e-02 -5.4578e-02 -3.7446e-02 +4.7620e-02 +3.6901e-02
123 0 +2.009960936e+01 -1.271703906e+02 -1.271703906e+02 +2.0246e-02 -4.8181e-02 -3.8983e-02 +4.9573e-02 +3.6209e-02
125 0 +1.994207792e+01 -1.273279221e+02 -1.273279221e+02 +1.9816e-02 -4.7089e-02 -3.8627e-02 +5.0214e-02 +3.6041e-02
126 0 +1.923929027e+01 -1.280307097e+02 -1.280307097e+02 +1.7741e-02 -3.8990e-02 -3.9925e-02 +5.2623e-02 +3.5020e-02
128 0 +1.897627464e+01 -1.282937254e+02 -1.282937254e+02 +1.6551e-02 -3.4349e-02 -4.0943e-02 +5.3286e-02 +3.4102e-02
129 0 +1.853925147e+01 -1.287307485e+02 -1.287307485e+02 +1.3150e-02 -2.1760e-02 -4.2146e-02 +5.4969e-02 +3.1604e-02
131 0 +1.817533116e+01 -1.290946688e+02 -1.290946688e+02 +1.0194e-02 -7.3957e-03 -4.8389e-02 +6.4045e-02 +3.2279e-02
188 0 +1.771915811e+01 -1.295508419e+02 -1.295508419e+02 +1.0271e-02 -1.3227e-02 -3.2352e-02 +6.9582e-02 +3.0356e-02
344 0 +1.737387245e+01 -1.298961276e+02 -1.298961276e+02 -8.4895e-03 -2.7313e-02 +1.8533e-02 +6.8990e-02 +4.5345e-02
384 0 +1.697078576e+01 -1.302992142e+02 -1.302992142e+02 -3.8866e-02 -4.7769e-02 +7.2190e-02 +4.4095e-02 +7.3561e-02
% f evaluations | g evaluations | best noise-free fitness - Fopt (1.408000000000e+01) + sum g_i+ | measured fitness | best measured fitness or single-digit g-values | x1 | x2...
1 0 +4.330802091e+02 +4.471602091e+02 +4.471602091e+02 +0.0000e+00 +0.0000e+00 +0.0000e+00 +0.0000e+00 +0.0000e+00
3 0 +4.329591924e+02 +4.470391924e+02 +4.470391924e+02 +0.0000e+00 +2.5000e-04 +0.0000e+00 +0.0000e+00 +0.0000e+00
30 0 +4.243088610e+02 +4.383888610e+02 +4.383888610e+02 +8.6061e-04 +6.2896e-03 +2.8816e-03 -9.4821e-03 +2.1116e-03
36 0 +4.104315619e+02 +4.245115619e+02 +4.245115619e+02 +1.1988e-03 +1.4563e-02 +5.7847e-03 -2.0737e-02 +5.3047e-03
39 0 +4.010764884e+02 +4.151564884e+02 +4.151564884e+02 +2.5826e-03 +1.9916e-02 +8.2329e-03 -2.8517e-02 +7.3990e-03
41 0 +3.874767466e+02 +4.015567466e+02 +4.015567466e+02 +2.7376e-03 +2.6772e-02 +1.0904e-02 -3.7976e-02 +1.1204e-02
44 0 +3.694452118e+02 +3.835252118e+02 +3.835252118e+02 +4.6540e-03 +4.0720e-02 +1.6251e-02 -5.8689e-02 +1.4923e-02
48 0 +3.622459266e+02 +3.763259266e+02 +3.763259266e+02 +5.7607e-03 +5.6437e-02 +2.2576e-02 -7.9964e-02 +2.2053e-02
102 0 +3.539809275e+02 +3.680609275e+02 +3.680609275e+02 -9.1036e-03 +4.3322e-02 +1.8931e-02 -5.2966e-02 +2.5473e-02
107 0 +3.452541553e+02 +3.593341553e+02 +3.593341553e+02 -2.2791e-02 +4.0190e-02 +1.8178e-02 -4.0174e-02 +3.1764e-02
111 0 +3.368468597e+02 +3.509268597e+02 +3.509268597e+02 -3.6903e-02 +3.4250e-02 +1.7279e-02 -2.3819e-02 +3.8665e-02
112 0 +3.297220613e+02 +3.438020613e+02 +3.438020613e+02 -5.0803e-02 +2.9714e-02 +1.6453e-02 -9.2455e-03 +4.5262e-02
115 0 +3.120415592e+02 +3.261215592e+02 +3.261215592e+02 -8.5216e-02 +1.2972e-02 +1.3102e-02 +3.5441e-02 +5.8117e-02
118 0 +3.058471625e+02 +3.199271625e+02 +3.199271625e+02 -1.0555e-01 +5.9561e-03 +1.1700e-02 +5.7027e-02 +6.8241e-02
119 0 +2.965272528e+02 +3.106072528e+02 +3.106072528e+02 -1.4170e-01 -9.4068e-03 +8.1924e-03 +1.0006e-01 +8.3396e-02
121 0 +2.950888458e+02 +3.091688458e+02 +3.091688458e+02 -1.5618e-01 -1.5316e-02 +8.2034e-03 +1.1759e-01 +8.9866e-02
123 0 +2.844404908e+02 +2.985204908e+02 +2.985204908e+02 -1.4980e-01 -1.8413e-02 +5.7975e-03 +1.1740e-01 +8.4075e-02
124 0 +2.699414772e+02 +2.840214772e+02 +2.840214772e+02 -1.8196e-01 -3.7149e-02 +7.8888e-04 +1.6254e-01 +9.5042e-02
128 0 +2.608047898e+02 +2.748847898e+02 +2.748847898e+02 -2.9487e-01 -8.6150e-02 -9.9651e-03 +2.9908e-01 +1.4186e-01
130 0 +2.529286581e+02 +2.670086581e+02 +2.670086581e+02 -3.2433e-01 -1.0222e-01 -1.4707e-02 +3.3856e-01 +1.5180e-01
131 0 +2.445107173e+02 +2.585907173e+02 +2.585907173e+02 -4.0841e-01 -1.4567e-01 -2.6163e-02 +4.4905e-01 +1.8276e-01
132 0 +2.397370862e+02 +2.538170862e+02 +2.538170862e+02 -3.1088e-01 -1.0165e-01 -1.5352e-02 +3.3011e-01 +1.4291e-01
134 0 +2.294357668e+02 +2.435157668e+02 +2.435157668e+02 -4.0774e-01 -1.5467e-01 -2.8602e-02 +4.6138e-01 +1.7878e-01
151 0 +2.289062365e+02 +2.429862365e+02 +2.429862365e+02 -4.7065e-01 -1.8756e-01 -3.7897e-02 +5.4487e-01 +2.0059e-01
221 0 +2.233754212e+02 +2.374554212e+02 +2.374554212e+02 -4.3261e-01 -1.9108e-01 -2.0472e-02 +5.1760e-01 +2.2485e-01
228 0 +2.185891428e+02 +2.326691428e+02 +2.326691428e+02 -3.8028e-01 -1.9285e-01 +1.8863e-03 +4.7709e-01 +2.5262e-01
231 0 +2.119518351e+02 +2.260318351e+02 +2.260318351e+02 -4.0007e-01 -2.3302e-01 +1.4323e-02 +5.3318e-01 +3.0720e-01
234 0 +2.063983297e+02 +2.204783297e+02 +2.204783297e+02 -3.4588e-01 -2.4975e-01 +4.5342e-02 +5.0567e-01 +3.6042e-01
237 0 +2.040986928e+02 +2.181786928e+02 +2.181786928e+02 -2.6188e-01 -2.7044e-01 +9.0674e-02 +4.5864e-01 +4.3448e-01
243 0 +1.966364995e+02 +2.107164995e+02 +2.107164995e+02 -2.4006e-01 -3.6008e-01 +1.4509e-01 +5.3021e-01 +5.8705e-01
250 0 +1.947636055e+02 +2.088436055e+02 +2.088436055e+02 -3.4249e-01 -3.3632e-01 +8.9586e-02 +5.9022e-01 +4.9692e-01
256 0 +1.890245907e+02 +2.031045907e+02 +2.031045907e+02 -2.2065e-01 -3.8283e-01 +1.6166e-01 +5.3886e-01 +6.2546e-01
261 0 +1.860732801e+02 +2.001532801e+02 +2.001532801e+02 -2.6173e-01 -3.9981e-01 +1.4929e-01 +5.9091e-01 +6.2311e-01
463 0 +1.818364027e+02 +1.959164027e+02 +1.959164027e+02 -2.0854e-01 -3.8275e-01 +2.4349e-01 +5.6161e-01 +6.4219e-01
% f evaluations | g evaluations | best noise-free fitness - Fopt (7.671000000000e+01) + sum g_i+ | measured fitness | best measured fitness or single-digit g-values | x1 | x2...
1 0 +9.455032259e+01 +1.712603226e+02 +1.712603226e+02 +0.0000e+00 +0.0000e+00 +0.0000e+00 +0.0000e+00 +0.0000e+00
2 0 +9.448756953e+01 +1.711975695e+02 +1.711975695e+02 +2.5000e-04 +0.0000e+00 +0.0000e+00 +0.0000e+00 +0.0000e+00
21 0 +9.310164037e+01 +1.698116404e+02 +1.698116404e+02 +1.6019e-04 +2.0633e-03 +1.1763e-03 +4.8356e-04 -2.6421e-03
29 0 +9.026394635e+01 +1.669739463e+02 +1.669739463e+02 +5.2908e-04 +6.2125e-03 +2.7430e-03 +1.5510e-03 -7.0539e-03
32 0 +8.815740963e+01 +1.648674096e+02 +1.648674096e+02 +7.5122e-04 +9.3001e-03 +4.0885e-03 +2.0618e-03 -8.7553e-03
35 0 +8.544840136e+01 +1.621584014e+02 +1.621584014e+02 +3.3812e-04 +1.2783e-02 +6.2351e-03 +3.3383e-03 -1.3266e-02
37 0 +8.213120038e+01 +1.588412004e+02 +1.588412004e+02 +7.0331e-04 +1.7917e-02 +7.5741e-03 +3.9650e-03 -1.8306e-02
39 0 +8.063928871e+01 +1.573492887e+02 +1.573492887e+02 +8.5163e-04 +1.9603e-02 +9.0634e-03 +4.5121e-03 -1.9333e-02
40 0 +7.590805247e+01 +1.526180525e+02 +1.526180525e+02 +1.0129e-03 +2.6298e-02 +1.2224e-02 +5.9926e-03 -2.5472e-02
42 0 +7.351927186e+01 +1.502292719e+02 +1.502292719e+02 +8.8385e-04 +2.9775e-02 +1.3414e-02 +7.1836e-03 -3.0376e-02
43 0 +6.706026836e+01 +1.437702684e+02 +1.437702684e+02 +9.5016e-04 +4.0012e-02 +1.8077e-02 +9.7444e-03 -4.1187e-02
46 0 +6.037961083e+01 +1.370896108e+02 +1.370896108e+02 +9.6045e-04 +5.5326e-02 +2.4227e-02 +1.2537e-02 -5.4224e-02
47 0 +6.008836158e+01 +1.367983616e+02 +1.367983616e+02 +1.4678e-03 +5.5436e-02 +2.4845e-02 +1.3082e-02 -5.4491e-02
48 0 +5.605706675e+01 +1.327670668e+02 +1.327670668e+02 +1.8500e-03 +7.4195e-02 +3.3481e-02 +1.7640e-02 -7.2583e-02
100 0 +5.490860731e+01 +1.316186073e+02 +1.316186073e+02 +1.9411e-03 +7.8099e-02 +2.8391e-02 +1.5970e-02 -8.9228e-02
108 0 +5.308681573e+01 +1.297968157e+02 +1.297968157e+02 +2.3948e-03 +8.2190e-02 +1.9993e-02 +1.3339e-02 -1.1171e-01
111 0 +5.154923702e+01 +1.282592370e+02 +1.282592370e+02 +2.1123e-03 +9.3752e-02 +2.0113e-02 +1.4298e-02 -1.3416e-01
113 0 +5.101416698e+01 +1.277241670e+02 +1.277241670e+02 +2.3982e-03 +8.8362e-02 +1.4995e-02 +1.1943e-02 -1.3349e-01
114 0 +4.930889084e+01 +1.260188908e+02 +1.260188908e+02 +2.6851e-03 +9.1195e-02 +8.7502e-03 +9.8739e-03 -1.5030e-01
116 0 +4.671940535e+01 +1.234294053e+02 +1.234294053e+02 +3.6757e-03 +9.9712e-02 +8.0542e-04 +8.0030e-03 -1.7884e-01
118 0 +4.559975031e+01 +1.223097503e+02 +1.223097503e+02 +3.0623e-03 +1.0390e-01 -5.7441e-04 +7.6863e-03 -1.9135e-01
119 0 +4.253180027e+01 +1.192418003e+02 +1.192418003e+02 +3.3960e-03 +1.1475e-01 -1.0858e-02 +4.8601e-03 -2.3118e-01
121 0 +4.043137647e+01 +1.171413765e+02 +1.171413765e+02 +4.4927e-03 +1.1187e-01 -2.2610e-02 +4.4376e-04 -2.4540e-01
122 0 +3.687879479e+01 +1.135887948e+02 +1.135887948e+02 +5.6829e-03 +1.2094e-01 -4.3971e-02 -6.4836e-03 -3.0102e-01
133 0 +3.587615402e+01 +1.125861540e+02 +1.125861540e+02 +7.5726e-03 +1.3599e-01 -7.7233e-02 -1.7098e-02 -3.8948e-01
194 0 +3.547627808e+01 +1.121862781e+02 +1.121862781e+02 +7.5021e-03 +1.2887e-01 -6.9417e-02 -1.4741e-02 -3.6124e-01
222 0 +3.450207574e+01 +1.112120757e+02 +1.112120757e+02 +2.1913e-02 +1.3756e-01 -8.4900e-02 -1.6195e-02 -3.8029e-01
227 0 +3.366565638e+01 +1.103756564e+02 +1.103756564e+02 +3.6220e-02 +1.4408e-01 -1.0895e-01 -2.0930e-02 -4.1171e-01
231 0 +3.306221496e+01 +1.097722150e+02 +1.097722150e+02 +5.0435e-02 +1.5395e-01 -1.2953e-01 -2.4241e-02 -4.4307e-01
242 0 +3.235408225e+01 +1.090640823e+02 +1.090640823e+02 +1.0217e-01 +1.8470e-01 -1.9857e-01 -3.4368e-02 -5.3629e-01
422 0 +3.154537553e+01 +1.082553755e+02 +1.082553755e+02 +1.2518e-01 +1.7313e-01 -2.0054e-01 -5.5836e-02 -5.3098e-01
440 0 +3.086279792e+01 +1.075727979e+02 +1.075727979e+02 +2.2405e-01 +1.7972e-01 -2.6204e-01 -1.2319e-01 -6.2763e-01
453 0 +3.019530330e+01 +1.069053033e+02 +1.069053033e+02 +2.3987e-01 +1.8422e-01 -2.6071e-01 -1.3350e-01 -6.3619e-01
% f evaluations | g evaluations | best noise-free fitness - Fopt (1.325900000000e+02) + sum g_i+ | measured fitness | best measured fitness or single-digit g-values | x1 | x2...
1 0 +3.562413900e+01 +1.682141390e+02 +1.682141390e+02 +0.0000e+00 +0.0000e+00 +0.0000e+00 +0.0000e+00 +0.0000e+00
3 0 +3.560879107e+01 +1.681987911e+02 +1.681987911e+02 +0.0000e+00 +2.5000e-04 +0.0000e+00 +0.0000e+00 +0.0000e+00
14 0 +3.547387863e+01 +1.680638786e+02 +1.680638786e+02 -5.3760e-05 +1.0264e-04 +7.5264e-04 +3.9264e-04 -9.4080e-04
28 0 +3.460940814e+01 +1.671994081e+02 +1.671994081e+02 +6.2266e-04 +1.0749e-03 +4.5605e-03 +3.3707e-03 -7.5379e-03
33 0 +3.388432866e+01 +1.664743287e+02 +1.664743287e+02 +2.1689e-03 +2.7139e-03 +8.0067e-03 +5.9858e-03 -1.4268e-02
38 0 +3.309412192e+01 +1.656841219e+02 +1.656841219e+02 +3.3450e-03 +4.5374e-03 +1.3465e-02 +1.0011e-02 -2.4759e-02
66 0 +3.235712183e+01 +1.649471218e+02 +1.649471218e+02 +5.4033e-03 +7.1967e-03 +2.3261e-02 +1.6298e-02 -4.0879e-02
83 0 +3.136669926e+01 +1.639566993e+02 +1.639566993e+02 +3.3984e-03 +7.9547e-03 +3.1134e-02 +1.6944e-02 -4.4333e-02
88 0 +3.046673207e+01 +1.630567321e+02 +1.630567321e+02 +1.5069e-03 +8.7452e-03 +3.9366e-02 +1.9152e-02 -4.8216e-02
90 0 +3.016772554e+01 +1.627577255e+02 +1.627577255e+02 +6.1835e-04 +7.7996e-03 +3.9549e-02 +1.7351e-02 -4.5217e-02
91 0 +2.947508343e+01 +1.620650834e+02 +1.620650834e+02 -1.3718e-03 +7.8055e-03 +4.5493e-02 +1.7415e-02 -4.6566e-02
96 0 +2.848955777e+01 +1.610795578e+02 +1.610795578e+02 -6.8381e-03 +1.0680e-02 +6.7052e-02 +2.0169e-02 -5.6168e-02
103 0 +2.800037532e+01 +1.605903753e+02 +1.605903753e+02 -7.3281e-03 +9.2790e-03 +6.8069e-02 +1.9328e-02 -5.2675e-02
106 0 +2.749504865e+01 +1.600850486e+02 +1.600850486e+02 -1.1505e-02 +9.2093e-03 +6.9444e-02 +1.4853e-02 -4.6152e-02
109 0 +2.688322870e+01 +1.594732287e+02 +1.594732287e+02 -1.5307e-02 +7.6106e-03 +7.4620e-02 +1.1960e-02 -3.8320e-02
139 0 +2.626897478e+01 +1.588589748e+02 +1.588589748e+02 -1.5802e-02 +2.9658e-03 +8.0426e-02 +1.3475e-02 -3.1335e-02
146 0 +2.559798461e+01 +1.581879846e+02 +1.581879846e+02 -5.8869e-03 -2.8623e-03 +8.3856e-02 +2.8208e-02 -3.9772e-02
150 0 +2.511636857e+01 +1.577063686e+02 +1.577063686e+02 -5.9520e-04 -7.2507e-03 +9.0701e-02 +3.8531e-02 -4.4380e-02
152 0 +2.452720837e+01 +1.571172084e+02 +1.571172084e+02 +2.2210e-04 -9.9215e-03 +9.1521e-02 +3.9073e-02 -3.8956e-02
153 0 +2.379951345e+01 +1.563895135e+02 +1.563895135e+02 +3.7225e-03 -1.4701e-02 +9.5536e-02 +4.5037e-02 -3.6635e-02
157 0 +2.287165847e+01 +1.554616585e+02 +1.554616585e+02 +2.5663e-02 -3.1609e-02 +1.0839e-01 +8.2270e-02 -5.3474e-02
160 0 +2.204361609e+01 +1.546336161e+02 +1.546336161e+02 +2.8829e-02 -3.7681e-02 +1.1979e-01 +8.9961e-02 -5.1383e-02
161 0 +2.152642282e+01 +1.541164228e+02 +1.541164228e+02 +4.1091e-02 -5.0717e-02 +1.3144e-01 +1.1086e-01 -5.2847e-02
162 0 +2.113312605e+01 +1.537231260e+02 +1.537231260e+02 +3.2974e-02 -4.6584e-02 +1.3062e-01 +1.0075e-01 -4.6273e-02
163 0 +2.062882045e+01 +1.532188204e+02 +1.532188204e+02 +4.3533e-02 -6.1665e-02 +1.4655e-01 +1.2194e-01 -4.2729e-02
168 0 +1.991681440e+01 +1.525068144e+02 +1.525068144e+02 +4.9534e-02 -6.7635e-02 +1.4294e-01 +1.2618e-01 -3.5652e-02
174 0 +1.932898846e+01 +1.519189885e+02 +1.519189885e+02 +4.2385e-02 -6.7854e-02 +1.4059e-01 +1.1629e-01 -2.0748e-02
% f evaluations | g evaluations | best noise-free fitness - Fopt (-7.547000000000e+01) + sum g_i+ | measured fitness | best measured fitness or single-digit g-values | x1 | x2...
1 0 +4.275483531e+01 -3.271516469e+01 -3.271516469e+01 +0.0000e+00 +0.0000e+00 +0.0000e+00 +0.0000e+00 +0.0000e+00
3 0 +4.272797640e+01 -3.274202360e+01 -3.274202360e+01 +0.0000e+00 +2.5000e-04 +0.0000e+00 +0.0000e+00 +0.0000e+00
8 0 +4.263412800e+01 -3.283587200e+01 -3.283587200e+01 -5.0000e-04 +1.5000e-04 +1.5000e-04 +1.5000e-04 +1.5000e-04
26 0 +4.161024313e+01 -3.385975687e+01 -3.385975687e+01 -4.9849e-03 +2.4262e-03 +4.5193e-04 +1.4842e-03 -2.9533e-05
30 0 +4.064211870e+01 -3.482788130e+01 -3.482788130e+01 -9.5056e-03 +4.2819e-03 +4.9871e-04 +2.7131e-03 +5.4237e-04
33 0 +3.978960186e+01 -3.568039814e+01 -3.568039814e+01 -1.3814e-02 +6.1801e-03 +1.2803e-03 +3.5199e-03 +4.5352e-04
35 0 +3.883767901e+01 -3.663232099e+01 -3.663232099e+01 -1.8651e-02 +8.9633e-03 +1.4626e-03 +5.5027e-03 -6.1630e-05
38 0 +3.733660759e+01 -3.813339241e+01 -3.813339241e+01 -2.7547e-02 +1.2137e-02 +1.7210e-03 +7.4467e-03 +1.1804e-03
40 0 +3.673335357e+01 -3.873664643e+01 -3.873664643e+01 -3.1476e-02 +1.4227e-02 +2.7267e-03 +8.7616e-03 +4.3533e-04
41 0 +3.526827365e+01 -4.020172635e+01 -4.020172635e+01 -4.2461e-02 +1.9200e-02 +3.8407e-03 +1.1786e-02 +3.8181e-04
44 0 +3.377887366e+01 -4.169112634e+01 -4.169112634e+01 -5.7103e-02 +2.6450e-02 +4.2373e-03 +1.5690e-02 +1.2808e-03
46 0 +3.265961726e+01 -4.281038274e+01 -4.281038274e+01 -7.7281e-02 +3.4128e-02 +5.9912e-03 +2.0980e-02 +2.5480e-03
74 0 +3.228795658e+01 -4.318204342e+01 -4.318204342e+01 -8.9123e-02 +3.8321e-02 +5.8424e-03 +2.1963e-02 +5.6443e-03
85 0 +3.138708018e+01 -4.408291982e+01 -4.408291982e+01 -9.7858e-02 +3.5702e-02 +1.7350e-03 +1.7290e-02 +1.7889e-02
88 0 +3.081404771e+01 -4.465595229e+01 -4.465595229e+01 -1.0866e-01 +3.5313e-02 -7.1057e-04 +1.4053e-02 +2.7722e-02
91 0 +2.985345277e+01 -4.561654723e+01 -4.561654723e+01 -1.0216e-01 +2.3081e-02 -9.1543e-03 +5.0411e-04 +4.6656e-02
94 0 +2.901553046e+01 -4.645446954e+01 -4.645446954e+01 -1.2403e-01 +1.9476e-02 -1.6170e-02 -7.5255e-03 +7.0978e-02
146 0 +2.883736217e+01 -4.663263783e+01 -4.663263783e+01 -1.2718e-01 +1.3697e-02 -2.1241e-02 -1.3891e-02 +8.4013e-02
167 0 +2.809276378e+01 -4.737723622e+01 -4.737723622e+01 -1.4353e-01 -3.1144e-03 -3.6131e-02 -8.0619e-03 +1.1129e-01
173 0 +2.748131667e+01 -4.798868333e+01 -4.798868333e+01 -1.3504e-01 -1.6980e-02 -4.3527e-02 +5.6089e-03 +1.1312e-01
% f evaluations | g evaluations | best noise-free fitness - Fopt (6.949000000000e+01) + sum g_i+ | measured fitness | best measured fitness or single-digit g-values | x1 | x2...
1 0 +3.138861292e+01 +1.008786129e+02 +1.008786129e+02 +0.0000e+00 +0.0000e+00 +0.0000e+00 +0.0000e+00 +0.0000e+00
2 0 +3.136900640e+01 +1.008590064e+02 +1.008590064e+02 +2.5000e-04 +0.0000e+00 +0.0000e+00 +0.0000e+00 +0.0000e+00
21 0 +3.076964990e+01 +1.002596499e+02 +1.002596499e+02 +2.0633e-03 +4.8356e-04 -2.6421e-03 +1.1763e-03 -9.9119e-04
28 0 +3.007908344e+01 +9.956908344e+01 +9.956908344e+01 +4.5339e-03 +1.1162e-03 -5.0721e-03 +2.0889e-03 -2.8787e-03
31 0 +2.947790473e+01 +9.896790473e+01 +9.896790473e+01 +6.8878e-03 +1.5357e-03 -6.7176e-03 +3.1178e-03 -5.1280e-03
34 0 +2.878576577e+01 +9.827576577e+01 +9.827576577e+01 +9.7327e-03 +2.4319e-03 -1.0087e-02 +4.7538e-03 -6.9802e-03
35 0 +2.815002445e+01 +9.764002445e+01 +9.764002445e+01 +1.2783e-02 +3.3383e-03 -1.3266e-02 +6.2351e-03 -9.1792e-03
37 0 +2.738111808e+01 +9.687111808e+01 +9.687111808e+01 +1.7917e-02 +3.9650e-03 -1.8306e-02 +7.5741e-03 -1.1603e-02
40 0 +2.655526084e+01 +9.604526084e+01 +9.604526084e+01 +2.6298e-02 +5.9926e-03 -2.5472e-02 +1.2224e-02 -1.9805e-02
63 0 +2.628253476e+01 +9.577253476e+01 +9.577253476e+01 +2.9023e-02 +6.1522e-03 -2.5774e-02 +1.2606e-02 -2.3263e-02
73 0 +2.551834300e+01 +9.500834300e+01 +9.500834300e+01 +3.0411e-02 +3.5338e-03 -1.5472e-02 +1.1004e-02 -3.2954e-02
75 0 +2.507892137e+01 +9.456892137e+01 +9.456892137e+01 +3.5143e-02 +2.8378e-03 -1.5630e-02 +1.1569e-02 -3.9379e-02
78 0 +2.447161221e+01 +9.396161221e+01 +9.396161221e+01 +3.8159e-02 +1.7836e-03 -1.0506e-02 +1.0435e-02 -4.6970e-02
82 0 +2.359969301e+01 +9.308969301e+01 +9.308969301e+01 +4.3131e-02 -2.2065e-03 +1.4353e-03 +8.1110e-03 -6.2594e-02
85 0 +2.307512076e+01 +9.256512076e+01 +9.256512076e+01 +4.7674e-02 -6.0451e-03 +1.7824e-02 +4.9731e-03 -8.0354e-02
87 0 +2.262878342e+01 +9.211878342e+01 +9.211878342e+01 +5.4761e-02 -7.6059e-03 +2.1599e-02 +5.9294e-03 -9.3850e-02
89 0 +2.204733676e+01 +9.153733676e+01 +9.153733676e+01 +6.7290e-02 -8.2989e-03 +2.0190e-02 +5.8528e-03 -1.0840e-01
116 0 +2.174434237e+01 +9.123434237e+01 +9.123434237e+01 +7.2269e-02 -9.2220e-03 +2.1801e-02 +3.7087e-03 -1.1494e-01
126 0 +2.131571901e+01 +9.080571901e+01 +9.080571901e+01 +7.7976e-02 -1.0570e-02 +2.6604e-02 +7.3854e-05 -1.2425e-01
131 0 +2.070569639e+01 +9.019569639e+01 +9.019569639e+01 +8.0200e-02 -8.3472e-03 +1.7803e-02 -2.4493e-03 -1.1717e-01
136 0 +2.036713465e+01 +8.985713465e+01 +8.985713465e+01 +9.7494e-02 -1.2960e-02 +3.2123e-02 -8.7371e-03 -1.4856e-01
137 0 +1.987986963e+01 +8.936986963e+01 +8.936986963e+01 +8.8797e-02 -8.4799e-03 +1.7879e-02 -7.6748e-03 -1.2503e-01
138 0 +1.920055613e+01 +8.869055613e+01 +8.869055613e+01 +9.4208e-02 -7.4347e-03 +1.3517e-02 -1.1549e-02 -1.2542e-01
142 0 +1.866247067e+01 +8.815247067e+01 +8.815247067e+01 +1.1182e-01 -1.0070e-02 +1.9159e-02 -1.8227e-02 -1.4911e-01
143 0 +1.806691650e+01 +8.755691650e+01 +8.755691650e+01 +1.2763e-01 -1.0931e-02 +1.9838e-02 -2.6116e-02 -1.6508e-01
145 0 +1.733025731e+01 +8.682025731e+01 +8.682025731e+01 +1.1113e-01 -4.8827e-04 -1.6174e-02 -2.3967e-02 -1.1219e-01
148 0 +1.654539622e+01 +8.603539622e+01 +8.603539622e+01 +1.5187e-01 -6.2013e-03 -2.3150e-04 -4.0480e-02 -1.6826e-01
149 0 +1.598976574e+01 +8.547976574e+01 +8.547976574e+01 +1.3718e-01 -2.7321e-03 -1.0059e-02 -3.8067e-02 -1.4221e-01
150 0 +1.529312355e+01 +8.478312355e+01 +8.478312355e+01 +1.5262e-01 +1.2500e-03 -2.6036e-02 -5.0108e-02 -1.3991e-01
165 0 +1.512618444e+01 +8.461618444e+01 +8.461618444e+01 +1.5030e-01 +4.4641e-03 -3.6711e-02 -5.3738e-02 -1.2431e-01
% f evaluations | g evaluations | best noise-free fitness - Fopt (-5.612400000000e+02) + sum g_i+ | measured fitness | best measured fitness or single-digit g-values | x1 | x2...
1 0 +1.121437102e+02 -4.490962898e+02 -4.490962898e+02 +0.0000e+00 +0.0000e+00 +0.0000e+00 +0.0000e+00 +0.0000e+00
2 0 +1.121374732e+02 -4.491025268e+02 -4.491025268e+02 +2.5000e-04 +0.0000e+00 +0.0000e+00 +0.0000e+00 +0.0000e+00
32 0 +1.095509146e+02 -4.516890854e+02 -4.516890854e+02 +2.4364e-03 -5.4330e-03 +2.3234e-03 +8.7982e-03 -9.7754e-04
38 0 +1.064919823e+02 -4.547480177e+02 -4.547480177e+02 +4.2225e-03 -1.1361e-02 +3.3886e-03 +1.8803e-02 -1.4278e-03
40 0 +1.042115932e+02 -4.570284068e+02 -4.570284068e+02 +5.6626e-03 -1.5379e-02 +5.9626e-03 +2.5140e-02 -2.5036e-03
43 0 +9.958214081e+01 -4.616578592e+02 -4.616578592e+02 +7.8897e-03 -2.3114e-02 +6.5619e-03 +3.8590e-02 -3.7074e-03
46 0 +9.238426540e+01 -4.688557346e+02 -4.688557346e+02 +1.2759e-02 -3.4905e-02 +1.1775e-02 +5.7199e-02 -4.6884e-03
49 0 +8.407451268e+01 -4.771654873e+02 -4.771654873e+02 +1.6133e-02 -4.7918e-02 +1.5971e-02 +7.8775e-02 -6.7907e-03
51 0 +7.376155706e+01 -4.874784429e+02 -4.874784429e+02 +2.2235e-02 -6.5348e-02 +1.9515e-02 +1.0733e-01 -9.2595e-03
53 0 +6.953450049e+01 -4.917054995e+02 -4.917054995e+02 +2.5446e-02 -7.3014e-02 +2.4319e-02 +1.1943e-01 -1.0102e-02
54 0 +5.877415839e+01 -5.024658416e+02 -5.024658416e+02 +3.4224e-02 -9.7964e-02 +3.3198e-02 +1.5985e-01 -1.3300e-02
56 0 +5.548356082e+01 -5.057564392e+02 -5.057564392e+02 +3.6870e-02 -1.0942e-01 +3.4738e-02 +1.7982e-01 -1.5178e-02
57 0 +5.265045272e+01 -5.085895473e+02 -5.085895473e+02 +4.8925e-02 -1.4668e-01 +4.6219e-02 +2.4113e-01 -2.0423e-02
58 0 +5.221568426e+01 -5.090243157e+02 -5.090243157e+02 +4.6612e-02 -1.3591e-01 +4.2640e-02 +2.2319e-01 -1.8529e-02
129 0 +5.125401416e+01 -5.099859858e+02 -5.099859858e+02 +6.2147e-02 -1.4129e-01 +4.4924e-02 +2.2390e-01 -1.4873e-02
135 0 +4.994813383e+01 -5.112918662e+02 -5.112918662e+02 +8.3532e-02 -1.4661e-01 +4.7835e-02 +2.2061e-01 -9.0650e-03
138 0 +4.896605381e+01 -5.122739462e+02 -5.122739462e+02 +1.0489e-01 -1.5315e-01 +4.6513e-02 +2.2224e-01 -4.2038e-03
142 0 +4.782551227e+01 -5.134144877e+02 -5.134144877e+02 +1.2498e-01 -1.6221e-01 +5.1327e-02 +2.2599e-01 +4.5476e-04
143 0 +4.668399934e+01 -5.145560007e+02 -5.145560007e+02 +1.5008e-01 -1.7302e-01 +5.5401e-02 +2.3091e-01 +6.0478e-03
146 0 +4.532404260e+01 -5.159159574e+02 -5.159159574e+02 +2.0984e-01 -1.8502e-01 +5.4267e-02 +2.2137e-01 +2.1951e-02
149 0 +4.450940791e+01 -5.167305921e+02 -5.167305921e+02 +2.9071e-01 -2.0820e-01 +6.5068e-02 +2.1509e-01 +4.3129e-02
171 0 +4.351391114e+01 -5.177260889e+02 -5.177260889e+02 +2.5589e-01 -2.1391e-01 +7.5593e-02 +2.4019e-01 +3.1711e-02
180 0 +4.230558271e+01 -5.189344173e+02 -5.189344173e+02 +3.0386e-01 -2.3118e-01 +9.0996e-02 +2.3841e-01 +4.4457e-02
181 0 +4.167850282e+01 -5.195614972e+02 -5.195614972e+02 +3.1226e-01 -2.3809e-01 +1.0078e-01 +2.4167e-01 +4.6630e-02
187 0 +4.055941818e+01 -5.206805818e+02 -5.206805818e+02 +3.7210e-01 -2.5948e-01 +1.2439e-01 +2.3664e-01 +6.3247e-02
189 0 +3.975644706e+01 -5.214835529e+02 -5.214835529e+02 +3.3435e-01 -2.5519e-01 +1.3090e-01 +2.4582e-01 +5.3277e-02
191 0 +3.864691348e+01 -5.225930865e+02 -5.225930865e+02 +3.3805e-01 -2.5574e-01 +1.4159e-01 +2.3884e-01 +5.5669e-02
192 0 +3.726958289e+01 -5.239704171e+02 -5.239704171e+02 +3.3458e-01 -2.5933e-01 +1.6047e-01 +2.3718e-01 +5.6134e-02
194 0 +3.643348358e+01 -5.248065164e+02 -5.248065164e+02 +3.5274e-01 -2.6701e-01 +1.7593e-01 +2.3299e-01 +6.2250e-02
195 0 +3.476167768e+01 -5.264783223e+02 -5.264783223e+02 +3.5371e-01 -2.7349e-01 +2.0647e-01 +2.2761e-01 +6.5163e-02
198 0 +3.399174585e+01 -5.272482541e+02 -5.272482541e+02 +3.9112e-01 -2.9386e-01 +2.4410e-01 +2.2552e-01 +7.6556e-02
199 0 +3.383453367e+01 -5.274054663e+02 -5.274054663e+02 +4.2531e-01 -3.1047e-01 +2.9220e-01 +2.1159e-01 +8.9583e-02
200 0 +3.310803875e+01 -5.281319612e+02 -5.281319612e+02 +3.5240e-01 -2.9407e-01 +2.7295e-01 +2.3099e-01 +6.8281e-02
330 0 +3.235425351e+01 -5.288857465e+02 -5.288857465e+02 +3.4307e-01 -2.8812e-01 +3.0136e-01 +2.0919e-01 +6.9982e-02
360 0 +3.157333090e+01 -5.296666691e+02 -5.296666691e+02 +3.5546e-01 -2.6359e-01 +2.6222e-01 +2.0008e-01 +4.9754e-02
377 0 +3.077839082e+01 -5.304616092e+02 -5.304616092e+02 +3.4912e-01 -2.3427e-01 +2.4778e-01 +1.8666e-01 +1.8968e-02
384 0 +3.016996261e+01 -5.310700374e+02 -5.310700374e+02 +3.0070e-01 -2.2145e-01 +2.8162e-01 +1.7513e-01 +5.4689e-03
% f evaluations | g evaluations | best noise-free fitness - Fopt (1.000000000000e+03) + sum g_i+ | measured fitness | best measured fitness or single-digit g-values | x1 | x2...
1 0 +1.439342603e+01 +1.014393426e+03 +1.014393426e+03 +0.0000e+00 +0.0000e+00 +0.0000e+00 +0.0000e+00 +0.0000e+00
2 0 +1.437853764e+01 +1.014378538e+03 +1.014378538e+03 +2.5000e-04 +0.0000e+00 +0.0000e+00 +0.0000e+00 +0.0000e+00
17 0 +1.406705876e+01 +1.014067059e+03 +1.014067059e+03 +7.8591e-04 -8.4422e-04 +8.9191e-04 +3.3231e-04 -1.1676e-03
23 0 +1.369160027e+01 +1.013691600e+03 +1.013691600e+03 +1.1211e-03 -2.2015e-03 +2.2850e-03 +3.4274e-04 -2.0467e-03
25 0 +1.345494634e+01 +1.013454946e+03 +1.013454946e+03 +2.1326e-03 -2.5715e-03 +3.0248e-03 +1.6916e-04 -3.3415e-03
28 0 +1.302494155e+01 +1.013024942e+03 +1.013024942e+03 +2.2654e-03 -4.0963e-03 +5.1655e-03 +5.1444e-05 -4.2094e-03
31 0 +1.254227618e+01 +1.012542276e+03 +1.012542276e+03 +4.1313e-03 -6.6735e-03 +7.0471e-03 +7.9404e-04 -7.1535e-03
34 0 +1.214512576e+01 +1.012145126e+03 +1.012145126e+03 +5.7768e-03 -8.8035e-03 +1.0154e-02 -1.2013e-04 -9.6374e-03
36 0 +1.188589935e+01 +1.011885899e+03 +1.011885899e+03 +7.0523e-03 -1.2425e-02 +1.4123e-02 +1.8146e-04 -1.2125e-02
64 0 +1.173808342e+01 +1.011738083e+03 +1.011738083e+03 +6.1090e-03 -1.4570e-02 +1.6576e-02 +1.1376e-03 -1.3617e-02
73 0 +1.143290344e+01 +1.011432903e+03 +1.011432903e+03 +1.2855e-04 -1.6131e-02 +1.7923e-02 +4.2423e-03 -1.2064e-02
78 0 +1.111375333e+01 +1.011113753e+03 +1.011113753e+03 -9.3654e-03 -1.5912e-02 +1.9430e-02 +6.8921e-03 -8.0932e-03
80 0 +1.084751070e+01 +1.010847511e+03 +1.010847511e+03 -1.8142e-02 -1.8319e-02 +2.3219e-02 +9.5017e-03 -4.3519e-03
83 0 +1.060862101e+01 +1.010608621e+03 +1.010608621e+03 -2.6704e-02 -1.9302e-02 +2.5968e-02 +1.2977e-02 -3.0625e-03
85 0 +1.042146921e+01 +1.010421469e+03 +1.010421469e+03 -3.4187e-02 -2.6866e-02 +3.4925e-02 +1.6107e-02 -3.7129e-03
191 0 +1.022481804e+01 +1.010224818e+03 +1.010224818e+03 -5.6999e-02 -3.7146e-02 +3.8872e-02 +2.3015e-02 +9.5740e-03
