% f evaluations | g evaluations | best noise-free fitness - Fopt (3.590000000000e+01) + sum g_i+ | measured fitness | best measured fitness or single-digit g-values | x1 | x2...
1 0 +5.506600110e+04 +5.510190110e+04 +5.510190110e+04 +0.0000e+00 +0.0000e+00 +0.0000e+00 +0.0000e+00 +0.0000e+00
4 0 +5.080163565e+04 +5.083753565e+04 +5.083753565e+04 +0.0000e+00 +5.0000e-01 +0.0000e+00 +0.0000e+00 +0.0000e+00
6 0 +4.389733284e+04 +4.393323284e+04 +4.393323284e+04 +0.0000e+00 +0.0000e+00 +0.0000e+00 +5.0000e-01 +0.0000e+00
8 0 +3.361883172e+04 +3.365473172e+04 +3.365473172e+04 -1.5431e-01 +1.2859e-01 -9.3397e-02 +8.3679e-01 -2.9580e-01
10 0 +2.989183367e+04 +2.992773367e+04 +2.992773367e+04 +4.6468e-02 +1.5992e-01 -1.1615e-01 +9.1883e-01 -4.1395e-01
11 0 +2.260707714e+04 +2.264297714e+04 +2.264297714e+04 +4.0541e-02 +8.0451e-02 -2.7575e-01 +9.1453e-01 -5.8905e-01
12 0 +1.782167548e+04 +1.785757548e+04 +1.785757548e+04 +3.2613e-02 +8.9215e-03 -3.1599e-01 +9.4354e-01 -8.2327e-01
13 0 +1.718513264e+04 +1.722103264e+04 +1.722103264e+04 +1.0700e-01 -1.3845e-01 -4.8799e-01 +9.8958e-01 -8.8281e-01
15 0 +1.626777010e+04 +1.630367010e+04 +1.630367010e+04 +1.0319e-01 -5.7223e-02 -5.5530e-01 +9.5668e-01 -9.4112e-01
16 0 +1.451641440e+04 +1.455231440e+04 +1.455231440e+04 +1.7710e-01 -2.3523e-02 -5.2378e-01 +1.0114e+00 -1.0121e+00
17 0 +1.190447268e+04 +1.194037268e+04 +1.194037268e+04 +1.6033e-01 -1.4636e-02 -5.0882e-01 +1.0515e+00 -1.1280e+00
18 0 +3.870443552e+03 +3.906343552e+03 +3.906343552e+03 +7.2066e-02 +1.3828e-02 -4.5457e-01 +1.2046e+00 -1.5917e+00
19 0 +3.268194104e+03 +3.304094104e+03 +3.304094104e+03 +1.4649e-01 +4.4867e-02 -4.6845e-01 +1.2978e+00 -1.7382e+00
20 0 +2.065245947e+03 +2.101145947e+03 +2.101145947e+03 +6.7392e-02 +2.7149e-02 -4.7302e-01 +1.2923e+00 -1.7978e+00
21 0 +1.982725795e+03 +2.018625795e+03 +2.018625795e+03 +5.3854e-02 +5.2948e-02 -4.4425e-01 +1.2907e+00 -1.8064e+00
24 0 +1.457571619e+03 +1.493471619e+03 +1.493471619e+03 -1.9473e-03 +3.5201e-02 -4.4815e-01 +1.3172e+00 -1.8449e+00
26 0 +1.209464151e+03 +1.245364151e+03 +1.245364151e+03 -1.0360e-02 +3.4642e-02 -4.4650e-01 +1.3360e+00 -1.8590e+00
27 0 +6.572299439e+02 +6.931299439e+02 +6.931299439e+02 -4.0664e-02 +3.2846e-02 -4.4129e-01 +1.4105e+00 -1.9181e+00
28 0 +3.829925381e+02 +4.188925381e+02 +4.188925381e+02 -8.6874e-02 +2.8810e-02 -4.2885e-01 +1.4838e+00 -1.9579e+00
29 0 +3.764664143e+02 +4.123664143e+02 +4.123664143e+02 -1.3058e-01 +2.4309e-02 -4.1472e-01 +1.5319e+00 -1.9689e+00
30 0 +3.380299480e+02 +3.739299480e+02 +3.739299480e+02 -1.3740e-01 +4.6969e-02 -3.9387e-01 +1.5190e+00 -1.9805e+00
31 0 +2.300846846e+02 +2.659846846e+02 +2.659846846e+02 -1.4050e-01 +4.2912e-02 -4.0303e-01 +1.5136e+00 -2.0029e+00
32 0 +2.140476390e+02 +2.499476390e+02 +2.499476390e+02 -1.3652e-01 +5.6291e-02 -4.1365e-01 +1.5201e+00 -2.0104e+00
33 0 +1.855759455e+02 +2.214759455e+02 +2.214759455e+02 -1.2539e-01 +5.1376e-02 -4.0600e-01 +1.5247e+00 -2.0238e+00
34 0 +1.363638561e+02 +1.722638561e+02 +1.722638561e+02 -1.3034e-01 +4.8548e-02 -4.1009e-01 +1.5177e+00 -2.0414e+00
35 0 +1.174069257e+02 +1.533069257e+02 +1.533069257e+02 -1.3295e-01 +5.5400e-02 -4.0395e-01 +1.5112e+00 -2.0579e+00
36 0 +1.060417128e+02 +1.419417128e+02 +1.419417128e+02 -1.3822e-01 +4.6904e-02 -4.1038e-01 +1.5186e+00 -2.0724e+00
37 0 +9.261017532e+01 +1.285101753e+02 +1.285101753e+02 -1.2700e-01 +4.2889e-02 -4.1948e-01 +1.5069e+00 -2.0791e+00
38 0 +7.604649834e+01 +1.119464983e+02 +1.119464983e+02 -1.1219e-01 +4.2001e-02 -4.1157e-01 +1.5146e+00 -2.0872e+00
39 0 +6.576289750e+01 +1.016628975e+02 +1.016628975e+02 -1.0696e-01 +5.6127e-02 -4.2144e-01 +1.5204e+00 -2.0941e+00
40 0 +6.174717653e+01 +9.764717653e+01 +9.764717653e+01 -9.8499e-02 +5.7560e-02 -4.1999e-01 +1.5187e+00 -2.1123e+00
43 0 +6.148246794e+01 +9.738246794e+01 +9.738246794e+01 -9.1166e-02 +6.4712e-02 -4.1514e-01 +1.5196e+00 -2.1097e+00
52 0 +6.025292141e+01 +9.615292141e+01 +9.615292141e+01 -6.5400e-02 +8.2704e-02 -3.6010e-01 +1.5230e+00 -2.1115e+00
58 0 +5.886032568e+01 +9.476032568e+01 +9.476032568e+01 -4.6003e-02 +9.4776e-02 -3.2780e-01 +1.5167e+00 -2.1216e+00
88 0 +5.752731574e+01 +9.342731574e+01 +9.342731574e+01 -9.8264e-03 +8.2623e-02 -2.7749e-01 +1.5306e+00 -2.1361e+00
101 0 +5.610224146e+01 +9.200224146e+01 +9.200224146e+01 +1.6936e-02 +8.0087e-02 -2.2400e-01 +1.5536e+00 -2.1393e+00
103 0 +5.411320943e+01 +9.001320943e+01 +9.001320943e+01 -4.3036e-02 +1.4560e-01 -9.4447e-02 +1.5514e+00 -2.2220e+00
107 0 +5.355864336e+01 +8.945864336e+01 +8.945864336e+01 -1.0020e-02 +1.6322e-01 -9.6934e-02 +1.5534e+00 -2.2475e+00
111 0 +5.052535859e+01 +8.642535859e+01 +8.642535859e+01 +4.0278e-02 +2.0251e-01 -1.6241e-02 +1.5342e+00 -2.2368e+00
117 0 +4.942886870e+01 +8.532886870e+01 +8.532886870e+01 +6.5572e-02 +2.2508e-01 +7.8544e-03 +1.5344e+00 -2.2306e+00
122 0 +4.834054924e+01 +8.424054924e+01 +8.424054924e+01 +8.2972e-02 +2.4397e-01 +4.1668e-02 +1.5390e+00 -2.2166e+00
125 0 +4.689040892e+01 +8.279040892e+01 +8.279040892e+01 +1.3177e-01 +2.6951e-01 +9.5008e-02 +1.5234e+00 -2.1999e+00
128 0 +4.642963616e+01 +8.232963616e+01 +8.232963616e+01 +1.0908e-01 +2.7117e-01 +1.2055e-01 +1.5283e+00 -2.2200e+00
134 0 +4.567408080e+01 +8.157408080e+01 +8.157408080e+01 +1.2512e-01 +2.8341e-01 +1.4998e-01 +1.5216e+00 -2.2177e+00
136 0 +4.310476598e+01 +7.900476598e+01 +7.900476598e+01 +2.0260e-01 +3.2782e-01 +3.2684e-01 +1.5230e+00 -2.2245e+00
140 0 +4.243726622e+01 +7.833726622e+01 +7.833726622e+01 +2.2044e-01 +3.0584e-01 +3.2474e-01 +1.5168e+00 -2.2313e+00
162 0 +4.103885300e+01 +7.693885300e+01 +7.693885300e+01 +2.7554e-01 +3.5180e-01 +3.7859e-01 +1.5706e+00 -2.2126e+00
163 0 +4.041591590e+01 +7.631591590e+01 +7.631591590e+01 +3.3636e-01 +3.5743e-01 +4.3332e-01 +1.8131e+00 -2.2184e+00
166 0 +3.792719557e+01 +7.382719557e+01 +7.382719557e+01 +4.3131e-01 +3.9943e-01 +4.7706e-01 +1.7995e+00 -2.1591e+00
172 0 +3.544495085e+01 +7.134495085e+01 +7.134495085e+01 +5.0592e-01 +4.3473e-01 +5.2409e-01 +1.7779e+00 -2.1628e+00
183 0 +3.463406229e+01 +7.053406229e+01 +7.053406229e+01 +5.2193e-01 +4.3981e-01 +5.5199e-01 +1.7731e+00 -2.1542e+00
185 0 +3.230613099e+01 +6.820613099e+01 +6.820613099e+01 +5.6280e-01 +4.3571e-01 +6.2699e-01 +1.8034e+00 -2.1701e+00
205 0 +3.160072539e+01 +6.750072539e+01 +6.750072539e+01 +5.6290e-01 +4.5406e-01 +6.4627e-01 +1.7980e+00 -2.1607e+00
208 0 +3.074400671e+01 +6.664400671e+01 +6.664400671e+01 +5.7926e-01 +4.7940e-01 +6.6800e-01 +1.7832e+00 -2.1578e+00
210 0 +2.955734480e+01 +6.545734480e+01 +6.545734480e+01 +5.9881e-01 +5.0046e-01 +6.8591e-01 +1.7934e+00 -2.1252e+00
212 0 +2.942986258e+01 +6.532986258e+01 +6.532986258e+01 +5.9190e-01 +5.0303e-01 +6.8933e-01 +1.7952e+00 -2.1252e+00
221 0 +2.882423400e+01 +6.472423400e+01 +6.472423400e+01 +5.9735e-01 +5.2185e-01 +7.0184e-01 +1.7843e+00 -2.1163e+00
239 0 +2.799422524e+01 +6.389422524e+01 +6.389422524e+01 +6.1772e-01 +5.3100e-01 +7.2874e-01 +1.7968e+00 -2.1110e+00
% f evaluations | g evaluations | best noise-free fitness - Fopt (3.137000000000e+01) + sum g_i+ | measured fitness | best measured fitness or single-digit g-values | x1 | x2...
1 0 +4.394714990e+04 +4.397851990e+04 +4.397851990e+04 +0.0000e+00 +0.0000e+00 +0.0000e+00 +0.0000e+00 +0.0000e+00
8 0 +1.921006878e+04 +1.924143878e+04 +1.924143878e+04 -2.8670e-01 -2.1730e-01 -2.8280e-01 -1.9148e-01 -6.2811e-02
9 0 +8.035551469e+03 +8.066921469e+03 +8.066921469e+03 -4.8804e-01 -3.5973e-01 -4.8084e-01 -3.1199e-01 -7.4103e-02
10 0 +4.091242563e+03 +4.122612563e+03 +4.122612563e+03 -5.8641e-01 -4.2584e-01 -5.7740e-01 -3.6610e-01 -6.8396e-02
11 0 +2.899636362e+03 +2.931006362e+03 +2.931006362e+03 -6.4044e-01 -4.6113e-01 -6.3038e-01 -3.9442e-01 -6.1986e-02
12 0 +2.756639860e+03 +2.788009860e+03 +2.788009860e+03 -5.8803e-01 -4.6096e-01 -6.8402e-01 -3.9425e-01 -6.1812e-02
15 0 +2.427997424e+03 +2.459367424e+03 +2.459367424e+03 -6.0269e-01 -4.5438e-01 -7.0051e-01 -3.8533e-01 -1.0132e-01
16 0 +1.922863924e+03 +1.954233924e+03 +1.954233924e+03 -6.3107e-01 -4.7191e-01 -7.3738e-01 -3.8471e-01 -1.0648e-01
17 0 +4.740925456e+02 +5.054625456e+02 +5.054625456e+02 -7.0459e-01 -5.3145e-01 -8.3522e-01 -3.9088e-01 -8.6552e-02
18 0 +4.067651830e+02 +4.381351830e+02 +4.381351830e+02 -7.1818e-01 -5.4096e-01 -8.4446e-01 -4.0456e-01 -1.0193e-01
19 0 +2.352644422e+02 +2.666344422e+02 +2.666344422e+02 -7.3060e-01 -5.4933e-01 -8.7104e-01 -3.8862e-01 -9.6160e-02
20 0 +2.146122371e+02 +2.459822371e+02 +2.459822371e+02 -7.4028e-01 -5.5526e-01 -8.8015e-01 -3.9374e-01 -1.0887e-01
21 0 +2.137766961e+02 +2.451466961e+02 +2.451466961e+02 -7.4133e-01 -5.5185e-01 -8.8256e-01 -3.9620e-01 -1.0712e-01
23 0 +2.088687464e+02 +2.402387464e+02 +2.402387464e+02 -7.4270e-01 -5.5519e-01 -8.8300e-01 -3.9774e-01 -1.0406e-01
24 0 +1.964131252e+02 +2.277831252e+02 +2.277831252e+02 -7.4396e-01 -5.5612e-01 -8.8649e-01 -3.9468e-01 -1.0302e-01
25 0 +1.722855877e+02 +2.036555877e+02 +2.036555877e+02 -7.4586e-01 -5.5780e-01 -8.9016e-01 -3.9262e-01 -1.0211e-01
26 0 +1.161551110e+02 +1.475251110e+02 +1.475251110e+02 -7.5191e-01 -5.6267e-01 -9.0450e-01 -3.8176e-01 -9.8112e-02
27 0 +7.195916342e+01 +1.033291634e+02 +1.033291634e+02 -7.6794e-01 -5.7620e-01 -9.3905e-01 -3.5860e-01 -8.8984e-02
35 0 +7.064815855e+01 +1.020181585e+02 +1.020181585e+02 -7.9433e-01 -5.6918e-01 -9.9686e-01 -3.2028e-01 -9.7320e-02
36 0 +6.893724309e+01 +1.003072431e+02 +1.003072431e+02 -8.0560e-01 -5.3407e-01 -1.0252e+00 -2.7663e-01 -1.4562e-01
37 0 +6.324460395e+01 +9.461460395e+01 +9.461460395e+01 -8.7461e-01 -4.0866e-01 -1.2393e+00 -1.5155e-01 -2.8858e-01
42 0 +6.286883979e+01 +9.423883979e+01 +9.423883979e+01 -9.0170e-01 -4.0136e-01 -1.2360e+00 -1.2965e-01 -2.9146e-01
44 0 +5.979786649e+01 +9.116786649e+01 +9.116786649e+01 -9.2054e-01 -3.3881e-01 -1.2964e+00 -4.1311e-02 -3.7853e-01
45 0 +4.914475017e+01 +8.051475017e+01 +8.051475017e+01 -9.9013e-01 -1.3808e-01 -1.5338e+00 +2.2057e-01 -6.4045e-01
46 0 +3.592073669e+01 +6.729073669e+01 +6.729073669e+01 -1.4871e+00 +6.6353e-01 -3.1328e+00 +8.0061e-01 -8.2992e-01
47 0 +1.362364506e+01 +4.499364506e+01 +4.499364506e+01 -1.3728e+00 +1.0420e+00 -3.0090e+00 +1.7958e+00 -2.4599e+00
48 0 +1.288821878e+01 +4.425821878e+01 +4.425821878e+01 -1.3289e+00 +1.1964e+00 -2.9516e+00 +1.8073e+00 -2.4189e+00
50 0 +1.255901416e+01 +4.392901416e+01 +4.392901416e+01 -1.3883e+00 +1.1730e+00 -2.9088e+00 +1.9498e+00 -2.3506e+00
53 0 +1.221632959e+01 +4.358632959e+01 +4.358632959e+01 -1.2823e+00 +1.2014e+00 -2.9091e+00 +2.0214e+00 -2.3272e+00
54 0 +1.178573305e+01 +4.315573305e+01 +4.315573305e+01 -1.2665e+00 +1.2625e+00 -2.8718e+00 +2.0542e+00 -2.2917e+00
56 0 +1.173404013e+01 +4.310404013e+01 +4.310404013e+01 -1.2499e+00 +1.2368e+00 -2.8862e+00 +2.0568e+00 -2.2825e+00
57 0 +9.918061704e+00 +4.128806170e+01 +4.128806170e+01 -1.1468e+00 +1.2625e+00 -2.8668e+00 +2.1337e+00 -2.1672e+00
58 0 +8.476826755e+00 +3.984682676e+01 +3.984682676e+01 -7.2986e-01 +8.6705e-01 -3.0822e+00 +2.2814e+00 -1.8578e+00
61 0 +8.051453102e+00 +3.942145310e+01 +3.942145310e+01 -7.2624e-01 +8.5888e-01 -3.0843e+00 +2.3138e+00 -1.8898e+00
65 0 +7.792037578e+00 +3.916203758e+01 +3.916203758e+01 -7.2058e-01 +8.6978e-01 -3.0864e+00 +2.3320e+00 -1.8971e+00
66 0 +7.078810120e+00 +3.844881012e+01 +3.844881012e+01 -6.9280e-01 +9.0891e-01 -3.0952e+00 +2.4063e+00 -1.9241e+00
67 0 +6.749925872e+00 +3.811992587e+01 +3.811992587e+01 -6.4359e-01 +9.2399e-01 -3.1064e+00 +2.4814e+00 -1.9386e+00
70 0 +6.498962484e+00 +3.786896248e+01 +3.786896248e+01 -6.5287e-01 +1.0260e+00 -3.1289e+00 +2.4981e+00 -1.9583e+00
71 0 +6.456305266e+00 +3.782630527e+01 +3.782630527e+01 -6.5113e-01 +1.0344e+00 -3.0898e+00 +2.5061e+00 -1.9805e+00
73 0 +6.271297249e+00 +3.764129725e+01 +3.764129725e+01 -6.3478e-01 +1.0410e+00 -3.0961e+00 +2.5389e+00 -1.9861e+00
74 0 +5.604027125e+00 +3.697402713e+01 +3.697402713e+01 -6.0947e-01 +1.0689e+00 -3.1106e+00 +2.6200e+00 -2.0060e+00
78 0 +5.391747710e+00 +3.676174771e+01 +3.676174771e+01 -5.9727e-01 +1.0980e+00 -3.1189e+00 +2.6313e+00 -2.0072e+00
81 0 +5.361131081e+00 +3.673113108e+01 +3.673113108e+01 -6.2079e-01 +1.1064e+00 -3.1193e+00 +2.6362e+00 -1.9946e+00
83 0 +5.187120006e+00 +3.655712001e+01 +3.655712001e+01 -6.1955e-01 +1.1149e+00 -3.1242e+00 +2.6533e+00 -1.9992e+00
84 0 +4.560645394e+00 +3.593064539e+01 +3.593064539e+01 -6.1448e-01 +1.1491e+00 -3.1439e+00 +2.7216e+00 -2.0172e+00
88 0 +4.429996311e+00 +3.579999631e+01 +3.579999631e+01 -6.0921e-01 +1.1540e+00 -3.1601e+00 +2.7386e+00 -2.0144e+00
93 0 +4.311100503e+00 +3.568110050e+01 +3.568110050e+01 -6.1116e-01 +1.1635e+00 -3.1599e+00 +2.7592e+00 -2.0081e+00
97 0 +4.200077098e+00 +3.557007710e+01 +3.557007710e+01 -6.0541e-01 +1.1692e+00 -3.1641e+00 +2.7770e+00 -2.0134e+00
98 0 +3.826759266e+00 +3.519675927e+01 +3.519675927e+01 -6.1998e-01 +1.2136e+00 -3.1997e+00 +2.8281e+00 -2.0289e+00
104 0 +3.766314006e+00 +3.513631401e+01 +3.513631401e+01 -6.5187e-01 +1.2212e+00 -3.1850e+00 +2.8474e+00 -2.0265e+00
106 0 +3.688098462e+00 +3.505809846e+01 +3.505809846e+01 -6.4997e-01 +1.2194e+00 -3.1894e+00 +2.8634e+00 -2.0286e+00
107 0 +3.459066237e+00 +3.482906624e+01 +3.482906624e+01 -6.4372e-01 +1.2375e+00 -3.1970e+00 +2.8966e+00 -2.0361e+00
127 0 +3.387190717e+00 +3.475719072e+01 +3.475719072e+01 -6.5089e-01 +1.2414e+00 -3.2036e+00 +2.9045e+00 -2.0551e+00
139 0 +3.293495474e+00 +3.466349547e+01 +3.466349547e+01 -6.4882e-01 +1.2490e+00 -3.2061e+00 +2.9174e+00 -2.0570e+00
146 0 +3.222483186e+00 +3.459248319e+01 +3.459248319e+01 -6.4771e-01 +1.2505e+00 -3.2103e+00 +2.9290e+00 -2.0579e+00
155 0 +3.144550425e+00 +3.451455043e+01 +3.451455043e+01 -6.4900e-01 +1.2512e+00 -3.2153e+00 +2.9450e+00 -2.0470e+00
156 0 +3.050755832e+00 +3.442075583e+01 +3.442075583e+01 -6.4636e-01 +1.2583e+00 -3.2184e+00 +2.9585e+00 -2.0494e+00
163 0 +3.005488011e+00 +3.437548801e+01 +3.437548801e+01 -6.4498e-01 +1.2617e+00 -3.2201e+00 +2.9653e+00 -2.0508e+00
177 0 +2.945000568e+00 +3.431500057e+01 +3.431500057e+01 -6.4143e-01 +1.2636e+00 -3.2262e+00 +2.9743e+00 -2.0554e+00
183 0 +2.856529730e+00 +3.422652973e+01 +3.422652973e+01 -6.3826e-01 +1.2626e+00 -3.2379e+00 +2.9908e+00 -2.0603e+00
192 0 +2.787135134e+00 +3.415713513e+01 +3.415713513e+01 -6.2251e-01 +1.2658e+00 -3.2475e+00 +3.0025e+00 -2.0543e+00
197 0 +2.748717311e+00 +3.411871731e+01 +3.411871731e+01 -6.2129e-01 +1.2686e+00 -3.2491e+00 +3.0106e+00 -2.0573e+00
200 0 +2.644666545e+00 +3.401466654e+01 +3.401466654e+01 -6.2168e-01 +1.2896e+00 -3.2657e+00 +3.0288e+00 -2.0587e+00
207 0 +2.630060036e+00 +3.400006004e+01 +3.400006004e+01 -6.1967e-01 +1.2910e+00 -3.2689e+00 +3.0316e+00 -2.0622e+00
230 0 +2.570219849e+00 +3.394021985e+01 +3.394021985e+01 -6.1375e-01 +1.3014e+00 -3.2765e+00 +3.0470e+00 -2.0642e+00
% f evaluations | g evaluations | best noise-free fitness - Fopt (-1.000000000000e+03) + sum g_i+ | measured fitness | best measured fitness or single-digit g-values | x1 | x2...
1 0 +1.614676113e+05 +1.604676113e+05 +1.604676113e+05 +0.0000e+00 +0.0000e+00 +0.0000e+00 +0.0000e+00 +0.0000e+00
5 0 +1.395084659e+05 +1.385084659e+05 +1.385084659e+05 +0.0000e+00 +0.0000e+00 +5.0000e-01 +0.0000e+00 +0.0000e+00
8 0 +1.154097500e+05 +1.144097500e+05 +1.144097500e+05 -1.7937e-01 -1.7231e-01 +7.9702e-01 +2.4961e-01 +1.9394e-01
9 0 +9.581488241e+04 +9.481488241e+04 +9.481488241e+04 -3.8118e-01 -3.6617e-01 +1.1312e+00 +1.3820e-01 +4.1214e-01
10 0 +6.835921272e+04 +6.735921272e+04 +6.735921272e+04 -2.2260e-01 -5.6300e-01 +1.4705e+00 +2.8627e-01 +6.3367e-01
11 0 +3.374647964e+04 +3.274647964e+04 +3.274647964e+04 -7.7996e-02 -1.2434e+00 +2.2176e+00 +6.8058e-01 +1.0673e+00
12 0 +2.306040143e+04 +2.206040143e+04 +2.206040143e+04 -3.0767e-01 -1.6197e+00 +2.3042e+00 +8.0842e-01 +1.0522e+00
13 0 +1.360369665e+04 +1.260369665e+04 +1.260369665e+04 -4.6763e-01 -1.6403e+00 +2.6173e+00 +9.6846e-01 +1.2381e+00
14 0 +1.216785056e+04 +1.116785056e+04 +1.116785056e+04 -4.3741e-01 -1.7710e+00 +2.7996e+00 +8.9253e-01 +1.2380e+00
15 0 +1.132633751e+04 +1.032633751e+04 +1.032633751e+04 -4.3969e-01 -1.8176e+00 +2.7738e+00 +8.8626e-01 +1.3437e+00
16 0 +1.018775450e+04 +9.187754496e+03 +9.187754496e+03 -4.0483e-01 -1.8616e+00 +2.7965e+00 +9.8865e-01 +1.3541e+00
17 0 +7.573950936e+03 +6.573950936e+03 +6.573950936e+03 -4.9430e-01 -1.9026e+00 +2.8355e+00 +1.0373e+00 +1.3801e+00
18 0 +3.796516675e+03 +2.796516675e+03 +2.796516675e+03 -6.5977e-01 -1.9482e+00 +2.9778e+00 +1.1645e+00 +1.4943e+00
19 0 +3.667116921e+03 +2.667116921e+03 +2.667116921e+03 -6.6386e-01 -1.9195e+00 +3.0508e+00 +1.2046e+00 +1.5624e+00
21 0 +2.556435017e+03 +1.556435017e+03 +1.556435017e+03 -7.1452e-01 -2.0324e+00 +3.0907e+00 +1.2222e+00 +1.5636e+00
22 0 +2.367710130e+03 +1.367710130e+03 +1.367710130e+03 -7.2318e-01 -2.0276e+00 +3.1018e+00 +1.2315e+00 +1.5445e+00
23 0 +2.148823593e+03 +1.148823593e+03 +1.148823593e+03 -7.5477e-01 -2.0233e+00 +3.1075e+00 +1.2156e+00 +1.5460e+00
24 0 +1.968716663e+03 +9.687166629e+02 +9.687166629e+02 -7.9428e-01 -2.0401e+00 +3.1203e+00 +1.2342e+00 +1.5341e+00
25 0 +1.926497534e+03 +9.264975343e+02 +9.264975343e+02 -7.9347e-01 -2.0519e+00 +3.1539e+00 +1.2124e+00 +1.5198e+00
26 0 +1.859700025e+03 +8.597000252e+02 +8.597000252e+02 -8.0567e-01 -2.0221e+00 +3.1807e+00 +1.2246e+00 +1.5324e+00
27 0 +1.805722028e+03 +8.057220276e+02 +8.057220276e+02 -8.3162e-01 -1.9991e+00 +3.1746e+00 +1.2157e+00 +1.4980e+00
28 0 +1.518418535e+03 +5.184185346e+02 +5.184185346e+02 -8.7408e-01 -2.0061e+00 +3.1801e+00 +1.1996e+00 +1.5169e+00
29 0 +1.138227784e+03 +1.382277836e+02 +1.382277836e+02 -9.5333e-01 -2.0201e+00 +3.1946e+00 +1.1774e+00 +1.5462e+00
30 0 +1.076159096e+03 +7.615909623e+01 +7.615909623e+01 -9.7919e-01 -2.0251e+00 +3.2013e+00 +1.1737e+00 +1.5530e+00
31 0 +1.036552390e+03 +3.655238954e+01 +3.655238954e+01 -9.9469e-01 -2.0283e+00 +3.2059e+00 +1.1727e+00 +1.5562e+00
33 0 +1.018649521e+03 +1.864952076e+01 +1.864952076e+01 -9.9392e-01 -2.0290e+00 +3.2094e+00 +1.1704e+00 +1.5536e+00
36 0 +9.985890826e+02 -1.410917374e+00 -1.410917374e+00 -9.9531e-01 -2.0241e+00 +3.2157e+00 +1.1728e+00 +1.5528e+00
% f evaluations | g evaluations | best noise-free fitness - Fopt (1.319200000000e+02) + sum g_i+ | measured fitness | best measured fitness or single-digit g-values | x1 | x2...
1 0 +5.786648243e+05 +5.787967443e+05 +5.787967443e+05 +0.0000e+00 +0.0000e+00 +0.0000e+00 +0.0000e+00 +0.0000e+00
4 0 +5.759075153e+05 +5.760394353e+05 +5.760394353e+05 +0.0000e+00 +5.0000e-01 +0.0000e+00 +0.0000e+00 +0.0000e+00
8 0 +5.060337492e+05 +5.061656692e+05 +5.061656692e+05 -3.5552e-01 +5.5003e-01 -3.4565e-01 -1.9131e-02 +3.5542e-02
9 0 +2.721999833e+05 +2.723319033e+05 +2.723319033e+05 -1.4938e+00 -1.0761e-01 -1.4723e+00 -7.5875e-01 -6.3928e-01
10 0 +7.879556471e+04 +7.892748471e+04 +7.892748471e+04 -2.9003e+00 -1.5702e-01 -2.8594e+00 -1.5030e+00 -1.2759e+00
11 0 +4.772102887e+04 +4.785294887e+04 +4.785294887e+04 -3.3698e+00 -5.4472e-02 -3.3216e+00 -1.7250e+00 -1.4577e+00
12 0 +3.352526789e+04 +3.365718789e+04 +3.365718789e+04 -3.6701e+00 +6.0528e-02 -3.6169e+00 -1.8560e+00 -1.5612e+00
13 0 +2.793528690e+04 +2.806720690e+04 +2.806720690e+04 -3.8858e+00 +1.6968e-01 -3.8289e+00 -1.9443e+00 -1.6287e+00
14 0 +2.192115109e+04 +2.205307109e+04 +2.205307109e+04 -4.3564e+00 +7.4664e-03 -3.6010e+00 -1.7163e+00 -1.4008e+00
17 0 +2.187728867e+04 +2.200920867e+04 +2.200920867e+04 -4.3591e+00 +7.5119e-03 -3.6037e+00 -1.6499e+00 -1.4702e+00
18 0 +1.950970145e+04 +1.964162145e+04 +1.964162145e+04 -4.4020e+00 +8.3913e-02 -3.6158e+00 -1.6228e+00 -1.4438e+00
19 0 +1.451044007e+04 +1.464236007e+04 +1.464236007e+04 -4.4653e+00 +3.6216e-01 -3.5350e+00 -1.4415e+00 -1.2792e+00
20 0 +9.225216530e+03 +9.357136530e+03 +9.357136530e+03 -4.6992e+00 +5.3471e-01 -3.7072e+00 -1.3012e+00 -1.3982e+00
23 0 +6.578631509e+03 +6.710551509e+03 +6.710551509e+03 -4.7508e+00 +7.0121e-01 -3.7777e+00 -1.3308e+00 -1.3707e+00
24 0 +5.274938981e+03 +5.406858981e+03 +5.406858981e+03 -4.8169e+00 +7.8669e-01 -3.8278e+00 -1.4198e+00 -1.4927e+00
25 0 +4.124597574e+03 +4.256517574e+03 +4.256517574e+03 -4.8326e+00 +8.2415e-01 -4.0143e+00 -1.4104e+00 -1.4709e+00
26 0 +3.038833010e+03 +3.170753010e+03 +3.170753010e+03 -4.8256e+00 +9.9753e-01 -4.0586e+00 -1.4684e+00 -1.4316e+00
27 0 +2.231042754e+03 +2.362962754e+03 +2.362962754e+03 -4.9254e+00 +1.0155e+00 -4.0649e+00 -1.4678e+00 -1.4008e+00
28 0 +2.101856329e+03 +2.233776329e+03 +2.233776329e+03 -4.9817e+00 +1.0293e+00 -4.1103e+00 -1.5410e+00 -1.3784e+00
29 0 +2.001334487e+03 +2.133254487e+03 +2.133254487e+03 -5.0000e+00 +1.1030e+00 -4.1433e+00 -1.4833e+00 -1.4114e+00
30 0 +1.864744530e+03 +1.996664530e+03 +1.996664530e+03 -5.0000e+00 +1.1175e+00 -4.1542e+00 -1.4518e+00 -1.3240e+00
31 0 +1.242394226e+03 +1.374314226e+03 +1.374314226e+03 -5.0000e+00 +1.1682e+00 -4.0770e+00 -1.4656e+00 -1.3083e+00
32 0 +9.199164117e+02 +1.051836412e+03 +1.051836412e+03 -5.0000e+00 +1.1988e+00 -3.9911e+00 -1.4521e+00 -1.2866e+00
34 0 +7.278117597e+02 +8.597317597e+02 +8.597317597e+02 -4.9783e+00 +1.2734e+00 -3.9728e+00 -1.4758e+00 -1.2354e+00
35 0 +6.135474337e+02 +7.454674337e+02 +7.454674337e+02 -5.0000e+00 +1.3121e+00 -3.9566e+00 -1.4660e+00 -1.2484e+00
36 0 +4.306357118e+02 +5.625557118e+02 +5.625557118e+02 -4.9971e+00 +1.3287e+00 -3.9427e+00 -1.4255e+00 -1.2289e+00
37 0 +3.321183338e+02 +4.640383338e+02 +4.640383338e+02 -5.0000e+00 +1.3470e+00 -3.9147e+00 -1.4001e+00 -1.2020e+00
41 0 +3.023624149e+02 +4.342824149e+02 +4.342824149e+02 -5.0000e+00 +1.3404e+00 -3.9128e+00 -1.3898e+00 -1.2042e+00
42 0 +2.589574419e+02 +3.908774419e+02 +3.908774419e+02 -5.0000e+00 +1.3385e+00 -3.9056e+00 -1.3798e+00 -1.2047e+00
43 0 +2.152294256e+02 +3.471494256e+02 +3.471494256e+02 -5.0000e+00 +1.3275e+00 -3.8797e+00 -1.3386e+00 -1.2081e+00
44 0 +1.411706355e+02 +2.730906355e+02 +2.730906355e+02 -5.0000e+00 +1.3406e+00 -3.8394e+00 -1.3126e+00 -1.2029e+00
46 0 +6.819285152e+01 +2.001128515e+02 +2.001128515e+02 -5.0000e+00 +1.3857e+00 -3.7865e+00 -1.3219e+00 -1.2014e+00
49 0 +6.651378421e+01 +1.984337842e+02 +1.984337842e+02 -5.0000e+00 +1.3931e+00 -3.7596e+00 -1.3229e+00 -1.1803e+00
51 0 +5.952669937e+01 +1.914466994e+02 +1.914466994e+02 -5.0000e+00 +1.4095e+00 -3.7646e+00 -1.3264e+00 -1.1793e+00
52 0 +4.012696152e+01 +1.720469615e+02 +1.720469615e+02 -5.0000e+00 +1.4149e+00 -3.7687e+00 -1.3110e+00 -1.1745e+00
53 0 +2.358067133e+01 +1.555006713e+02 +1.555006713e+02 -5.0000e+00 +1.4224e+00 -3.7740e+00 -1.2973e+00 -1.1685e+00
54 0 +6.607693623e+00 +1.385276936e+02 +1.385276936e+02 -5.0000e+00 +1.4542e+00 -3.7959e+00 -1.2443e+00 -1.1437e+00
57 0 +5.863749050e+00 +1.377837491e+02 +1.377837491e+02 -5.0000e+00 +1.4600e+00 -3.7754e+00 -1.2193e+00 -1.1560e+00
59 0 +5.729797580e+00 +1.376497976e+02 +1.376497976e+02 -4.9842e+00 +1.4500e+00 -3.7812e+00 -1.2110e+00 -1.1539e+00
71 0 +5.596116957e+00 +1.375161170e+02 +1.375161170e+02 -4.9739e+00 +1.4499e+00 -3.7769e+00 -1.2091e+00 -1.1579e+00
72 0 +5.423832573e+00 +1.373438326e+02 +1.373438326e+02 -4.9620e+00 +1.4587e+00 -3.7741e+00 -1.1963e+00 -1.1546e+00
73 0 +4.741515713e+00 +1.366615157e+02 +1.366615157e+02 -4.9101e+00 +1.4842e+00 -3.7614e+00 -1.1499e+00 -1.1274e+00
81 0 +4.616912887e+00 +1.365369129e+02 +1.365369129e+02 -4.9064e+00 +1.4761e+00 -3.7479e+00 -1.1434e+00 -1.1188e+00
85 0 +4.539577786e+00 +1.364595778e+02 +1.364595778e+02 -4.8954e+00 +1.4794e+00 -3.7498e+00 -1.1418e+00 -1.1156e+00
115 0 +4.466720664e+00 +1.363867207e+02 +1.363867207e+02 -4.8898e+00 +1.4823e+00 -3.7432e+00 -1.1428e+00 -1.1172e+00
209 0 +4.361841513e+00 +1.362818415e+02 +1.362818415e+02 -4.8825e+00 +1.4874e+00 -3.7368e+00 -1.1329e+00 -1.1162e+00
% f evaluations | g evaluations | best noise-free fitness - Fopt (5.908400000000e+02) + sum g_i+ | measured fitness | best measured fitness or single-digit g-values | x1 | x2...
1 0 +4.352378007e+05 +4.358286407e+05 +4.358286407e+05 +0.0000e+00 +0.0000e+00 +0.0000e+00 +0.0000e+00 +0.0000e+00
8 0 +3.292817464e+05 +3.298725864e+05 +3.298725864e+05 -4.9380e-02 -3.6059e-01 -2.5608e-01 -1.3987e-01 -1.7999e-01
9 0 +1.706722378e+05 +1.712630778e+05 +1.712630778e+05 -6.3559e-02 -1.4101e+00 -9.5792e-01 -4.5509e-01 -6.2869e-01
10 0 +8.893416311e+04 +8.952500311e+04 +8.952500311e+04 +1.7410e-01 -2.2384e+00 -1.4282e+00 -5.2736e-01 -8.3839e-01
11 0 +6.236631679e+04 +6.295715679e+04 +6.295715679e+04 +3.9781e-01 -2.7234e+00 -1.6752e+00 -5.0971e-01 -9.1211e-01
12 0 +4.544379814e+04 +4.603463814e+04 +4.603463814e+04 +6.0743e-01 -3.0733e+00 -1.8372e+00 -4.6278e-01 -9.3731e-01
13 0 +3.444022705e+04 +3.503106705e+04 +3.503106705e+04 +5.7487e-01 -3.0735e+00 -2.0075e+00 -5.5560e-01 -1.0569e+00
15 0 +3.365899637e+04 +3.424983637e+04 +3.424983637e+04 +5.5948e-01 -3.1539e+00 -1.9541e+00 -7.0695e-01 -1.0617e+00
17 0 +3.293105343e+04 +3.352189343e+04 +3.352189343e+04 +5.0930e-01 -3.2392e+00 -2.0163e+00 -6.8218e-01 -1.0233e+00
18 0 +3.163866269e+04 +3.222950269e+04 +3.222950269e+04 +5.1224e-01 -3.2365e+00 -2.0560e+00 -7.0246e-01 -1.0456e+00
19 0 +2.939729781e+04 +2.998813781e+04 +2.998813781e+04 +5.1560e-01 -3.2404e+00 -2.0963e+00 -7.2424e-01 -1.0648e+00
20 0 +1.986577695e+04 +2.045661695e+04 +2.045661695e+04 +5.2812e-01 -3.2411e+00 -2.2568e+00 -8.0820e-01 -1.1488e+00
21 0 +8.659742127e+03 +9.250582127e+03 +9.250582127e+03 +5.5627e-01 -3.2247e+00 -2.6306e+00 -1.0006e+00 -1.3537e+00
22 0 +3.691489565e+03 +4.282329565e+03 +4.282329565e+03 +5.7503e-01 -3.2330e+00 -2.8658e+00 -1.1249e+00 -1.4732e+00
23 0 +1.919757555e+03 +2.510597555e+03 +2.510597555e+03 +5.8529e-01 -3.2425e+00 -2.9907e+00 -1.1919e+00 -1.5340e+00
24 0 +1.040296097e+03 +1.631136097e+03 +1.631136097e+03 +5.9190e-01 -3.2507e+00 -3.0697e+00 -1.2347e+00 -1.5715e+00
25 0 +6.918235808e+02 +1.282663581e+03 +1.282663581e+03 +5.9646e-01 -3.2572e+00 -3.1237e+00 -1.2641e+00 -1.5966e+00
26 0 +5.029747346e+02 +1.093814735e+03 +1.093814735e+03 +5.4340e-01 -3.2688e+00 -3.0956e+00 -1.2968e+00 -1.6252e+00
27 0 +3.009332940e+02 +8.917732940e+02 +8.917732940e+02 +5.2441e-01 -3.2365e+00 -3.1062e+00 -1.3328e+00 -1.5721e+00
28 0 +2.511521507e+02 +8.419921507e+02 +8.419921507e+02 +4.7534e-01 -3.2423e+00 -3.1388e+00 -1.2879e+00 -1.5621e+00
30 0 +2.437286395e+01 +6.152128639e+02 +6.152128639e+02 +4.5179e-01 -3.2740e+00 -3.1785e+00 -1.3371e+00 -1.5544e+00
32 0 +1.245138046e+01 +6.032913805e+02 +6.032913805e+02 +4.6458e-01 -3.2772e+00 -3.1956e+00 -1.3361e+00 -1.5418e+00
34 0 +6.531460241e+00 +5.973714602e+02 +5.973714602e+02 +4.6151e-01 -3.2763e+00 -3.2047e+00 -1.3416e+00 -1.5477e+00
37 0 +5.881603892e+00 +5.967216039e+02 +5.967216039e+02 +4.6192e-01 -3.2733e+00 -3.2073e+00 -1.3441e+00 -1.5461e+00
40 0 +5.733881279e+00 +5.965738813e+02 +5.965738813e+02 +4.5918e-01 -3.2692e+00 -3.2117e+00 -1.3499e+00 -1.5488e+00
111 0 +5.609987172e+00 +5.964499872e+02 +5.964499872e+02 +4.6670e-01 -3.2649e+00 -3.2144e+00 -1.3516e+00 -1.5394e+00
189 0 +5.494561725e+00 +5.963345617e+02 +5.963345617e+02 +4.7596e-01 -3.2654e+00 -3.2166e+00 -1.3491e+00 -1.5284e+00
196 0 +5.359031796e+00 +5.961990318e+02 +5.961990318e+02 +4.9097e-01 -3.2620e+00 -3.2224e+00 -1.3567e+00 -1.5209e+00
% f evaluations | g evaluations | best noise-free fitness - Fopt (-1.330000000000e+00) + sum g_i+ | measured fitness | best measured fitness or single-digit g-values | x1 | x2...
1 0 +5.824378025e+05 +5.824364725e+05 +5.824364725e+05 +0.0000e+00 +0.0000e+00 +0.0000e+00 +0.0000e+00 +0.0000e+00
4 0 +5.778810152e+05 +5.778796852e+05 +5.778796852e+05 +0.0000e+00 +5.0000e-01 +0.0000e+00 +0.0000e+00 +0.0000e+00
8 0 +5.217559736e+05 +5.217546436e+05 +5.217546436e+05 -1.1624e-01 +6.7549e-02 +6.0279e-01 +4.5575e-02 -4.6827e-01
9 0 +2.155433313e+05 +2.155420013e+05 +2.155420013e+05 -5.0309e-01 +2.9234e-01 +1.7640e+00 +1.9724e-01 -2.0266e+00
10 0 +1.079791243e+05 +1.079777943e+05 +1.079777943e+05 -6.6459e-01 +3.8619e-01 +3.0897e+00 +2.6056e-01 -2.6772e+00
11 0 +8.185854721e+04 +8.185721721e+04 +8.185721721e+04 -9.0889e-01 +2.0141e-01 +3.1011e+00 +6.8660e-02 -3.0355e+00
12 0 +4.605481894e+04 +4.605348894e+04 +4.605348894e+04 -1.0165e+00 +2.4912e-01 +3.6789e+00 +9.7799e-02 -3.4407e+00
13 0 +3.652643904e+04 +3.652510904e+04 +3.652510904e+04 -9.6001e-01 +3.4070e-01 +3.8929e+00 +1.8518e-01 -3.4513e+00
14 0 +3.378775876e+04 +3.378642876e+04 +3.378642876e+04 -6.6040e-01 +2.2928e-01 +3.7236e+00 +4.8479e-01 -3.7640e+00
15 0 +2.313378049e+04 +2.313245049e+04 +2.313245049e+04 -9.8908e-01 +5.2243e-01 +3.5705e+00 +7.5561e-01 -3.8410e+00
17 0 +1.356694518e+04 +1.356561518e+04 +1.356561518e+04 -1.1156e+00 +5.6591e-01 +3.7873e+00 +8.2358e-01 -4.0775e+00
18 0 +1.181615764e+04 +1.181482764e+04 +1.181482764e+04 -1.1272e+00 +7.2541e-01 +3.9718e+00 +1.0246e+00 -4.1184e+00
19 0 +8.503617236e+03 +8.502287236e+03 +8.502287236e+03 -1.3388e+00 +7.0962e-01 +3.9662e+00 +1.0577e+00 -4.3575e+00
22 0 +7.178161983e+03 +7.176831983e+03 +7.176831983e+03 -1.3752e+00 +7.2196e-01 +4.0391e+00 +9.9405e-01 -4.3623e+00
23 0 +6.577471455e+03 +6.576141455e+03 +6.576141455e+03 -1.4548e+00 +7.7053e-01 +4.0727e+00 +9.6727e-01 -4.3805e+00
24 0 +5.704046463e+03 +5.702716463e+03 +5.702716463e+03 -1.4844e+00 +7.2897e-01 +4.0289e+00 +8.8789e-01 -4.3871e+00
25 0 +5.302166718e+03 +5.300836718e+03 +5.300836718e+03 -1.4896e+00 +7.4425e-01 +4.0539e+00 +8.0231e-01 -4.3355e+00
26 0 +4.420575539e+03 +4.419245539e+03 +4.419245539e+03 -1.4945e+00 +7.1402e-01 +4.0969e+00 +7.4388e-01 -4.4038e+00
27 0 +4.073954733e+03 +4.072624733e+03 +4.072624733e+03 -1.5023e+00 +7.4593e-01 +4.0695e+00 +6.7133e-01 -4.4653e+00
28 0 +3.715983286e+03 +3.714653286e+03 +3.714653286e+03 -1.5676e+00 +6.8997e-01 +4.0942e+00 +6.2152e-01 -4.4850e+00
30 0 +3.694611561e+03 +3.693281561e+03 +3.693281561e+03 -1.5746e+00 +7.0921e-01 +4.1361e+00 +6.1296e-01 -4.5009e+00
33 0 +3.625512829e+03 +3.624182829e+03 +3.624182829e+03 -1.6072e+00 +7.0024e-01 +4.1385e+00 +6.2842e-01 -4.5071e+00
35 0 +3.425398795e+03 +3.424068795e+03 +3.424068795e+03 -1.6310e+00 +6.6492e-01 +4.1500e+00 +6.2200e-01 -4.5279e+00
36 0 +2.861748397e+03 +2.860418397e+03 +2.860418397e+03 -1.6668e+00 +5.8796e-01 +4.1712e+00 +5.9057e-01 -4.5647e+00
37 0 +1.878168388e+03 +1.876838388e+03 +1.876838388e+03 -1.7853e+00 +2.7641e-01 +4.2504e+00 +4.3461e-01 -4.7000e+00
38 0 +1.835666433e+03 +1.834336433e+03 +1.834336433e+03 -1.8819e+00 +2.0190e-01 +4.3193e+00 +5.3141e-01 -4.6409e+00
40 0 +1.133018602e+03 +1.131688602e+03 +1.131688602e+03 -1.9936e+00 +2.2196e-01 +4.2629e+00 +5.4449e-01 -4.7432e+00
41 0 +1.083927117e+03 +1.082597117e+03 +1.082597117e+03 -2.0796e+00 +2.6574e-01 +4.3343e+00 +5.0162e-01 -4.8271e+00
42 0 +9.602525418e+02 +9.589225418e+02 +9.589225418e+02 -2.0807e+00 +2.1449e-01 +4.3318e+00 +4.6984e-01 -4.8385e+00
43 0 +7.238675576e+02 +7.225375576e+02 +7.225375576e+02 -2.1282e+00 +1.9131e-01 +4.2729e+00 +4.6474e-01 -4.8580e+00
46 0 +4.822271371e+02 +4.808971371e+02 +4.808971371e+02 -2.1310e+00 +1.9828e-01 +4.2506e+00 +4.3137e-01 -4.8569e+00
47 0 +2.566659571e+02 +2.553359571e+02 +2.553359571e+02 -2.1366e+00 +2.0979e-01 +4.2094e+00 +3.6799e-01 -4.8551e+00
48 0 +2.423542559e+02 +2.410242559e+02 +2.410242559e+02 -2.1419e+00 +2.1173e-01 +4.1823e+00 +3.1987e-01 -4.8541e+00
50 0 +2.147447392e+02 +2.134147392e+02 +2.134147392e+02 -2.1587e+00 +2.2427e-01 +4.1965e+00 +3.1396e-01 -4.8697e+00
55 0 +2.111106259e+02 +2.097806259e+02 +2.097806259e+02 -2.1631e+00 +2.3425e-01 +4.1946e+00 +3.2160e-01 -4.8716e+00
56 0 +2.040030653e+02 +2.026730653e+02 +2.026730653e+02 -2.1666e+00 +2.3467e-01 +4.1955e+00 +3.2237e-01 -4.8749e+00
57 0 +1.523367437e+02 +1.510067437e+02 +1.510067437e+02 -2.1802e+00 +2.3898e-01 +4.2020e+00 +3.2229e-01 -4.8874e+00
58 0 +1.043847811e+02 +1.030547811e+02 +1.030547811e+02 -2.2254e+00 +2.6027e-01 +4.2318e+00 +3.1434e-01 -4.9278e+00
64 0 +8.962430267e+01 +8.829430267e+01 +8.829430267e+01 -2.2329e+00 +2.5814e-01 +4.2267e+00 +3.0951e-01 -4.9207e+00
65 0 +6.374424084e+01 +6.241424084e+01 +6.241424084e+01 -2.2382e+00 +2.4935e-01 +4.2068e+00 +2.8957e-01 -4.9214e+00
68 0 +5.520347013e+01 +5.387347013e+01 +5.387347013e+01 -2.2460e+00 +2.3721e-01 +4.2080e+00 +2.8957e-01 -4.9254e+00
70 0 +5.401620039e+01 +5.268620039e+01 +5.268620039e+01 -2.2498e+00 +2.3805e-01 +4.2075e+00 +2.9096e-01 -4.9226e+00
71 0 +5.139134934e+01 +5.006134934e+01 +5.006134934e+01 -2.2530e+00 +2.3789e-01 +4.2087e+00 +2.9304e-01 -4.9256e+00
72 0 +4.679874077e+01 +4.546874077e+01 +4.546874077e+01 -2.2560e+00 +2.3768e-01 +4.2058e+00 +2.9142e-01 -4.9278e+00
73 0 +4.357563356e+01 +4.224563356e+01 +4.224563356e+01 -2.2595e+00 +2.3669e-01 +4.2032e+00 +2.9083e-01 -4.9301e+00
74 0 +4.198175762e+01 +4.065175762e+01 +4.065175762e+01 -2.2610e+00 +2.4083e-01 +4.2023e+00 +2.8992e-01 -4.9320e+00
75 0 +4.070237530e+01 +3.937237530e+01 +3.937237530e+01 -2.2645e+00 +2.4061e-01 +4.2028e+00 +2.9165e-01 -4.9351e+00
76 0 +3.882100483e+01 +3.749100483e+01 +3.749100483e+01 -2.2681e+00 +2.4125e-01 +4.1998e+00 +2.9205e-01 -4.9334e+00
77 0 +3.692772977e+01 +3.559772977e+01 +3.559772977e+01 -2.2676e+00 +2.4134e-01 +4.1956e+00 +2.9348e-01 -4.9355e+00
78 0 +3.196971966e+01 +3.063971966e+01 +3.063971966e+01 -2.2700e+00 +2.4098e-01 +4.1924e+00 +2.9120e-01 -4.9374e+00
79 0 +2.380958542e+01 +2.247958542e+01 +2.247958542e+01 -2.2779e+00 +2.3680e-01 +4.1823e+00 +2.7850e-01 -4.9450e+00
80 0 +2.242852105e+01 +2.109852105e+01 +2.109852105e+01 -2.2883e+00 +2.3784e-01 +4.1681e+00 +2.7310e-01 -4.9526e+00
81 0 +2.208885132e+01 +2.075885132e+01 +2.075885132e+01 -2.2889e+00 +2.3225e-01 +4.1671e+00 +2.7411e-01 -4.9518e+00
85 0 +2.182702058e+01 +2.049702058e+01 +2.049702058e+01 -2.2909e+00 +2.3191e-01 +4.1675e+00 +2.7225e-01 -4.9522e+00
86 0 +2.122894226e+01 +1.989894226e+01 +1.989894226e+01 -2.2918e+00 +2.3180e-01 +4.1676e+00 +2.7283e-01 -4.9528e+00
87 0 +1.887755233e+01 +1.754755233e+01 +1.754755233e+01 -2.2956e+00 +2.3150e-01 +4.1667e+00 +2.7453e-01 -4.9553e+00
88 0 +1.721750226e+01 +1.588750226e+01 +1.588750226e+01 -2.3109e+00 +2.3079e-01 +4.1610e+00 +2.7967e-01 -4.9657e+00
96 0 +1.683424525e+01 +1.550424525e+01 +1.550424525e+01 -2.3174e+00 +2.3890e-01 +4.1527e+00 +2.7419e-01 -4.9526e+00
103 0 +1.624064879e+01 +1.491064879e+01 +1.491064879e+01 -2.3332e+00 +2.5386e-01 +4.1468e+00 +2.8079e-01 -4.9355e+00
107 0 +1.582080966e+01 +1.449080966e+01 +1.449080966e+01 -2.3393e+00 +2.6322e-01 +4.1470e+00 +2.8371e-01 -4.9184e+00
125 0 +1.547782498e+01 +1.414782498e+01 +1.414782498e+01 -2.3434e+00 +2.7315e-01 +4.1492e+00 +2.9650e-01 -4.9057e+00
129 0 +1.503320407e+01 +1.370320407e+01 +1.370320407e+01 -2.3551e+00 +3.0440e-01 +4.1357e+00 +2.9666e-01 -4.8926e+00
130 0 +1.472908590e+01 +1.339908590e+01 +1.339908590e+01 -2.3612e+00 +3.2182e-01 +4.1384e+00 +3.0219e-01 -4.8971e+00
137 0 +1.430960909e+01 +1.297960909e+01 +1.297960909e+01 -2.3792e+00 +3.4944e-01 +4.1514e+00 +2.8804e-01 -4.8850e+00
138 0 +1.382934628e+01 +1.249934628e+01 +1.249934628e+01 -2.3921e+00 +3.7009e-01 +4.1560e+00 +2.9842e-01 -4.8553e+00
142 0 +1.378066222e+01 +1.245066222e+01 +1.245066222e+01 -2.3981e+00 +3.7060e-01 +4.1566e+00 +2.9675e-01 -4.8570e+00
162 0 +1.345497416e+01 +1.212497416e+01 +1.212497416e+01 -2.4126e+00 +3.8435e-01 +4.1535e+00 +3.0328e-01 -4.8364e+00
165 0 +1.312311784e+01 +1.179311784e+01 +1.179311784e+01 -2.4276e+00 +4.0577e-01 +4.1469e+00 +3.1300e-01 -4.8123e+00
174 0 +1.283244614e+01 +1.150244614e+01 +1.150244614e+01 -2.4487e+00 +4.3658e-01 +4.1312e+00 +3.2228e-01 -4.7827e+00
175 0 +1.250717038e+01 +1.117717038e+01 +1.117717038e+01 -2.5061e+00 +5.5668e-01 +4.1187e+00 +3.6022e-01 -4.7309e+00
213 0 +1.229667162e+01 +1.096667162e+01 +1.096667162e+01 -2.5369e+00 +6.0930e-01 +4.0949e+00 +3.6774e-01 -4.6733e+00
229 0 +1.166238434e+01 +1.033238434e+01 +1.033238434e+01 -2.5766e+00 +6.5942e-01 +4.0533e+00 +3.9390e-01 -4.6283e+00
234 0 +1.131595758e+01 +9.985957577e+00 +9.985957577e+00 -2.5988e+00 +6.4295e-01 +4.0611e+00 +4.0481e-01 -4.5844e+00
242 0 +1.121843345e+01 +9.888433446e+00 +9.888433446e+00 -2.6023e+00 +6.5138e-01 +4.0610e+00 +4.0923e-01 -4.5823e+00
% f evaluations | g evaluations | best noise-free fitness - Fopt (1.460000000000e+01) + sum g_i+ | measured fitness | best measured fitness or single-digit g-values | x1 | x2...
1 0 +6.275152511e+04 +6.276612511e+04 +6.276612511e+04 +0.0000e+00 +0.0000e+00 +0.0000e+00 +0.0000e+00 +0.0000e+00
6 0 +6.240498245e+04 +6.241958245e+04 +6.241958245e+04 +0.0000e+00 +0.0000e+00 +0.0000e+00 +5.0000e-01 +0.0000e+00
8 0 +4.386740809e+04 +4.388200809e+04 +4.388200809e+04 -6.0216e-02 -1.7784e-01 -2.6400e-02 +5.2113e-01 -4.6217e-01
9 0 +2.165458485e+04 +2.166918485e+04 +2.166918485e+04 -4.2132e-01 -6.2274e-01 -3.6342e-01 +2.1797e-01 -1.1096e+00
10 0 +1.058528802e+04 +1.059988802e+04 +1.059988802e+04 -6.5398e-01 -9.5640e-01 -5.6704e-01 +5.5165e-02 -1.6874e+00
11 0 +6.588054527e+03 +6.602654527e+03 +6.602654527e+03 -7.7265e-01 -1.1463e+00 -6.6523e-01 -1.4236e-02 -2.0495e+00
12 0 +4.473029397e+03 +4.487629397e+03 +4.487629397e+03 -8.4556e-01 -1.2739e+00 -7.2242e-01 -4.9331e-02 -2.3093e+00
13 0 +3.718239639e+03 +3.732839639e+03 +3.732839639e+03 -8.9353e-01 -1.3644e+00 -7.5818e-01 -6.7928e-02 -2.5024e+00
14 0 +3.674636578e+03 +3.689236578e+03 +3.689236578e+03 -9.1029e-01 -1.3825e+00 -7.7453e-01 -8.3699e-02 -2.4867e+00
17 0 +3.396581752e+03 +3.411181752e+03 +3.411181752e+03 -8.6442e-01 -1.4201e+00 -7.9931e-01 -5.5346e-02 -2.4786e+00
18 0 +2.487570034e+03 +2.502170034e+03 +2.502170034e+03 -8.4055e-01 -1.4375e+00 -8.3253e-01 -6.6841e-02 -2.4984e+00
19 0 +9.968645602e+02 +1.011464560e+03 +1.011464560e+03 -7.1879e-01 -1.4765e+00 -9.7722e-01 -9.1648e-02 -2.5442e+00
20 0 +4.009314874e+02 +4.155314874e+02 +4.155314874e+02 -6.5650e-01 -1.5053e+00 -1.0556e+00 -1.1033e-01 -2.5775e+00
21 0 +2.135748216e+02 +2.281748216e+02 +2.281748216e+02 -6.2912e-01 -1.5200e+00 -1.0911e+00 -1.1995e-01 -2.5944e+00
22 0 +1.180897479e+02 +1.326897479e+02 +1.326897479e+02 -6.1362e-01 -1.5290e+00 -1.1116e+00 -1.2590e-01 -2.6048e+00
23 0 +1.162873766e+02 +1.308873766e+02 +1.308873766e+02 -6.3756e-01 -1.5515e+00 -1.1047e+00 -1.3142e-01 -2.6546e+00
24 0 +8.251192617e+01 +9.711192617e+01 +9.711192617e+01 -6.2725e-01 -1.5562e+00 -1.1174e+00 -1.3491e-01 -2.6589e+00
28 0 +6.661420363e+01 +8.121420363e+01 +8.121420363e+01 -6.1980e-01 -1.5591e+00 -1.1158e+00 -1.4158e-01 -2.6603e+00
29 0 +3.169658925e+01 +4.629658925e+01 +4.629658925e+01 -6.1020e-01 -1.5773e+00 -1.1312e+00 -1.5691e-01 -2.6576e+00
30 0 +2.850013513e+01 +4.310013513e+01 +4.310013513e+01 -6.0873e-01 -1.5865e+00 -1.1408e+00 -1.5143e-01 -2.6562e+00
31 0 +2.818378093e+01 +4.278378093e+01 +4.278378093e+01 -6.1037e-01 -1.5961e+00 -1.1408e+00 -1.6272e-01 -2.6546e+00
51 0 +2.743450481e+01 +4.203450481e+01 +4.203450481e+01 -6.1167e-01 -1.5920e+00 -1.1108e+00 -1.8150e-01 -2.6676e+00
76 0 +2.674001974e+01 +4.134001974e+01 +4.134001974e+01 -6.0421e-01 -1.6034e+00 -1.0767e+00 -2.0164e-01 -2.6774e+00
95 0 +2.622335469e+01 +4.082335469e+01 +4.082335469e+01 -5.9640e-01 -1.5979e+00 -1.0527e+00 -2.1881e-01 -2.6865e+00
111 0 +2.554336547e+01 +4.014336547e+01 +4.014336547e+01 -5.9092e-01 -1.6053e+00 -1.0116e+00 -2.4398e-01 -2.7001e+00
124 0 +2.507926071e+01 +3.967926071e+01 +3.967926071e+01 -5.8375e-01 -1.6082e+00 -9.8684e-01 -2.7768e-01 -2.7008e+00
126 0 +2.408320990e+01 +3.868320990e+01 +3.868320990e+01 -5.6509e-01 -1.5865e+00 -9.0435e-01 -3.9077e-01 -2.6544e+00
127 0 +2.363698795e+01 +3.823698795e+01 +3.823698795e+01 -5.5709e-01 -1.5410e+00 -8.6190e-01 -4.5536e-01 -2.7453e+00
135 0 +2.331922167e+01 +3.791922167e+01 +3.791922167e+01 -5.5231e-01 -1.5200e+00 -7.8719e-01 -5.0596e-01 -2.7554e+00
172 0 +2.284176463e+01 +3.744176463e+01 +3.744176463e+01 -5.3951e-01 -1.5172e+00 -7.0694e-01 -5.6448e-01 -2.7703e+00
177 0 +2.221615756e+01 +3.681615756e+01 +3.681615756e+01 -5.0913e-01 -1.5391e+00 -6.2801e-01 -5.9503e-01 -2.7630e+00
183 0 +2.175392883e+01 +3.635392883e+01 +3.635392883e+01 -5.0171e-01 -1.5410e+00 -6.2213e-01 -6.2566e-01 -2.8076e+00
188 0 +2.109117424e+01 +3.569117424e+01 +3.569117424e+01 -5.1015e-01 -1.5251e+00 -5.8915e-01 -6.5294e-01 -2.8091e+00
192 0 +2.089099682e+01 +3.549099682e+01 +3.549099682e+01 -5.0433e-01 -1.5329e+00 -5.7812e-01 -6.5987e-01 -2.8129e+00
193 0 +2.032360125e+01 +3.492360125e+01 +3.492360125e+01 -5.0093e-01 -1.5271e+00 -5.4740e-01 -6.7452e-01 -2.8219e+00
203 0 +1.973210135e+01 +3.433210135e+01 +3.433210135e+01 -5.0265e-01 -1.5529e+00 -5.1573e-01 -6.9257e-01 -2.7965e+00
204 0 +1.937283871e+01 +3.397283871e+01 +3.397283871e+01 -4.7787e-01 -1.5674e+00 -4.9476e-01 -6.9552e-01 -2.8001e+00
206 0 +1.835979041e+01 +3.295979041e+01 +3.295979041e+01 -4.6714e-01 -1.5845e+00 -4.4495e-01 -7.1592e-01 -2.7906e+00
210 0 +1.758141289e+01 +3.218141289e+01 +3.218141289e+01 -4.7080e-01 -1.5849e+00 -4.1645e-01 -7.3440e-01 -2.8015e+00
219 0 +1.721911795e+01 +3.181911795e+01 +3.181911795e+01 -4.6962e-01 -1.5739e+00 -4.1970e-01 -7.6402e-01 -2.8244e+00
220 0 +1.643334282e+01 +3.103334282e+01 +3.103334282e+01 -4.7068e-01 -1.5668e+00 -3.8858e-01 -7.7830e-01 -2.8322e+00
227 0 +1.590821427e+01 +3.050821427e+01 +3.050821427e+01 -4.6265e-01 -1.5545e+00 -3.7396e-01 -8.0039e-01 -2.8381e+00
228 0 +1.514973159e+01 +2.974973159e+01 +2.974973159e+01 -4.5858e-01 -1.5606e+00 -3.6338e-01 -8.6797e-01 -2.8583e+00
229 0 +1.484064941e+01 +2.944064941e+01 +2.944064941e+01 -4.3715e-01 -1.4997e+00 -3.6957e-01 -8.9821e-01 -2.8621e+00
231 0 +1.477925268e+01 +2.937925268e+01 +2.937925268e+01 -4.4107e-01 -1.4986e+00 -3.6414e-01 -9.0174e-01 -2.8485e+00
232 0 +1.439519077e+01 +2.899519077e+01 +2.899519077e+01 -4.6272e-01 -1.4871e+00 -3.4272e-01 -8.9699e-01 -2.8628e+00
237 0 +1.373351492e+01 +2.833351492e+01 +2.833351492e+01 -4.6896e-01 -1.4772e+00 -3.0656e-01 -9.2576e-01 -2.8748e+00
242 0 +1.337607348e+01 +2.797607348e+01 +2.797607348e+01 -4.5868e-01 -1.4760e+00 -2.7918e-01 -9.4611e-01 -2.8768e+00
% f evaluations | g evaluations | best noise-free fitness - Fopt (-2.233600000000e+02) + sum g_i+ | measured fitness | best measured fitness or single-digit g-values | x1 | x2...
1 0 +6.369149799e+04 +6.346813799e+04 +6.346813799e+04 +0.0000e+00 +0.0000e+00 +0.0000e+00 +0.0000e+00 +0.0000e+00
3 0 +6.238592027e+04 +6.216256027e+04 +6.216256027e+04 +5.0000e-01 +0.0000e+00 +0.0000e+00 +0.0000e+00 +0.0000e+00
6 0 +4.520089620e+04 +4.497753620e+04 +4.497753620e+04 +0.0000e+00 +0.0000e+00 +0.0000e+00 +5.0000e-01 +0.0000e+00
8 0 +3.038089673e+04 +3.015753673e+04 +3.015753673e+04 +3.4692e-02 -5.7630e-02 +2.8163e-02 +9.9134e-01 -5.7151e-02
9 0 +6.854193733e+03 +6.630833733e+03 +6.630833733e+03 +1.0411e-01 -1.7295e-01 +8.4518e-02 +1.8674e+00 -1.7151e-01
10 0 +3.668991550e+03 +3.445631550e+03 +3.445631550e+03 +1.2308e-01 -2.0445e-01 +9.9914e-02 +2.0809e+00 -2.0276e-01
15 0 +2.958302261e+03 +2.734942261e+03 +2.734942261e+03 +8.6046e-02 -2.9917e-01 +1.0272e-01 +2.1315e+00 -2.0361e-01
16 0 +1.122317915e+03 +8.989579151e+02 +8.989579151e+02 +1.5910e-01 -3.3161e-01 +1.1739e-01 +2.2813e+00 -2.4639e-01
17 0 +9.459452350e+02 +7.225852350e+02 +7.225852350e+02 +1.4484e-01 -3.2309e-01 +1.0348e-01 +2.3251e+00 -2.4311e-01
18 0 +5.781295337e+02 +3.547695337e+02 +3.547695337e+02 +1.6776e-01 -3.4757e-01 +1.3128e-01 +2.3677e+00 -2.5064e-01
19 0 +4.459795910e+02 +2.226195910e+02 +2.226195910e+02 +1.5893e-01 -3.4639e-01 +1.2934e-01 +2.3932e+00 -2.4690e-01
20 0 +3.970805830e+02 +1.737205830e+02 +1.737205830e+02 +1.6503e-01 -3.5530e-01 +1.4036e-01 +2.4063e+00 -2.4807e-01
23 0 +3.875946998e+02 +1.642346998e+02 +1.642346998e+02 +1.6714e-01 -3.5433e-01 +1.3707e-01 +2.4102e+00 -2.5351e-01
24 0 +3.752824813e+02 +1.519224813e+02 +1.519224813e+02 +1.6544e-01 -3.5432e-01 +1.3716e-01 +2.4148e+00 -2.5275e-01
25 0 +3.497175018e+02 +1.263575018e+02 +1.263575018e+02 +1.6584e-01 -3.5524e-01 +1.3817e-01 +2.4196e+00 -2.5303e-01
26 0 +2.419343860e+02 +1.857438602e+01 +1.857438602e+01 +1.6121e-01 -3.5625e-01 +1.3960e-01 +2.4389e+00 -2.5109e-01
27 0 +2.313439608e+02 +7.983960791e+00 +7.983960791e+00 +1.5989e-01 -3.5621e-01 +1.3964e-01 +2.4423e+00 -2.5050e-01
28 0 +2.235971079e+02 +2.371078759e-01 +2.371078759e-01 +1.6288e-01 -3.5875e-01 +1.4278e-01 +2.4426e+00 -2.5144e-01
235 0 +2.173808339e+02 -5.979166112e+00 -5.979166112e+00 -2.7247e+00 +4.5483e-01 +3.6033e-01 +3.0421e+00 -1.8244e+00
% f evaluations | g evaluations | best noise-free fitness - Fopt (4.846300000000e+02) + sum g_i+ | measured fitness | best measured fitness or single-digit g-values | x1 | x2...
1 0 +1.260174650e+05 +1.265020950e+05 +1.265020950e+05 +0.0000e+00 +0.0000e+00 +0.0000e+00 +0.0000e+00 +0.0000e+00
6 0 +1.224362270e+05 +1.229208570e+05 +1.229208570e+05 +0.0000e+00 +0.0000e+00 +0.0000e+00 +5.0000e-01 +0.0000e+00
8 0 +1.037693900e+05 +1.042540200e+05 +1.042540200e+05 -4.3981e-01 -5.6501e-02 -2.2236e-01 +5.5430e-01 +3.1442e-02
9 0 +7.223548801e+04 +7.272011801e+04 +7.272011801e+04 -7.5499e-01 -1.4871e-01 -5.8522e-01 +6.4291e-01 +8.2752e-02
10 0 +3.993369648e+04 +4.041832648e+04 +4.041832648e+04 -1.8773e+00 -3.5535e-01 -1.3984e+00 +8.4149e-01 +1.9774e-01
11 0 +3.485962194e+04 +3.534425194e+04 +3.534425194e+04 -2.4474e+00 -5.7959e-01 -2.2809e+00 +1.0570e+00 +3.2253e-01
17 0 +3.424403491e+04 +3.472866491e+04 +3.472866491e+04 -2.4420e+00 -5.7165e-01 -2.3457e+00 +1.0468e+00 +3.5045e-01
19 0 +3.374201471e+04 +3.422664471e+04 +3.422664471e+04 -2.4185e+00 -5.5212e-01 -2.3747e+00 +9.9115e-01 +3.9825e-01
23 0 +3.249838676e+04 +3.298301676e+04 +3.298301676e+04 -2.3959e+00 -4.7080e-01 -2.4802e+00 +9.6986e-01 +4.6109e-01
24 0 +2.831734292e+04 +2.880197292e+04 +2.880197292e+04 -2.3746e+00 -3.4165e-01 -2.6112e+00 +8.9568e-01 +4.4743e-01
25 0 +1.929420562e+04 +1.977883562e+04 +1.977883562e+04 -2.3348e+00 +9.3885e-02 -3.1749e+00 +7.1112e-01 +1.3599e-01
26 0 +1.168348486e+04 +1.216811486e+04 +1.216811486e+04 -2.3785e+00 +7.2834e-01 -3.1044e+00 +3.2294e-01 +2.7249e-01
27 0 +7.701271121e+03 +8.185901121e+03 +8.185901121e+03 -2.6612e+00 +9.1281e-01 -3.4373e+00 +2.1650e-01 +4.8751e-01
29 0 +5.766195625e+03 +6.250825625e+03 +6.250825625e+03 -2.5565e+00 +8.3398e-01 -3.4865e+00 +9.0441e-02 +5.5433e-01
30 0 +3.605824620e+03 +4.090454620e+03 +4.090454620e+03 -2.5670e+00 +8.7551e-01 -3.5770e+00 -1.5117e-01 +5.0760e-01
31 0 +1.955321217e+03 +2.439951217e+03 +2.439951217e+03 -2.5942e+00 +8.9085e-01 -3.5413e+00 -3.0150e-01 +6.6709e-01
32 0 +1.472088713e+03 +1.956718713e+03 +1.956718713e+03 -2.6048e+00 +8.3091e-01 -3.6586e+00 -4.1649e-01 +7.4417e-01
35 0 +1.143141126e+03 +1.627771126e+03 +1.627771126e+03 -2.6554e+00 +9.0319e-01 -3.6737e+00 -4.4677e-01 +7.5871e-01
36 0 +8.639896435e+02 +1.348619643e+03 +1.348619643e+03 -2.6523e+00 +9.2796e-01 -3.6738e+00 -4.3037e-01 +8.4959e-01
37 0 +4.393483890e+02 +9.239783890e+02 +9.239783890e+02 -2.6335e+00 +9.8242e-01 -3.7463e+00 -4.2546e-01 +8.7313e-01
38 0 +2.203767984e+02 +7.050067984e+02 +7.050067984e+02 -2.6488e+00 +1.0326e+00 -3.8102e+00 -4.3398e-01 +9.2047e-01
42 0 +2.165369996e+02 +7.011669996e+02 +7.011669996e+02 -2.6475e+00 +1.0341e+00 -3.8168e+00 -4.3578e-01 +9.1015e-01
43 0 +2.135651228e+02 +6.981951228e+02 +6.981951228e+02 -2.6548e+00 +1.0359e+00 -3.8246e+00 -4.4085e-01 +9.1379e-01
46 0 +1.982164431e+02 +6.828464431e+02 +6.828464431e+02 -2.6690e+00 +1.0478e+00 -3.8326e+00 -4.4236e-01 +8.9929e-01
47 0 +1.388234234e+02 +6.234534234e+02 +6.234534234e+02 -2.7051e+00 +1.1075e+00 -3.8634e+00 -4.3865e-01 +8.7529e-01
49 0 +1.280418307e+02 +6.126718307e+02 +6.126718307e+02 -2.7400e+00 +1.0747e+00 -3.8916e+00 -4.7691e-01 +8.8791e-01
51 0 +1.189962306e+02 +6.036262306e+02 +6.036262306e+02 -2.7574e+00 +1.0923e+00 -3.9479e+00 -4.4797e-01 +8.9725e-01
54 0 +5.961730480e+01 +5.442473048e+02 +5.442473048e+02 -2.7355e+00 +1.0950e+00 -3.9570e+00 -4.5857e-01 +9.1958e-01
55 0 +3.835469172e+01 +5.229846917e+02 +5.229846917e+02 -2.7331e+00 +1.1205e+00 -3.9623e+00 -4.8076e-01 +9.1900e-01
56 0 +2.501249100e+01 +5.096424910e+02 +5.096424910e+02 -2.7225e+00 +1.1273e+00 -3.9653e+00 -4.8883e-01 +9.4971e-01
58 0 +2.446845325e+01 +5.090984533e+02 +5.090984533e+02 -2.7299e+00 +1.1202e+00 -3.9695e+00 -4.9688e-01 +9.5133e-01
72 0 +2.398119949e+01 +5.086111995e+02 +5.086111995e+02 -2.7542e+00 +1.1685e+00 -3.9582e+00 -4.9607e-01 +9.4506e-01
153 0 +2.343672697e+01 +5.080667270e+02 +5.080667270e+02 -2.7738e+00 +1.2401e+00 -3.9187e+00 -5.1947e-01 +9.3448e-01
156 0 +2.241720921e+01 +5.070472092e+02 +5.070472092e+02 -2.7934e+00 +1.3763e+00 -3.8964e+00 -5.9168e-01 +8.9636e-01
163 0 +2.217897564e+01 +5.068089756e+02 +5.068089756e+02 -2.7974e+00 +1.3887e+00 -3.9005e+00 -5.9334e-01 +8.6747e-01
171 0 +2.170778207e+01 +5.063377821e+02 +5.063377821e+02 -2.7990e+00 +1.4110e+00 -3.8902e+00 -5.9185e-01 +8.6048e-01
183 0 +2.136132762e+01 +5.059913276e+02 +5.059913276e+02 -2.8036e+00 +1.4217e+00 -3.8791e+00 -5.9610e-01 +8.5615e-01
209 0 +2.077850480e+01 +5.054085048e+02 +5.054085048e+02 -2.8135e+00 +1.4466e+00 -3.8626e+00 -5.9908e-01 +8.5429e-01
216 0 +1.993213675e+01 +5.045621368e+02 +5.045621368e+02 -2.8395e+00 +1.4699e+00 -3.8640e+00 -6.2535e-01 +8.5394e-01
218 0 +1.816051746e+01 +5.027905175e+02 +5.027905175e+02 -2.8318e+00 +1.5640e+00 -3.8602e+00 -6.9246e-01 +8.6269e-01
222 0 +1.723466656e+01 +5.018646666e+02 +5.018646666e+02 -2.8269e+00 +1.6122e+00 -3.8199e+00 -6.8613e-01 +8.5307e-01
224 0 +1.627441324e+01 +5.009044132e+02 +5.009044132e+02 -2.8229e+00 +1.6121e+00 -3.8242e+00 -6.8833e-01 +8.3534e-01
227 0 +1.612446537e+01 +5.007544654e+02 +5.007544654e+02 -2.8339e+00 +1.6063e+00 -3.8162e+00 -6.9088e-01 +8.2989e-01
229 0 +1.582456518e+01 +5.004545652e+02 +5.004545652e+02 -2.8383e+00 +1.6160e+00 -3.8162e+00 -6.8987e-01 +8.2739e-01
233 0 +1.519506779e+01 +4.998250678e+02 +4.998250678e+02 -2.8467e+00 +1.6320e+00 -3.8055e+00 -6.8855e-01 +8.2353e-01
236 0 +1.436457251e+01 +4.989945725e+02 +4.989945725e+02 -2.8612e+00 +1.6544e+00 -3.7897e+00 -6.8436e-01 +8.1681e-01
242 0 +1.399992293e+01 +4.986299229e+02 +4.986299229e+02 -2.8871e+00 +1.6596e+00 -3.7866e+00 -6.6473e-01 +8.3110e-01
247 0 +1.375290448e+01 +4.983829045e+02 +4.983829045e+02 -2.8928e+00 +1.6747e+00 -3.7880e+00 -6.6679e-01 +8.2879e-01
% f evaluations | g evaluations | best noise-free fitness - Fopt (4.112500000000e+02) + sum g_i+ | measured fitness | best measured fitness or single-digit g-values | x1 | x2...
1 0 +6.094444564e+04 +6.135569564e+04 +6.135569564e+04 +0.0000e+00 +0.0000e+00 +0.0000e+00 +0.0000e+00 +0.0000e+00
5 0 +3.756202221e+04 +3.797327221e+04 +3.797327221e+04 +0.0000e+00 +0.0000e+00 +5.0000e-01 +0.0000e+00 +0.0000e+00
6 0 +3.589217732e+04 +3.630342732e+04 +3.630342732e+04 +0.0000e+00 +0.0000e+00 +0.0000e+00 +5.0000e-01 +0.0000e+00
8 0 +1.868440798e+04 +1.909565798e+04 +1.909565798e+04 -6.7146e-02 -5.1143e-02 +3.3615e-01 +8.6016e-01 +1.2739e-02
9 0 +9.704979039e+03 +1.011622904e+04 +1.011622904e+04 -1.2274e-01 -9.3486e-02 +6.1447e-01 +1.0368e+00 +2.3285e-02
10 0 +6.130870451e+03 +6.542120451e+03 +6.542120451e+03 -1.5742e-01 -1.1990e-01 +7.8809e-01 +1.1107e+00 +2.9865e-02
11 0 +5.154749430e+03 +5.565999430e+03 +5.565999430e+03 -1.9696e-01 -1.5802e-01 +7.8445e-01 +1.1209e+00 -2.5670e-03
12 0 +4.834142614e+03 +5.245392614e+03 +5.245392614e+03 -1.5230e-01 -1.9689e-01 +7.9684e-01 +1.1476e+00 -3.2981e-02
14 0 +4.204901422e+03 +4.616151422e+03 +4.616151422e+03 -1.5691e-01 -2.0041e-01 +7.7785e-01 +1.1866e+00 -8.8103e-03
15 0 +3.677369590e+03 +4.088619590e+03 +4.088619590e+03 -1.7951e-01 -2.3088e-01 +7.9540e-01 +1.2100e+00 +5.5472e-03
16 0 +3.573628403e+03 +3.984878403e+03 +3.984878403e+03 -1.9646e-01 -2.6089e-01 +7.6644e-01 +1.2313e+00 +1.3688e-03
17 0 +2.809936710e+03 +3.221186710e+03 +3.221186710e+03 -1.8782e-01 -2.6776e-01 +7.8091e-01 +1.2680e+00 +3.0126e-02
18 0 +1.120342420e+03 +1.531592420e+03 +1.531592420e+03 -1.4905e-01 -2.9942e-01 +8.1037e-01 +1.4244e+00 +1.4032e-01
19 0 +9.723595238e+02 +1.383609524e+03 +1.383609524e+03 -1.2438e-01 -3.2149e-01 +7.5217e-01 +1.5071e+00 +1.6969e-01
20 0 +3.852940928e+02 +7.965440928e+02 +7.965440928e+02 -1.4867e-01 -3.6856e-01 +7.9977e-01 +1.5361e+00 +1.9060e-01
21 0 +3.154983005e+02 +7.267483005e+02 +7.267483005e+02 -1.6401e-01 -3.5998e-01 +8.0046e-01 +1.5390e+00 +2.0652e-01
22 0 +2.542590370e+02 +6.655090370e+02 +6.655090370e+02 -1.5444e-01 -3.6815e-01 +8.0388e-01 +1.5313e+00 +2.2500e-01
23 0 +2.153292718e+02 +6.265792718e+02 +6.265792718e+02 -1.4929e-01 -3.6375e-01 +8.2158e-01 +1.5440e+00 +2.3213e-01
24 0 +1.251875618e+02 +5.364375618e+02 +5.364375618e+02 -1.6088e-01 -3.8046e-01 +8.2791e-01 +1.5494e+00 +2.4154e-01
25 0 +1.035915508e+02 +5.148415508e+02 +5.148415508e+02 -1.6315e-01 -3.8839e-01 +8.2288e-01 +1.5626e+00 +2.5898e-01
26 0 +7.699589165e+01 +4.882458917e+02 +4.882458917e+02 -1.7443e-01 -3.9383e-01 +8.3779e-01 +1.5548e+00 +2.7048e-01
27 0 +7.244021897e+01 +4.836902190e+02 +4.836902190e+02 -1.6596e-01 -4.1388e-01 +8.4653e-01 +1.5575e+00 +2.6670e-01
37 0 +7.072158225e+01 +4.819715822e+02 +4.819715822e+02 -1.7671e-01 -4.3067e-01 +8.0856e-01 +1.5795e+00 +2.5809e-01
113 0 +6.913008969e+01 +4.803800897e+02 +4.803800897e+02 -1.9228e-01 -4.7149e-01 +7.5446e-01 +1.6081e+00 +2.4596e-01
133 0 +6.734729677e+01 +4.785972968e+02 +4.785972968e+02 -1.5727e-01 -5.4501e-01 +6.9431e-01 +1.6541e+00 +1.9628e-01
161 0 +6.571646118e+01 +4.769664612e+02 +4.769664612e+02 -2.0297e-01 -5.8846e-01 +6.2560e-01 +1.6989e+00 +1.8047e-01
162 0 +6.144693533e+01 +4.726969353e+02 +4.726969353e+02 -3.4375e-01 -6.9423e-01 +4.4384e-01 +1.7190e+00 +1.4753e-01
174 0 +5.965223143e+01 +4.709022314e+02 +4.709022314e+02 -3.4353e-01 -7.3675e-01 +3.7375e-01 +1.7534e+00 +1.3081e-01
175 0 +5.820769273e+01 +4.694576927e+02 +4.694576927e+02 -3.3751e-01 -8.1075e-01 +3.3663e-01 +1.8734e+00 +8.1614e-02
176 0 +5.529556775e+01 +4.665455678e+02 +4.665455678e+02 -3.0177e-01 -8.8896e-01 +2.3790e-01 +1.9440e+00 +4.1556e-02
180 0 +5.435477073e+01 +4.656047707e+02 +4.656047707e+02 -3.0379e-01 -9.8076e-01 +2.3033e-01 +1.9123e+00 +1.9748e-02
181 0 +5.305097330e+01 +4.643009733e+02 +4.643009733e+02 -3.0368e-01 -1.0045e+00 +1.8251e-01 +1.9214e+00 +1.0951e-02
186 0 +5.171270352e+01 +4.629627035e+02 +4.629627035e+02 -3.1754e-01 -1.0259e+00 +1.3168e-01 +1.9442e+00 +5.2932e-03
190 0 +5.043570528e+01 +4.616857053e+02 +4.616857053e+02 -3.2938e-01 -1.0501e+00 +8.2729e-02 +1.9363e+00 -5.7129e-03
194 0 +4.916353203e+01 +4.604135320e+02 +4.604135320e+02 -3.3024e-01 -1.0804e+00 +3.1525e-02 +1.9457e+00 +3.1512e-03
198 0 +4.893043809e+01 +4.601804381e+02 +4.601804381e+02 -3.5368e-01 -1.0771e+00 +1.9051e-02 +1.9503e+00 +1.4526e-02
199 0 +4.780960660e+01 +4.590596066e+02 +4.590596066e+02 -3.5460e-01 -1.0946e+00 -3.2807e-02 +1.9489e+00 +1.1292e-02
233 0 +4.640124901e+01 +4.576512490e+02 +4.576512490e+02 -3.5778e-01 -1.1227e+00 -9.9564e-02 +2.0159e+00 -1.4576e-02
240 0 +4.510027657e+01 +4.563502766e+02 +4.563502766e+02 -3.6988e-01 -1.1509e+00 -1.7567e-01 +2.0164e+00 -2.4423e-02
244 0 +4.432371163e+01 +4.555737116e+02 +4.555737116e+02 -3.9060e-01 -1.1765e+00 -2.1300e-01 +2.0341e+00 -5.3025e-02
% f evaluations | g evaluations | best noise-free fitness - Fopt (-4.847400000000e+02) + sum g_i+ | measured fitness | best measured fitness or single-digit g-values | x1 | x2...
1 0 +4.174614859e+04 +4.126140859e+04 +4.126140859e+04 +0.0000e+00 +0.0000e+00 +0.0000e+00 +0.0000e+00 +0.0000e+00
7 0 +3.786149313e+04 +3.737675313e+04 +3.737675313e+04 +0.0000e+00 +0.0000e+00 +0.0000e+00 +0.0000e+00 +5.0000e-01
8 0 +3.341720613e+04 +3.293246613e+04 +3.293246613e+04 -4.7294e-01 -3.6186e-02 -8.2877e-02 -8.0068e-02 +6.0833e-01
10 0 +3.240805025e+04 +3.192331025e+04 +3.192331025e+04 -5.6210e-01 -5.6562e-02 +1.3708e-01 -1.2515e-01 +6.6932e-01
11 0 +3.051520771e+04 +3.003046771e+04 +3.003046771e+04 -6.7336e-01 -8.1988e-02 +1.5613e-01 +8.2979e-02 +7.4544e-01
13 0 +2.896152586e+04 +2.847678586e+04 +2.847678586e+04 -7.2335e-01 -4.0492e-02 +1.4737e-01 +7.4516e-02 +7.1157e-01
14 0 +2.571914637e+04 +2.523440637e+04 +2.523440637e+04 -8.1911e-01 +3.2110e-02 +1.5232e-01 +9.2535e-02 +6.8269e-01
15 0 +1.927623635e+04 +1.879149635e+04 +1.879149635e+04 -1.2004e+00 +3.2331e-01 +1.6528e-01 +1.5365e-01 +5.5655e-01
16 0 +1.790478199e+04 +1.742004199e+04 +1.742004199e+04 -1.5860e+00 +6.0573e-01 +2.1637e-01 +2.7527e-01 +4.9193e-01
21 0 +1.732467146e+04 +1.683993146e+04 +1.683993146e+04 -1.6211e+00 +5.9377e-01 +2.0609e-01 +2.6653e-01 +5.2263e-01
22 0 +1.404779126e+04 +1.356305126e+04 +1.356305126e+04 -1.7627e+00 +5.3715e-01 +1.6649e-01 +2.4010e-01 +6.4298e-01
23 0 +6.350310444e+03 +5.865570444e+03 +5.865570444e+03 -2.3233e+00 +1.7169e-01 +4.1095e-02 +2.8434e-01 +1.0606e+00
24 0 +5.935278702e+03 +5.450538702e+03 +5.450538702e+03 -2.6941e+00 +1.4927e-02 -6.0722e-02 +2.2408e-01 +1.3723e+00
26 0 +3.615788394e+03 +3.131048394e+03 +3.131048394e+03 -2.8019e+00 +1.1601e-01 -2.3464e-02 +2.9096e-01 +1.3197e+00
27 0 +3.287191154e+03 +2.802451154e+03 +2.802451154e+03 -2.8527e+00 +7.4261e-02 +2.9886e-03 +3.7168e-01 +1.2904e+00
30 0 +2.276328437e+03 +1.791588437e+03 +1.791588437e+03 -2.8719e+00 +1.2795e-01 +2.8784e-02 +3.8468e-01 +1.2512e+00
31 0 +1.891953112e+03 +1.407213112e+03 +1.407213112e+03 -2.9355e+00 +2.1858e-01 +6.7617e-02 +3.9862e-01 +1.2051e+00
36 0 +1.858381632e+03 +1.373641632e+03 +1.373641632e+03 -2.9436e+00 +2.2367e-01 +5.6011e-02 +4.0838e-01 +1.1990e+00
38 0 +1.734941748e+03 +1.250201748e+03 +1.250201748e+03 -2.9620e+00 +2.3853e-01 +5.6818e-02 +4.1476e-01 +1.2037e+00
39 0 +1.327959781e+03 +8.432197805e+02 +8.432197805e+02 -3.0175e+00 +2.9078e-01 +6.7942e-02 +4.3429e-01 +1.2128e+00
40 0 +1.006298817e+03 +5.215588173e+02 +5.215588173e+02 -3.1332e+00 +4.0319e-01 +9.5240e-02 +4.7511e-01 +1.2293e+00
41 0 +6.486580667e+02 +1.639180667e+02 +1.639180667e+02 -3.2562e+00 +4.9345e-01 +9.0209e-02 +5.1737e-01 +1.2668e+00
42 0 +5.185956792e+02 +3.385567923e+01 +3.385567923e+01 -3.2999e+00 +5.2217e-01 +8.4528e-02 +5.3225e-01 +1.2825e+00
43 0 +4.924408695e+02 +7.700869453e+00 +7.700869453e+00 -3.3092e+00 +5.2809e-01 +8.3157e-02 +5.3539e-01 +1.2859e+00
44 0 +4.868676595e+02 +2.127659517e+00 +2.127659517e+00 -3.3113e+00 +5.2943e-01 +8.2835e-02 +5.3611e-01 +1.2866e+00
45 0 +3.820477525e+02 -1.026922475e+02 -1.026922475e+02 -3.3276e+00 +5.0684e-01 +6.3083e-02 +5.2207e-01 +1.3250e+00
% f evaluations | g evaluations | best noise-free fitness - Fopt (1.731500000000e+02) + sum g_i+ | measured fitness | best measured fitness or single-digit g-values | x1 | x2...
1 0 +2.247772699e+04 +2.265087699e+04 +2.265087699e+04 +0.0000e+00 +0.0000e+00 +0.0000e+00 +0.0000e+00 +0.0000e+00
3 0 +2.076692900e+04 +2.094007900e+04 +2.094007900e+04 +5.0000e-01 +0.0000e+00 +0.0000e+00 +0.0000e+00 +0.0000e+00
5 0 +1.300409047e+04 +1.317724047e+04 +1.317724047e+04 +0.0000e+00 +0.0000e+00 +5.0000e-01 +0.0000e+00 +0.0000e+00
8 0 +6.914470632e+03 +7.087620632e+03 +7.087620632e+03 +8.3961e-02 +3.6155e-02 +9.6494e-01 +8.9544e-02 +1.3212e-01
9 0 +3.933083546e+03 +4.106233546e+03 +4.106233546e+03 +1.7303e-01 +7.4509e-02 +1.3476e+00 +1.8454e-01 +2.7229e-01
10 0 +3.650635799e+03 +3.823785799e+03 +3.823785799e+03 +2.4622e-01 +1.0602e-01 +1.5968e+00 +2.6259e-01 +3.8746e-01
14 0 +3.203288011e+03 +3.376438011e+03 +3.376438011e+03 +2.4687e-01 +1.0630e-01 +1.6019e+00 +2.9768e-01 +3.5220e-01
15 0 +2.383776966e+03 +2.556926966e+03 +2.556926966e+03 +2.4914e-01 +1.0540e-01 +1.6107e+00 +3.3508e-01 +3.2029e-01
16 0 +1.086157163e+03 +1.259307163e+03 +1.259307163e+03 +2.5637e-01 +1.0317e-01 +1.6415e+00 +4.8219e-01 +1.8856e-01
17 0 +5.236856226e+02 +6.968356226e+02 +6.968356226e+02 +2.6332e-01 +1.0034e-01 +1.6678e+00 +5.9249e-01 +9.5256e-02
18 0 +4.054308844e+02 +5.785808844e+02 +5.785808844e+02 +2.6876e-01 +9.7881e-02 +1.6873e+00 +6.6796e-01 +3.3893e-02
19 0 +2.154010999e+02 +3.885510999e+02 +3.885510999e+02 +2.9294e-01 +9.0715e-02 +1.7233e+00 +6.9043e-01 +7.5390e-02
20 0 +1.564784502e+02 +3.296284502e+02 +3.296284502e+02 +3.1361e-01 +1.1972e-01 +1.6864e+00 +7.1076e-01 +8.9334e-02
22 0 +1.546571794e+02 +3.278071794e+02 +3.278071794e+02 +2.8737e-01 +8.5387e-02 +1.6632e+00 +7.3208e-01 +1.0724e-01
23 0 +2.662820897e+01 +1.997782090e+02 +1.997782090e+02 +3.0324e-01 +1.0264e-01 +1.6944e+00 +7.8551e-01 +1.4254e-01
25 0 +1.632793804e+01 +1.894779380e+02 +1.894779380e+02 +3.0186e-01 +1.1336e-01 +1.6968e+00 +8.0763e-01 +1.3883e-01
26 0 +1.613028057e+01 +1.892802806e+02 +1.892802806e+02 +3.2249e-01 +1.0219e-01 +1.6969e+00 +8.1624e-01 +1.3799e-01
30 0 +1.424176021e+01 +1.873917602e+02 +1.873917602e+02 +3.2001e-01 +1.0024e-01 +1.7093e+00 +8.1990e-01 +1.4044e-01
31 0 +1.407149573e+01 +1.872214957e+02 +1.872214957e+02 +3.2104e-01 +9.9763e-02 +1.7103e+00 +8.1734e-01 +1.4447e-01
58 0 +1.349970144e+01 +1.866497014e+02 +1.866497014e+02 +3.8077e-01 +1.0961e-01 +1.7003e+00 +8.2707e-01 +1.2900e-01
60 0 +1.347571229e+01 +1.866257123e+02 +1.866257123e+02 +3.8244e-01 +1.0844e-01 +1.7047e+00 +8.2391e-01 +1.3005e-01
104 0 +1.315259974e+01 +1.863025997e+02 +1.863025997e+02 +4.1688e-01 +1.2363e-01 +1.6877e+00 +8.1920e-01 +1.2606e-01
132 0 +1.284006861e+01 +1.859900686e+02 +1.859900686e+02 +4.6610e-01 +1.2944e-01 +1.6577e+00 +8.3148e-01 +1.2688e-01
188 0 +1.252497095e+01 +1.856749709e+02 +1.856749709e+02 +6.2152e-01 +1.7212e-01 +1.5954e+00 +9.4832e-01 +1.3856e-01
198 0 +1.213537892e+01 +1.852853789e+02 +1.852853789e+02 +7.0803e-01 +1.8797e-01 +1.6027e+00 +9.5570e-01 +3.1363e-02
204 0 +1.181236196e+01 +1.849623620e+02 +1.849623620e+02 +7.5100e-01 +1.8099e-01 +1.5413e+00 +9.5978e-01 +5.4320e-02
211 0 +1.167651083e+01 +1.848265108e+02 +1.848265108e+02 +7.6931e-01 +2.0900e-01 +1.5395e+00 +9.5260e-01 +4.9721e-02
237 0 +1.147927111e+01 +1.846292711e+02 +1.846292711e+02 +7.8274e-01 +1.9853e-01 +1.5474e+00 +9.5685e-01 +3.1787e-02
% f evaluations | g evaluations | best noise-free fitness - Fopt (-5.333000000000e+01) + sum g_i+ | measured fitness | best measured fitness or single-digit g-values | x1 | x2...
1 0 +9.274013179e+04 +9.268680179e+04 +9.268680179e+04 +0.0000e+00 +0.0000e+00 +0.0000e+00 +0.0000e+00 +0.0000e+00
3 0 +7.934753462e+04 +7.929420462e+04 +7.929420462e+04 +5.0000e-01 +0.0000e+00 +0.0000e+00 +0.0000e+00 +0.0000e+00
6 0 +7.681323526e+04 +7.675990526e+04 +7.675990526e+04 +0.0000e+00 +0.0000e+00 +0.0000e+00 +5.0000e-01 +0.0000e+00
7 0 +6.903162578e+04 +6.897829578e+04 +6.897829578e+04 +0.0000e+00 +0.0000e+00 +0.0000e+00 +0.0000e+00 +5.0000e-01
8 0 +6.275669791e+04 +6.270336791e+04 +6.270336791e+04 +1.9387e-01 +5.3158e-03 -2.0358e-01 +2.3056e-01 +8.4320e-01
13 0 +5.997722630e+04 +5.992389630e+04 +5.992389630e+04 +2.0345e-01 +2.2024e-02 -3.0778e-01 +3.8616e-01 +9.3315e-01
14 0 +4.322805052e+04 +4.317472052e+04 +4.317472052e+04 +4.7800e-01 +7.1435e-02 -5.3904e-01 +7.2713e-01 +9.8259e-01
15 0 +2.919738240e+04 +2.914405240e+04 +2.914405240e+04 +1.3223e+00 +5.1564e-01 -9.5795e-01 +1.2081e+00 +6.5326e-01
16 0 +1.432207613e+04 +1.426874613e+04 +1.426874613e+04 +2.0703e+00 +7.5355e-01 -1.4847e+00 +1.9365e+00 +6.1784e-01
17 0 +1.031495319e+04 +1.026162319e+04 +1.026162319e+04 +2.5576e+00 +8.6255e-01 -1.8740e+00 +2.5004e+00 +6.7055e-01
18 0 +7.399538194e+03 +7.346208194e+03 +7.346208194e+03 +2.5799e+00 +9.9667e-01 -1.8794e+00 +2.4900e+00 +5.3399e-01
19 0 +7.236363333e+03 +7.183033333e+03 +7.183033333e+03 +2.5906e+00 +9.7136e-01 -1.8821e+00 +2.4879e+00 +5.0677e-01
22 0 +7.042671554e+03 +6.989341554e+03 +6.989341554e+03 +2.6236e+00 +9.7461e-01 -1.8623e+00 +2.5470e+00 +5.1006e-01
23 0 +6.641673623e+03 +6.588343623e+03 +6.588343623e+03 +2.6130e+00 +9.9524e-01 -1.8661e+00 +2.5642e+00 +4.6941e-01
24 0 +5.863445361e+03 +5.810115361e+03 +5.810115361e+03 +2.5958e+00 +9.9084e-01 -1.8698e+00 +2.5942e+00 +4.3372e-01
25 0 +2.898658789e+03 +2.845328789e+03 +2.845328789e+03 +2.5383e+00 +1.0276e+00 -1.8855e+00 +2.6914e+00 +2.7354e-01
26 0 +1.843251307e+03 +1.789921307e+03 +1.789921307e+03 +2.4861e+00 +1.0839e+00 -1.9013e+00 +2.7784e+00 +1.0959e-01
30 0 +1.652676206e+03 +1.599346206e+03 +1.599346206e+03 +2.5098e+00 +1.0826e+00 -1.8755e+00 +2.8122e+00 +1.2123e-01
31 0 +1.329615726e+03 +1.276285726e+03 +1.276285726e+03 +2.5295e+00 +1.0859e+00 -1.9185e+00 +2.8285e+00 +1.2929e-01
32 0 +1.163526617e+03 +1.110196617e+03 +1.110196617e+03 +2.5644e+00 +1.0911e+00 -1.9480e+00 +2.8601e+00 +1.7937e-01
33 0 +9.603584966e+02 +9.070284966e+02 +9.070284966e+02 +2.5616e+00 +1.0978e+00 -1.9634e+00 +2.9014e+00 +1.5703e-01
34 0 +9.381734330e+02 +8.848434330e+02 +8.848434330e+02 +2.6008e+00 +1.0806e+00 -1.9727e+00 +2.9059e+00 +1.3340e-01
36 0 +8.858889215e+02 +8.325589215e+02 +8.325589215e+02 +2.6005e+00 +1.0943e+00 -1.9931e+00 +2.9071e+00 +1.2860e-01
37 0 +7.708908414e+02 +7.175608414e+02 +7.175608414e+02 +2.6025e+00 +1.1034e+00 -1.9993e+00 +2.9293e+00 +1.2674e-01
38 0 +4.073856328e+02 +3.540556328e+02 +3.540556328e+02 +2.6103e+00 +1.1403e+00 -2.0253e+00 +3.0179e+00 +1.1912e-01
39 0 +2.138809335e+02 +1.605509335e+02 +1.605509335e+02 +2.6334e+00 +1.1765e+00 -2.0759e+00 +3.0728e+00 +1.0590e-01
40 0 +1.956155556e+02 +1.422855556e+02 +1.422855556e+02 +2.6356e+00 +1.1749e+00 -2.0666e+00 +3.0932e+00 +1.0773e-01
41 0 +1.157805780e+02 +6.245057799e+01 +6.245057799e+01 +2.6550e+00 +1.1860e+00 -2.0905e+00 +3.1128e+00 +1.0142e-01
42 0 +1.100352657e+02 +5.670526569e+01 +5.670526569e+01 +2.6586e+00 +1.1850e+00 -2.0871e+00 +3.1239e+00 +1.0198e-01
43 0 +9.503474909e+01 +4.170474909e+01 +4.170474909e+01 +2.6658e+00 +1.1886e+00 -2.0971e+00 +3.1268e+00 +9.9434e-02
46 0 +8.672546604e+01 +3.339546604e+01 +3.339546604e+01 +2.6612e+00 +1.1931e+00 -2.0999e+00 +3.1304e+00 +9.8050e-02
47 0 +7.765428679e+01 +2.432428679e+01 +2.432428679e+01 +2.6611e+00 +1.1944e+00 -2.1035e+00 +3.1329e+00 +1.0002e-01
48 0 +6.335035178e+01 +1.002035178e+01 +1.002035178e+01 +2.6606e+00 +1.1979e+00 -2.1131e+00 +3.1399e+00 +1.0531e-01
49 0 +5.700357615e+01 +3.673576154e+00 +3.673576154e+00 +2.6614e+00 +1.1987e+00 -2.1184e+00 +3.1436e+00 +1.0690e-01
50 0 +5.444364137e+01 +1.113641371e+00 +1.113641371e+00 +2.6619e+00 +1.1989e+00 -2.1205e+00 +3.1450e+00 +1.0733e-01
51 0 +5.367074874e+01 +3.407487355e-01 +3.407487355e-01 +2.6621e+00 +1.1990e+00 -2.1211e+00 +3.1455e+00 +1.0745e-01
% f evaluations | g evaluations | best noise-free fitness - Fopt (-5.550000000000e+01) + sum g_i+ | measured fitness | best measured fitness or single-digit g-values | x1 | x2...
1 0 +3.524525960e+05 +3.523970960e+05 +3.523970960e+05 +0.0000e+00 +0.0000e+00 +0.0000e+00 +0.0000e+00 +0.0000e+00
3 0 +3.166386705e+05 +3.165831705e+05 +3.165831705e+05 +5.0000e-01 +0.0000e+00 +0.0000e+00 +0.0000e+00 +0.0000e+00
8 0 +2.828514428e+05 +2.827959428e+05 +2.827959428e+05 +7.9917e-01 +1.8261e-01 -1.9300e-01 -1.0271e-01 -2.8169e-01
9 0 +2.359730041e+05 +2.359175041e+05 +2.359175041e+05 +1.1502e+00 +3.9685e-01 -4.1942e-01 -2.2321e-01 -1.5870e-01
10 0 +1.250182246e+05 +1.249627246e+05 +1.249627246e+05 +2.5325e+00 +1.3166e+00 -1.3915e+00 -7.4055e-01 +1.6166e-02
11 0 +7.412868217e+04 +7.407318217e+04 +7.407318217e+04 +2.8943e+00 +1.7686e+00 -1.8691e+00 -9.9474e-01 -7.9859e-01
13 0 +6.712653072e+04 +6.707103072e+04 +6.707103072e+04 +3.0490e+00 +1.8068e+00 -1.6836e+00 -1.0162e+00 -8.6536e-01
16 0 +6.371841983e+04 +6.366291983e+04 +6.366291983e+04 +3.1167e+00 +1.7611e+00 -1.7028e+00 -8.9813e-01 -9.7489e-01
18 0 +6.205825664e+04 +6.200275664e+04 +6.200275664e+04 +3.2028e+00 +1.8609e+00 -1.6271e+00 -8.0818e-01 -1.0242e+00
19 0 +5.923832203e+04 +5.918282203e+04 +5.918282203e+04 +3.1568e+00 +1.8970e+00 -1.6803e+00 -7.2336e-01 -1.0709e+00
20 0 +5.217338283e+04 +5.211788283e+04 +5.211788283e+04 +3.1349e+00 +1.9167e+00 -1.7161e+00 -6.5622e-01 -1.1656e+00
21 0 +3.682620163e+04 +3.677070163e+04 +3.677070163e+04 +2.9345e+00 +2.0714e+00 -1.9378e+00 -3.1208e-01 -1.3011e+00
22 0 +2.940450851e+04 +2.934900851e+04 +2.934900851e+04 +2.5669e+00 +2.3630e+00 -2.3757e+00 +3.9899e-01 -1.7648e+00
23 0 +1.744378351e+04 +1.738828351e+04 +1.738828351e+04 +2.5088e+00 +2.4410e+00 -2.5726e+00 +8.3510e-01 -2.7104e+00
25 0 +1.597850415e+04 +1.592300415e+04 +1.592300415e+04 +2.6742e+00 +2.2846e+00 -2.7120e+00 +9.3186e-01 -2.6598e+00
26 0 +1.341862689e+04 +1.336312689e+04 +1.336312689e+04 +2.5997e+00 +2.3591e+00 -3.0636e+00 +8.4922e-01 -2.7304e+00
28 0 +1.260224564e+04 +1.254674564e+04 +1.254674564e+04 +2.6310e+00 +2.3401e+00 -3.0497e+00 +8.4814e-01 -2.8511e+00
29 0 +7.905644405e+03 +7.850144405e+03 +7.850144405e+03 +2.7814e+00 +2.4260e+00 -3.0929e+00 +7.8373e-01 -2.8760e+00
30 0 +3.706827189e+03 +3.651327189e+03 +3.651327189e+03 +3.0011e+00 +2.5633e+00 -3.1633e+00 +6.8562e-01 -2.8746e+00
31 0 +3.141318147e+03 +3.085818147e+03 +3.085818147e+03 +3.0517e+00 +2.5537e+00 -3.1556e+00 +6.7310e-01 -2.9531e+00
32 0 +1.976328828e+03 +1.920828828e+03 +1.920828828e+03 +3.1554e+00 +2.6143e+00 -3.1873e+00 +6.2570e-01 -2.9315e+00
36 0 +1.658747933e+03 +1.603247933e+03 +1.603247933e+03 +3.2125e+00 +2.6335e+00 -3.1787e+00 +6.4604e-01 -2.9352e+00
38 0 +1.334732344e+03 +1.279232344e+03 +1.279232344e+03 +3.2220e+00 +2.6421e+00 -3.1688e+00 +6.4964e-01 -2.9538e+00
39 0 +6.865566652e+02 +6.310566652e+02 +6.310566652e+02 +3.2620e+00 +2.6675e+00 -3.1281e+00 +6.5863e-01 -3.0314e+00
40 0 +3.518735943e+02 +2.963735943e+02 +2.963735943e+02 +3.2915e+00 +2.6974e+00 -3.0970e+00 +6.7142e-01 -3.0894e+00
41 0 +2.158407650e+02 +1.603407650e+02 +1.603407650e+02 +3.3065e+00 +2.7176e+00 -3.0807e+00 +6.8071e-01 -3.1195e+00
42 0 +1.845791578e+02 +1.290791578e+02 +1.290791578e+02 +3.3148e+00 +2.7307e+00 -3.0714e+00 +6.8689e-01 -3.1363e+00
43 0 +1.275503167e+02 +7.205031673e+01 +7.205031673e+01 +3.3215e+00 +2.7428e+00 -3.0638e+00 +6.9267e-01 -3.1500e+00
44 0 +1.161763223e+02 +6.067632227e+01 +6.067632227e+01 +3.3253e+00 +2.7500e+00 -3.0595e+00 +6.9617e-01 -3.1576e+00
45 0 +1.104061726e+02 +5.490617261e+01 +5.490617261e+01 +3.3284e+00 +2.7564e+00 -3.0559e+00 +6.9931e-01 -3.1641e+00
46 0 +1.068238548e+02 +5.132385481e+01 +5.132385481e+01 +3.3304e+00 +2.7553e+00 -3.0548e+00 +6.9762e-01 -3.1646e+00
48 0 +1.047023260e+02 +4.920232595e+01 +4.920232595e+01 +3.3349e+00 +2.7531e+00 -3.0577e+00 +7.0235e-01 -3.1639e+00
50 0 +9.603365305e+01 +4.053365305e+01 +4.053365305e+01 +3.3369e+00 +2.7542e+00 -3.0580e+00 +7.0127e-01 -3.1636e+00
51 0 +6.695209488e+01 +1.145209488e+01 +1.145209488e+01 +3.3447e+00 +2.7586e+00 -3.0595e+00 +6.9809e-01 -3.1611e+00
52 0 +5.977847822e+01 +4.278478216e+00 +4.278478216e+00 +3.3479e+00 +2.7605e+00 -3.0601e+00 +6.9692e-01 -3.1600e+00
53 0 +5.645466134e+01 +9.546613424e-01 +9.546613424e-01 +3.3492e+00 +2.7612e+00 -3.0603e+00 +6.9638e-01 -3.1596e+00
54 0 +5.567273773e+01 +1.727377283e-01 +1.727377283e-01 +3.3495e+00 +2.7614e+00 -3.0604e+00 +6.9626e-01 -3.1595e+00
55 0 +5.337684329e+01 -2.123156712e+00 -2.123156712e+00 +3.3499e+00 +2.7628e+00 -3.0595e+00 +6.9697e-01 -3.1614e+00
223 0 +4.406519758e+01 -1.143480242e+01 -1.143480242e+01 +4.0438e+00 +2.4525e+00 -2.2489e+00 -6.8589e-01 -4.3988e+00
% f evaluations | g evaluations | best noise-free fitness - Fopt (-1.903800000000e+02) + sum g_i+ | measured fitness | best measured fitness or single-digit g-values | x1 | x2...
1 0 +5.580103945e+05 +5.578200145e+05 +5.578200145e+05 +0.0000e+00 +0.0000e+00 +0.0000e+00 +0.0000e+00 +0.0000e+00
4 0 +5.466272538e+05 +5.464368738e+05 +5.464368738e+05 +0.0000e+00 +5.0000e-01 +0.0000e+00 +0.0000e+00 +0.0000e+00
7 0 +4.912319142e+05 +4.910415342e+05 +4.910415342e+05 +0.0000e+00 +0.0000e+00 +0.0000e+00 +0.0000e+00 +5.0000e-01
8 0 +3.693135450e+05 +3.691231650e+05 +3.691231650e+05 -1.0543e-01 +7.7035e-02 -1.2658e-01 -1.1267e-01 +9.5192e-01
9 0 +1.950738766e+05 +1.948834966e+05 +1.948834966e+05 -4.0922e-01 +2.9900e-01 -4.9130e-01 -4.3730e-01 +2.7460e+00
10 0 +1.256463308e+05 +1.254559508e+05 +1.254559508e+05 -7.7115e-01 +5.6345e-01 -9.2582e-01 -8.2406e-01 +4.0592e+00
11 0 +1.229309881e+05 +1.227406081e+05 +1.227406081e+05 -1.1467e+00 +8.3784e-01 -1.3767e+00 -1.2254e+00 +5.0000e+00
15 0 +1.080488005e+05 +1.078584205e+05 +1.078584205e+05 -1.7458e+00 +8.7604e-01 -1.1819e+00 -1.5264e+00 +4.7146e+00
16 0 +6.806343861e+04 +6.787305861e+04 +6.787305861e+04 -1.8292e+00 +1.0247e+00 -1.4887e+00 -1.7379e+00 +4.4282e+00
17 0 +3.156287371e+04 +3.137249371e+04 +3.137249371e+04 -2.1477e+00 +1.4862e+00 -2.0217e+00 -2.1049e+00 +3.8023e+00
18 0 +1.442735799e+04 +1.423697799e+04 +1.423697799e+04 -2.2334e+00 +1.6509e+00 -2.4078e+00 -2.3712e+00 +3.4558e+00
19 0 +9.238926840e+03 +9.048546840e+03 +9.048546840e+03 -2.2497e+00 +1.7036e+00 -2.6093e+00 -2.5102e+00 +3.2960e+00
20 0 +6.929041517e+03 +6.738661517e+03 +6.738661517e+03 -2.2493e+00 +1.7260e+00 -2.7461e+00 -2.6046e+00 +3.1960e+00
21 0 +6.383199580e+03 +6.192819580e+03 +6.192819580e+03 -2.3191e+00 +1.7900e+00 -2.7439e+00 -2.5927e+00 +3.1601e+00
25 0 +5.911653358e+03 +5.721273358e+03 +5.721273358e+03 -2.3141e+00 +1.8013e+00 -2.7538e+00 -2.5987e+00 +3.1417e+00
26 0 +3.888667179e+03 +3.698287179e+03 +3.698287179e+03 -2.2946e+00 +1.8363e+00 -2.8058e+00 -2.6305e+00 +3.0732e+00
27 0 +2.039450223e+03 +1.849070223e+03 +1.849070223e+03 -2.2588e+00 +1.8983e+00 -2.9043e+00 -2.6907e+00 +2.9485e+00
28 0 +1.040671086e+03 +8.502910858e+02 +8.502910858e+02 -2.2331e+00 +1.9571e+00 -2.9546e+00 -2.7215e+00 +2.8533e+00
29 0 +5.952149396e+02 +4.048349396e+02 +4.048349396e+02 -2.2198e+00 +1.9915e+00 -2.9752e+00 -2.7341e+00 +2.8024e+00
30 0 +4.026933403e+02 +2.123133403e+02 +2.123133403e+02 -2.2132e+00 +2.0096e+00 -2.9841e+00 -2.7395e+00 +2.7766e+00
31 0 +3.267203271e+02 +1.363403271e+02 +1.363403271e+02 -2.2097e+00 +2.0196e+00 -2.9884e+00 -2.7421e+00 +2.7627e+00
32 0 +2.408494432e+02 +5.046944318e+01 +5.046944318e+01 -2.2074e+00 +2.0262e+00 -2.9910e+00 -2.7437e+00 +2.7536e+00
33 0 +2.238275230e+02 +3.344752300e+01 +3.344752300e+01 -2.2065e+00 +2.0287e+00 -2.9920e+00 -2.7443e+00 +2.7503e+00
34 0 +2.181361829e+02 +2.775618288e+01 +2.775618288e+01 -2.2059e+00 +2.0303e+00 -2.9926e+00 -2.7447e+00 +2.7480e+00
35 0 +1.807539868e+02 -9.626013188e+00 -9.626013188e+00 -2.2475e+00 +2.0657e+00 -2.9743e+00 -2.7256e+00 +2.7392e+00
36 0 +1.582127932e+02 -3.216720676e+01 -3.216720676e+01 -2.2402e+00 +2.0636e+00 -2.9648e+00 -2.7185e+00 +2.7315e+00
39 0 +1.398609240e+02 -5.051907597e+01 -5.051907597e+01 -2.2460e+00 +2.0689e+00 -2.9776e+00 -2.7276e+00 +2.7338e+00
222 0 +3.231697099e+01 -1.580630290e+02 -1.580630290e+02 -4.0486e+00 +4.1187e+00 -4.0515e+00 -2.4187e+00 +1.5213e+00
223 0 +2.566768770e+01 -1.647123123e+02 -1.647123123e+02 -3.5486e+00 +4.1187e+00 -4.0515e+00 -2.4187e+00 +1.5213e+00
