% f evaluations | g evaluations | best noise-free fitness - Fopt (2.997000000000e+01) + sum g_i+ | measured fitness | best measured fitness or single-digit g-values | x1 | x2...
1 0 +3.715498553e+02 +4.015198553e+02 +4.015198553e+02 +0.0000e+00 +0.0000e+00
2 0 +3.714837617e+02 +4.014537617e+02 +4.014537617e+02 +2.5000e-04 +0.0000e+00
19 0 +3.628468846e+02 +3.928168846e+02 +3.928168846e+02 +2.3616e-02 -2.7246e-02
22 0 +3.532997538e+02 +3.832697538e+02 +3.832697538e+02 +4.9297e-02 -5.7924e-02
23 0 +3.467318139e+02 +3.767018139e+02 +3.767018139e+02 +6.7135e-02 -7.8608e-02
25 0 +3.297997847e+02 +3.597697847e+02 +3.597697847e+02 +1.1243e-01 -1.3427e-01
26 0 +3.196667749e+02 +3.496367749e+02 +3.496367749e+02 +1.4026e-01 -1.6565e-01
27 0 +3.011187734e+02 +3.310887734e+02 +3.310887734e+02 +1.9073e-01 -2.2485e-01
28 0 +2.842916006e+02 +3.142616006e+02 +3.142616006e+02 +2.3602e-01 -2.8051e-01
29 0 +2.532696805e+02 +2.832396805e+02 +2.832396805e+02 +3.2047e-01 -3.8146e-01
30 0 +2.248832968e+02 +2.548532968e+02 +2.548532968e+02 +3.9877e-01 -4.7205e-01
31 0 +1.729853717e+02 +2.029553717e+02 +2.029553717e+02 +5.4195e-01 -6.4093e-01
32 0 +1.259809011e+02 +1.559509011e+02 +1.559509011e+02 +6.7168e-01 -7.9755e-01
33 0 +4.001126714e+01 +6.998126714e+01 +6.998126714e+01 +9.1216e-01 -1.0839e+00
34 0 +3.803776462e+01 +6.800776462e+01 +6.800776462e+01 +1.1336e+00 -1.3434e+00
41 0 +2.061538677e+01 +5.058538677e+01 +5.058538677e+01 +1.0830e+00 -1.2852e+00
43 0 +5.381133683e+00 +3.535113368e+01 +3.535113368e+01 +1.0102e+00 -1.1991e+00
49 0 +3.544001182e+00 +3.351400118e+01 +3.351400118e+01 +1.0153e+00 -1.2056e+00
51 0 +1.885754023e+00 +3.185575402e+01 +3.185575402e+01 +1.0288e+00 -1.2213e+00
53 0 +1.625053461e+00 +3.159505346e+01 +3.159505346e+01 +1.0280e+00 -1.2206e+00
55 0 +1.242762355e+00 +3.121276235e+01 +3.121276235e+01 +1.0219e+00 -1.2133e+00
58 0 +4.983854416e-01 +3.046838544e+01 +3.046838544e+01 +1.0247e+00 -1.2168e+00
65 0 +4.408316184e-01 +3.041083162e+01 +3.041083162e+01 +1.0241e+00 -1.2160e+00
68 0 +3.873859987e-01 +3.035738600e+01 +3.035738600e+01 +1.0244e+00 -1.2164e+00
75 0 +3.651760057e-01 +3.033517601e+01 +3.033517601e+01 +1.0243e+00 -1.2163e+00
% f evaluations | g evaluations | best noise-free fitness - Fopt (-5.171000000000e+01) + sum g_i+ | measured fitness | best measured fitness or single-digit g-values | x1 | x2...
1 0 +8.787843953e+01 +3.616843953e+01 +3.616843953e+01 +0.0000e+00 +0.0000e+00
3 0 +8.783981112e+01 +3.612981112e+01 +3.612981112e+01 +0.0000e+00 +2.5000e-04
11 0 +8.706616677e+01 +3.535616677e+01 +3.535616677e+01 -2.9375e-03 +2.8594e-03
16 0 +8.481325304e+01 +3.310325304e+01 +3.310325304e+01 -1.2016e-02 +1.0035e-02
18 0 +8.267935612e+01 +3.096935612e+01 +3.096935612e+01 -2.0070e-02 +1.7283e-02
19 0 +8.079834939e+01 +2.908834939e+01 +2.908834939e+01 -2.7246e-02 +2.3616e-02
20 0 +7.905196583e+01 +2.734196583e+01 +2.734196583e+01 -3.4566e-02 +2.8962e-02
21 0 +7.586367243e+01 +2.415367243e+01 +2.415367243e+01 -4.7232e-02 +3.9304e-02
22 0 +7.298014960e+01 +2.127014960e+01 +2.127014960e+01 -5.7924e-02 +4.9297e-02
23 0 +6.763659440e+01 +1.592659440e+01 +1.592659440e+01 -7.8608e-02 +6.7135e-02
24 0 +6.402629713e+01 +1.231629713e+01 +1.231629713e+01 -9.8595e-02 +8.2823e-02
80 0 +6.297179558e+01 +1.126179558e+01 +1.126179558e+01 -8.3477e-02 +9.4291e-02
85 0 +6.165414459e+01 +9.944144591e+00 +9.944144591e+00 -5.4118e-02 +1.2829e-01
88 0 +5.932388837e+01 +7.613888370e+00 +7.613888370e+00 -6.2225e-04 +1.9073e-01
89 0 +5.834008998e+01 +6.630089983e+00 +6.630089983e+00 +2.1840e-02 +2.1661e-01
90 0 +5.655350789e+01 +4.843507895e+00 +4.843507895e+00 +6.3711e-02 +2.6520e-01
91 0 +5.495086304e+01 +3.240863037e+00 +3.240863037e+00 +1.0253e-01 +3.1064e-01
92 0 +5.206623814e+01 +3.562381377e-01 +3.562381377e-01 +1.7351e-01 +3.9331e-01
93 0 +4.950258484e+01 -2.207415161e+00 -2.207415161e+00 +2.3784e-01 +4.6778e-01
94 0 +4.498643791e+01 -6.723562092e+00 -6.723562092e+00 +3.5708e-01 +6.0631e-01
95 0 +4.109835410e+01 -1.061164590e+01 -1.061164590e+01 +4.6688e-01 +7.3441e-01
96 0 +3.450267679e+01 -1.720732321e+01 -1.720732321e+01 +6.6846e-01 +9.6902e-01
97 0 +2.910352272e+01 -2.260647728e+01 -2.260647728e+01 +8.5202e-01 +1.1820e+00
98 0 +2.081963200e+01 -3.089036800e+01 -3.089036800e+01 +1.1913e+00 +1.5764e+00
99 0 +1.515984410e+01 -3.655015590e+01 -3.655015590e+01 +1.5027e+00 +1.9391e+00
100 0 +9.378357388e+00 -4.233164261e+01 -4.233164261e+01 +2.0755e+00 +2.6055e+00
101 0 +9.318672405e+00 -4.239132759e+01 -4.239132759e+01 +2.5983e+00 +3.2128e+00
108 0 +8.897725857e+00 -4.281227414e+01 -4.281227414e+01 +2.1937e+00 +2.7425e+00
122 0 +8.707540187e+00 -4.300245981e+01 -4.300245981e+01 +2.3571e+00 +2.9325e+00
134 0 +8.490662393e+00 -4.321933761e+01 -4.321933761e+01 +2.3570e+00 +2.9303e+00
137 0 +8.274265102e+00 -4.343573490e+01 -4.343573490e+01 +2.4105e+00 +2.9901e+00
138 0 +8.111103223e+00 -4.359889678e+01 -4.359889678e+01 +2.4211e+00 +3.0007e+00
140 0 +7.798681131e+00 -4.391131887e+01 -4.391131887e+01 +2.4852e+00 +3.0711e+00
141 0 +7.497055283e+00 -4.421294472e+01 -4.421294472e+01 +2.5065e+00 +3.0925e+00
143 0 +7.213794230e+00 -4.449620577e+01 -4.449620577e+01 +2.3778e+00 +2.9422e+00
144 0 +6.525668594e+00 -4.518433141e+01 -4.518433141e+01 +2.4632e+00 +3.0339e+00
145 0 +5.738087441e+00 -4.597191256e+01 -4.597191256e+01 +2.4842e+00 +3.0505e+00
146 0 +5.544668718e+00 -4.616533128e+01 -4.616533128e+01 +2.3554e+00 +2.9002e+00
147 0 +4.761873746e+00 -4.694812625e+01 -4.694812625e+01 +2.2799e+00 +2.8040e+00
148 0 +3.080376456e+00 -4.862962354e+01 -4.862962354e+01 +2.3863e+00 +2.9124e+00
149 0 +1.019527677e+00 -5.069047232e+01 -5.069047232e+01 +2.3906e+00 +2.8975e+00
158 0 +8.597230773e-01 -5.085027692e+01 -5.085027692e+01 +2.3666e+00 +2.8611e+00
160 0 +5.119681929e-01 -5.119803181e+01 -5.119803181e+01 +2.4949e+00 +3.0133e+00
163 0 +1.864603968e-01 -5.152353960e+01 -5.152353960e+01 +2.5991e+00 +3.1290e+00
168 0 +1.782613291e-01 -5.153173867e+01 -5.153173867e+01 +2.5836e+00 +3.1082e+00
170 0 +8.755551655e-02 -5.162244448e+01 -5.162244448e+01 +2.6326e+00 +3.1659e+00
172 0 +6.968375547e-02 -5.164031624e+01 -5.164031624e+01 +2.6036e+00 +3.1330e+00
174 0 +4.971038983e-02 -5.166028961e+01 -5.166028961e+01 +2.6009e+00 +3.1288e+00
177 0 +8.142007876e-03 -5.170185799e+01 -5.170185799e+01 +2.5950e+00 +3.1227e+00
182 0 +6.723832806e-03 -5.170327617e+01 -5.170327617e+01 +2.6120e+00 +3.1420e+00
184 0 +5.842012382e-03 -5.170415799e+01 -5.170415799e+01 +2.6044e+00 +3.1332e+00
186 0 +3.850456216e-03 -5.170614954e+01 -5.170614954e+01 +2.6016e+00 +3.1301e+00
188 0 +2.675231733e-03 -5.170732477e+01 -5.170732477e+01 +2.6075e+00 +3.1368e+00
190 0 +1.330349019e-03 -5.170866965e+01 -5.170866965e+01 +2.6045e+00 +3.1333e+00
192 0 +1.124804795e-03 -5.170887520e+01 -5.170887520e+01 +2.6082e+00 +3.1375e+00
194 0 +7.822134516e-04 -5.170921779e+01 -5.170921779e+01 +2.6069e+00 +3.1361e+00
196 0 +7.655639028e-04 -5.170923444e+01 -5.170923444e+01 +2.6060e+00 +3.1351e+00
198 0 +4.917835342e-04 -5.170950822e+01 -5.170950822e+01 +2.6056e+00 +3.1346e+00
200 0 +3.372027712e-04 -5.170966280e+01 -5.170966280e+01 +2.6064e+00 +3.1355e+00
202 0 +2.106041984e-04 -5.170978940e+01 -5.170978940e+01 +2.6060e+00 +3.1351e+00
204 0 +2.032296970e-04 -5.170979677e+01 -5.170979677e+01 +2.6065e+00 +3.1356e+00
206 0 +1.086889733e-04 -5.170989131e+01 -5.170989131e+01 +2.6063e+00 +3.1354e+00
209 0 +9.182925068e-05 -5.170990817e+01 -5.170990817e+01 +2.6065e+00 +3.1356e+00
212 0 +5.157314337e-05 -5.170994843e+01 -5.170994843e+01 +2.6063e+00 +3.1354e+00
219 0 +4.634559627e-05 -5.170995365e+01 -5.170995365e+01 +2.6062e+00 +3.1352e+00
221 0 +3.044589850e-05 -5.170996955e+01 -5.170996955e+01 +2.6058e+00 +3.1348e+00
222 0 +2.051882041e-05 -5.170997948e+01 -5.170997948e+01 +2.6055e+00 +3.1344e+00
224 0 +1.390724670e-05 -5.170998609e+01 -5.170998609e+01 +2.6046e+00 +3.1335e+00
225 0 +9.360689141e-06 -5.170999064e+01 -5.170999064e+01 +2.6040e+00 +3.1328e+00
228 0 +3.912244232e-06 -5.170999609e+01 -5.170999609e+01 +2.6035e+00 +3.1322e+00
230 0 +2.917066894e-06 -5.170999708e+01 -5.170999708e+01 +2.6040e+00 +3.1328e+00
235 0 +1.591875126e-06 -5.170999841e+01 -5.170999841e+01 +2.6040e+00 +3.1328e+00
237 0 +1.057449310e-06 -5.170999894e+01 -5.170999894e+01 +2.6042e+00 +3.1330e+00
239 0 +9.111307406e-07 -5.170999909e+01 -5.170999909e+01 +2.6041e+00 +3.1329e+00
241 0 +7.995424767e-07 -5.170999920e+01 -5.170999920e+01 +2.6041e+00 +3.1329e+00
245 0 +4.380218854e-08 -5.170999996e+01 -5.170999996e+01 +2.6040e+00 +3.1328e+00
% f evaluations | g evaluations | best noise-free fitness - Fopt (-2.799500000000e+02) + sum g_i+ | measured fitness | best measured fitness or single-digit g-values | x1 | x2...
1 0 +5.395532116e+02 +2.596032116e+02 +2.596032116e+02 +0.0000e+00 +0.0000e+00
2 0 +5.395373849e+02 +2.595873849e+02 +2.595873849e+02 +2.5000e-04 +0.0000e+00
16 0 +5.365771922e+02 +2.566271922e+02 +2.566271922e+02 +1.0035e-02 -1.2016e-02
23 0 +5.200448306e+02 +2.400948306e+02 +2.400948306e+02 +6.7135e-02 -7.8608e-02
25 0 +5.064478886e+02 +2.264978886e+02 +2.264978886e+02 +1.1243e-01 -1.3427e-01
26 0 +4.986699752e+02 +2.187199752e+02 +2.187199752e+02 +1.4026e-01 -1.6565e-01
27 0 +4.841746871e+02 +2.042246871e+02 +2.042246871e+02 +1.9073e-01 -2.2485e-01
28 0 +4.707430905e+02 +1.907930905e+02 +1.907930905e+02 +2.3602e-01 -2.8051e-01
29 0 +4.464056575e+02 +1.664556575e+02 +1.664556575e+02 +3.2047e-01 -3.8146e-01
30 0 +4.246015337e+02 +1.446515337e+02 +1.446515337e+02 +3.9877e-01 -4.7205e-01
31 0 +3.845685699e+02 +1.046185699e+02 +1.046185699e+02 +5.4195e-01 -6.4093e-01
32 0 +3.481351830e+02 +6.818518301e+01 +6.818518301e+01 +6.7168e-01 -7.9755e-01
33 0 +2.826481904e+02 +2.698190427e+00 +2.698190427e+00 +9.1216e-01 -1.0839e+00
34 0 +2.246043855e+02 -5.534561446e+01 -5.534561446e+01 +1.1336e+00 -1.3434e+00
35 0 +1.209009236e+02 -1.590490764e+02 -1.590490764e+02 +1.5402e+00 -1.8243e+00
42 0 +7.583253142e+01 -2.041174686e+02 -2.041174686e+02 +1.7208e+00 -2.0410e+00
43 0 +7.184421841e+01 -2.081057816e+02 -2.081057816e+02 +1.7390e+00 -2.0600e+00
107 0 +7.061593435e+01 -2.093340656e+02 -2.093340656e+02 +1.7008e+00 -2.0755e+00
111 0 +6.894566285e+01 -2.110043372e+02 -2.110043372e+02 +1.6317e+00 -2.1006e+00
113 0 +6.691690301e+01 -2.130330970e+02 -2.130330970e+02 +1.5497e+00 -2.1301e+00
115 0 +6.427788035e+01 -2.156721197e+02 -2.156721197e+02 +1.4338e+00 -2.1726e+00
116 0 +6.232891110e+01 -2.176210889e+02 -2.176210889e+02 +1.3518e+00 -2.2021e+00
117 0 +5.916480349e+01 -2.207851965e+02 -2.207851965e+02 +1.2119e+00 -2.2529e+00
118 0 +5.671736307e+01 -2.232326369e+02 -2.232326369e+02 +1.0960e+00 -2.2954e+00
119 0 +5.199582819e+01 -2.279541718e+02 -2.279541718e+02 +8.6911e-01 -2.3780e+00
120 0 +4.749825665e+01 -2.324517434e+02 -2.324517434e+02 +6.4724e-01 -2.4582e+00
121 0 +4.024726965e+01 -2.397027303e+02 -2.397027303e+02 +2.5397e-01 -2.6010e+00
122 0 +3.468697665e+01 -2.452630233e+02 -2.452630233e+02 -8.8844e-02 -2.7262e+00
123 0 +2.555833083e+01 -2.543916692e+02 -2.543916692e+02 -7.3923e-01 -2.9628e+00
124 0 +1.866642346e+01 -2.612835765e+02 -2.612835765e+02 -1.3544e+00 -3.1859e+00
125 0 +1.109865437e+01 -2.688513456e+02 -2.688513456e+02 -2.4661e+00 -3.5898e+00
126 0 +9.652208532e+00 -2.702977915e+02 -2.702977915e+02 -3.4593e+00 -3.9516e+00
136 0 +9.465195127e+00 -2.704848049e+02 -2.704848049e+02 -3.1417e+00 -3.8353e+00
144 0 +9.276191762e+00 -2.706738082e+02 -2.706738082e+02 -3.2874e+00 -3.8876e+00
147 0 +9.074950981e+00 -2.708750490e+02 -2.708750490e+02 -3.0217e+00 -3.7891e+00
148 0 +8.834839947e+00 -2.711151601e+02 -2.711151601e+02 -3.2848e+00 -3.8845e+00
149 0 +8.635539227e+00 -2.713144608e+02 -2.713144608e+02 -3.3787e+00 -3.9175e+00
150 0 +8.454263495e+00 -2.714957365e+02 -2.714957365e+02 -3.0402e+00 -3.7929e+00
151 0 +8.254311879e+00 -2.716956881e+02 -2.716956881e+02 -2.8803e+00 -3.7326e+00
152 0 +7.574767219e+00 -2.723752328e+02 -2.723752328e+02 -3.2373e+00 -3.8609e+00
153 0 +6.915126673e+00 -2.730348733e+02 -2.730348733e+02 -3.3452e+00 -3.8968e+00
154 0 +6.596377834e+00 -2.733536222e+02 -2.733536222e+02 -2.8467e+00 -3.7119e+00
155 0 +6.075524815e+00 -2.738744752e+02 -2.738744752e+02 -2.5807e+00 -3.6091e+00
156 0 +4.077865920e+00 -2.758721341e+02 -2.758721341e+02 -3.0456e+00 -3.7733e+00
157 0 +2.051345151e+00 -2.778986548e+02 -2.778986548e+02 -3.1282e+00 -3.7937e+00
160 0 +4.481483044e-01 -2.795018517e+02 -2.795018517e+02 -3.6757e+00 -3.9784e+00
170 0 +3.115410848e-01 -2.796384589e+02 -2.796384589e+02 -3.4952e+00 -3.9180e+00
172 0 +2.617257287e-01 -2.796882743e+02 -2.796882743e+02 -3.6424e+00 -3.9701e+00
174 0 +8.619922117e-02 -2.798638008e+02 -2.798638008e+02 -3.6222e+00 -3.9612e+00
179 0 +5.075821854e-02 -2.798992418e+02 -2.798992418e+02 -3.5838e+00 -3.9483e+00
181 0 +3.318930413e-02 -2.799168107e+02 -2.799168107e+02 -3.6360e+00 -3.9667e+00
183 0 +2.301756800e-02 -2.799269824e+02 -2.799269824e+02 -3.6161e+00 -3.9593e+00
185 0 +1.912444908e-02 -2.799308756e+02 -2.799308756e+02 -3.6472e+00 -3.9704e+00
187 0 +6.847591377e-03 -2.799431524e+02 -2.799431524e+02 -3.6338e+00 -3.9658e+00
190 0 +6.200445391e-03 -2.799437996e+02 -2.799437996e+02 -3.6483e+00 -3.9709e+00
192 0 +4.711725172e-03 -2.799452883e+02 -2.799452883e+02 -3.6291e+00 -3.9641e+00
194 0 +1.909030845e-03 -2.799480910e+02 -2.799480910e+02 -3.6363e+00 -3.9666e+00
195 0 +5.074516007e-04 -2.799494925e+02 -2.799494925e+02 -3.6171e+00 -3.9598e+00
204 0 +3.044533479e-04 -2.799496955e+02 -2.799496955e+02 -3.6217e+00 -3.9615e+00
206 0 +2.020455763e-04 -2.799497980e+02 -2.799497980e+02 -3.6173e+00 -3.9599e+00
208 0 +1.386054124e-04 -2.799498614e+02 -2.799498614e+02 -3.6183e+00 -3.9602e+00
210 0 +9.066861168e-05 -2.799499093e+02 -2.799499093e+02 -3.6158e+00 -3.9594e+00
212 0 +4.629705643e-05 -2.799499537e+02 -2.799499537e+02 -3.6172e+00 -3.9598e+00
216 0 +2.527690833e-05 -2.799499747e+02 -2.799499747e+02 -3.6161e+00 -3.9595e+00
217 0 +1.484636147e-05 -2.799499852e+02 -2.799499852e+02 -3.6177e+00 -3.9600e+00
222 0 +9.805265677e-06 -2.799499902e+02 -2.799499902e+02 -3.6180e+00 -3.9601e+00
224 0 +5.867357231e-06 -2.799499941e+02 -2.799499941e+02 -3.6174e+00 -3.9599e+00
226 0 +3.625700685e-06 -2.799499964e+02 -2.799499964e+02 -3.6177e+00 -3.9600e+00
228 0 +3.234697431e-06 -2.799499968e+02 -2.799499968e+02 -3.6174e+00 -3.9599e+00
230 0 +1.264782554e-06 -2.799499987e+02 -2.799499987e+02 -3.6175e+00 -3.9600e+00
233 0 +9.796445397e-07 -2.799499990e+02 -2.799499990e+02 -3.6173e+00 -3.9599e+00
235 0 +5.631092677e-07 -2.799499994e+02 -2.799499994e+02 -3.6175e+00 -3.9600e+00
237 0 +3.291692110e-07 -2.799499997e+02 -2.799499997e+02 -3.6175e+00 -3.9599e+00
240 0 +8.470084367e-08 -2.799499999e+02 -2.799499999e+02 -3.6175e+00 -3.9600e+00
% f evaluations | g evaluations | best noise-free fitness - Fopt (9.319900000000e+02) + sum g_i+ | measured fitness | best measured fitness or single-digit g-values | x1 | x2...
1 0 +2.054759652e+02 +1.137465965e+03 +1.137465965e+03 +0.0000e+00 +0.0000e+00
2 0 +2.054558422e+02 +1.137445842e+03 +1.137445842e+03 +2.5000e-04 +0.0000e+00
16 0 +2.039401983e+02 +1.135930198e+03 +1.135930198e+03 +2.2305e-03 +1.0035e-02
21 0 +1.995083518e+02 +1.131498352e+03 +1.131498352e+03 +8.1782e-03 +3.9304e-02
24 0 +1.930056863e+02 +1.124995686e+03 +1.124995686e+03 +1.6022e-02 +8.2823e-02
25 0 +1.885281709e+02 +1.120518171e+03 +1.120518171e+03 +2.2093e-02 +1.1243e-01
26 0 +1.844938584e+02 +1.116483858e+03 +1.116483858e+03 +2.5639e-02 +1.4026e-01
27 0 +1.770016577e+02 +1.108991658e+03 +1.108991658e+03 +3.4369e-02 +1.9073e-01
28 0 +1.700883979e+02 +1.102078398e+03 +1.102078398e+03 +4.4739e-02 +2.3602e-01
29 0 +1.574454302e+02 +1.089435430e+03 +1.089435430e+03 +6.1246e-02 +3.2047e-01
30 0 +1.459828617e+02 +1.077972862e+03 +1.077972862e+03 +7.3523e-02 +3.9877e-01
31 0 +1.248345832e+02 +1.056824583e+03 +1.056824583e+03 +9.9237e-02 +5.4195e-01
32 0 +1.054749543e+02 +1.037464954e+03 +1.037464954e+03 +1.2611e-01 +6.7168e-01
33 0 +7.007849656e+01 +1.002068497e+03 +1.002068497e+03 +1.7199e-01 +9.1216e-01
34 0 +3.799704873e+01 +9.699870487e+02 +9.699870487e+02 +2.0998e-01 +1.1336e+00
35 0 +3.261169821e+01 +9.646016982e+02 +9.646016982e+02 +2.8434e-01 +1.5402e+00
39 0 +2.341276421e+01 +9.554027642e+02 +9.554027642e+02 +2.3024e-01 +1.2332e+00
42 0 +1.187087638e+01 +9.438608764e+02 +9.438608764e+02 +2.5522e-01 +1.3797e+00
47 0 +1.162380765e+01 +9.436138076e+02 +9.436138076e+02 +2.5676e-01 +1.3772e+00
49 0 +9.691343140e+00 +9.416813431e+02 +9.416813431e+02 +2.5300e-01 +1.3625e+00
51 0 +7.749487737e+00 +9.397394877e+02 +9.397394877e+02 +2.4984e-01 +1.3417e+00
57 0 +7.582685766e+00 +9.395726858e+02 +9.395726858e+02 +2.5022e-01 +1.3461e+00
68 0 +7.402763688e+00 +9.393927637e+02 +9.393927637e+02 +2.5015e-01 +1.3446e+00
117 0 +7.236492253e+00 +9.392264923e+02 +9.392264923e+02 +2.6164e-01 +1.3394e+00
121 0 +6.992236147e+00 +9.389822361e+02 +9.389822361e+02 +2.8257e-01 +1.3302e+00
122 0 +6.894305642e+00 +9.388843056e+02 +9.388843056e+02 +2.9055e-01 +1.3268e+00
123 0 +6.727085897e+00 +9.387170859e+02 +9.387170859e+02 +3.0501e-01 +1.3205e+00
124 0 +6.588479739e+00 +9.385784797e+02 +9.385784797e+02 +3.1797e-01 +1.3148e+00
125 0 +6.325286869e+00 +9.383152869e+02 +9.383152869e+02 +3.4215e-01 +1.3043e+00
126 0 +6.076649368e+00 +9.380666494e+02 +9.380666494e+02 +3.6458e-01 +1.2945e+00
127 0 +5.649999107e+00 +9.376399991e+02 +9.376399991e+02 +4.0559e-01 +1.2767e+00
128 0 +5.294270036e+00 +9.372842700e+02 +9.372842700e+02 +4.4273e-01 +1.2605e+00
129 0 +4.665614441e+00 +9.366556144e+02 +9.366556144e+02 +5.1159e-01 +1.2304e+00
130 0 +4.123061495e+00 +9.361130615e+02 +9.361130615e+02 +5.7503e-01 +1.2029e+00
131 0 +3.273013360e+00 +9.352630134e+02 +9.352630134e+02 +6.9147e-01 +1.1522e+00
132 0 +2.662494847e+00 +9.346524948e+02 +9.346524948e+02 +7.9746e-01 +1.1059e+00
133 0 +1.879378435e+00 +9.338693784e+02 +9.338693784e+02 +9.9340e-01 +1.0205e+00
134 0 +1.556723205e+00 +9.335467232e+02 +9.335467232e+02 +1.1733e+00 +9.4230e-01
144 0 +1.542798243e+00 +9.335327982e+02 +9.335327982e+02 +1.2302e+00 +9.1750e-01
152 0 +1.503350354e+00 +9.334933504e+02 +9.334933504e+02 +1.2042e+00 +9.2914e-01
154 0 +1.470302630e+00 +9.334603026e+02 +9.334603026e+02 +1.2337e+00 +9.1657e-01
156 0 +1.406757857e+00 +9.333967579e+02 +9.333967579e+02 +1.2053e+00 +9.2942e-01
157 0 +1.356202331e+00 +9.333462023e+02 +9.333462023e+02 +1.1887e+00 +9.3707e-01
158 0 +1.314048746e+00 +9.333040487e+02 +9.333040487e+02 +1.2500e+00 +9.1071e-01
159 0 +1.243967335e+00 +9.332339673e+02 +9.332339673e+02 +1.2794e+00 +8.9859e-01
160 0 +1.132439200e+00 +9.331224392e+02 +9.331224392e+02 +1.2156e+00 +9.2706e-01
161 0 +9.815628519e-01 +9.329715629e+02 +9.329715629e+02 +1.1972e+00 +9.3630e-01
162 0 +8.800368043e-01 +9.328700368e+02 +9.328700368e+02 +1.2879e+00 +8.9781e-01
163 0 +6.887385564e-01 +9.326787386e+02 +9.326787386e+02 +1.3374e+00 +8.7818e-01
164 0 +3.661985622e-01 +9.323561986e+02 +9.323561986e+02 +1.2552e+00 +9.1590e-01
165 0 +1.825510375e-01 +9.321725510e+02 +9.321725510e+02 +1.2432e+00 +9.2455e-01
170 0 +1.172597782e-01 +9.321072598e+02 +9.321072598e+02 +1.3338e+00 +8.8607e-01
172 0 +6.529513485e-02 +9.320552951e+02 +9.320552951e+02 +1.3069e+00 +8.9608e-01
175 0 +2.683556045e-02 +9.320168356e+02 +9.320168356e+02 +1.3430e+00 +8.8145e-01
177 0 +2.532297917e-02 +9.320153230e+02 +9.320153230e+02 +1.2887e+00 +9.0435e-01
179 0 +2.492995463e-02 +9.320149300e+02 +9.320149300e+02 +1.3114e+00 +8.9449e-01
181 0 +1.251057860e-02 +9.320025106e+02 +9.320025106e+02 +1.3215e+00 +8.9043e-01
185 0 +4.260428696e-03 +9.319942604e+02 +9.319942604e+02 +1.3411e+00 +8.8203e-01
190 0 +1.839719055e-03 +9.319918397e+02 +9.319918397e+02 +1.3440e+00 +8.8083e-01
192 0 +1.082945157e-03 +9.319910829e+02 +9.319910829e+02 +1.3328e+00 +8.8557e-01
196 0 +6.943845985e-04 +9.319906944e+02 +9.319906944e+02 +1.3402e+00 +8.8246e-01
198 0 +3.465870710e-04 +9.319903466e+02 +9.319903466e+02 +1.3381e+00 +8.8331e-01
200 0 +2.927685080e-04 +9.319902928e+02 +9.319902928e+02 +1.3423e+00 +8.8155e-01
202 0 +2.213287271e-04 +9.319902213e+02 +9.319902213e+02 +1.3402e+00 +8.8245e-01
204 0 +1.824847766e-04 +9.319901825e+02 +9.319901825e+02 +1.3397e+00 +8.8265e-01
206 0 +1.218008996e-04 +9.319901218e+02 +9.319901218e+02 +1.3388e+00 +8.8305e-01
208 0 +9.848895445e-05 +9.319900985e+02 +9.319900985e+02 +1.3397e+00 +8.8265e-01
210 0 +4.080657800e-05 +9.319900408e+02 +9.319900408e+02 +1.3395e+00 +8.8275e-01
213 0 +3.123944168e-05 +9.319900312e+02 +9.319900312e+02 +1.3398e+00 +8.8260e-01
215 0 +2.665512409e-05 +9.319900267e+02 +9.319900267e+02 +1.3393e+00 +8.8284e-01
217 0 +1.416579391e-05 +9.319900142e+02 +9.319900142e+02 +1.3395e+00 +8.8274e-01
218 0 +5.072246722e-06 +9.319900051e+02 +9.319900051e+02 +1.3389e+00 +8.8298e-01
223 0 +6.640800621e-08 +9.319900001e+02 +9.319900001e+02 +1.3384e+00 +8.8321e-01
242 0 +5.909885203e-08 +9.319900001e+02 +9.319900001e+02 +1.3383e+00 +8.8324e-01
% f evaluations | g evaluations | best noise-free fitness - Fopt (1.133100000000e+02) + sum g_i+ | measured fitness | best measured fitness or single-digit g-values | x1 | x2...
1 0 +6.153732223e+02 +7.286832223e+02 +7.286832223e+02 +0.0000e+00 +0.0000e+00
3 0 +6.153110801e+02 +7.286210801e+02 +7.286210801e+02 +0.0000e+00 +2.5000e-04
21 0 +6.018273161e+02 +7.151373161e+02 +7.151373161e+02 -4.7232e-02 +3.9304e-02
24 0 +5.869402875e+02 +7.002502875e+02 +7.002502875e+02 -9.8595e-02 +8.2823e-02
26 0 +5.674093047e+02 +6.807193047e+02 +6.807193047e+02 -1.6565e-01 +1.4026e-01
27 0 +5.502765566e+02 +6.635865566e+02 +6.635865566e+02 -2.2485e-01 +1.9073e-01
28 0 +5.347496457e+02 +6.480596457e+02 +6.480596457e+02 -2.8051e-01 +2.3602e-01
29 0 +5.061332013e+02 +6.194432013e+02 +6.194432013e+02 -3.8146e-01 +3.2047e-01
30 0 +4.799575843e+02 +5.932675843e+02 +5.932675843e+02 -4.7205e-01 +3.9877e-01
31 0 +4.321656869e+02 +5.454756869e+02 +5.454756869e+02 -6.4093e-01 +5.4195e-01
32 0 +3.889536089e+02 +5.022636089e+02 +5.022636089e+02 -7.9755e-01 +6.7168e-01
33 0 +3.100555477e+02 +4.233655477e+02 +4.233655477e+02 -1.0839e+00 +9.1216e-01
34 0 +2.387204770e+02 +3.520304770e+02 +3.520304770e+02 -1.3434e+00 +1.1336e+00
35 0 +1.100138989e+02 +2.233238989e+02 +2.233238989e+02 -1.8243e+00 +1.5402e+00
36 0 +7.191554058e+01 +1.852255406e+02 +1.852255406e+02 -2.2673e+00 +1.9104e+00
43 0 +5.100146115e+01 +1.643114611e+02 +1.643114611e+02 -2.0505e+00 +1.7299e+00
46 0 +3.600986853e+01 +1.493198685e+02 +1.493198685e+02 -2.1542e+00 +1.8156e+00
53 0 +3.262085076e+01 +1.459308508e+02 +1.459308508e+02 -2.1441e+00 +1.8064e+00
55 0 +3.098752264e+01 +1.442975226e+02 +1.442975226e+02 -2.1292e+00 +1.7944e+00
59 0 +3.019248903e+01 +1.435024890e+02 +1.435024890e+02 -2.1363e+00 +1.8000e+00
105 0 +2.946108623e+01 +1.427710862e+02 +1.427710862e+02 -2.1190e+00 +1.8036e+00
111 0 +2.864462638e+01 +1.419546264e+02 +1.419546264e+02 -2.0574e+00 +1.8232e+00
113 0 +2.799613449e+01 +1.413061345e+02 +1.413061345e+02 -2.0063e+00 +1.8393e+00
115 0 +2.683640333e+01 +1.401464033e+02 +1.401464033e+02 -1.9162e+00 +1.8680e+00
116 0 +2.621154395e+01 +1.395215439e+02 +1.395215439e+02 -1.8651e+00 +1.8842e+00
117 0 +2.504040390e+01 +1.383504039e+02 +1.383504039e+02 -1.7689e+00 +1.9147e+00
118 0 +2.395062736e+01 +1.372606274e+02 +1.372606274e+02 -1.6788e+00 +1.9434e+00
119 0 +2.205943821e+01 +1.353694382e+02 +1.353694382e+02 -1.5150e+00 +1.9954e+00
120 0 +2.045679849e+01 +1.337667985e+02 +1.337667985e+02 -1.3677e+00 +2.0421e+00
121 0 +1.763606453e+01 +1.309460645e+02 +1.309460645e+02 -1.0935e+00 +2.1291e+00
122 0 +1.521589388e+01 +1.285258939e+02 +1.285258939e+02 -8.3955e-01 +2.2098e+00
123 0 +1.136287342e+01 +1.246728734e+02 +1.246728734e+02 -3.7487e-01 +2.3574e+00
124 0 +8.511770329e+00 +1.218217703e+02 +1.218217703e+02 +4.6653e-02 +2.4911e+00
125 0 +4.729506836e+00 +1.180395068e+02 +1.180395068e+02 +8.2747e-01 +2.7389e+00
126 0 +2.970624603e+00 +1.162806246e+02 +1.162806246e+02 +1.5461e+00 +2.9672e+00
132 0 +2.836149354e+00 +1.161461494e+02 +1.161461494e+02 +2.1326e+00 +3.1533e+00
135 0 +2.752952550e+00 +1.160629525e+02 +1.160629525e+02 +1.8540e+00 +3.0649e+00
144 0 +2.690192547e+00 +1.160001925e+02 +1.160001925e+02 +1.9779e+00 +3.1045e+00
146 0 +2.629621061e+00 +1.159396211e+02 +1.159396211e+02 +1.9674e+00 +3.1014e+00
149 0 +2.483925733e+00 +1.157939257e+02 +1.157939257e+02 +2.0705e+00 +3.1349e+00
150 0 +2.388206699e+00 +1.156982067e+02 +1.156982067e+02 +2.0859e+00 +3.1402e+00
152 0 +2.182106460e+00 +1.154921065e+02 +1.154921065e+02 +2.0366e+00 +3.1253e+00
153 0 +1.987970925e+00 +1.152979709e+02 +1.152979709e+02 +2.0673e+00 +3.1359e+00
155 0 +1.648816642e+00 +1.149588166e+02 +1.149588166e+02 +2.2087e+00 +3.1825e+00
156 0 +1.296696423e+00 +1.146066964e+02 +1.146066964e+02 +2.2701e+00 +3.2037e+00
157 0 +1.205639581e+00 +1.145156396e+02 +1.145156396e+02 +2.1101e+00 +3.1527e+00
158 0 +7.970303905e-01 +1.141070304e+02 +1.141070304e+02 +2.0515e+00 +3.1356e+00
159 0 +9.252199563e-02 +1.134025220e+02 +1.134025220e+02 +2.2544e+00 +3.2035e+00
169 0 +6.272852557e-02 +1.133727285e+02 +1.133727285e+02 +2.1597e+00 +3.1732e+00
171 0 +2.307532319e-02 +1.133330753e+02 +1.133330753e+02 +2.1566e+00 +3.1725e+00
174 0 +1.780292257e-02 +1.133278029e+02 +1.133278029e+02 +2.1345e+00 +3.1653e+00
176 0 +1.770849104e-02 +1.133277085e+02 +1.133277085e+02 +2.1037e+00 +3.1556e+00
178 0 +1.075212372e-02 +1.133207521e+02 +1.133207521e+02 +2.1378e+00 +3.1665e+00
180 0 +2.286357851e-03 +1.133122864e+02 +1.133122864e+02 +2.1276e+00 +3.1632e+00
187 0 +1.666854445e-03 +1.133116669e+02 +1.133116669e+02 +2.1413e+00 +3.1675e+00
189 0 +5.298273947e-04 +1.133105298e+02 +1.133105298e+02 +2.1379e+00 +3.1665e+00
192 0 +4.959221265e-04 +1.133104959e+02 +1.133104959e+02 +2.1430e+00 +3.1681e+00
194 0 +4.620625372e-04 +1.133104621e+02 +1.133104621e+02 +2.1349e+00 +3.1655e+00
196 0 +6.089980293e-05 +1.133100609e+02 +1.133100609e+02 +2.1384e+00 +3.1666e+00
197 0 +5.923958133e-05 +1.133100592e+02 +1.133100592e+02 +2.1303e+00 +3.1640e+00
204 0 +4.813879043e-05 +1.133100481e+02 +1.133100481e+02 +2.1344e+00 +3.1653e+00
206 0 +5.413994700e-06 +1.133100054e+02 +1.133100054e+02 +2.1354e+00 +3.1657e+00
216 0 +2.592780234e-06 +1.133100026e+02 +1.133100026e+02 +2.1348e+00 +3.1655e+00
218 0 +1.387209295e-06 +1.133100014e+02 +1.133100014e+02 +2.1353e+00 +3.1656e+00
222 0 +4.327437040e-07 +1.133100004e+02 +1.133100004e+02 +2.1349e+00 +3.1655e+00
225 0 +3.845455581e-07 +1.133100004e+02 +1.133100004e+02 +2.1352e+00 +3.1656e+00
229 0 +2.064019071e-07 +1.133100002e+02 +1.133100002e+02 +2.1351e+00 +3.1656e+00
231 0 +1.449974860e-07 +1.133100001e+02 +1.133100001e+02 +2.1350e+00 +3.1655e+00
233 0 +1.230161786e-07 +1.133100001e+02 +1.133100001e+02 +2.1351e+00 +3.1656e+00
235 0 +1.087772716e-07 +1.133100001e+02 +1.133100001e+02 +2.1351e+00 +3.1656e+00
% f evaluations | g evaluations | best noise-free fitness - Fopt (2.264000000000e+01) + sum g_i+ | measured fitness | best measured fitness or single-digit g-values | x1 | x2...
1 0 +1.309066553e+03 +1.331706553e+03 +1.331706553e+03 +0.0000e+00 +0.0000e+00
2 0 +1.309016966e+03 +1.331656966e+03 +1.331656966e+03 +2.5000e-04 +0.0000e+00
25 0 +1.282563097e+03 +1.305203097e+03 +1.305203097e+03 +1.1243e-01 +2.2093e-02
28 0 +1.253777477e+03 +1.276417477e+03 +1.276417477e+03 +2.3602e-01 +4.4739e-02
30 0 +1.216128824e+03 +1.238768824e+03 +1.238768824e+03 +3.9877e-01 +7.3523e-02
31 0 +1.182989627e+03 +1.205629627e+03 +1.205629627e+03 +5.4195e-01 +9.9237e-02
32 0 +1.152335006e+03 +1.174975006e+03 +1.174975006e+03 +6.7168e-01 +1.2611e-01
33 0 +1.096375019e+03 +1.119015019e+03 +1.119015019e+03 +9.1216e-01 +1.7199e-01
34 0 +1.045759377e+03 +1.068399377e+03 +1.068399377e+03 +1.1336e+00 +2.0998e-01
35 0 +9.523075354e+02 +9.749475354e+02 +9.749475354e+02 +1.5402e+00 +2.8434e-01
36 0 +8.666732653e+02 +8.893132653e+02 +8.893132653e+02 +1.9104e+00 +3.5709e-01
37 0 +7.103594610e+02 +7.329994610e+02 +7.329994610e+02 +2.5947e+00 +4.8602e-01
38 0 +5.690048606e+02 +5.916448606e+02 +5.916448606e+02 +3.2227e+00 +5.9838e-01
39 0 +3.104965548e+02 +3.331365548e+02 +3.331365548e+02 +4.3780e+00 +8.1157e-01
40 0 +7.641006486e+01 +9.905006486e+01 +9.905006486e+01 +5.4325e+00 +1.0132e+00
49 0 +3.471567787e+01 +5.735567787e+01 +5.735567787e+01 +5.7395e+00 +1.0674e+00
54 0 +2.375139767e+01 +4.639139767e+01 +4.639139767e+01 +5.6733e+00 +1.0569e+00
65 0 +2.340688257e+01 +4.604688257e+01 +4.604688257e+01 +5.6756e+00 +1.0564e+00
70 0 +2.289281730e+01 +4.553281730e+01 +4.553281730e+01 +5.6781e+00 +1.0566e+00
137 0 +2.235720415e+01 +4.499720415e+01 +4.499720415e+01 +5.6587e+00 +1.0827e+00
141 0 +2.160123346e+01 +4.424123346e+01 +4.424123346e+01 +5.6224e+00 +1.1299e+00
142 0 +2.131683843e+01 +4.395683843e+01 +4.395683843e+01 +5.6087e+00 +1.1478e+00
143 0 +2.080623098e+01 +4.344623098e+01 +4.344623098e+01 +5.5837e+00 +1.1804e+00
144 0 +2.035385593e+01 +4.299385593e+01 +4.299385593e+01 +5.5611e+00 +1.2098e+00
145 0 +1.952383876e+01 +4.216383876e+01 +4.216383876e+01 +5.5191e+00 +1.2644e+00
146 0 +1.876964972e+01 +4.140964972e+01 +4.140964972e+01 +5.4804e+00 +1.3149e+00
147 0 +1.743099744e+01 +4.007099744e+01 +4.007099744e+01 +5.4094e+00 +1.4073e+00
148 0 +1.626327938e+01 +3.890327938e+01 +3.890327938e+01 +5.3449e+00 +1.4914e+00
149 0 +1.420989119e+01 +3.684989119e+01 +3.684989119e+01 +5.2255e+00 +1.6468e+00
150 0 +1.244579998e+01 +3.508579998e+01 +3.508579998e+01 +5.1157e+00 +1.7898e+00
151 0 +9.529269340e+00 +3.216926934e+01 +3.216926934e+01 +4.9140e+00 +2.0524e+00
152 0 +7.237377091e+00 +2.987737709e+01 +2.987737709e+01 +4.7301e+00 +2.2919e+00
153 0 +3.905444107e+00 +2.654544411e+01 +2.654544411e+01 +4.3905e+00 +2.7342e+00
154 0 +1.877535904e+00 +2.451753590e+01 +2.451753590e+01 +4.0790e+00 +3.1398e+00
155 0 +7.388304424e-01 +2.337883044e+01 +2.337883044e+01 +3.5058e+00 +3.8863e+00
164 0 +7.171740111e-01 +2.335717401e+01 +2.335717401e+01 +3.6580e+00 +3.6881e+00
167 0 +6.971057659e-01 +2.333710577e+01 +2.333710577e+01 +3.5854e+00 +3.7826e+00
179 0 +6.907710100e-01 +2.333077101e+01 +2.333077101e+01 +3.5904e+00 +3.7762e+00
184 0 +6.703680143e-01 +2.331036801e+01 +2.331036801e+01 +3.5929e+00 +3.7731e+00
187 0 +6.434777275e-01 +2.328347773e+01 +2.328347773e+01 +3.6218e+00 +3.7357e+00
188 0 +6.232022276e-01 +2.326320223e+01 +2.326320223e+01 +3.6229e+00 +3.7344e+00
190 0 +5.850140290e-01 +2.322501403e+01 +2.322501403e+01 +3.6529e+00 +3.6956e+00
191 0 +5.450768795e-01 +2.318507688e+01 +2.318507688e+01 +3.6552e+00 +3.6930e+00
193 0 +4.613415862e-01 +2.310134159e+01 +2.310134159e+01 +3.6318e+00 +3.7239e+00
194 0 +3.806401705e-01 +2.302064017e+01 +2.302064017e+01 +3.6363e+00 +3.7187e+00
196 0 +2.269531131e-01 +2.286695311e+01 +2.286695311e+01 +3.6730e+00 +3.6721e+00
197 0 +6.880684981e-02 +2.270880685e+01 +2.270880685e+01 +3.6819e+00 +3.6617e+00
198 0 +5.775949630e-02 +2.269775950e+01 +2.269775950e+01 +3.6263e+00 +3.7339e+00
205 0 +5.610613029e-02 +2.269610613e+01 +2.269610613e+01 +3.6563e+00 +3.6952e+00
206 0 +2.292126926e-02 +2.266292127e+01 +2.266292127e+01 +3.6008e+00 +3.7675e+00
211 0 +2.207341148e-02 +2.266207341e+01 +2.266207341e+01 +3.6352e+00 +3.7226e+00
212 0 +9.478510185e-03 +2.264947851e+01 +2.264947851e+01 +3.6085e+00 +3.7575e+00
216 0 +7.181455441e-03 +2.264718146e+01 +2.264718146e+01 +3.5846e+00 +3.7886e+00
218 0 +5.268984874e-03 +2.264526898e+01 +2.264526898e+01 +3.5819e+00 +3.7923e+00
220 0 +4.358714076e-03 +2.264435871e+01 +2.264435871e+01 +3.5579e+00 +3.8234e+00
223 0 +3.053240723e-03 +2.264305324e+01 +2.264305324e+01 +3.5773e+00 +3.7982e+00
225 0 +8.017741398e-04 +2.264080177e+01 +2.264080177e+01 +3.5747e+00 +3.8016e+00
231 0 +7.600398093e-04 +2.264076004e+01 +2.264076004e+01 +3.5792e+00 +3.7957e+00
232 0 +1.507497555e-04 +2.264015075e+01 +2.264015075e+01 +3.5689e+00 +3.8091e+00
239 0 +9.975732383e-05 +2.264009976e+01 +2.264009976e+01 +3.5711e+00 +3.8063e+00
241 0 +5.267758360e-05 +2.264005268e+01 +2.264005268e+01 +3.5727e+00 +3.8042e+00
243 0 +3.925395714e-05 +2.264003925e+01 +2.264003925e+01 +3.5704e+00 +3.8072e+00
246 0 +2.889467469e-05 +2.264002889e+01 +2.264002889e+01 +3.5690e+00 +3.8090e+00
249 0 +8.047095786e-06 +2.264000805e+01 +2.264000805e+01 +3.5705e+00 +3.8070e+00
256 0 +3.107273091e-06 +2.264000311e+01 +2.264000311e+01 +3.5700e+00 +3.8077e+00
258 0 +2.629519209e-06 +2.264000263e+01 +2.264000263e+01 +3.5704e+00 +3.8072e+00
262 0 +1.347575250e-06 +2.264000135e+01 +2.264000135e+01 +3.5702e+00 +3.8074e+00
264 0 +4.334928292e-07 +2.264000043e+01 +2.264000043e+01 +3.5703e+00 +3.8073e+00
268 0 +4.154504012e-07 +2.264000042e+01 +2.264000042e+01 +3.5702e+00 +3.8074e+00
270 0 +2.991674855e-07 +2.264000030e+01 +2.264000030e+01 +3.5703e+00 +3.8073e+00
272 0 +1.005851757e-07 +2.264000010e+01 +2.264000010e+01 +3.5703e+00 +3.8073e+00
% f evaluations | g evaluations | best noise-free fitness - Fopt (7.553000000000e+01) + sum g_i+ | measured fitness | best measured fitness or single-digit g-values | x1 | x2...
1 0 +7.062114796e+01 +1.461511480e+02 +1.461511480e+02 +0.0000e+00 +0.0000e+00
3 0 +7.061511049e+01 +1.461451105e+02 +1.461451105e+02 +0.0000e+00 +2.5000e-04
15 0 +6.892687399e+01 +1.444568740e+02 +1.444568740e+02 -9.2344e-03 +8.2773e-03
18 0 +6.695613295e+01 +1.424861330e+02 +1.424861330e+02 -2.0070e-02 +1.7283e-02
19 0 +6.564229727e+01 +1.411722973e+02 +1.411722973e+02 -2.7246e-02 +2.3616e-02
20 0 +6.432919183e+01 +1.398591918e+02 +1.398591918e+02 -3.4566e-02 +2.8962e-02
21 0 +6.203105048e+01 +1.375610505e+02 +1.375610505e+02 -4.7232e-02 +3.9304e-02
22 0 +6.006077051e+01 +1.355907705e+02 +1.355907705e+02 -5.7924e-02 +4.9297e-02
23 0 +5.628612372e+01 +1.318161237e+02 +1.318161237e+02 -7.8608e-02 +6.7135e-02
24 0 +5.267786023e+01 +1.282078602e+02 +1.282078602e+02 -9.8595e-02 +8.2823e-02
25 0 +4.620100088e+01 +1.217310009e+02 +1.217310009e+02 -1.3427e-01 +1.1243e-01
26 0 +4.046305808e+01 +1.159930581e+02 +1.159930581e+02 -1.6565e-01 +1.4026e-01
27 0 +2.969294120e+01 +1.052229412e+02 +1.052229412e+02 -2.2485e-01 +1.9073e-01
28 0 +1.963068385e+01 +9.516068385e+01 +9.516068385e+01 -2.8051e-01 +2.3602e-01
29 0 +1.216033535e+01 +8.769033535e+01 +8.769033535e+01 -3.8146e-01 +3.2047e-01
32 0 +1.139140620e+01 +8.692140620e+01 +8.692140620e+01 -3.2580e-01 +2.7518e-01
38 0 +7.404245830e+00 +8.293424583e+01 +8.293424583e+01 -3.5319e-01 +2.9717e-01
47 0 +7.031238206e+00 +8.256123821e+01 +8.256123821e+01 -3.4993e-01 +2.9495e-01
81 0 +6.917359872e+00 +8.244735987e+01 +8.244735987e+01 -3.5123e-01 +2.9182e-01
88 0 +6.706981596e+00 +8.223698160e+01 +8.223698160e+01 -3.5608e-01 +2.7138e-01
90 0 +6.556169337e+00 +8.208616934e+01 +8.208616934e+01 -3.6014e-01 +2.5484e-01
91 0 +6.451569906e+00 +8.198156991e+01 +8.198156991e+01 -3.6243e-01 +2.4500e-01
92 0 +6.274999359e+00 +8.180499936e+01 +8.180499936e+01 -3.6674e-01 +2.2690e-01
93 0 +6.131222886e+00 +8.166122289e+01 +8.166122289e+01 -3.7079e-01 +2.1035e-01
94 0 +5.856658147e+00 +8.138665815e+01 +8.138665815e+01 -3.7815e-01 +1.7984e-01
95 0 +5.595337610e+00 +8.112533761e+01 +8.112533761e+01 -3.8475e-01 +1.5189e-01
96 0 +5.152637687e+00 +8.068263769e+01 +8.068263769e+01 -3.9706e-01 +1.0042e-01
97 0 +4.791037474e+00 +8.032103747e+01 +8.032103747e+01 -4.0846e-01 +5.3361e-02
98 0 +4.156562431e+00 +7.968656243e+01 +7.968656243e+01 -4.2932e-01 -3.3407e-02
99 0 +3.613245410e+00 +7.914324541e+01 +7.914324541e+01 -4.4823e-01 -1.1282e-01
100 0 +2.796632111e+00 +7.832663211e+01 +7.832663211e+01 -4.8328e-01 -2.5915e-01
101 0 +2.258678571e+00 +7.778867857e+01 +7.778867857e+01 -5.1554e-01 -3.9298e-01
102 0 +1.680207448e+00 +7.721020745e+01 +7.721020745e+01 -5.7479e-01 -6.3968e-01
103 0 +1.620288473e+00 +7.715028847e+01 +7.715028847e+01 -6.2874e-01 -8.6542e-01
111 0 +1.576791361e+00 +7.710679136e+01 +7.710679136e+01 -5.9978e-01 -7.4469e-01
117 0 +1.539061104e+00 +7.706906110e+01 +7.706906110e+01 -6.0206e-01 -7.5522e-01
119 0 +1.492407184e+00 +7.702240718e+01 +7.702240718e+01 -6.1305e-01 -8.0252e-01
120 0 +1.461855170e+00 +7.699185517e+01 +7.699185517e+01 -6.1968e-01 -8.3143e-01
121 0 +1.420874805e+00 +7.695087481e+01 +7.695087481e+01 -5.9811e-01 -7.4223e-01
122 0 +1.374725373e+00 +7.690472537e+01 +7.690472537e+01 -5.8856e-01 -7.0423e-01
123 0 +1.286338087e+00 +7.681633809e+01 +7.681633809e+01 -6.1262e-01 -8.0667e-01
124 0 +1.187478959e+00 +7.671747896e+01 +7.671747896e+01 -6.2111e-01 -8.4550e-01
125 0 +1.085952169e+00 +7.661595217e+01 +7.661595217e+01 -5.8999e-01 -7.1830e-01
126 0 +9.460239482e-01 +7.647602395e+01 +7.647602395e+01 -5.7515e-01 -6.6173e-01
127 0 +6.974119904e-01 +7.622741199e+01 +7.622741199e+01 -6.0770e-01 -8.0300e-01
128 0 +3.899564198e-01 +7.591995642e+01 +7.591995642e+01 -6.1726e-01 -8.5239e-01
131 0 +1.646242003e-01 +7.569462420e+01 +7.569462420e+01 -6.5938e-01 -1.0430e+00
134 0 +1.015905435e-01 +7.563159054e+01 +7.563159054e+01 -6.2587e-01 -9.0349e-01
138 0 +9.370752190e-02 +7.562370752e+01 +7.562370752e+01 -6.3628e-01 -9.4305e-01
140 0 +6.384558683e-02 +7.559384559e+01 +7.559384559e+01 -6.4522e-01 -9.8316e-01
142 0 +1.419014681e-02 +7.554419015e+01 +7.554419015e+01 -6.3331e-01 -9.3330e-01
148 0 +1.138764835e-02 +7.554138765e+01 +7.554138765e+01 -6.2586e-01 -9.0078e-01
151 0 +5.452727456e-03 +7.553545273e+01 +7.553545273e+01 -6.3163e-01 -9.2544e-01
155 0 +2.748690113e-03 +7.553274869e+01 +7.553274869e+01 -6.3406e-01 -9.3609e-01
157 0 +1.887291096e-03 +7.553188729e+01 +7.553188729e+01 -6.3194e-01 -9.2698e-01
161 0 +3.114873998e-04 +7.553031149e+01 +7.553031149e+01 -6.3344e-01 -9.3344e-01
166 0 +2.148807870e-04 +7.553021488e+01 +7.553021488e+01 -6.3241e-01 -9.2897e-01
169 0 +9.735120346e-05 +7.553009735e+01 +7.553009735e+01 -6.3128e-01 -9.2406e-01
172 0 +7.722015786e-05 +7.553007722e+01 +7.553007722e+01 -6.3207e-01 -9.2752e-01
176 0 +3.050885606e-05 +7.553003051e+01 +7.553003051e+01 -6.3245e-01 -9.2915e-01
178 0 +2.648329907e-05 +7.553002648e+01 +7.553002648e+01 -6.3215e-01 -9.2786e-01
182 0 +2.002238361e-05 +7.553002002e+01 +7.553002002e+01 -6.3224e-01 -9.2826e-01
184 0 +1.691328077e-05 +7.553001691e+01 +7.553001691e+01 -6.3204e-01 -9.2736e-01
187 0 +3.525598345e-06 +7.553000353e+01 +7.553000353e+01 -6.3204e-01 -9.2739e-01
192 0 +2.511790143e-06 +7.553000251e+01 +7.553000251e+01 -6.3196e-01 -9.2705e-01
195 0 +1.233521019e-06 +7.553000123e+01 +7.553000123e+01 -6.3206e-01 -9.2744e-01
199 0 +1.212344458e-06 +7.553000121e+01 +7.553000121e+01 -6.3198e-01 -9.2711e-01
201 0 +5.375543140e-07 +7.553000054e+01 +7.553000054e+01 -6.3197e-01 -9.2709e-01
203 0 +9.181411542e-08 +7.553000009e+01 +7.553000009e+01 -6.3202e-01 -9.2727e-01
211 0 +2.769125729e-08 +7.553000003e+01 +7.553000003e+01 -6.3200e-01 -9.2720e-01
% f evaluations | g evaluations | best noise-free fitness - Fopt (1.923000000000e+01) + sum g_i+ | measured fitness | best measured fitness or single-digit g-values | x1 | x2...
1 0 +3.052019729e+02 +3.244319729e+02 +3.244319729e+02 +0.0000e+00 +0.0000e+00
2 0 +3.051835067e+02 +3.244135067e+02 +3.244135067e+02 +2.5000e-04 +0.0000e+00
21 0 +3.017406737e+02 +3.209706737e+02 +3.209706737e+02 +3.9304e-02 +8.1782e-03
26 0 +2.931597269e+02 +3.123897269e+02 +3.123897269e+02 +1.4026e-01 +2.5639e-02
28 0 +2.849253693e+02 +3.041553693e+02 +3.041553693e+02 +2.3602e-01 +4.4739e-02
29 0 +2.777546118e+02 +2.969846118e+02 +2.969846118e+02 +3.2047e-01 +6.1246e-02
30 0 +2.713801498e+02 +2.906101498e+02 +2.906101498e+02 +3.9877e-01 +7.3523e-02
31 0 +2.596336798e+02 +2.788636798e+02 +2.788636798e+02 +5.4195e-01 +9.9237e-02
32 0 +2.488824431e+02 +2.681124431e+02 +2.681124431e+02 +6.7168e-01 +1.2611e-01
33 0 +2.296372848e+02 +2.488672848e+02 +2.488672848e+02 +9.1216e-01 +1.7199e-01
34 0 +2.126979049e+02 +2.319279049e+02 +2.319279049e+02 +1.1336e+00 +2.0998e-01
35 0 +1.823906821e+02 +2.016206821e+02 +2.016206821e+02 +1.5402e+00 +2.8434e-01
36 0 +1.556551531e+02 +1.748851531e+02 +1.748851531e+02 +1.9104e+00 +3.5709e-01
37 0 +1.098920965e+02 +1.291220965e+02 +1.291220965e+02 +2.5947e+00 +4.8602e-01
38 0 +7.211324318e+01 +9.134324318e+01 +9.134324318e+01 +3.2227e+00 +5.9838e-01
39 0 +7.026867258e+01 +8.949867258e+01 +8.949867258e+01 +4.3780e+00 +8.1157e-01
44 0 +5.576115047e+01 +7.499115047e+01 +7.499115047e+01 +3.5067e+00 +6.5366e-01
47 0 +3.380391381e+01 +5.303391381e+01 +5.303391381e+01 +3.9220e+00 +7.2775e-01
57 0 +3.294774744e+01 +5.217774744e+01 +5.217774744e+01 +3.9342e+00 +7.3224e-01
61 0 +3.092960863e+01 +5.015960863e+01 +5.015960863e+01 +3.9716e+00 +7.4009e-01
68 0 +3.089120706e+01 +5.012120706e+01 +5.012120706e+01 +3.9732e+00 +7.3995e-01
104 0 +3.019597902e+01 +4.942597902e+01 +4.942597902e+01 +3.9689e+00 +7.4817e-01
108 0 +2.943473299e+01 +4.866473299e+01 +4.866473299e+01 +3.9510e+00 +7.6137e-01
110 0 +2.855252373e+01 +4.778252373e+01 +4.778252373e+01 +3.9284e+00 +7.7743e-01
111 0 +2.814516355e+01 +4.737516355e+01 +4.737516355e+01 +3.9197e+00 +7.8432e-01
112 0 +2.731106027e+01 +4.654106027e+01 +4.654106027e+01 +3.8997e+00 +7.9924e-01
113 0 +2.646413721e+01 +4.569413721e+01 +4.569413721e+01 +3.8771e+00 +8.1530e-01
114 0 +2.504151550e+01 +4.427151550e+01 +4.427151550e+01 +3.8402e+00 +8.4227e-01
115 0 +2.387895810e+01 +4.310895810e+01 +4.310895810e+01 +3.8114e+00 +8.6408e-01
116 0 +2.170093094e+01 +4.093093094e+01 +4.093093094e+01 +3.7530e+00 +9.0741e-01
117 0 +1.969880120e+01 +3.892880120e+01 +3.892880120e+01 +3.6934e+00 +9.5044e-01
118 0 +1.638256665e+01 +3.561256665e+01 +3.561256665e+01 +3.5902e+00 +1.0260e+00
119 0 +1.371645357e+01 +3.294645357e+01 +3.294645357e+01 +3.5030e+00 +1.0912e+00
120 0 +9.369177351e+00 +2.859917735e+01 +2.859917735e+01 +3.3345e+00 +1.2156e+00
121 0 +6.140493060e+00 +2.537049306e+01 +2.537049306e+01 +3.1718e+00 +1.3342e+00
122 0 +2.254079500e+00 +2.148407950e+01 +2.148407950e+01 +2.8812e+00 +1.5477e+00
123 0 +8.382716323e-01 +2.006827163e+01 +2.006827163e+01 +2.6254e+00 +1.7373e+00
133 0 +7.628159145e-01 +1.999281591e+01 +1.999281591e+01 +2.5967e+00 +1.7591e+00
134 0 +7.098841654e-01 +1.993988417e+01 +1.993988417e+01 +2.6121e+00 +1.7485e+00
137 0 +6.869538485e-01 +1.991695385e+01 +1.991695385e+01 +2.5647e+00 +1.7837e+00
138 0 +6.551229224e-01 +1.988512292e+01 +1.988512292e+01 +2.5343e+00 +1.8069e+00
139 0 +5.238400579e-01 +1.975384006e+01 +1.975384006e+01 +2.5684e+00 +1.7829e+00
140 0 +3.898067825e-01 +1.961980678e+01 +1.961980678e+01 +2.5637e+00 +1.7881e+00
142 0 +1.480022346e-01 +1.937800223e+01 +1.937800223e+01 +2.5153e+00 +1.8278e+00
146 0 +2.471331986e-02 +1.925471332e+01 +1.925471332e+01 +2.5495e+00 +1.8037e+00
153 0 +9.349343389e-03 +1.923934934e+01 +1.923934934e+01 +2.5706e+00 +1.7877e+00
157 0 +8.579408148e-03 +1.923857941e+01 +1.923857941e+01 +2.5871e+00 +1.7755e+00
159 0 +2.616147148e-03 +1.923261615e+01 +1.923261615e+01 +2.5786e+00 +1.7819e+00
164 0 +1.600351579e-03 +1.923160035e+01 +1.923160035e+01 +2.5751e+00 +1.7845e+00
166 0 +1.427565572e-03 +1.923142757e+01 +1.923142757e+01 +2.5726e+00 +1.7864e+00
168 0 +1.180955566e-03 +1.923118096e+01 +1.923118096e+01 +2.5762e+00 +1.7837e+00
170 0 +1.820503033e-04 +1.923018205e+01 +1.923018205e+01 +2.5747e+00 +1.7847e+00
176 0 +1.446563140e-04 +1.923014466e+01 +1.923014466e+01 +2.5725e+00 +1.7864e+00
179 0 +1.329928911e-04 +1.923013299e+01 +1.923013299e+01 +2.5739e+00 +1.7854e+00
181 0 +8.157815001e-05 +1.923008158e+01 +1.923008158e+01 +2.5740e+00 +1.7853e+00
183 0 +5.222631894e-05 +1.923005223e+01 +1.923005223e+01 +2.5732e+00 +1.7859e+00
185 0 +3.380699079e-05 +1.923003381e+01 +1.923003381e+01 +2.5737e+00 +1.7855e+00
187 0 +2.933779164e-05 +1.923002934e+01 +1.923002934e+01 +2.5732e+00 +1.7859e+00
189 0 +1.072322632e-05 +1.923001072e+01 +1.923001072e+01 +2.5734e+00 +1.7858e+00
192 0 +1.007410413e-05 +1.923001007e+01 +1.923001007e+01 +2.5732e+00 +1.7859e+00
194 0 +6.297749781e-06 +1.923000630e+01 +1.923000630e+01 +2.5735e+00 +1.7857e+00
196 0 +2.650299333e-06 +1.923000265e+01 +1.923000265e+01 +2.5733e+00 +1.7858e+00
199 0 +2.156023474e-06 +1.923000216e+01 +1.923000216e+01 +2.5735e+00 +1.7857e+00
201 0 +1.382270248e-06 +1.923000138e+01 +1.923000138e+01 +2.5735e+00 +1.7857e+00
203 0 +1.278427298e-06 +1.923000128e+01 +1.923000128e+01 +2.5736e+00 +1.7856e+00
205 0 +9.818463198e-07 +1.923000098e+01 +1.923000098e+01 +2.5736e+00 +1.7856e+00
% f evaluations | g evaluations | best noise-free fitness - Fopt (7.046300000000e+02) + sum g_i+ | measured fitness | best measured fitness or single-digit g-values | x1 | x2...
1 0 +9.359931214e+02 +1.640623121e+03 +1.640623121e+03 +0.0000e+00 +0.0000e+00
2 0 +9.359332954e+02 +1.640563295e+03 +1.640563295e+03 +2.5000e-04 +0.0000e+00
15 0 +9.327651846e+02 +1.637395185e+03 +1.637395185e+03 +8.2773e-03 -9.2344e-03
23 0 +9.093238748e+02 +1.613953875e+03 +1.613953875e+03 +6.7135e-02 -7.8608e-02
25 0 +8.909930868e+02 +1.595623087e+03 +1.595623087e+03 +1.1243e-01 -1.3427e-01
27 0 +8.600951365e+02 +1.564725136e+03 +1.564725136e+03 +1.9073e-01 -2.2485e-01
28 0 +8.418002546e+02 +1.546430255e+03 +1.546430255e+03 +2.3602e-01 -2.8051e-01
29 0 +8.081072038e+02 +1.512737204e+03 +1.512737204e+03 +3.2047e-01 -3.8146e-01
30 0 +7.773144743e+02 +1.481944474e+03 +1.481944474e+03 +3.9877e-01 -4.7205e-01
31 0 +7.206734757e+02 +1.425303476e+03 +1.425303476e+03 +5.4195e-01 -6.4093e-01
32 0 +6.689784241e+02 +1.373608424e+03 +1.373608424e+03 +6.7168e-01 -7.9755e-01
33 0 +5.739782241e+02 +1.278608224e+03 +1.278608224e+03 +9.1216e-01 -1.0839e+00
34 0 +4.873897222e+02 +1.192019722e+03 +1.192019722e+03 +1.1336e+00 -1.3434e+00
35 0 +3.286291429e+02 +1.033259143e+03 +1.033259143e+03 +1.5402e+00 -1.8243e+00
36 0 +1.843118484e+02 +8.889418484e+02 +8.889418484e+02 +1.9104e+00 -2.2673e+00
37 0 +8.148652113e+01 +7.861165211e+02 +7.861165211e+02 +2.5947e+00 -3.0804e+00
40 0 +6.334002597e+01 +7.679700260e+02 +7.679700260e+02 +2.2245e+00 -2.6375e+00
46 0 +7.419229447e+00 +7.120492294e+02 +7.120492294e+02 +2.4050e+00 -2.8542e+00
53 0 +6.999915387e+00 +7.116299154e+02 +7.116299154e+02 +2.4045e+00 -2.8520e+00
55 0 +1.117468539e+00 +7.057474685e+02 +7.057474685e+02 +2.3857e+00 -2.8301e+00
62 0 +9.182355835e-01 +7.055482356e+02 +7.055482356e+02 +2.3866e+00 -2.8301e+00
64 0 +6.308445378e-01 +7.052608445e+02 +7.052608445e+02 +2.3882e+00 -2.8324e+00
67 0 +5.350147991e-01 +7.051650148e+02 +7.051650148e+02 +2.3876e+00 -2.8313e+00
71 0 +4.801726251e-01 +7.051101726e+02 +7.051101726e+02 +2.3879e+00 -2.8319e+00
74 0 +4.605246824e-01 +7.050905247e+02 +7.050905247e+02 +2.3878e+00 -2.8315e+00
78 0 +4.500673793e-01 +7.050800674e+02 +7.050800674e+02 +2.3878e+00 -2.8318e+00
82 0 +4.448969384e-01 +7.050748969e+02 +7.050748969e+02 +2.3877e+00 -2.8318e+00
108 0 +4.363326898e-01 +7.050663327e+02 +7.050663327e+02 +2.3865e+00 -2.8339e+00
116 0 +4.255755228e-01 +7.050555755e+02 +7.050555755e+02 +2.3827e+00 -2.8402e+00
119 0 +4.111492475e-01 +7.050411492e+02 +7.050411492e+02 +2.3766e+00 -2.8503e+00
120 0 +4.039368616e-01 +7.050339369e+02 +7.050339369e+02 +2.3748e+00 -2.8532e+00
121 0 +3.919597910e-01 +7.050219598e+02 +7.050219598e+02 +2.3707e+00 -2.8599e+00
122 0 +3.825457163e-01 +7.050125457e+02 +7.050125457e+02 +2.3659e+00 -2.8678e+00
123 0 +3.642170847e-01 +7.049942171e+02 +7.049942171e+02 +2.3583e+00 -2.8805e+00
124 0 +3.461827962e-01 +7.049761828e+02 +7.049761828e+02 +2.3524e+00 -2.8901e+00
125 0 +3.160541647e-01 +7.049460542e+02 +7.049460542e+02 +2.3403e+00 -2.9100e+00
126 0 +2.923673420e-01 +7.049223673e+02 +7.049223673e+02 +2.3279e+00 -2.9306e+00
127 0 +2.499549620e-01 +7.048799550e+02 +7.048799550e+02 +2.3065e+00 -2.9659e+00
128 0 +2.117873954e-01 +7.048417874e+02 +7.048417874e+02 +2.2885e+00 -2.9954e+00
129 0 +1.551761823e-01 +7.047851762e+02 +7.047851762e+02 +2.2537e+00 -3.0529e+00
130 0 +1.205766561e-01 +7.047505767e+02 +7.047505767e+02 +2.2199e+00 -3.1087e+00
131 0 +8.133662047e-02 +7.047113366e+02 +7.047113366e+02 +2.1596e+00 -3.2081e+00
132 0 +6.996413542e-02 +7.046999641e+02 +7.046999641e+02 +2.1068e+00 -3.2951e+00
140 0 +6.866690626e-02 +7.046986669e+02 +7.046986669e+02 +2.1360e+00 -3.2470e+00
142 0 +6.461946296e-02 +7.046946195e+02 +7.046946195e+02 +2.1105e+00 -3.2890e+00
143 0 +6.234364653e-02 +7.046923436e+02 +7.046923436e+02 +2.0996e+00 -3.3069e+00
144 0 +5.879065963e-02 +7.046887907e+02 +7.046887907e+02 +2.1288e+00 -3.2588e+00
145 0 +5.515526581e-02 +7.046851553e+02 +7.046851553e+02 +2.1398e+00 -3.2406e+00
146 0 +4.734128030e-02 +7.046773413e+02 +7.046773413e+02 +2.1034e+00 -3.3006e+00
147 0 +4.095398043e-02 +7.046709540e+02 +7.046709540e+02 +2.0871e+00 -3.3273e+00
148 0 +2.837732485e-02 +7.046583773e+02 +7.046583773e+02 +2.1273e+00 -3.2610e+00
149 0 +1.449156921e-02 +7.046444916e+02 +7.046444916e+02 +2.1412e+00 -3.2381e+00
150 0 +2.344828838e-03 +7.046323448e+02 +7.046323448e+02 +2.0885e+00 -3.3248e+00
161 0 +1.126819130e-03 +7.046311268e+02 +7.046311268e+02 +2.1081e+00 -3.2924e+00
165 0 +3.058208496e-04 +7.046303058e+02 +7.046303058e+02 +2.0958e+00 -3.3128e+00
168 0 +2.937152530e-04 +7.046302937e+02 +7.046302937e+02 +2.1045e+00 -3.2984e+00
172 0 +1.216946426e-04 +7.046301217e+02 +7.046301217e+02 +2.1016e+00 -3.3032e+00
174 0 +5.630928388e-05 +7.046300563e+02 +7.046300563e+02 +2.0994e+00 -3.3068e+00
178 0 +4.752707787e-05 +7.046300475e+02 +7.046300475e+02 +2.1013e+00 -3.3038e+00
180 0 +2.396601462e-05 +7.046300240e+02 +7.046300240e+02 +2.1014e+00 -3.3035e+00
181 0 +2.239375920e-05 +7.046300224e+02 +7.046300224e+02 +2.1033e+00 -3.3005e+00
184 0 +1.585705218e-05 +7.046300159e+02 +7.046300159e+02 +2.1018e+00 -3.3029e+00
186 0 +1.061049022e-05 +7.046300106e+02 +7.046300106e+02 +2.1020e+00 -3.3026e+00
188 0 +8.947504284e-06 +7.046300089e+02 +7.046300089e+02 +2.1012e+00 -3.3039e+00
190 0 +7.424305636e-06 +7.046300074e+02 +7.046300074e+02 +2.1017e+00 -3.3030e+00
192 0 +1.128860276e-06 +7.046300011e+02 +7.046300011e+02 +2.1017e+00 -3.3030e+00
201 0 +5.110526899e-07 +7.046300005e+02 +7.046300005e+02 +2.1018e+00 -3.3028e+00
202 0 +4.679184258e-07 +7.046300005e+02 +7.046300005e+02 +2.1016e+00 -3.3033e+00
205 0 +3.860967581e-07 +7.046300004e+02 +7.046300004e+02 +2.1017e+00 -3.3030e+00
207 0 +2.218340569e-07 +7.046300002e+02 +7.046300002e+02 +2.1015e+00 -3.3033e+00
209 0 +1.978601176e-07 +7.046300002e+02 +7.046300002e+02 +2.1016e+00 -3.3032e+00
211 0 +7.202152119e-08 +7.046300001e+02 +7.046300001e+02 +2.1016e+00 -3.3031e+00
214 0 +6.975096767e-08 +7.046300001e+02 +7.046300001e+02 +2.1016e+00 -3.3032e+00
217 0 +1.881744538e-09 +7.046300000e+02 +7.046300000e+02 +2.1016e+00 -3.3032e+00
% f evaluations | g evaluations | best noise-free fitness - Fopt (1.011200000000e+02) + sum g_i+ | measured fitness | best measured fitness or single-digit g-values | x1 | x2...
1 0 +2.175073508e+02 +3.186273508e+02 +3.186273508e+02 +0.0000e+00 +0.0000e+00
2 0 +2.174574960e+02 +3.185774960e+02 +3.185774960e+02 +2.5000e-04 +0.0000e+00
15 0 +2.136284468e+02 +3.147484468e+02 +3.147484468e+02 +8.2773e-03 -9.2344e-03
19 0 +2.062234637e+02 +3.073434637e+02 +3.073434637e+02 +2.3616e-02 -2.7246e-02
20 0 +2.033911278e+02 +3.045111278e+02 +3.045111278e+02 +2.8962e-02 -3.4566e-02
21 0 +1.982725609e+02 +2.993925609e+02 +2.993925609e+02 +3.9304e-02 -4.7232e-02
22 0 +1.937000716e+02 +2.948200716e+02 +2.948200716e+02 +4.9297e-02 -5.7924e-02
23 0 +1.851522973e+02 +2.862722973e+02 +2.862722973e+02 +6.7135e-02 -7.8608e-02
24 0 +1.772017893e+02 +2.783217893e+02 +2.783217893e+02 +8.2823e-02 -9.8595e-02
25 0 +1.626916616e+02 +2.638116616e+02 +2.638116616e+02 +1.1243e-01 -1.3427e-01
26 0 +1.495723240e+02 +2.506923240e+02 +2.506923240e+02 +1.4026e-01 -1.6565e-01
27 0 +1.252240448e+02 +2.263440448e+02 +2.263440448e+02 +1.9073e-01 -2.2485e-01
28 0 +1.027664360e+02 +2.038864360e+02 +2.038864360e+02 +2.3602e-01 -2.8051e-01
29 0 +6.157908761e+01 +1.626990876e+02 +1.626990876e+02 +3.2047e-01 -3.8146e-01
30 0 +2.411929075e+01 +1.252392908e+02 +1.252392908e+02 +3.9877e-01 -4.7205e-01
36 0 +1.383529168e+01 +1.149552917e+02 +1.149552917e+02 +4.6196e-01 -5.4882e-01
39 0 +7.858202796e+00 +1.089782028e+02 +1.089782028e+02 +4.3205e-01 -5.1197e-01
42 0 +5.641891626e+00 +1.067618916e+02 +1.067618916e+02 +4.4532e-01 -5.2886e-01
44 0 +5.364180911e+00 +1.064841809e+02 +1.064841809e+02 +4.4536e-01 -5.2770e-01
46 0 +4.565570839e+00 +1.056855708e+02 +1.056855708e+02 +4.3870e-01 -5.2012e-01
49 0 +3.704694196e+00 +1.048246942e+02 +1.048246942e+02 +4.4204e-01 -5.2363e-01
56 0 +3.407590213e+00 +1.045275902e+02 +1.045275902e+02 +4.4109e-01 -5.2295e-01
65 0 +3.384410446e+00 +1.045044104e+02 +1.045044104e+02 +4.4101e-01 -5.2314e-01
% f evaluations | g evaluations | best noise-free fitness - Fopt (-1.000000000000e+03) + sum g_i+ | measured fitness | best measured fitness or single-digit g-values | x1 | x2...
1 0 +2.503257997e+02 -7.496742003e+02 -7.496742003e+02 +0.0000e+00 +0.0000e+00
2 0 +2.502994781e+02 -7.497005219e+02 -7.497005219e+02 +2.5000e-04 +0.0000e+00
19 0 +2.451883125e+02 -7.548116875e+02 -7.548116875e+02 +3.8799e-03 +2.3616e-02
22 0 +2.395294918e+02 -7.604705082e+02 -7.604705082e+02 +8.8765e-03 +4.9297e-02
24 0 +2.320918812e+02 -7.679081188e+02 -7.679081188e+02 +1.6022e-02 +8.2823e-02
25 0 +2.255638547e+02 -7.744361453e+02 -7.744361453e+02 +2.2093e-02 +1.1243e-01
26 0 +2.196668499e+02 -7.803331501e+02 -7.803331501e+02 +2.5639e-02 +1.4026e-01
27 0 +2.087595959e+02 -7.912404041e+02 -7.912404041e+02 +3.4369e-02 +1.9073e-01
28 0 +1.987387426e+02 -8.012612574e+02 -8.012612574e+02 +4.4739e-02 +2.3602e-01
29 0 +1.804371803e+02 -8.195628197e+02 -8.195628197e+02 +6.1246e-02 +3.2047e-01
30 0 +1.638837761e+02 -8.361162239e+02 -8.361162239e+02 +7.3523e-02 +3.9877e-01
31 0 +1.335169419e+02 -8.664830581e+02 -8.664830581e+02 +9.9237e-02 +5.4195e-01
32 0 +1.058948500e+02 -8.941051500e+02 -8.941051500e+02 +1.2611e-01 +6.7168e-01
33 0 +6.806589629e+01 -9.319341037e+02 -9.319341037e+02 +1.7199e-01 +9.1216e-01
40 0 +6.534689809e+01 -9.346531019e+02 -9.346531019e+02 +1.6162e-01 +8.6687e-01
50 0 +6.371253763e+01 -9.362874624e+02 -9.362874624e+02 +1.6387e-01 +8.7682e-01
110 0 +6.293762555e+01 -9.370623745e+02 -9.370623745e+02 +1.4640e-01 +8.8841e-01
116 0 +6.142577516e+01 -9.385742248e+02 -9.385742248e+02 +9.9262e-02 +9.2327e-01
118 0 +5.994065695e+01 -9.400593431e+02 -9.400593431e+02 +5.3944e-02 +9.5708e-01
119 0 +5.868034642e+01 -9.413196536e+02 -9.413196536e+02 +1.4750e-02 +9.8628e-01
121 0 +5.595370773e+01 -9.440462923e+02 -9.440462923e+02 -7.5890e-02 +1.0531e+00
122 0 +5.395471920e+01 -9.460452808e+02 -9.460452808e+02 -1.3958e-01 +1.1008e+00
123 0 +5.071582567e+01 -9.492841743e+02 -9.492841743e+02 -2.4859e-01 +1.1818e+00
124 0 +4.821545088e+01 -9.517845491e+02 -9.517845491e+02 -3.3923e-01 +1.2486e+00
125 0 +4.342992257e+01 -9.565700774e+02 -9.565700774e+02 -5.1622e-01 +1.3798e+00
126 0 +3.891997367e+01 -9.610800263e+02 -9.610800263e+02 -6.8892e-01 +1.5085e+00
127 0 +3.174959362e+01 -9.682504064e+02 -9.682504064e+02 -9.9543e-01 +1.7362e+00
128 0 +2.636444651e+01 -9.736355535e+02 -9.736355535e+02 -1.2631e+00 +1.9342e+00
129 0 +1.786453484e+01 -9.821354652e+02 -9.821354652e+02 -1.7703e+00 +2.3104e+00
130 0 +1.192649491e+01 -9.880735051e+02 -9.880735051e+02 -2.2495e+00 +2.6669e+00
131 0 +6.929117068e+00 -9.930708829e+02 -9.930708829e+02 -3.1161e+00 +3.3104e+00
140 0 +6.907473660e+00 -9.930925263e+02 -9.930925263e+02 -3.1872e+00 +3.3627e+00
152 0 +6.725757335e+00 -9.932742427e+02 -9.932742427e+02 -3.2978e+00 +3.4457e+00
155 0 +6.569823004e+00 -9.934301770e+02 -9.934301770e+02 -3.2124e+00 +3.3835e+00
158 0 +6.258823238e+00 -9.937411768e+02 -9.937411768e+02 -3.1233e+00 +3.3202e+00
159 0 +6.036719044e+00 -9.939632810e+02 -9.939632810e+02 -3.1196e+00 +3.3190e+00
161 0 +5.564436569e+00 -9.944355634e+02 -9.944355634e+02 -3.1959e+00 +3.3783e+00
162 0 +5.117770873e+00 -9.948822291e+02 -9.948822291e+02 -3.1886e+00 +3.3760e+00
164 0 +4.260842095e+00 -9.957391579e+02 -9.957391579e+02 -3.0904e+00 +3.3097e+00
165 0 +3.373541354e+00 -9.966264586e+02 -9.966264586e+02 -3.0758e+00 +3.3051e+00
167 0 +2.610965752e+00 -9.973890342e+02 -9.973890342e+02 -3.3537e+00 +3.5161e+00
168 0 +6.943713305e-01 -9.993056287e+02 -9.993056287e+02 -3.2409e+00 +3.4452e+00
170 0 +4.395440317e-01 -9.995604560e+02 -9.995604560e+02 -3.5189e+00 +3.6561e+00
175 0 +2.406821970e-01 -9.997593178e+02 -9.997593178e+02 -3.3484e+00 +3.5286e+00
177 0 +1.455925093e-01 -9.998544075e+02 -9.998544075e+02 -3.4133e+00 +3.5801e+00
182 0 +4.164878948e-02 -9.999583512e+02 -9.999583512e+02 -3.4570e+00 +3.6119e+00
187 0 +1.195807776e-02 -9.999880419e+02 -9.999880419e+02 -3.4080e+00 +3.5752e+00
193 0 +8.272653331e-03 -9.999917273e+02 -9.999917273e+02 -3.4439e+00 +3.6022e+00
195 0 +3.531532553e-03 -9.999964685e+02 -9.999964685e+02 -3.4484e+00 +3.6057e+00
201 0 +1.596111453e-03 -9.999984039e+02 -9.999984039e+02 -3.4393e+00 +3.5988e+00
205 0 +4.892978744e-04 -9.999995107e+02 -9.999995107e+02 -3.4301e+00 +3.5918e+00
210 0 +2.110918180e-04 -9.999997889e+02 -9.999997889e+02 -3.4210e+00 +3.5849e+00
215 0 +1.460288016e-04 -9.999998540e+02 -9.999998540e+02 -3.4262e+00 +3.5888e+00
217 0 +7.026748722e-05 -9.999999297e+02 -9.999999297e+02 -3.4235e+00 +3.5868e+00
223 0 +4.916359114e-05 -9.999999508e+02 -9.999999508e+02 -3.4235e+00 +3.5868e+00
225 0 +2.887965070e-05 -9.999999711e+02 -9.999999711e+02 -3.4241e+00 +3.5873e+00
227 0 +1.594934565e-05 -9.999999841e+02 -9.999999841e+02 -3.4236e+00 +3.5869e+00
229 0 +1.384894438e-05 -9.999999862e+02 -9.999999862e+02 -3.4241e+00 +3.5872e+00
231 0 +7.129148116e-06 -9.999999929e+02 -9.999999929e+02 -3.4240e+00 +3.5872e+00
234 0 +3.043860829e-06 -9.999999970e+02 -9.999999970e+02 -3.4241e+00 +3.5873e+00
237 0 +1.713352617e-06 -9.999999983e+02 -9.999999983e+02 -3.4239e+00 +3.5872e+00
239 0 +1.463183366e-06 -9.999999985e+02 -9.999999985e+02 -3.4242e+00 +3.5873e+00
241 0 +7.844788570e-07 -9.999999992e+02 -9.999999992e+02 -3.4241e+00 +3.5873e+00
% f evaluations | g evaluations | best noise-free fitness - Fopt (2.577000000000e+01) + sum g_i+ | measured fitness | best measured fitness or single-digit g-values | x1 | x2...
1 0 +9.081121017e+02 +9.338821017e+02 +9.338821017e+02 +0.0000e+00 +0.0000e+00
2 0 +9.080542639e+02 +9.338242639e+02 +9.338242639e+02 +2.5000e-04 +0.0000e+00
22 0 +8.892120251e+02 +9.149820251e+02 +9.149820251e+02 +4.9297e-02 -5.7924e-02
25 0 +8.647631247e+02 +8.905331247e+02 +8.905331247e+02 +1.1243e-01 -1.3427e-01
27 0 +8.350247386e+02 +8.607947386e+02 +8.607947386e+02 +1.9073e-01 -2.2485e-01
28 0 +8.174283119e+02 +8.431983119e+02 +8.431983119e+02 +2.3602e-01 -2.8051e-01
29 0 +7.850408262e+02 +8.108108262e+02 +8.108108262e+02 +3.2047e-01 -3.8146e-01
30 0 +7.554638207e+02 +7.812338207e+02 +7.812338207e+02 +3.9877e-01 -4.7205e-01
31 0 +7.011186235e+02 +7.268886235e+02 +7.268886235e+02 +5.4195e-01 -6.4093e-01
32 0 +6.515853965e+02 +6.773553965e+02 +6.773553965e+02 +6.7168e-01 -7.9755e-01
33 0 +5.607239891e+02 +5.864939891e+02 +5.864939891e+02 +9.1216e-01 -1.0839e+00
34 0 +4.780993860e+02 +5.038693860e+02 +5.038693860e+02 +1.1336e+00 -1.3434e+00
35 0 +3.270834057e+02 +3.528534057e+02 +3.528534057e+02 +1.5402e+00 -1.8243e+00
36 0 +1.903454095e+02 +2.161154095e+02 +2.161154095e+02 +1.9104e+00 -2.2673e+00
37 0 +6.139667710e+01 +8.716667710e+01 +8.716667710e+01 +2.5947e+00 -3.0804e+00
46 0 +7.296670850e+00 +3.306667085e+01 +3.306667085e+01 +2.4141e+00 -2.8637e+00
53 0 +6.900657055e+00 +3.267065706e+01 +3.267065706e+01 +2.4146e+00 -2.8660e+00
55 0 +5.232327250e+00 +3.100232725e+01 +3.100232725e+01 +2.4334e+00 -2.8878e+00
58 0 +3.438153424e+00 +2.920815342e+01 +2.920815342e+01 +2.4241e+00 -2.8775e+00
63 0 +3.252883315e+00 +2.902288332e+01 +2.902288332e+01 +2.4250e+00 -2.8775e+00
65 0 +2.881394457e+00 +2.865139446e+01 +2.865139446e+01 +2.4266e+00 -2.8798e+00
74 0 +2.772565583e+00 +2.854256558e+01 +2.854256558e+01 +2.4263e+00 -2.8791e+00
107 0 +2.754171030e+00 +2.852417103e+01 +2.852417103e+01 +2.4265e+00 -2.8790e+00
128 0 +2.670059863e+00 +2.844005986e+01 +2.844005986e+01 +2.4373e+00 -2.8625e+00
130 0 +2.618069172e+00 +2.838806917e+01 +2.838806917e+01 +2.4442e+00 -2.8520e+00
132 0 +2.521471980e+00 +2.829147198e+01 +2.829147198e+01 +2.4570e+00 -2.8327e+00
133 0 +2.471076162e+00 +2.824107616e+01 +2.824107616e+01 +2.4639e+00 -2.8221e+00
134 0 +2.374690028e+00 +2.814469003e+01 +2.814469003e+01 +2.4772e+00 -2.8020e+00
135 0 +2.283013391e+00 +2.805301339e+01 +2.805301339e+01 +2.4899e+00 -2.7826e+00
136 0 +2.124661898e+00 +2.789466190e+01 +2.789466190e+01 +2.5128e+00 -2.7479e+00
137 0 +1.991098473e+00 +2.776109847e+01 +2.776109847e+01 +2.5330e+00 -2.7172e+00
138 0 +1.751305633e+00 +2.752130563e+01 +2.752130563e+01 +2.5710e+00 -2.6594e+00
139 0 +1.540402706e+00 +2.731040271e+01 +2.731040271e+01 +2.6066e+00 -2.6053e+00
140 0 +1.196843406e+00 +2.696684341e+01 +2.696684341e+01 +2.6713e+00 -2.5070e+00
141 0 +9.316377742e-01 +2.670163777e+01 +2.670163777e+01 +2.7295e+00 -2.4185e+00
142 0 +5.415519532e-01 +2.631155195e+01 +2.631155195e+01 +2.8378e+00 -2.2539e+00
143 0 +3.007438541e-01 +2.607074385e+01 +2.607074385e+01 +2.9381e+00 -2.1015e+00
144 0 +1.679003173e-01 +2.593790032e+01 +2.593790032e+01 +3.1217e+00 -1.8225e+00
153 0 +1.657700166e-01 +2.593577002e+01 +2.593577002e+01 +3.0726e+00 -1.8972e+00
158 0 +1.615673592e-01 +2.593156736e+01 +2.593156736e+01 +3.0921e+00 -1.8675e+00
163 0 +1.583983836e-01 +2.592839838e+01 +2.592839838e+01 +3.0862e+00 -1.8765e+00
166 0 +1.520558926e-01 +2.592205589e+01 +2.592205589e+01 +3.0988e+00 -1.8572e+00
167 0 +1.475545329e-01 +2.591755453e+01 +2.591755453e+01 +3.0973e+00 -1.8595e+00
169 0 +1.381587474e-01 +2.590815875e+01 +2.590815875e+01 +3.1084e+00 -1.8426e+00
170 0 +1.288404612e-01 +2.589884046e+01 +2.589884046e+01 +3.1053e+00 -1.8471e+00
172 0 +1.125248833e-01 +2.588252488e+01 +2.588252488e+01 +3.0851e+00 -1.8778e+00
173 0 +9.566421021e-02 +2.586566421e+01 +2.586566421e+01 +3.0790e+00 -1.8870e+00
174 0 +9.200269106e-02 +2.586200269e+01 +2.586200269e+01 +3.1073e+00 -1.8439e+00
175 0 +7.546082738e-02 +2.584546083e+01 +2.584546083e+01 +3.1224e+00 -1.8207e+00
176 0 +3.699633425e-02 +2.580699633e+01 +2.580699633e+01 +3.0961e+00 -1.8605e+00
177 0 +1.351097730e-02 +2.578351098e+01 +2.578351098e+01 +3.0914e+00 -1.8672e+00
182 0 +8.769588559e-03 +2.577876959e+01 +2.577876959e+01 +3.1198e+00 -1.8241e+00
186 0 +5.714754601e-03 +2.577571475e+01 +2.577571475e+01 +3.1036e+00 -1.8488e+00
188 0 +1.213006810e-03 +2.577121301e+01 +2.577121301e+01 +3.1117e+00 -1.8365e+00
194 0 +6.621680639e-04 +2.577066217e+01 +2.577066217e+01 +3.1059e+00 -1.8453e+00
195 0 +4.650919558e-04 +2.577046509e+01 +2.577046509e+01 +3.1160e+00 -1.8299e+00
198 0 +4.056908316e-04 +2.577040569e+01 +2.577040569e+01 +3.1113e+00 -1.8371e+00
200 0 +2.427252097e-04 +2.577024273e+01 +2.577024273e+01 +3.1097e+00 -1.8394e+00
202 0 +1.479324423e-04 +2.577014793e+01 +2.577014793e+01 +3.1132e+00 -1.8341e+00
204 0 +1.155805948e-04 +2.577011558e+01 +2.577011558e+01 +3.1114e+00 -1.8369e+00
206 0 +1.026906839e-04 +2.577010269e+01 +2.577010269e+01 +3.1136e+00 -1.8335e+00
208 0 +2.366564537e-05 +2.577002367e+01 +2.577002367e+01 +3.1129e+00 -1.8347e+00
214 0 +1.913010590e-05 +2.577001913e+01 +2.577001913e+01 +3.1115e+00 -1.8367e+00
217 0 +5.862678407e-06 +2.577000586e+01 +2.577000586e+01 +3.1123e+00 -1.8355e+00
222 0 +4.608651643e-06 +2.577000461e+01 +2.577000461e+01 +3.1115e+00 -1.8368e+00
224 0 +1.298044957e-06 +2.577000130e+01 +2.577000130e+01 +3.1118e+00 -1.8364e+00
227 0 +1.224604915e-06 +2.577000122e+01 +2.577000122e+01 +3.1122e+00 -1.8356e+00
230 0 +1.112481034e-06 +2.577000111e+01 +2.577000111e+01 +3.1120e+00 -1.8360e+00
232 0 +4.338856101e-07 +2.577000043e+01 +2.577000043e+01 +3.1119e+00 -1.8361e+00
234 0 +3.212794830e-07 +2.577000032e+01 +2.577000032e+01 +3.1121e+00 -1.8358e+00
238 0 +1.719137792e-07 +2.577000017e+01 +2.577000017e+01 +3.1120e+00 -1.8360e+00
240 0 +9.280639901e-08 +2.577000009e+01 +2.577000009e+01 +3.1120e+00 -1.8360e+00
242 0 +7.146134706e-08 +2.577000007e+01 +2.577000007e+01 +3.1120e+00 -1.8361e+00
% f evaluations | g evaluations | best noise-free fitness - Fopt (-1.150100000000e+02) + sum g_i+ | measured fitness | best measured fitness or single-digit g-values | x1 | x2...
1 0 +4.139880614e+02 +2.989780614e+02 +2.989780614e+02 +0.0000e+00 +0.0000e+00
4 0 +4.139833013e+02 +2.989733013e+02 +2.989733013e+02 +2.5000e-04 -2.5000e-04
21 0 +4.066770148e+02 +2.916670148e+02 +2.916670148e+02 +8.1782e-03 -4.7232e-02
25 0 +3.930154682e+02 +2.780054682e+02 +2.780054682e+02 +2.2093e-02 -1.3427e-01
26 0 +3.878494688e+02 +2.728394688e+02 +2.728394688e+02 +2.5639e-02 -1.6565e-01
27 0 +3.784361531e+02 +2.634261531e+02 +2.634261531e+02 +3.4369e-02 -2.2485e-01
28 0 +3.699412720e+02 +2.549312720e+02 +2.549312720e+02 +4.4739e-02 -2.8051e-01
29 0 +3.541574573e+02 +2.391474573e+02 +2.391474573e+02 +6.1246e-02 -3.8146e-01
30 0 +3.395800819e+02 +2.245700819e+02 +2.245700819e+02 +7.3523e-02 -4.7205e-01
31 0 +3.128657418e+02 +1.978557418e+02 +1.978557418e+02 +9.9237e-02 -6.4093e-01
32 0 +2.885908896e+02 +1.735808896e+02 +1.735808896e+02 +1.2611e-01 -7.9755e-01
33 0 +2.436762677e+02 +1.286662677e+02 +1.286662677e+02 +1.7199e-01 -1.0839e+00
34 0 +2.023988510e+02 +8.738885104e+01 +8.738885104e+01 +2.0998e-01 -1.3434e+00
35 0 +1.265453272e+02 +1.153532719e+01 +1.153532719e+01 +2.8434e-01 -1.8243e+00
36 0 +5.738980498e+01 -5.762019502e+01 -5.762019502e+01 +3.5709e-01 -2.2673e+00
42 0 +3.077100403e+01 -8.423899597e+01 -8.423899597e+01 +3.8104e-01 -2.4342e+00
44 0 +8.444336872e+00 -1.065656631e+02 -1.065656631e+02 +4.1926e-01 -2.6792e+00
50 0 +5.689105562e+00 -1.093208944e+02 -1.093208944e+02 +4.1584e-01 -2.6611e+00
52 0 +2.072980942e+00 -1.129370191e+02 -1.129370191e+02 +4.0915e-01 -2.6162e+00
55 0 +1.453508910e+00 -1.135564911e+02 -1.135564911e+02 +4.1164e-01 -2.6341e+00
59 0 +1.070573069e+00 -1.139394269e+02 -1.139394269e+02 +4.1156e-01 -2.6319e+00
61 0 +7.356215408e-01 -1.142743785e+02 -1.142743785e+02 +4.1038e-01 -2.6246e+00
63 0 +6.420373750e-01 -1.143679626e+02 -1.143679626e+02 +4.1063e-01 -2.6253e+00
65 0 +5.231784536e-01 -1.144868215e+02 -1.144868215e+02 +4.1103e-01 -2.6285e+00
68 0 +3.675473182e-01 -1.146424527e+02 -1.146424527e+02 +4.1090e-01 -2.6271e+00
75 0 +3.570235853e-01 -1.146529764e+02 -1.146529764e+02 +4.1083e-01 -2.6271e+00
77 0 +3.439508581e-01 -1.146660491e+02 -1.146660491e+02 +4.1088e-01 -2.6273e+00
80 0 +3.357258590e-01 -1.146742741e+02 -1.146742741e+02 +4.1084e-01 -2.6272e+00
% f evaluations | g evaluations | best noise-free fitness - Fopt (2.556500000000e+02) + sum g_i+ | measured fitness | best measured fitness or single-digit g-values | x1 | x2...
1 0 +8.138160539e+01 +3.370316054e+02 +3.370316054e+02 +0.0000e+00 +0.0000e+00
4 0 +8.133937703e+01 +3.369893770e+02 +3.369893770e+02 -2.5000e-04 +2.5000e-04
6 0 +8.125750820e+01 +3.369075082e+02 +3.369075082e+02 -5.0000e-04 +1.2500e-04
15 0 +7.897338509e+01 +3.346233851e+02 +3.346233851e+02 -9.2344e-03 +1.2070e-03
17 0 +7.717216482e+01 +3.328221648e+02 +3.328221648e+02 -1.6555e-02 +3.1816e-03
19 0 +7.431070023e+01 +3.299607002e+02 +3.299607002e+02 -2.7246e-02 +3.8799e-03
20 0 +7.250999051e+01 +3.281599905e+02 +3.281599905e+02 -3.4566e-02 +5.8545e-03
21 0 +6.927920299e+01 +3.249292030e+02 +3.249292030e+02 -4.7232e-02 +8.1782e-03
22 0 +6.641889532e+01 +3.220688953e+02 +3.220688953e+02 -5.7924e-02 +8.8765e-03
23 0 +6.104457983e+01 +3.166945798e+02 +3.166945798e+02 -7.8608e-02 +1.1724e-02
24 0 +5.601696426e+01 +3.116669643e+02 +3.116669643e+02 -9.8595e-02 +1.6022e-02
25 0 +4.687722032e+01 +3.025272203e+02 +3.025272203e+02 -1.3427e-01 +2.2093e-02
26 0 +3.865245265e+01 +2.943024527e+02 +2.943024527e+02 -1.6565e-01 +2.5639e-02
27 0 +2.335826512e+01 +2.790082651e+02 +2.790082651e+02 -2.2485e-01 +3.4369e-02
28 0 +1.247064454e+01 +2.681206445e+02 +2.681206445e+02 -2.8051e-01 +4.4739e-02
39 0 +1.168486428e+01 +2.673348643e+02 +2.673348643e+02 -2.7061e-01 +4.2408e-02
42 0 +1.110404534e+01 +2.667540453e+02 +2.667540453e+02 -2.7547e-01 +4.3755e-02
49 0 +1.082123607e+01 +2.664712361e+02 +2.664712361e+02 -2.7440e-01 +4.3472e-02
84 0 +1.071470786e+01 +2.663647079e+02 +2.663647079e+02 -2.7047e-01 +3.2918e-02
91 0 +1.043156918e+01 +2.660815692e+02 +2.660815692e+02 -2.5630e-01 -6.2915e-03
94 0 +1.010834342e+01 +2.657583434e+02 +2.657583434e+02 -2.3916e-01 -5.3579e-02
95 0 +9.866292214e+00 +2.655162922e+02 +2.655162922e+02 -2.2646e-01 -8.8678e-02
96 0 +9.715606048e+00 +2.653656060e+02 +2.653656060e+02 -2.1758e-01 -1.1306e-01
97 0 +9.368416835e+00 +2.650184168e+02 +2.650184168e+02 -1.9823e-01 -1.6644e-01
98 0 +8.978752107e+00 +2.646287521e+02 +2.646287521e+02 -1.7727e-01 -2.2445e-01
99 0 +8.365729931e+00 +2.640157299e+02 +2.640157299e+02 -1.4219e-01 -3.2133e-01
100 0 +7.913536574e+00 +2.635635366e+02 +2.635635366e+02 -1.1396e-01 -3.9910e-01
101 0 +7.028354245e+00 +2.626783542e+02 +2.626783542e+02 -5.7708e-02 -5.5431e-01
102 0 +6.177153695e+00 +2.618271537e+02 +2.618271537e+02 -1.6744e-03 -7.0920e-01
103 0 +4.860144107e+00 +2.605101441e+02 +2.605101441e+02 +9.6602e-02 -9.8058e-01
104 0 +3.910391161e+00 +2.595603912e+02 +2.595603912e+02 +1.8109e-01 -1.2136e+00
105 0 +2.435963679e+00 +2.580859637e+02 +2.580859637e+02 +3.4273e-01 -1.6597e+00
106 0 +1.456137117e+00 +2.571061371e+02 +2.571061371e+02 +4.9704e-01 -2.0859e+00
107 0 +8.890578232e-01 +2.565390578e+02 +2.565390578e+02 +7.7441e-01 -2.8517e+00
122 0 +8.599135882e-01 +2.565099136e+02 +2.565099136e+02 +7.7420e-01 -2.8514e+00
126 0 +8.487714869e-01 +2.564987715e+02 +2.564987715e+02 +7.4610e-01 -2.7739e+00
128 0 +8.306190250e-01 +2.564806190e+02 +2.564806190e+02 +7.5998e-01 -2.8124e+00
130 0 +8.032570238e-01 +2.564532570e+02 +2.564532570e+02 +7.2467e-01 -2.7152e+00
131 0 +7.925402428e-01 +2.564425402e+02 +2.564425402e+02 +6.9991e-01 -2.6471e+00
132 0 +7.450969018e-01 +2.563950969e+02 +2.563950969e+02 +7.3479e-01 -2.7437e+00
133 0 +6.968910824e-01 +2.563468911e+02 +2.563468911e+02 +7.3618e-01 -2.7480e+00
135 0 +5.959511134e-01 +2.562459511e+02 +2.562459511e+02 +7.0549e-01 -2.6644e+00
136 0 +4.979152386e-01 +2.561479152e+02 +2.561479152e+02 +7.0828e-01 -2.6730e+00
138 0 +3.127966675e-01 +2.559627967e+02 +2.559627967e+02 +7.4735e-01 -2.7826e+00
139 0 +1.217842200e-01 +2.557717842e+02 +2.557717842e+02 +7.5293e-01 -2.7999e+00
140 0 +1.147185727e-01 +2.557647186e+02 +2.557647186e+02 +6.8596e-01 -2.6153e+00
145 0 +6.125846402e-02 +2.557112585e+02 +2.557112585e+02 +7.2224e-01 -2.7162e+00
148 0 +1.028656277e-02 +2.556602866e+02 +2.556602866e+02 +7.6479e-01 -2.8338e+00
149 0 +5.443688915e-03 +2.556554437e+02 +2.556554437e+02 +8.0420e-01 -2.9430e+00
160 0 +2.395395114e-03 +2.556523954e+02 +2.556523954e+02 +7.8742e-01 -2.8965e+00
163 0 +2.074374379e-03 +2.556520744e+02 +2.556520744e+02 +7.6859e-01 -2.8443e+00
166 0 +1.182479851e-03 +2.556511825e+02 +2.556511825e+02 +7.8169e-01 -2.8806e+00
168 0 +8.541040355e-04 +2.556508541e+02 +2.556508541e+02 +7.8128e-01 -2.8795e+00
170 0 +4.652051327e-04 +2.556504652e+02 +2.556504652e+02 +7.8793e-01 -2.8979e+00
172 0 +4.380176801e-04 +2.556504380e+02 +2.556504380e+02 +7.8315e-01 -2.8847e+00
174 0 +2.377811275e-04 +2.556502378e+02 +2.556502378e+02 +7.8341e-01 -2.8854e+00
177 0 +1.595616664e-04 +2.556501596e+02 +2.556501596e+02 +7.8208e-01 -2.8817e+00
180 0 +9.740240793e-05 +2.556500974e+02 +2.556500974e+02 +7.8394e-01 -2.8868e+00
182 0 +3.590551177e-05 +2.556500359e+02 +2.556500359e+02 +7.8494e-01 -2.8896e+00
188 0 +1.827098782e-05 +2.556500183e+02 +2.556500183e+02 +7.8387e-01 -2.8867e+00
191 0 +4.792994730e-06 +2.556500048e+02 +2.556500048e+02 +7.8314e-01 -2.8846e+00
199 0 +1.308508814e-06 +2.556500013e+02 +2.556500013e+02 +7.8309e-01 -2.8845e+00
205 0 +1.015104914e-06 +2.556500010e+02 +2.556500010e+02 +7.8308e-01 -2.8845e+00
206 0 +8.331125514e-07 +2.556500008e+02 +2.556500008e+02 +7.8346e-01 -2.8855e+00
209 0 +4.289723279e-07 +2.556500004e+02 +2.556500004e+02 +7.8318e-01 -2.8848e+00
211 0 +2.866739521e-07 +2.556500003e+02 +2.556500003e+02 +7.8320e-01 -2.8848e+00
213 0 +2.157975700e-07 +2.556500002e+02 +2.556500002e+02 +7.8306e-01 -2.8844e+00
215 0 +1.647700856e-07 +2.556500002e+02 +2.556500002e+02 +7.8316e-01 -2.8847e+00
217 0 +1.238799427e-07 +2.556500001e+02 +2.556500001e+02 +7.8315e-01 -2.8847e+00
218 0 +5.203816045e-08 +2.556500001e+02 +2.556500001e+02 +7.8325e-01 -2.8849e+00
223 0 +3.385292757e-08 +2.556500000e+02 +2.556500000e+02 +7.8318e-01 -2.8848e+00
225 0 +2.540343758e-08 +2.556500000e+02 +2.556500000e+02 +7.8320e-01 -2.8848e+00
227 0 +1.598556310e-08 +2.556500000e+02 +2.556500000e+02 +7.8322e-01 -2.8849e+00
229 0 +6.616545534e-09 +2.556500000e+02 +2.556500000e+02 +7.8320e-01 -2.8848e+00
% f evaluations | g evaluations | best noise-free fitness - Fopt (5.382000000000e+01) + sum g_i+ | measured fitness | best measured fitness or single-digit g-values | x1 | x2...
1 0 +3.425990683e+02 +3.964190683e+02 +3.964190683e+02 +0.0000e+00 +0.0000e+00
2 0 +3.425353818e+02 +3.963553818e+02 +3.963553818e+02 +2.5000e-04 +0.0000e+00
18 0 +3.380669408e+02 +3.918869408e+02 +3.918869408e+02 +1.7283e-02 +3.0371e-03
22 0 +3.296667895e+02 +3.834867895e+02 +3.834867895e+02 +4.9297e-02 +8.8765e-03
24 0 +3.208319814e+02 +3.746519814e+02 +3.746519814e+02 +8.2823e-02 +1.6022e-02
25 0 +3.130458047e+02 +3.668658047e+02 +3.668658047e+02 +1.1243e-01 +2.2093e-02
26 0 +3.058212595e+02 +3.596412595e+02 +3.596412595e+02 +1.4026e-01 +2.5639e-02
27 0 +2.926306446e+02 +3.464506446e+02 +3.464506446e+02 +1.9073e-01 +3.4369e-02
28 0 +2.806999040e+02 +3.345199040e+02 +3.345199040e+02 +2.3602e-01 +4.4739e-02
29 0 +2.586021245e+02 +3.124221245e+02 +3.124221245e+02 +3.2047e-01 +6.1246e-02
30 0 +2.382676542e+02 +2.920876542e+02 +2.920876542e+02 +3.9877e-01 +7.3523e-02
31 0 +2.010329317e+02 +2.548529317e+02 +2.548529317e+02 +5.4195e-01 +9.9237e-02
32 0 +1.672400710e+02 +2.210600710e+02 +2.210600710e+02 +6.7168e-01 +1.2611e-01
33 0 +1.049892425e+02 +1.588092425e+02 +1.588092425e+02 +9.1216e-01 +1.7199e-01
34 0 +4.807754795e+01 +1.018975480e+02 +1.018975480e+02 +1.1336e+00 +2.0998e-01
40 0 +4.397142628e+01 +9.779142628e+01 +9.779142628e+01 +1.3142e+00 +2.4615e-01
42 0 +3.352359482e+01 +8.734359482e+01 +8.734359482e+01 +1.2782e+00 +2.3751e-01
44 0 +2.718194349e+01 +8.100194349e+01 +8.100194349e+01 +1.2149e+00 +2.2590e-01
48 0 +2.430370059e+01 +7.812370059e+01 +7.812370059e+01 +1.2460e+00 +2.3135e-01
51 0 +2.305226265e+01 +7.687226265e+01 +7.687226265e+01 +1.2310e+00 +2.2898e-01
54 0 +2.199955681e+01 +7.581955681e+01 +7.581955681e+01 +1.2379e+00 +2.2981e-01
63 0 +2.180691607e+01 +7.562691607e+01 +7.562691607e+01 +1.2359e+00 +2.2968e-01
124 0 +2.134760001e+01 +7.516760001e+01 +7.516760001e+01 +1.2444e+00 +1.9189e-01
128 0 +2.084326437e+01 +7.466326437e+01 +7.466326437e+01 +1.2588e+00 +1.2253e-01
130 0 +2.032175157e+01 +7.414175157e+01 +7.414175157e+01 +1.2739e+00 +4.9590e-02
132 0 +1.948335550e+01 +7.330335550e+01 +7.330335550e+01 +1.2996e+00 -7.4607e-02
133 0 +1.900255411e+01 +7.282255411e+01 +7.282255411e+01 +1.3147e+00 -1.4754e-01
134 0 +1.815963356e+01 +7.197963356e+01 +7.197963356e+01 +1.3427e+00 -2.8258e-01
135 0 +1.743799588e+01 +7.125799588e+01 +7.125799588e+01 +1.3685e+00 -4.0677e-01
136 0 +1.621718138e+01 +7.003718138e+01 +7.003718138e+01 +1.4157e+00 -6.3496e-01
137 0 +1.522338621e+01 +6.904338621e+01 +6.904338621e+01 +1.4588e+00 -8.4293e-01
138 0 +1.372007687e+01 +6.754007687e+01 +6.754007687e+01 +1.5384e+00 -1.2271e+00
139 0 +1.271968133e+01 +6.653968133e+01 +6.653968133e+01 +1.6114e+00 -1.5795e+00
140 0 +1.178503310e+01 +6.560503310e+01 +6.560503310e+01 +1.7457e+00 -2.2279e+00
147 0 +1.174373386e+01 +6.556373386e+01 +6.556373386e+01 +1.8056e+00 -2.5169e+00
170 0 +1.141209035e+01 +6.523209035e+01 +6.523209035e+01 +1.7598e+00 -2.3020e+00
173 0 +1.119081963e+01 +6.501081963e+01 +6.501081963e+01 +1.7795e+00 -2.4007e+00
175 0 +1.069554616e+01 +6.451554616e+01 +6.451554616e+01 +1.7585e+00 -2.3086e+00
177 0 +1.025500803e+01 +6.407500803e+01 +6.407500803e+01 +1.7958e+00 -2.4966e+00
178 0 +9.734296297e+00 +6.355429630e+01 +6.355429630e+01 +1.7748e+00 -2.4045e+00
179 0 +9.006137348e+00 +6.282613735e+01 +6.282613735e+01 +1.7724e+00 -2.4064e+00
180 0 +8.621899139e+00 +6.244189914e+01 +6.244189914e+01 +1.8097e+00 -2.5944e+00
181 0 +7.677210847e+00 +6.149721085e+01 +6.149721085e+01 +1.8354e+00 -2.7373e+00
182 0 +6.367627395e+00 +6.018762739e+01 +6.018762739e+01 +1.8120e+00 -2.6470e+00
183 0 +4.453534430e+00 +5.827353443e+01 +5.827353443e+01 +1.8201e+00 -2.7222e+00
184 0 +3.444859990e+00 +5.726485999e+01 +5.726485999e+01 +1.8831e+00 -3.0531e+00
185 0 +1.144602112e+00 +5.496460211e+01 +5.496460211e+01 +1.9384e+00 -3.3765e+00
190 0 +6.493455712e-01 +5.446934557e+01 +5.446934557e+01 +1.9150e+00 -3.2863e+00
193 0 +2.745422304e-01 +5.409454223e+01 +5.409454223e+01 +1.9424e+00 -3.4141e+00
196 0 +2.438853729e-01 +5.406388537e+01 +5.406388537e+01 +1.9807e+00 -3.6115e+00
199 0 +1.359005896e-01 +5.395590059e+01 +5.395590059e+01 +1.9575e+00 -3.4983e+00
200 0 +9.038930167e-02 +5.391038930e+01 +5.391038930e+01 +1.9958e+00 -3.6957e+00
203 0 +7.320421310e-02 +5.389320421e+01 +5.389320421e+01 +1.9787e+00 -3.6043e+00
205 0 +6.256511148e-02 +5.388256511e+01 +5.388256511e+01 +1.9723e+00 -3.5741e+00
207 0 +3.841745244e-02 +5.385841745e+01 +5.385841745e+01 +1.9856e+00 -3.6424e+00
209 0 +1.241928806e-02 +5.383241929e+01 +5.383241929e+01 +1.9788e+00 -3.6063e+00
212 0 +8.006804843e-03 +5.382800680e+01 +5.382800680e+01 +1.9856e+00 -3.6414e+00
216 0 +5.632715643e-03 +5.382563272e+01 +5.382563272e+01 +1.9797e+00 -3.6112e+00
218 0 +2.863940550e-03 +5.382286394e+01 +5.382286394e+01 +1.9807e+00 -3.6163e+00
220 0 +2.333601577e-03 +5.382233360e+01 +5.382233360e+01 +1.9776e+00 -3.5999e+00
222 0 +1.799038790e-03 +5.382179904e+01 +5.382179904e+01 +1.9794e+00 -3.6096e+00
224 0 +1.590839135e-03 +5.382159084e+01 +5.382159084e+01 +1.9796e+00 -3.6105e+00
226 0 +1.028778951e-03 +5.382102878e+01 +5.382102878e+01 +1.9805e+00 -3.6152e+00
228 0 +8.285483499e-04 +5.382082855e+01 +5.382082855e+01 +1.9797e+00 -3.6112e+00
230 0 +4.155042540e-04 +5.382041550e+01 +5.382041550e+01 +1.9799e+00 -3.6119e+00
233 0 +2.792367816e-04 +5.382027924e+01 +5.382027924e+01 +1.9796e+00 -3.6106e+00
235 0 +2.559186748e-04 +5.382025592e+01 +5.382025592e+01 +1.9801e+00 -3.6129e+00
237 0 +1.955731955e-04 +5.382019557e+01 +5.382019557e+01 +1.9799e+00 -3.6118e+00
238 0 +1.054149557e-04 +5.382010541e+01 +5.382010541e+01 +1.9803e+00 -3.6141e+00
243 0 +3.058478966e-05 +5.382003058e+01 +5.382003058e+01 +1.9807e+00 -3.6164e+00
249 0 +2.081011649e-05 +5.382002081e+01 +5.382002081e+01 +1.9810e+00 -3.6178e+00
250 0 +1.008824335e-05 +5.382001009e+01 +5.382001009e+01 +1.9813e+00 -3.6191e+00
257 0 +4.718212558e-06 +5.382000472e+01 +5.382000472e+01 +1.9815e+00 -3.6202e+00
262 0 +2.241260312e-06 +5.382000224e+01 +5.382000224e+01 +1.9817e+00 -3.6212e+00
264 0 +1.134156960e-06 +5.382000113e+01 +5.382000113e+01 +1.9816e+00 -3.6207e+00
268 0 +5.144444941e-07 +5.382000051e+01 +5.382000051e+01 +1.9817e+00 -3.6211e+00
271 0 +2.977541200e-07 +5.382000030e+01 +5.382000030e+01 +1.9816e+00 -3.6207e+00
275 0 +2.321498727e-07 +5.382000023e+01 +5.382000023e+01 +1.9816e+00 -3.6209e+00
277 0 +1.633898279e-07 +5.382000016e+01 +5.382000016e+01 +1.9816e+00 -3.6208e+00
279 0 +5.248708135e-08 +5.382000005e+01 +5.382000005e+01 +1.9816e+00 -3.6208e+00
282 0 +4.557466582e-08 +5.382000005e+01 +5.382000005e+01 +1.9816e+00 -3.6207e+00
