% f evaluations | g evaluations | best noise-free fitness - Fopt (2.997000000000e+01) + sum g_i+ | measured fitness | best measured fitness or single-digit g-values | x1 | x2...
1 0 +1.773964217e+03 +1.803934217e+03 +1.803934217e+03 +0.0000e+00 +0.0000e+00 +0.0000e+00 +0.0000e+00 +0.0000e+00 +0.0000e+00 +0.0000e+00 +0.0000e+00 +0.0000e+00 +0.0000e+00 +0.0000e+00 +0.0000e+00 +0.0000e+00 +0.0000e+00 +0.0000e+00 +0.0000e+00 +0.0000e+00 +0.0000e+00 +0.0000e+00 +0.0000e+00
2 0 +1.773957933e+03 +1.803927933e+03 +1.803927933e+03 +2.5000e-04 +0.0000e+00 +0.0000e+00 +0.0000e+00 +0.0000e+00 +0.0000e+00 +0.0000e+00 +0.0000e+00 +0.0000e+00 +0.0000e+00 +0.0000e+00 +0.0000e+00 +0.0000e+00 +0.0000e+00 +0.0000e+00 +0.0000e+00 +0.0000e+00 +0.0000e+00 +0.0000e+00 +0.0000e+00
369 0 +1.735008789e+03 +1.764978789e+03 +1.764978789e+03 -2.3309e-01 +3.3335e-02 -3.4870e-01 +1.8748e-02 +7.9630e-02 +7.2330e-02 -8.7882e-02 +2.0802e-02 -4.7805e-02 +2.1837e-03 -1.7731e-02 -7.3360e-03 +5.5518e-02 +7.6617e-02 +4.9443e-02 +4.9749e-02 +8.8770e-02 -1.6661e-02 +2.8629e-02 +1.5202e-01
422 0 +1.689624215e+03 +1.719594215e+03 +1.719594215e+03 -5.6726e-01 +8.1022e-02 -8.4405e-01 +4.7114e-02 +1.9265e-01 +1.7695e-01 -2.1371e-01 +5.0180e-02 -1.1425e-01 +3.8302e-03 -4.3348e-02 -1.7374e-02 +1.3298e-01 +1.8300e-01 +1.1880e-01 +1.2242e-01 +2.1570e-01 -4.0482e-02 +6.6698e-02 +3.6808e-01
449 0 +1.657079905e+03 +1.687049905e+03 +1.687049905e+03 -8.9212e-01 +1.2728e-01 -1.3240e+00 +7.4681e-02 +3.0270e-01 +2.7802e-01 -3.3496e-01 +7.7872e-02 -1.7851e-01 +5.1152e-03 -6.6598e-02 -2.8291e-02 +2.0831e-01 +2.8616e-01 +1.8505e-01 +1.9234e-01 +3.3915e-01 -6.4356e-02 +1.0481e-01 +5.7902e-01
783 0 +1.620644793e+03 +1.650614793e+03 +1.650614793e+03 -1.6388e+00 +2.7524e-01 -2.3952e+00 +1.0657e-01 +5.6314e-01 +4.8941e-01 -5.5436e-01 +1.5364e-01 -3.5558e-01 +3.3795e-02 -1.1711e-01 -4.5972e-02 +4.0199e-01 +5.9049e-01 +3.4180e-01 +3.2507e-01 +5.3578e-01 -1.3685e-01 +1.7208e-01 +1.0595e+00
905 0 +1.581931605e+03 +1.611901605e+03 +1.611901605e+03 -1.9178e+00 +6.6035e-01 -2.5559e+00 -1.3784e-01 +7.1279e-01 +4.0522e-01 -1.6291e-01 +2.8225e-01 -6.4340e-01 +2.4973e-01 -1.0128e-01 +3.1389e-02 +6.0883e-01 +1.2381e+00 +4.0238e-01 +1.8180e-01 -8.6643e-02 -2.8642e-01 +5.2472e-02 +1.1866e+00
1210 0 +1.546544928e+03 +1.576514928e+03 +1.576514928e+03 -1.7959e+00 +8.9007e-01 -2.6625e+00 -2.9447e-01 +9.2794e-01 +1.9897e-01 +1.4722e-01 +3.0988e-01 -7.8719e-01 +3.3941e-01 -1.1784e-01 +1.1628e-02 +8.1353e-01 +1.5646e+00 +4.4795e-01 +9.5137e-03 -3.2257e-01 -4.6770e-01 -4.3843e-02 +1.1722e+00
1256 0 +1.512846394e+03 +1.542816394e+03 +1.542816394e+03 -1.6346e+00 +9.3399e-01 -2.9492e+00 -2.9918e-01 +1.1536e+00 +5.7926e-02 +1.9273e-01 +2.6692e-01 -8.0100e-01 +3.0087e-01 -1.6645e-01 -7.5103e-02 +9.6436e-01 +1.5811e+00 +4.9908e-01 -6.8420e-02 -1.1928e-01 -6.0338e-01 -6.0765e-02 +1.1945e+00
1289 0 +1.477635017e+03 +1.507605017e+03 +1.507605017e+03 -1.5343e+00 +1.0769e+00 -3.5605e+00 -3.4695e-01 +1.5605e+00 -1.4477e-01 +2.9144e-01 +2.3942e-01 -8.9321e-01 +2.8047e-01 -2.3479e-01 -2.0255e-01 +1.2628e+00 +1.7414e+00 +6.1055e-01 -1.9242e-01 +1.2671e-01 -8.4395e-01 -8.9155e-02 +1.3047e+00
1710 0 +1.445009450e+03 +1.474979450e+03 +1.474979450e+03 -1.1273e+00 +1.0021e+00 -3.9263e+00 -2.2213e-01 +2.0977e+00 -4.2136e-01 +2.4392e-01 -7.6146e-02 -8.1327e-01 +7.3296e-02 -3.6267e-01 -6.0410e-01 +1.6292e+00 +1.5208e+00 +6.7493e-01 -3.4132e-01 +8.5637e-01 -1.1911e+00 -6.1832e-02 +1.4157e+00
2556 0 +1.411801199e+03 +1.441771199e+03 +1.441771199e+03 -7.0436e-01 +1.0635e+00 -3.5512e+00 +1.6880e-01 +2.2432e+00 -2.7785e-01 +5.0870e-01 -9.9445e-01 -7.5494e-01 -3.5237e-01 -4.8162e-01 -5.0533e-01 +1.3942e+00 +1.7119e+00 -2.8885e-02 +6.6106e-02 +9.2998e-01 -1.5084e+00 -2.1232e-02 +1.5117e+00
3738 0 +1.379941073e+03 +1.409911073e+03 +1.409911073e+03 -7.8923e-01 +6.7245e-01 -3.6831e+00 -8.2287e-02 +2.4824e+00 -3.2561e-01 +4.9526e-01 -6.6166e-01 -8.8721e-01 -5.2848e-01 +5.8389e-01 -4.5155e-01 +1.6709e+00 +1.4811e+00 -5.4071e-01 +3.7400e-01 +8.4441e-01 -1.4633e+00 +7.1160e-01 +1.1309e+00
% f evaluations | g evaluations | best noise-free fitness - Fopt (-5.171000000000e+01) + sum g_i+ | measured fitness | best measured fitness or single-digit g-values | x1 | x2...
1 0 +2.449644894e+03 +2.397934894e+03 +2.397934894e+03 +0.0000e+00 +0.0000e+00 +0.0000e+00 +0.0000e+00 +0.0000e+00 +0.0000e+00 +0.0000e+00 +0.0000e+00 +0.0000e+00 +0.0000e+00 +0.0000e+00 +0.0000e+00 +0.0000e+00 +0.0000e+00 +0.0000e+00 +0.0000e+00 +0.0000e+00 +0.0000e+00 +0.0000e+00 +0.0000e+00
2 0 +2.449627003e+03 +2.397917003e+03 +2.397917003e+03 +2.5000e-04 +0.0000e+00 +0.0000e+00 +0.0000e+00 +0.0000e+00 +0.0000e+00 +0.0000e+00 +0.0000e+00 +0.0000e+00 +0.0000e+00 +0.0000e+00 +0.0000e+00 +0.0000e+00 +0.0000e+00 +0.0000e+00 +0.0000e+00 +0.0000e+00 +0.0000e+00 +0.0000e+00 +0.0000e+00
368 0 +2.395665366e+03 +2.343955366e+03 +2.343955366e+03 +7.7732e-02 -8.9478e-02 +1.8790e-02 -3.8821e-01 +2.9976e-04 +5.0711e-02 +3.5528e-03 -1.1738e-01 -3.1493e-02 -1.0835e-02 +6.9821e-02 +8.5676e-03 +8.3976e-02 +5.8779e-02 +4.6784e-02 +7.2262e-02 -9.9514e-02 +1.0170e-02 +1.6378e-01 +8.4892e-02
414 0 +2.335808951e+03 +2.284098951e+03 +2.284098951e+03 +1.6924e-01 -1.9702e-01 +3.9736e-02 -8.4129e-01 +4.0564e-03 +1.1111e-01 +5.4563e-03 -2.5473e-01 -6.9502e-02 -2.2722e-02 +1.5127e-01 +1.9186e-02 +1.8110e-01 +1.2885e-01 +1.0161e-01 +1.5969e-01 -2.1273e-01 +2.1622e-02 +3.5281e-01 +1.8259e-01
441 0 +2.275986352e+03 +2.224276352e+03 +2.224276352e+03 +2.6772e-01 -3.0979e-01 +6.3107e-02 -1.3316e+00 +6.4867e-03 +1.7374e-01 +9.8157e-03 -4.0278e-01 -1.0977e-01 -3.4046e-02 +2.3563e-01 +3.1533e-02 +2.8648e-01 +2.0601e-01 +1.6153e-01 +2.5230e-01 -3.3679e-01 +3.4598e-02 +5.5727e-01 +2.8979e-01
460 0 +2.220918778e+03 +2.169208778e+03 +2.169208778e+03 +3.6704e-01 -4.2411e-01 +8.6468e-02 -1.8201e+00 +1.0325e-02 +2.3749e-01 +1.3809e-02 -5.5104e-01 -1.5074e-01 -4.8033e-02 +3.1945e-01 +4.3977e-02 +3.9184e-01 +2.8361e-01 +2.2178e-01 +3.4535e-01 -4.6163e-01 +4.7506e-02 +7.6034e-01 +3.9798e-01
477 0 +2.187644620e+03 +2.135934620e+03 +2.135934620e+03 +4.3137e-01 -4.9867e-01 +1.0136e-01 -2.1401e+00 +1.2784e-02 +2.7909e-01 +1.5990e-02 -6.4767e-01 -1.7712e-01 -5.5408e-02 +3.7491e-01 +5.1852e-02 +4.5991e-01 +3.3318e-01 +2.5980e-01 +4.0678e-01 -5.4132e-01 +5.6458e-02 +8.9389e-01 +4.6699e-01
487 0 +2.120350759e+03 +2.068640759e+03 +2.068640759e+03 +5.7913e-01 -6.6962e-01 +1.3533e-01 -2.8667e+00 +1.8741e-02 +3.7494e-01 +2.0500e-02 -8.6781e-01 -2.3854e-01 -7.4129e-02 +5.0076e-01 +6.9657e-02 +6.1682e-01 +4.4833e-01 +3.4796e-01 +5.4595e-01 -7.2639e-01 +7.6338e-02 +1.1955e+00 +6.2712e-01
496 0 +2.083854906e+03 +2.032144906e+03 +2.032144906e+03 +6.7415e-01 -7.7854e-01 +1.5746e-01 -3.3399e+00 +2.2221e-02 +4.3608e-01 +2.3688e-02 -1.0090e+00 -2.7722e-01 -8.3294e-02 +5.8131e-01 +8.2069e-02 +7.1867e-01 +5.2322e-01 +4.0586e-01 +6.3630e-01 -8.4414e-01 +8.8993e-02 +1.3888e+00 +7.2961e-01
515 0 +2.015289082e+03 +1.963579082e+03 +1.963579082e+03 +9.2535e-01 -1.0683e+00 +2.1615e-01 -4.5760e+00 +3.2841e-02 +5.9809e-01 +3.2921e-02 -1.3833e+00 -3.8094e-01 -1.1669e-01 +7.9298e-01 +1.1304e-01 +9.8569e-01 +7.1978e-01 +5.5736e-01 +8.7255e-01 -1.1584e+00 +1.2209e-01 +1.9006e+00 +1.0025e+00
524 0 +1.994349360e+03 +1.942639360e+03 +1.942639360e+03 +1.0711e+00 -1.2378e+00 +2.4996e-01 -5.2968e+00 +3.8917e-02 +6.9311e-01 +3.6705e-02 -1.6000e+00 -4.4115e-01 -1.3333e-01 +9.1790e-01 +1.3106e-01 +1.1404e+00 +8.3222e-01 +6.4295e-01 +1.0112e+00 -1.3397e+00 +1.4209e-01 +2.1998e+00 +1.1591e+00
916 0 +1.947693607e+03 +1.895983607e+03 +1.895983607e+03 +1.3293e+00 -1.7477e+00 +3.2637e-01 -6.1380e+00 +2.9029e-01 +1.0103e+00 -1.3554e-01 -1.7493e+00 -5.5554e-01 -3.8803e-01 +1.1107e+00 +1.8158e-01 +1.3008e+00 +9.4243e-01 +4.4794e-01 +1.3094e+00 -1.4144e+00 +2.4289e-01 +2.5055e+00 +1.2882e+00
981 0 +1.900877839e+03 +1.849167839e+03 +1.849167839e+03 +1.4949e+00 -2.3764e+00 +3.9749e-01 -6.1044e+00 +7.7734e-01 +1.4259e+00 -4.9859e-01 -1.5264e+00 -6.4247e-01 -8.5421e-01 +1.2106e+00 +2.3850e-01 +1.2525e+00 +8.8730e-01 -1.5708e-01 +1.5805e+00 -1.1213e+00 +3.9428e-01 +2.4137e+00 +1.1648e+00
1374 0 +1.856907376e+03 +1.805197376e+03 +1.805197376e+03 +1.5362e+00 -2.6239e+00 +3.2214e-01 -5.3873e+00 +1.0187e+00 +1.6453e+00 -7.4741e-01 -1.4360e+00 -7.3639e-01 -1.0032e+00 +1.3885e+00 +1.1545e-01 +1.1188e+00 +7.1834e-01 -4.3861e-01 +1.6098e+00 -1.0902e+00 +5.4992e-01 +2.1482e+00 +1.0673e+00
1423 0 +1.814566654e+03 +1.762856654e+03 +1.762856654e+03 +1.4914e+00 -2.3830e+00 +1.5435e-01 -4.7592e+00 +8.3844e-01 +1.5572e+00 -7.0777e-01 -1.6618e+00 -8.0923e-01 -7.2300e-01 +1.5996e+00 -1.1713e-01 +1.0585e+00 +5.9507e-01 -1.4211e-01 +1.4259e+00 -1.4635e+00 +6.2073e-01 +2.0241e+00 +1.1462e+00
1452 0 +1.777544991e+03 +1.725834991e+03 +1.725834991e+03 +1.6715e+00 -2.5614e+00 +7.7341e-02 -5.0520e+00 +8.4574e-01 +1.7148e+00 -7.7675e-01 -2.0291e+00 -9.6176e-01 -6.5203e-01 +1.9420e+00 -2.6939e-01 +1.1691e+00 +6.0572e-01 +1.8911e-02 +1.5132e+00 -1.8922e+00 +7.4966e-01 +2.2315e+00 +1.3517e+00
1481 0 +1.736625530e+03 +1.684915530e+03 +1.684915530e+03 +1.8202e+00 -2.8329e+00 -4.3409e-02 -4.7102e+00 +9.9857e-01 +1.9673e+00 -9.9207e-01 -2.2432e+00 -1.1388e+00 -6.7751e-01 +2.3226e+00 -4.7947e-01 +1.1498e+00 +4.8497e-01 -3.5593e-02 +1.5791e+00 -2.2006e+00 +9.5153e-01 +2.1825e+00 +1.4325e+00
1903 0 +1.698149657e+03 +1.646439657e+03 +1.646439657e+03 +2.0762e+00 -3.2648e+00 -3.1190e-01 -3.8810e+00 +1.2223e+00 +2.4193e+00 -1.3950e+00 -2.6840e+00 -1.4727e+00 -6.5315e-01 +3.1317e+00 -9.4996e-01 +1.0559e+00 +1.7581e-01 -9.7462e-02 +1.6583e+00 -2.8451e+00 +1.3360e+00 +2.1083e+00 +1.5508e+00
2539 0 +1.659202906e+03 +1.607492906e+03 +1.607492906e+03 +2.1015e+00 -2.9228e+00 -3.3281e-01 -3.7253e+00 +1.0976e+00 +2.4796e+00 -1.5210e+00 -2.7268e+00 -1.2429e+00 -4.9502e-01 +3.9308e+00 -1.2028e+00 +4.2178e-01 -6.5730e-01 -4.4744e-01 +1.8224e+00 -2.8143e+00 +1.3660e+00 +2.7783e+00 +7.4488e-01
3143 0 +1.619788674e+03 +1.568078674e+03 +1.568078674e+03 +2.0294e+00 -2.1124e+00 -2.2920e-01 -3.9618e+00 +7.3354e-01 +2.4881e+00 -1.3958e+00 -2.0854e+00 -1.0697e+00 -4.2594e-01 +3.7431e+00 -1.0553e+00 +6.9621e-01 -4.8836e-01 -1.4051e-01 +1.8317e+00 -2.8132e+00 +9.9115e-01 +1.9785e+00 +3.2915e-01
3963 0 +1.584372271e+03 +1.532662271e+03 +1.532662271e+03 +2.2147e+00 -1.9196e+00 -3.2305e-01 -3.4376e+00 +5.7784e-01 +3.0883e+00 -1.8020e+00 -1.8085e+00 -1.1782e+00 -6.2740e-01 +4.6710e+00 -1.5265e+00 +6.5197e-01 -8.8733e-01 -3.3816e-01 +1.9558e+00 -3.3253e+00 +1.0019e+00 +1.7320e+00 -1.1973e-01
% f evaluations | g evaluations | best noise-free fitness - Fopt (-2.799500000000e+02) + sum g_i+ | measured fitness | best measured fitness or single-digit g-values | x1 | x2...
1 0 +2.018658347e+03 +1.738708347e+03 +1.738708347e+03 +0.0000e+00 +0.0000e+00 +0.0000e+00 +0.0000e+00 +0.0000e+00 +0.0000e+00 +0.0000e+00 +0.0000e+00 +0.0000e+00 +0.0000e+00 +0.0000e+00 +0.0000e+00 +0.0000e+00 +0.0000e+00 +0.0000e+00 +0.0000e+00 +0.0000e+00 +0.0000e+00 +0.0000e+00 +0.0000e+00
4 0 +2.018640199e+03 +1.738690199e+03 +1.738690199e+03 +0.0000e+00 +0.0000e+00 +2.5000e-04 +0.0000e+00 +0.0000e+00 +0.0000e+00 +0.0000e+00 +0.0000e+00 +0.0000e+00 +0.0000e+00 +0.0000e+00 +0.0000e+00 +0.0000e+00 +0.0000e+00 +0.0000e+00 +0.0000e+00 +0.0000e+00 +0.0000e+00 +0.0000e+00 +0.0000e+00
332 0 +1.993314362e+03 +1.713364362e+03 +1.713364362e+03 -5.3004e-03 +2.3896e-02 +4.3613e-02 +2.3572e-02 -7.4935e-02 -9.1147e-03 -1.0959e-02 -9.2701e-03 +3.3254e-02 +1.9390e-02 -2.0425e-02 +4.2911e-02 -1.2888e-01 -7.5373e-03 -5.3726e-02 +4.1856e-02 +3.3745e-02 +7.3894e-02 -1.8491e-02 +9.0364e-03
394 0 +1.949515444e+03 +1.669565444e+03 +1.669565444e+03 -1.5772e-02 +7.0481e-02 +1.2066e-01 +6.5612e-02 -2.1044e-01 -2.3363e-02 -2.5402e-02 -2.5098e-02 +8.9907e-02 +5.4939e-02 -5.9789e-02 +1.1143e-01 -3.5731e-01 -1.8169e-02 -1.5142e-01 +1.1628e-01 +9.5394e-02 +2.0648e-01 -4.8318e-02 +2.1043e-02
430 0 +1.896879901e+03 +1.616929901e+03 +1.616929901e+03 -3.0248e-02 +1.3083e-01 +2.1719e-01 +1.1869e-01 -3.8196e-01 -4.0160e-02 -4.1717e-02 -4.4698e-02 +1.6134e-01 +1.0071e-01 -1.1070e-01 +1.9756e-01 -6.4544e-01 -3.1914e-02 -2.7403e-01 +2.1021e-01 +1.7200e-01 +3.7381e-01 -8.6673e-02 +3.6544e-02
447 0 +1.860103360e+03 +1.580153360e+03 +1.580153360e+03 -4.1113e-02 +1.7472e-01 +2.8888e-01 +1.5735e-01 -5.0766e-01 -5.3008e-02 -5.4492e-02 -5.9369e-02 +2.1378e-01 +1.3454e-01 -1.4823e-01 +2.6115e-01 -8.5661e-01 -4.1454e-02 -3.6386e-01 +2.7936e-01 +2.2790e-01 +4.9706e-01 -1.1499e-01 +4.8117e-02
465 0 +1.810868975e+03 +1.530918975e+03 +1.530918975e+03 -5.6177e-02 +2.3706e-01 +3.9038e-01 +2.1381e-01 -6.8589e-01 -7.1725e-02 -7.2647e-02 -8.1617e-02 +2.8852e-01 +1.8274e-01 -1.9971e-01 +3.5192e-01 -1.1568e+00 -5.6968e-02 -4.9215e-01 +3.7720e-01 +3.0666e-01 +6.7221e-01 -1.5497e-01 +6.4753e-02
483 0 +1.750688203e+03 +1.470738203e+03 +1.470738203e+03 -7.6043e-02 +3.2082e-01 +5.2701e-01 +2.8719e-01 -9.2523e-01 -9.6132e-02 -9.8616e-02 -1.1032e-01 +3.8903e-01 +2.4633e-01 -2.6982e-01 +4.7436e-01 -1.5597e+00 -7.7047e-02 -6.6363e-01 +5.0814e-01 +4.1350e-01 +9.0722e-01 -2.0705e-01 +8.6095e-02
492 0 +1.717625278e+03 +1.437675278e+03 +1.437675278e+03 -9.0874e-02 +3.7446e-01 +6.0999e-01 +3.3338e-01 -1.0719e+00 -1.1148e-01 -1.1113e-01 -1.2879e-01 +4.5091e-01 +2.8742e-01 -3.1384e-01 +5.4923e-01 -1.8059e+00 -8.9912e-02 -7.6769e-01 +5.8907e-01 +4.7617e-01 +1.0514e+00 -2.4045e-01 +1.0032e-01
501 0 +1.683925605e+03 +1.403975605e+03 +1.403975605e+03 -1.0308e-01 +4.2977e-01 +7.0317e-01 +3.8312e-01 -1.2357e+00 -1.2858e-01 -1.2864e-01 -1.4644e-01 +5.1926e-01 +3.3024e-01 -3.6305e-01 +6.3195e-01 -2.0819e+00 -1.0209e-01 -8.8568e-01 +6.7971e-01 +5.5198e-01 +1.2109e+00 -2.7763e-01 +1.1532e-01
509 0 +1.649214701e+03 +1.369264701e+03 +1.369264701e+03 -1.1907e-01 +4.9900e-01 +8.1371e-01 +4.4405e-01 -1.4300e+00 -1.4844e-01 -1.4968e-01 -1.7088e-01 +6.0067e-01 +3.8214e-01 -4.1818e-01 +7.3005e-01 -2.4085e+00 -1.1839e-01 -1.0250e+00 +7.8532e-01 +6.3714e-01 +1.4020e+00 -3.2061e-01 +1.3374e-01
518 0 +1.615389129e+03 +1.335439129e+03 +1.335439129e+03 -1.4003e-01 +5.8101e-01 +9.4572e-01 +5.1619e-01 -1.6636e+00 -1.7194e-01 -1.7195e-01 -1.9862e-01 +6.9934e-01 +4.4568e-01 -4.8885e-01 +8.4923e-01 -2.8013e+00 -1.3770e-01 -1.1921e+00 +9.1429e-01 +7.4067e-01 +1.6309e+00 -3.7218e-01 +1.5483e-01
536 0 +1.571047442e+03 +1.291097442e+03 +1.291097442e+03 -1.9006e-01 +7.8591e-01 +1.2785e+00 +6.9815e-01 -2.2483e+00 -2.3262e-01 -2.3081e-01 -2.6861e-01 +9.4442e-01 +6.0278e-01 -6.6069e-01 +1.1482e+00 -3.7847e+00 -1.8665e-01 -1.6107e+00 +1.2359e+00 +1.0007e+00 +2.2032e+00 -5.0537e-01 +2.0931e-01
968 0 +1.548760081e+03 +1.268810081e+03 +1.268810081e+03 -1.3520e-01 +7.8738e-01 +1.4999e+00 +7.7597e-01 -2.4808e+00 -3.2682e-01 -3.6894e-01 -3.0496e-01 +1.0121e+00 +6.0948e-01 -6.6177e-01 +1.3192e+00 -4.2122e+00 -2.5345e-01 -1.8185e+00 +1.3401e+00 +1.1719e+00 +2.4587e+00 -5.2063e-01 +2.0591e-01
1031 0 +1.512353675e+03 +1.232403675e+03 +1.232403675e+03 +5.3905e-03 +6.4375e-01 +1.6839e+00 +7.9398e-01 -2.5064e+00 -4.6323e-01 -5.9281e-01 -3.2315e-01 +9.6748e-01 +5.1025e-01 -5.4026e-01 +1.4354e+00 -4.3239e+00 -3.4869e-01 -1.9150e+00 +1.3085e+00 +1.3132e+00 +2.5361e+00 -4.5668e-01 +1.6086e-01
1059 0 +1.475959654e+03 +1.196009654e+03 +1.196009654e+03 +1.8008e-01 +4.6545e-01 +1.9121e+00 +8.1547e-01 -2.5381e+00 -6.3262e-01 -8.6886e-01 -3.4539e-01 +9.1049e-01 +3.8651e-01 -3.8941e-01 +1.5782e+00 -4.4577e+00 -4.6622e-01 -2.0339e+00 +1.2681e+00 +1.4876e+00 +2.6295e+00 -3.7666e-01 +1.0463e-01
1086 0 +1.444101659e+03 +1.164151659e+03 +1.164151659e+03 +4.0687e-01 +2.2601e-01 +2.1882e+00 +8.3302e-01 -2.5470e+00 -8.4782e-01 -1.2242e+00 -3.7039e-01 +8.2516e-01 +2.1910e-01 -1.8457e-01 +1.7465e+00 -4.5789e+00 -6.1702e-01 -2.1640e+00 +1.1981e+00 +1.6976e+00 +2.7217e+00 -2.6456e-01 +2.9061e-02
1662 0 +1.412409598e+03 +1.132459598e+03 +1.132459598e+03 +7.0384e-01 -3.1361e-02 +2.4245e+00 +4.5411e-01 -3.0450e+00 -1.0038e+00 -1.8159e+00 +1.5826e-01 +8.2724e-01 -1.1909e-01 -1.1548e-01 +1.5681e+00 -4.2650e+00 -5.5095e-01 -2.2435e+00 +9.9345e-01 +2.1361e+00 +2.7190e+00 +2.2514e-01 -1.3448e-01
2825 0 +1.379157837e+03 +1.099207837e+03 +1.099207837e+03 +3.6099e-01 +2.5008e-01 +2.5851e+00 +4.9612e-01 -3.3427e+00 -1.1977e+00 -2.0309e+00 +2.2736e-01 +1.1132e+00 -2.1152e-01 -1.5943e-01 +1.8868e+00 -4.7537e+00 -9.0771e-01 -2.1190e+00 +1.1296e+00 +1.9654e+00 +3.3849e+00 +5.2108e-01 -2.6960e-01
2895 0 +1.348921895e+03 +1.068971895e+03 +1.068971895e+03 +1.6823e-01 +3.0785e-01 +2.7150e+00 +6.4935e-01 -3.4183e+00 -1.3737e+00 -2.0859e+00 +2.6693e-01 +1.1588e+00 -5.4862e-01 -1.6005e-01 +1.9865e+00 -5.2289e+00 -1.0761e+00 -1.9451e+00 +1.2925e+00 +1.9578e+00 +3.8873e+00 +7.1333e-01 -5.5225e-01
2966 0 +1.317731656e+03 +1.037781656e+03 +1.037781656e+03 -4.7112e-02 +2.9050e-01 +2.7253e+00 +7.9593e-01 -3.3077e+00 -1.5332e+00 -2.0460e+00 +3.6927e-01 +1.0910e+00 -1.0788e+00 -1.4128e-01 +1.9075e+00 -5.4918e+00 -1.1767e+00 -1.5647e+00 +1.4166e+00 +1.9050e+00 +4.2837e+00 +9.6727e-01 -9.6371e-01
3014 0 +1.285642358e+03 +1.005692358e+03 +1.005692358e+03 +1.4113e-03 +5.7113e-02 +2.6023e+00 +8.7279e-01 -3.0856e+00 -1.5193e+00 -1.8288e+00 +5.3382e-01 +8.1061e-01 -1.6169e+00 -1.5002e-01 +1.4783e+00 -5.3951e+00 -9.1585e-01 -1.2673e+00 +1.4628e+00 +2.0661e+00 +4.1939e+00 +1.0428e+00 -1.3280e+00
% f evaluations | g evaluations | best noise-free fitness - Fopt (9.319900000000e+02) + sum g_i+ | measured fitness | best measured fitness or single-digit g-values | x1 | x2...
1 0 +1.926286861e+03 +2.858276861e+03 +2.858276861e+03 +0.0000e+00 +0.0000e+00 +0.0000e+00 +0.0000e+00 +0.0000e+00 +0.0000e+00 +0.0000e+00 +0.0000e+00 +0.0000e+00 +0.0000e+00 +0.0000e+00 +0.0000e+00 +0.0000e+00 +0.0000e+00 +0.0000e+00 +0.0000e+00 +0.0000e+00 +0.0000e+00 +0.0000e+00 +0.0000e+00
2 0 +1.926275267e+03 +2.858265267e+03 +2.858265267e+03 +2.5000e-04 +0.0000e+00 +0.0000e+00 +0.0000e+00 +0.0000e+00 +0.0000e+00 +0.0000e+00 +0.0000e+00 +0.0000e+00 +0.0000e+00 +0.0000e+00 +0.0000e+00 +0.0000e+00 +0.0000e+00 +0.0000e+00 +0.0000e+00 +0.0000e+00 +0.0000e+00 +0.0000e+00 +0.0000e+00
326 0 +1.903548745e+03 +2.835538745e+03 +2.835538745e+03 +7.1530e-02 +1.5446e-02 -6.0974e-03 +1.5001e-02 +3.6519e-02 -2.5778e-02 -4.0290e-02 -1.3033e-01 -3.4261e-02 +3.9245e-02 +4.0077e-02 +1.9757e-02 +1.5925e-02 -3.8759e-03 -2.7229e-03 -3.8068e-02 -2.2387e-02 -3.4571e-02 +2.8293e-02 +6.1066e-02
396 0 +1.854999691e+03 +2.786989691e+03 +2.786989691e+03 +2.3426e-01 +4.9121e-02 -2.0401e-02 +4.9585e-02 +1.1805e-01 -8.4483e-02 -1.3128e-01 -4.2383e-01 -1.1100e-01 +1.2814e-01 +1.3179e-01 +6.5102e-02 +5.2607e-02 -1.2614e-02 -1.0916e-02 -1.2590e-01 -7.3271e-02 -1.1320e-01 +9.1116e-02 +2.0153e-01
423 0 +1.817407809e+03 +2.749397809e+03 +2.749397809e+03 +3.6902e-01 +7.5060e-02 -3.3104e-02 +7.8358e-02 +1.8679e-01 -1.3161e-01 -2.0647e-01 -6.6800e-01 -1.7419e-01 +2.0141e-01 +2.0711e-01 +1.0247e-01 +8.2045e-02 -1.9427e-02 -1.6201e-02 -1.9758e-01 -1.1466e-01 -1.7794e-01 +1.4272e-01 +3.1844e-01
450 0 +1.764752671e+03 +2.696742671e+03 +2.696742671e+03 +5.7456e-01 +1.1745e-01 -5.1367e-02 +1.2216e-01 +2.8979e-01 -2.0603e-01 -3.2111e-01 -1.0408e+00 -2.7138e-01 +3.1412e-01 +3.2102e-01 +1.6023e-01 +1.2829e-01 -2.9498e-02 -2.6300e-02 -3.0748e-01 -1.7885e-01 -2.7730e-01 +2.2263e-01 +4.9804e-01
467 0 +1.720304091e+03 +2.652294091e+03 +2.652294091e+03 +7.7267e-01 +1.5643e-01 -6.8141e-02 +1.6525e-01 +3.9058e-01 -2.7839e-01 -4.3114e-01 -1.3997e+00 -3.6417e-01 +4.2197e-01 +4.3210e-01 +2.1562e-01 +1.7246e-01 -3.9190e-02 -3.7624e-02 -4.1212e-01 -2.3977e-01 -3.7254e-01 +2.9770e-01 +6.7047e-01
476 0 +1.694530438e+03 +2.626520438e+03 +2.626520438e+03 +9.0147e-01 +1.8333e-01 -8.0022e-02 +1.9223e-01 +4.5554e-01 -3.2371e-01 -5.0304e-01 -1.6323e+00 -4.2582e-01 +4.9220e-01 +5.0426e-01 +2.5242e-01 +2.0091e-01 -4.5660e-02 -4.0691e-02 -4.8382e-01 -2.8017e-01 -4.3522e-01 +3.4753e-01 +7.8045e-01
494 0 +1.643906014e+03 +2.575896014e+03 +2.575896014e+03 +1.2183e+00 +2.4565e-01 -1.0807e-01 +2.5978e-01 +6.1586e-01 -4.3777e-01 -6.7907e-01 -2.2070e+00 -5.7454e-01 +6.6561e-01 +6.8071e-01 +3.4042e-01 +2.7164e-01 -6.1912e-02 -5.6917e-02 -6.5197e-01 -3.7802e-01 -5.8720e-01 +4.6978e-01 +1.0574e+00
511 0 +1.621350136e+03 +2.553340136e+03 +2.553340136e+03 +1.4180e+00 +2.8581e-01 -1.2562e-01 +3.0187e-01 +7.1671e-01 -5.0909e-01 -7.9153e-01 -2.5688e+00 -6.6896e-01 +7.7447e-01 +7.9290e-01 +3.9692e-01 +3.1530e-01 -7.1982e-02 -6.4166e-02 -7.5918e-01 -4.4085e-01 -6.8410e-01 +5.4689e-01 +1.2315e+00
873 0 +1.584292629e+03 +2.516282629e+03 +2.516282629e+03 +1.8496e+00 +4.4809e-01 -5.9766e-02 +3.5019e-01 +9.0125e-01 -6.9378e-01 -1.0420e+00 -3.2323e+00 -9.0777e-01 +9.6423e-01 +1.0586e+00 +5.3064e-01 +4.1825e-01 -6.9974e-02 -7.8658e-02 -1.0418e+00 -6.2033e-01 -8.9408e-01 +7.0261e-01 +1.4318e+00
958 0 +1.543672484e+03 +2.475662484e+03 +2.475662484e+03 +1.9837e+00 +7.3075e-01 +2.8558e-01 +2.2092e-01 +8.5364e-01 -8.3570e-01 -1.1500e+00 -3.0537e+00 -1.0870e+00 +8.7106e-01 +1.2072e+00 +6.0814e-01 +4.6938e-01 +1.3202e-03 -6.1466e-02 -1.2842e+00 -8.1664e-01 -9.5750e-01 +7.1650e-01 +9.4298e-01
1243 0 +1.512926143e+03 +2.444916143e+03 +2.444916143e+03 +2.2793e+00 +1.0735e+00 +7.7179e-01 +6.8744e-03 +7.7800e-01 -9.9361e-01 -1.4285e+00 -2.9260e+00 -1.3496e+00 +7.1005e-01 +1.4850e+00 +7.0409e-01 +5.0436e-01 +1.2255e-01 +6.9077e-02 -1.5681e+00 -1.1252e+00 -1.0401e+00 +7.7717e-01 +3.3440e-01
1350 0 +1.477851223e+03 +2.409841223e+03 +2.409841223e+03 +2.6178e+00 +7.9954e-01 +9.0740e-01 -2.6482e-01 +5.6084e-01 -7.0247e-01 -2.0091e+00 -3.0357e+00 -1.3301e+00 +3.5738e-01 +1.7666e+00 +5.7607e-01 +2.4937e-01 +2.8227e-01 +6.8460e-01 -1.1693e+00 -1.2756e+00 -8.8673e-01 +8.9796e-01 +3.6143e-01
1826 0 +1.442786943e+03 +2.374776943e+03 +2.374776943e+03 +2.5707e+00 +8.3749e-01 +1.1313e+00 -6.0541e-02 +3.1897e-01 -8.7832e-01 -2.0310e+00 -3.3717e+00 -1.4398e+00 +4.2514e-01 +1.8972e+00 +5.1471e-01 +5.5794e-01 +2.8295e-01 +3.5582e-01 -7.9990e-01 -1.3952e+00 -8.4921e-01 +1.0417e+00 +4.3005e-01
2294 0 +1.412114205e+03 +2.344104205e+03 +2.344104205e+03 +2.3209e+00 +5.6111e-01 +1.3343e+00 +3.8165e-01 -2.5523e-01 -1.0065e+00 -2.0808e+00 -3.8324e+00 -1.4375e+00 +4.6216e-01 +2.2191e+00 +3.0772e-01 +9.1339e-01 +3.9773e-01 +5.2135e-02 -3.3230e-02 -1.4334e+00 -7.0221e-01 +1.2651e+00 +6.1081e-01
3049 0 +1.378817381e+03 +2.310807381e+03 +2.310807381e+03 +2.1828e+00 +4.0383e-01 +1.3349e+00 +8.5440e-01 -5.2613e-01 -1.2906e+00 -2.2077e+00 -4.0170e+00 -1.3548e+00 +7.8289e-01 +2.9003e+00 +1.8838e-01 +1.0636e+00 +5.8702e-01 +2.5418e-01 -6.0579e-01 -1.4184e+00 -7.4027e-01 +1.5187e+00 +7.5135e-02
3188 0 +1.347263017e+03 +2.279253017e+03 +2.279253017e+03 +2.2608e+00 +4.3781e-02 +6.7048e-01 +6.7136e-01 -3.5002e-01 -9.8471e-01 -2.7457e+00 -4.0610e+00 -6.9770e-01 +1.1640e+00 +2.7262e+00 -4.9923e-01 +1.1290e+00 -4.0699e-02 +9.1554e-01 -6.0808e-01 -1.4099e+00 +1.6580e-02 +2.0249e+00 +5.6562e-02
% f evaluations | g evaluations | best noise-free fitness - Fopt (1.133100000000e+02) + sum g_i+ | measured fitness | best measured fitness or single-digit g-values | x1 | x2...
1 0 +2.068050719e+03 +2.181360719e+03 +2.181360719e+03 +0.0000e+00 +0.0000e+00 +0.0000e+00 +0.0000e+00 +0.0000e+00 +0.0000e+00 +0.0000e+00 +0.0000e+00 +0.0000e+00 +0.0000e+00 +0.0000e+00 +0.0000e+00 +0.0000e+00 +0.0000e+00 +0.0000e+00 +0.0000e+00 +0.0000e+00 +0.0000e+00 +0.0000e+00 +0.0000e+00
2 0 +2.068036127e+03 +2.181346127e+03 +2.181346127e+03 +2.5000e-04 +0.0000e+00 +0.0000e+00 +0.0000e+00 +0.0000e+00 +0.0000e+00 +0.0000e+00 +0.0000e+00 +0.0000e+00 +0.0000e+00 +0.0000e+00 +0.0000e+00 +0.0000e+00 +0.0000e+00 +0.0000e+00 +0.0000e+00 +0.0000e+00 +0.0000e+00 +0.0000e+00 +0.0000e+00
321 0 +2.041530671e+03 +2.154840671e+03 +2.154840671e+03 -6.5029e-02 +8.1106e-03 +6.6254e-02 +2.8730e-02 +5.0771e-03 -8.4170e-03 +9.9838e-03 -2.4803e-02 +4.1753e-02 -8.8483e-02 -1.3215e-01 +4.8214e-02 -2.5315e-02 -4.1546e-02 +1.9102e-02 +3.4833e-02 +1.8968e-02 +1.7676e-02 +5.3678e-02 +1.2452e-02
385 0 +1.990819288e+03 +2.104129288e+03 +2.104129288e+03 -1.9545e-01 +2.2190e-02 +1.9801e-01 +8.6407e-02 +1.2988e-02 -2.6256e-02 +2.9594e-02 -7.1354e-02 +1.3019e-01 -2.6554e-01 -3.9421e-01 +1.4446e-01 -8.0673e-02 -1.2744e-01 +5.5633e-02 +1.0261e-01 +5.6937e-02 +5.4603e-02 +1.6484e-01 +3.8908e-02
420 0 +1.949225987e+03 +2.062535987e+03 +2.062535987e+03 -3.0703e-01 +3.3965e-02 +3.1216e-01 +1.3645e-01 +1.9447e-02 -4.1377e-02 +4.6696e-02 -1.1210e-01 +2.0805e-01 -4.1919e-01 -6.2264e-01 +2.2676e-01 -1.2916e-01 -2.0255e-01 +8.7374e-02 +1.6213e-01 +9.0003e-02 +8.6048e-02 +2.6319e-01 +6.1430e-02
439 0 +1.893149878e+03 +2.006459878e+03 +2.006459878e+03 -4.7023e-01 +5.1946e-02 +4.7804e-01 +2.0893e-01 +2.8511e-02 -6.4118e-02 +7.1721e-02 -1.7001e-01 +3.2133e-01 -6.4242e-01 -9.5705e-01 +3.4805e-01 -2.0007e-01 -3.1078e-01 +1.3277e-01 +2.4780e-01 +1.3890e-01 +1.3275e-01 +4.0498e-01 +9.4630e-02
456 0 +1.845209930e+03 +1.958519930e+03 +1.958519930e+03 -6.2409e-01 +6.8944e-02 +6.3798e-01 +2.7768e-01 +3.6543e-02 -8.4850e-02 +9.5455e-02 -2.2630e-01 +4.2964e-01 -8.5554e-01 -1.2729e+00 +4.6163e-01 -2.6774e-01 -4.1486e-01 +1.7706e-01 +3.2960e-01 +1.8491e-01 +1.7602e-01 +5.4015e-01 +1.2515e-01
465 0 +1.817055103e+03 +1.930365103e+03 +1.930365103e+03 -7.2597e-01 +7.8916e-02 +7.3939e-01 +3.2331e-01 +4.2865e-02 -9.9332e-02 +1.1139e-01 -2.6242e-01 +4.9925e-01 -9.9371e-01 -1.4824e+00 +5.3718e-01 -3.1142e-01 -4.8214e-01 +2.0592e-01 +3.8389e-01 +2.1492e-01 +2.0495e-01 +6.2977e-01 +1.4691e-01
483 0 +1.759039702e+03 +1.872349702e+03 +1.872349702e+03 -9.7191e-01 +1.0588e-01 +9.9232e-01 +4.3366e-01 +5.6526e-02 -1.3278e-01 +1.4937e-01 -3.5152e-01 +6.7109e-01 -1.3332e+00 -1.9842e+00 +7.1835e-01 -4.1863e-01 -6.4748e-01 +2.7514e-01 +5.1405e-01 +2.8841e-01 +2.7504e-01 +8.4380e-01 +1.9566e-01
492 0 +1.731790437e+03 +1.845100437e+03 +1.845100437e+03 -1.1222e+00 +1.2357e-01 +1.1456e+00 +4.9975e-01 +6.4398e-02 -1.5425e-01 +1.7266e-01 -4.0369e-01 +7.7559e-01 -1.5394e+00 -2.2939e+00 +8.3052e-01 -4.8416e-01 -7.4736e-01 +3.1683e-01 +5.9204e-01 +3.3421e-01 +3.1821e-01 +9.7379e-01 +2.2650e-01
509 0 +1.692609410e+03 +1.805919410e+03 +1.805919410e+03 -1.4997e+00 +1.6265e-01 +1.5309e+00 +6.6947e-01 +8.5778e-02 -2.0622e-01 +2.3095e-01 -5.4073e-01 +1.0383e+00 -2.0595e+00 -3.0639e+00 +1.1099e+00 -6.4839e-01 -1.0014e+00 +4.2417e-01 +7.9236e-01 +4.4562e-01 +4.2550e-01 +1.3047e+00 +3.0364e-01
1347 0 +1.658736040e+03 +1.772046040e+03 +1.772046040e+03 -1.7308e+00 +8.0633e-01 +1.9580e+00 +5.0107e-01 -7.1171e-02 -3.2266e-01 +3.2190e-01 -5.8776e-02 +1.0803e+00 -2.1478e+00 -3.7533e+00 +1.1837e+00 -5.8121e-01 -1.0754e+00 +8.6011e-02 +3.6145e-01 +9.1081e-01 +7.5253e-01 +5.7769e-01 +7.3321e-02
1894 0 +1.620594274e+03 +1.733904274e+03 +1.733904274e+03 -1.2153e+00 +1.3639e+00 +2.2639e+00 +5.4470e-01 -1.3844e-01 -3.7530e-01 +5.0189e-01 +1.6136e-01 +1.5693e+00 -2.6667e+00 -3.9627e+00 +7.7166e-01 -5.7367e-01 -1.8080e+00 -1.5635e-01 +1.8420e-02 +1.0856e+00 +7.0408e-01 +2.7056e-01 -1.4988e-01
% f evaluations | g evaluations | best noise-free fitness - Fopt (2.264000000000e+01) + sum g_i+ | measured fitness | best measured fitness or single-digit g-values | x1 | x2...
1 0 +2.333579666e+03 +2.356219666e+03 +2.356219666e+03 +0.0000e+00 +0.0000e+00 +0.0000e+00 +0.0000e+00 +0.0000e+00 +0.0000e+00 +0.0000e+00 +0.0000e+00 +0.0000e+00 +0.0000e+00 +0.0000e+00 +0.0000e+00 +0.0000e+00 +0.0000e+00 +0.0000e+00 +0.0000e+00 +0.0000e+00 +0.0000e+00 +0.0000e+00 +0.0000e+00
2 0 +2.333561027e+03 +2.356201027e+03 +2.356201027e+03 +2.5000e-04 +0.0000e+00 +0.0000e+00 +0.0000e+00 +0.0000e+00 +0.0000e+00 +0.0000e+00 +0.0000e+00 +0.0000e+00 +0.0000e+00 +0.0000e+00 +0.0000e+00 +0.0000e+00 +0.0000e+00 +0.0000e+00 +0.0000e+00 +0.0000e+00 +0.0000e+00 +0.0000e+00 +0.0000e+00
356 0 +2.286484440e+03 +2.309124440e+03 +2.309124440e+03 +2.8697e-02 +3.9396e-02 -1.4960e-02 +6.2996e-02 -2.0408e-02 +8.6901e-03 +6.5046e-02 -3.4233e-02 -3.4637e-02 -8.0360e-02 +5.7302e-02 -9.3238e-02 +8.8457e-02 -2.7158e-03 +1.6996e-02 -2.0566e-01 -6.3451e-02 +1.0085e-01 +2.1576e-02 +3.8196e-02
401 0 +2.236423389e+03 +2.259063389e+03 +2.259063389e+03 +5.9718e-02 +8.3721e-02 -3.1644e-02 +1.3357e-01 -4.3589e-02 +2.0157e-02 +1.3692e-01 -7.2040e-02 -7.3374e-02 -1.7278e-01 +1.2031e-01 -1.9554e-01 +1.8886e-01 -5.8894e-03 +3.5778e-02 -4.3395e-01 -1.3387e-01 +2.1307e-01 +4.5162e-02 +8.0182e-02
427 0 +2.184908741e+03 +2.207548741e+03 +2.207548741e+03 +9.4008e-02 +1.3056e-01 -4.9156e-02 +2.0997e-01 -6.8454e-02 +3.1158e-02 +2.1352e-01 -1.1327e-01 -1.1388e-01 -2.7137e-01 +1.8979e-01 -3.0779e-01 +2.9593e-01 -9.3669e-03 +5.6425e-02 -6.8135e-01 -2.0968e-01 +3.3527e-01 +7.0703e-02 +1.2574e-01
445 0 +2.137754365e+03 +2.160394365e+03 +2.160394365e+03 +1.2661e-01 +1.7668e-01 -6.6765e-02 +2.8312e-01 -9.2652e-02 +4.2129e-02 +2.8810e-01 -1.5391e-01 -1.5477e-01 -3.6691e-01 +2.5450e-01 -4.1634e-01 +4.0057e-01 -1.2131e-02 +7.7256e-02 -9.1852e-01 -2.8380e-01 +4.5380e-01 +9.6026e-02 +1.6999e-01
463 0 +2.081349688e+03 +2.103989688e+03 +2.103989688e+03 +1.7023e-01 +2.3642e-01 -8.8807e-02 +3.7973e-01 -1.2454e-01 +5.5578e-02 +3.8603e-01 -2.0550e-01 -2.0542e-01 -4.9699e-01 +3.4088e-01 -5.5379e-01 +5.3778e-01 -1.6907e-02 +1.0327e-01 -1.2292e+00 -3.7897e-01 +6.0621e-01 +1.2807e-01 +2.2670e-01
480 0 +2.012994535e+03 +2.035634535e+03 +2.035634535e+03 +2.2809e-01 +3.1782e-01 -1.1997e-01 +5.0948e-01 -1.6725e-01 +7.7505e-02 +5.1805e-01 -2.7666e-01 -2.7553e-01 -6.6684e-01 +4.5684e-01 -7.4303e-01 +7.2319e-01 -2.1964e-02 +1.3833e-01 -1.6497e+00 -5.0915e-01 +8.1189e-01 +1.7172e-01 +3.0392e-01
489 0 +1.973894663e+03 +1.996534663e+03 +1.996534663e+03 +2.6492e-01 +3.7023e-01 -1.4005e-01 +5.9521e-01 -1.9439e-01 +8.9818e-02 +6.0557e-01 -3.2233e-01 -3.2284e-01 -7.7727e-01 +5.3364e-01 -8.6751e-01 +8.4178e-01 -2.6366e-02 +1.6151e-01 -1.9263e+00 -5.9518e-01 +9.5072e-01 +2.0132e-01 +3.5532e-01
498 0 +1.936515527e+03 +1.959155527e+03 +1.959155527e+03 +3.0780e-01 +4.2945e-01 -1.6172e-01 +6.9165e-01 -2.2621e-01 +1.0399e-01 +7.0236e-01 -3.7322e-01 -3.7237e-01 -9.0331e-01 +6.1944e-01 -1.0059e+00 +9.7788e-01 -3.1133e-02 +1.8658e-01 -2.2351e+00 -6.8899e-01 +1.1015e+00 +2.3192e-01 +4.1109e-01
507 0 +1.900147010e+03 +1.922787010e+03 +1.922787010e+03 +3.5778e-01 +5.0041e-01 -1.8983e-01 +8.0430e-01 -2.6319e-01 +1.2173e-01 +8.1759e-01 -4.3649e-01 -4.3422e-01 -1.0520e+00 +7.2079e-01 -1.1720e+00 +1.1384e+00 -3.4447e-02 +2.1880e-01 -2.6017e+00 -8.0323e-01 +1.2836e+00 +2.7089e-01 +4.7967e-01
525 0 +1.854346204e+03 +1.876986204e+03 +1.876986204e+03 +4.7943e-01 +6.6947e-01 -2.5302e-01 +1.0762e+00 -3.5183e-01 +1.6276e-01 +1.0944e+00 -5.8231e-01 -5.7997e-01 -1.4062e+00 +9.6457e-01 -1.5658e+00 +1.5212e+00 -4.8077e-02 +2.9147e-01 -3.4775e+00 -1.0740e+00 +1.7141e+00 +3.6131e-01 +6.3904e-01
899 0 +1.819234107e+03 +1.841874107e+03 +1.841874107e+03 +5.6568e-01 +8.0067e-01 -3.0628e-01 +1.1541e+00 -3.5581e-01 +2.6066e-01 +1.2227e+00 -6.1098e-01 -7.1930e-01 -1.2312e+00 +1.1416e+00 -1.8720e+00 +1.5557e+00 -9.5446e-02 +2.3617e-01 -3.8278e+00 -1.2278e+00 +1.8320e+00 +3.8838e-01 +7.0870e-01
951 0 +1.773216875e+03 +1.795856875e+03 +1.795856875e+03 +6.2194e-01 +8.8538e-01 -3.4418e-01 +1.0931e+00 -3.0435e-01 +3.9180e-01 +1.2312e+00 -5.5475e-01 -8.2788e-01 -7.0530e-01 +1.2614e+00 -2.0885e+00 +1.3465e+00 -1.6673e-01 +9.4815e-02 -3.7730e+00 -1.2823e+00 +1.7153e+00 +3.6305e-01 +7.0189e-01
978 0 +1.734872561e+03 +1.757512561e+03 +1.757512561e+03 +6.8797e-01 +9.8702e-01 -3.8894e-01 +1.0525e+00 -2.5838e-01 +5.2678e-01 +1.2634e+00 -5.0995e-01 -9.5291e-01 -1.9600e-01 +1.4028e+00 -2.3441e+00 +1.1627e+00 -2.3999e-01 -4.1580e-02 -3.7898e+00 -1.3604e+00 +1.6354e+00 +3.4563e-01 +7.0989e-01
1005 0 +1.691835078e+03 +1.714475078e+03 +1.714475078e+03 +8.1694e-01 +1.1809e+00 -4.7312e-01 +1.0075e+00 -1.8889e-01 +7.6784e-01 +1.3449e+00 -4.4690e-01 -1.1809e+00 +6.5485e-01 +1.6731e+00 -2.8275e+00 +8.8207e-01 -3.6893e-01 -2.7241e-01 -3.8998e+00 -1.5208e+00 +1.5318e+00 +3.2222e-01 +7.3805e-01
1393 0 +1.658002578e+03 +1.680642578e+03 +1.680642578e+03 +8.4858e-01 +1.3531e+00 -5.3478e-01 +8.6898e-01 -5.1964e-02 +9.2338e-01 +1.3830e+00 -3.5711e-01 -1.4433e+00 +1.6102e+00 +1.7623e+00 -3.1748e+00 +4.6191e-01 -4.1001e-01 -4.8210e-01 -3.7848e+00 -1.6574e+00 +1.4054e+00 +3.3102e-01 +7.5107e-01
1464 0 +1.618038545e+03 +1.640678545e+03 +1.640678545e+03 +6.9775e-01 +1.4299e+00 -5.2527e-01 +8.9594e-01 +2.3246e-02 +7.0656e-01 +1.5215e+00 -4.4355e-01 -1.6352e+00 +1.4140e+00 +1.4910e+00 -3.1371e+00 +5.1574e-01 -1.7699e-01 -3.1791e-01 -4.0310e+00 -1.8335e+00 +1.7782e+00 +5.0364e-01 +8.6201e-01
1499 0 +1.583030522e+03 +1.605670522e+03 +1.605670522e+03 +4.7730e-01 +1.4533e+00 -4.9234e-01 +7.8725e-01 +1.5983e-01 +4.6382e-01 +1.5512e+00 -4.6307e-01 -1.8028e+00 +1.4554e+00 +1.0895e+00 -2.9506e+00 +3.5682e-01 +8.2006e-02 -1.9088e-01 -3.8866e+00 -1.9160e+00 +1.9796e+00 +6.5225e-01 +9.1209e-01
1964 0 +1.547860553e+03 +1.570500553e+03 +1.570500553e+03 +2.2352e-01 +1.7068e+00 -4.9966e-01 +7.1581e-01 +3.7450e-01 +1.8063e-01 +1.7875e+00 -5.8643e-01 -2.2733e+00 +1.6369e+00 +5.6114e-01 -2.9942e+00 +2.2605e-01 +5.3372e-01 -9.5905e-03 -4.1420e+00 -2.3175e+00 +2.4776e+00 +9.5453e-01 +1.0960e+00
2066 0 +1.513478578e+03 +1.536118578e+03 +1.536118578e+03 +4.5256e-01 +1.8780e+00 -5.1902e-01 +6.3269e-01 +2.7184e-01 +5.6343e-01 +1.6689e+00 -7.0006e-01 -2.1145e+00 +1.7674e+00 +5.4933e-01 -2.9544e+00 +4.1203e-01 +5.9749e-01 -1.3519e-01 -3.8555e+00 -2.4183e+00 +1.8727e+00 +7.7981e-01 +9.8765e-01
2124 0 +1.475689227e+03 +1.498329227e+03 +1.498329227e+03 +8.1253e-01 +2.2842e+00 -5.5843e-01 +4.7516e-01 +1.3391e-01 +1.1942e+00 +1.5322e+00 -9.6717e-01 -1.9605e+00 +2.0003e+00 +3.6845e-01 -2.8946e+00 +7.6755e-01 +8.6238e-01 -3.0052e-01 -3.4514e+00 -2.7452e+00 +9.1494e-01 +5.4987e-01 +8.4900e-01
3488 0 +1.444520480e+03 +1.467160480e+03 +1.467160480e+03 +8.6464e-01 +2.8924e+00 -5.0900e-01 +4.4615e-01 +2.7975e-01 +8.1437e-01 +1.9535e+00 -1.0541e+00 -2.4291e+00 +1.9495e+00 -4.2060e-01 -2.7990e+00 +7.6200e-01 +1.2627e+00 -1.2831e-01 -3.5756e+00 -3.1122e+00 +9.0388e-01 +7.9474e-01 +9.7190e-01
% f evaluations | g evaluations | best noise-free fitness - Fopt (7.553000000000e+01) + sum g_i+ | measured fitness | best measured fitness or single-digit g-values | x1 | x2...
1 0 +2.374858869e+03 +2.450388869e+03 +2.450388869e+03 +0.0000e+00 +0.0000e+00 +0.0000e+00 +0.0000e+00 +0.0000e+00 +0.0000e+00 +0.0000e+00 +0.0000e+00 +0.0000e+00 +0.0000e+00 +0.0000e+00 +0.0000e+00 +0.0000e+00 +0.0000e+00 +0.0000e+00 +0.0000e+00 +0.0000e+00 +0.0000e+00 +0.0000e+00 +0.0000e+00
2 0 +2.374856223e+03 +2.450386223e+03 +2.450386223e+03 +2.5000e-04 +0.0000e+00 +0.0000e+00 +0.0000e+00 +0.0000e+00 +0.0000e+00 +0.0000e+00 +0.0000e+00 +0.0000e+00 +0.0000e+00 +0.0000e+00 +0.0000e+00 +0.0000e+00 +0.0000e+00 +0.0000e+00 +0.0000e+00 +0.0000e+00 +0.0000e+00 +0.0000e+00 +0.0000e+00
332 0 +2.341287410e+03 +2.416817410e+03 +2.416817410e+03 +4.4089e-02 +1.3917e-02 -1.0273e-02 -1.5322e-02 +1.9936e-02 +4.5479e-02 +2.5549e-02 -2.7939e-02 +1.4103e-02 +5.2802e-02 +1.1708e-02 -1.8699e-02 +1.6315e-02 -1.8680e-02 +2.6571e-02 -6.6189e-02 -1.6729e-01 +3.4996e-02 -4.6874e-02 +5.8769e-02
388 0 +2.288335646e+03 +2.363865646e+03 +2.363865646e+03 +1.1400e-01 +3.6806e-02 -3.2058e-02 -4.1617e-02 +5.1888e-02 +1.1783e-01 +6.6573e-02 -7.2446e-02 +3.5557e-02 +1.3727e-01 +3.3400e-02 -5.0672e-02 +4.2222e-02 -4.7621e-02 +6.7738e-02 -1.6654e-01 -4.3498e-01 +9.0246e-02 -1.2187e-01 +1.5566e-01
416 0 +2.235739914e+03 +2.311269914e+03 +2.311269914e+03 +1.8515e-01 +5.9903e-02 -5.3986e-02 -6.9046e-02 +8.4594e-02 +1.9097e-01 +1.0962e-01 -1.1688e-01 +5.7059e-02 +2.2318e-01 +5.5536e-02 -8.2899e-02 +6.8671e-02 -7.7128e-02 +1.0949e-01 -2.6885e-01 -7.0874e-01 +1.4635e-01 -1.9771e-01 +2.5359e-01
442 0 +2.186565795e+03 +2.262095795e+03 +2.262095795e+03 +2.5336e-01 +8.1960e-02 -7.6388e-02 -9.4314e-02 +1.1509e-01 +2.6174e-01 +1.4850e-01 -1.6044e-01 +7.8091e-02 +3.0554e-01 +7.7121e-02 -1.1465e-01 +9.3826e-02 -1.0533e-01 +1.4851e-01 -3.6493e-01 -9.6784e-01 +1.9995e-01 -2.7109e-01 +3.4866e-01
453 0 +2.120819709e+03 +2.196349709e+03 +2.196349709e+03 +3.4805e-01 +1.1245e-01 -1.0623e-01 -1.2913e-01 +1.5772e-01 +3.5766e-01 +2.0448e-01 -2.1899e-01 +1.0631e-01 +4.1902e-01 +1.0785e-01 -1.5688e-01 +1.2820e-01 -1.4483e-01 +2.0199e-01 -4.9908e-01 -1.3305e+00 +2.7383e-01 -3.7108e-01 +4.7958e-01
462 0 +2.081001718e+03 +2.156531718e+03 +2.156531718e+03 +4.0802e-01 +1.3121e-01 -1.2578e-01 -1.5173e-01 +1.8479e-01 +4.1999e-01 +2.3826e-01 -2.5716e-01 +1.2544e-01 +4.9093e-01 +1.2561e-01 -1.8530e-01 +1.4989e-01 -1.6914e-01 +2.3624e-01 -5.8446e-01 -1.5537e+00 +3.2113e-01 -4.3523e-01 +5.6175e-01
471 0 +2.038702914e+03 +2.114232914e+03 +2.114232914e+03 +4.7163e-01 +1.5216e-01 -1.4780e-01 -1.7629e-01 +2.1412e-01 +4.8724e-01 +2.7621e-01 -2.9845e-01 +1.4493e-01 +5.6958e-01 +1.4618e-01 -2.1518e-01 +1.7417e-01 -1.9650e-01 +2.7448e-01 -6.7375e-01 -1.8006e+00 +3.7168e-01 -5.0459e-01 +6.5001e-01
480 0 +1.988413934e+03 +2.063943934e+03 +2.063943934e+03 +5.5221e-01 +1.7785e-01 -1.7253e-01 -2.0654e-01 +2.5000e-01 +5.6881e-01 +3.2321e-01 -3.4877e-01 +1.6974e-01 +6.6633e-01 +1.7202e-01 -2.5274e-01 +2.0344e-01 -2.2918e-01 +3.1881e-01 -7.8880e-01 -2.1063e+00 +4.3482e-01 -5.8987e-01 +7.6275e-01
489 0 +1.935019925e+03 +2.010549925e+03 +2.010549925e+03 +6.4477e-01 +2.0620e-01 -2.0371e-01 -2.4061e-01 +2.8980e-01 +6.6321e-01 +3.7512e-01 -4.0553e-01 +1.9778e-01 +7.7517e-01 +2.0090e-01 -2.9514e-01 +2.3522e-01 -2.6801e-01 +3.7134e-01 -9.1652e-01 -2.4477e+00 +5.0686e-01 -6.8545e-01 +8.8606e-01
498 0 +1.881259405e+03 +1.956789405e+03 +1.956789405e+03 +7.3920e-01 +2.3756e-01 -2.3432e-01 -2.7666e-01 +3.3462e-01 +7.6220e-01 +4.3218e-01 -4.6694e-01 +2.2705e-01 +8.9199e-01 +2.3034e-01 -3.3842e-01 +2.7175e-01 -3.0784e-01 +4.2535e-01 -1.0525e+00 -2.8153e+00 +5.8158e-01 -7.8947e-01 +1.0199e+00
507 0 +1.820091949e+03 +1.895621949e+03 +1.895621949e+03 +8.6305e-01 +2.7642e-01 -2.7280e-01 -3.2183e-01 +3.8854e-01 +8.8717e-01 +5.0223e-01 -5.4360e-01 +2.6454e-01 +1.0391e+00 +2.6984e-01 -3.9557e-01 +3.1508e-01 -3.5783e-01 +4.9501e-01 -1.2270e+00 -3.2762e+00 +6.7751e-01 -9.1871e-01 +1.1873e+00
515 0 +1.814613626e+03 +1.890143626e+03 +1.890143626e+03 +8.7431e-01 +2.7987e-01 -2.7831e-01 -3.2630e-01 +3.9437e-01 +8.9910e-01 +5.0908e-01 -5.5093e-01 +2.6803e-01 +1.0525e+00 +2.7327e-01 -4.0074e-01 +3.1954e-01 -3.6263e-01 +5.0120e-01 -1.2420e+00 -3.3205e+00 +6.8659e-01 -9.3072e-01 +1.2039e+00
516 0 +1.757861115e+03 +1.833391115e+03 +1.833391115e+03 +1.0055e+00 +3.2120e-01 -3.2127e-01 -3.7490e-01 +4.5326e-01 +1.0332e+00 +5.8447e-01 -6.3312e-01 +3.0822e-01 +1.2096e+00 +3.1451e-01 -4.6128e-01 +3.6677e-01 -4.1674e-01 +5.7468e-01 -1.4268e+00 -3.8139e+00 +7.8906e-01 -1.0693e+00 +1.3839e+00
525 0 +1.702896650e+03 +1.778426650e+03 +1.778426650e+03 +1.1591e+00 +3.7066e-01 -3.7078e-01 -4.3287e-01 +5.2164e-01 +1.1912e+00 +6.7403e-01 -7.2992e-01 +3.5494e-01 +1.3956e+00 +3.6348e-01 -5.3158e-01 +4.2303e-01 -4.8125e-01 +6.6255e-01 -1.6436e+00 -4.3982e+00 +9.0984e-01 -1.2332e+00 +1.5953e+00
534 0 +1.656333941e+03 +1.731863941e+03 +1.731863941e+03 +1.3413e+00 +4.2862e-01 -4.2948e-01 -5.0136e-01 +6.0385e-01 +1.3784e+00 +7.7995e-01 -8.4507e-01 +4.1146e-01 +1.6156e+00 +4.2153e-01 -6.1794e-01 +4.9004e-01 -5.5640e-01 +7.6482e-01 -1.9018e+00 -5.0891e+00 +1.0527e+00 -1.4272e+00 +1.8482e+00
874 0 +1.621531237e+03 +1.697061237e+03 +1.697061237e+03 +1.5916e+00 +5.1640e-01 -5.1942e-01 -6.0589e-01 +7.4686e-01 +1.6715e+00 +9.4520e-01 -1.0252e+00 +4.9977e-01 +1.9554e+00 +4.8539e-01 -7.3087e-01 +6.0660e-01 -6.8145e-01 +8.9773e-01 -2.2856e+00 -6.1143e+00 +1.2613e+00 -1.7396e+00 +2.2307e+00
982 0 +1.579255429e+03 +1.654785429e+03 +1.654785429e+03 +1.4401e+00 +5.1888e-01 -5.1819e-01 -6.1631e-01 +8.6765e-01 +1.7305e+00 +9.8459e-01 -1.0677e+00 +5.2308e-01 +2.0073e+00 +3.4798e-01 -6.4680e-01 +7.1185e-01 -7.4658e-01 +7.5809e-01 -2.2567e+00 -6.0346e+00 +1.2165e+00 -1.8584e+00 +2.2566e+00
1019 0 +1.537988247e+03 +1.613518247e+03 +1.613518247e+03 +1.3414e+00 +5.4180e-01 -5.3639e-01 -6.4988e-01 +1.0209e+00 +1.8531e+00 +1.0616e+00 -1.1521e+00 +5.6559e-01 +2.1357e+00 +2.2644e-01 -5.8865e-01 +8.4303e-01 -8.3859e-01 +6.4737e-01 -2.3124e+00 -6.1850e+00 +1.2181e+00 -2.0477e+00 +2.3718e+00
1037 0 +1.508735398e+03 +1.584265398e+03 +1.584265398e+03 +1.2062e+00 +5.3595e-01 -5.2869e-01 -6.4922e-01 +1.1000e+00 +1.8731e+00 +1.0774e+00 -1.1691e+00 +5.7558e-01 +2.1464e+00 +1.1696e-01 -5.1576e-01 +9.1201e-01 -8.7853e-01 +5.2959e-01 -2.2570e+00 -6.0339e+00 +1.1663e+00 -2.1110e+00 +2.3581e+00
1056 0 +1.467078148e+03 +1.542608148e+03 +1.542608148e+03 +1.0590e+00 +5.5038e-01 -5.3749e-01 -6.7392e-01 +1.2567e+00 +1.9752e+00 +1.1438e+00 -1.2416e+00 +6.1220e-01 +2.2482e+00 -3.1355e-02 -4.3356e-01 +1.0471e+00 -9.6782e-01 +3.8432e-01 -2.2693e+00 -6.0676e+00 +1.1397e+00 -2.2864e+00 +2.4380e+00
1066 0 +1.443293363e+03 +1.518823363e+03 +1.518823363e+03 +9.6546e-01 +5.5666e-01 -5.4230e-01 -6.8715e-01 +1.3498e+00 +2.0325e+00 +1.1805e+00 -1.2825e+00 +6.3357e-01 +2.3037e+00 -1.2408e-01 -3.8174e-01 +1.1265e+00 -1.0216e+00 +2.9213e-01 -2.2689e+00 -6.0634e+00 +1.1201e+00 -2.3873e+00 +2.4781e+00
1085 0 +1.410889604e+03 +1.486419604e+03 +1.486419604e+03 +8.0436e-01 +5.5940e-01 -5.3955e-01 -6.9713e-01 +1.4730e+00 +2.0897e+00 +1.2205e+00 -1.3261e+00 +6.5628e-01 +2.3554e+00 -2.6425e-01 -2.9475e-01 +1.2338e+00 -1.0866e+00 +1.4694e-01 -2.2350e+00 -5.9741e+00 +1.0718e+00 -2.5082e+00 +2.5051e+00
1096 0 +1.355185635e+03 +1.430715635e+03 +1.430715635e+03 +4.9068e-01 +5.6522e-01 -5.3868e-01 -7.2010e-01 +1.7247e+00 +2.2138e+00 +1.3041e+00 -1.4171e+00 +7.0444e-01 +2.4664e+00 -5.4723e-01 -1.2297e-01 +1.4513e+00 -1.2245e+00 -1.4367e-01 -2.1757e+00 -5.8112e+00 +9.8087e-01 -2.7572e+00 +2.5636e+00
1105 0 +1.326735963e+03 +1.402265963e+03 +1.402265963e+03 +2.5894e-01 +5.6320e-01 -5.2928e-01 -7.2413e-01 +1.8769e+00 +2.2645e+00 +1.3446e+00 -1.4617e+00 +7.2686e-01 +2.5089e+00 -7.3688e-01 +7.7840e-04 +1.5836e+00 -1.2999e+00 -3.4560e-01 -2.0997e+00 -5.6176e+00 +9.0062e-01 -2.8932e+00 +2.5720e+00
1115 0 +1.302973185e+03 +1.378503185e+03 +1.378503185e+03 +5.4296e-02 +5.7620e-01 -5.3707e-01 -7.5172e-01 +2.0758e+00 +2.3847e+00 +1.4227e+00 -1.5467e+00 +7.7104e-01 +2.6245e+00 -9.3680e-01 +1.1512e-01 +1.7548e+00 -1.4126e+00 -5.4537e-01 -2.0961e+00 -5.6010e+00 +8.5457e-01 -3.1068e+00 +2.6534e+00
1123 0 +1.286505300e+03 +1.362035300e+03 +1.362035300e+03 -2.2102e-01 +5.8084e-01 -5.3422e-01 -7.6954e-01 +2.2895e+00 +2.4857e+00 +1.4923e+00 -1.6232e+00 +8.1114e-01 +2.7156e+00 -1.1798e+00 +2.6428e-01 +1.9401e+00 -1.5275e+00 -7.9592e-01 -2.0392e+00 -5.4495e+00 +7.7311e-01 -3.3169e+00 +2.7009e+00
1648 0 +1.258287561e+03 +1.333817561e+03 +1.333817561e+03 -2.8669e-01 +5.3407e-01 -6.5319e-01 -8.4809e-01 +2.6164e+00 +2.7981e+00 +1.6150e+00 -1.7046e+00 +8.9696e-01 +2.9219e+00 -1.5723e+00 +4.6017e-01 +2.1838e+00 -1.8821e+00 -1.2037e+00 -2.1107e+00 -5.1367e+00 +6.9206e-01 -3.6036e+00 +2.5970e+00
1713 0 +1.229293889e+03 +1.304823889e+03 +1.304823889e+03 +2.8750e-01 +4.3261e-01 -8.6363e-01 -9.2791e-01 +2.6204e+00 +3.0522e+00 +1.6333e+00 -1.6307e+00 +9.3367e-01 +3.0153e+00 -1.6395e+00 +4.2955e-01 +2.1192e+00 -2.1932e+00 -1.2837e+00 -2.3405e+00 -4.8777e+00 +7.3732e-01 -3.5311e+00 +2.2533e+00
2325 0 +1.201263746e+03 +1.276793746e+03 +1.276793746e+03 +3.3497e-01 +3.0219e-01 -9.5211e-01 -9.8506e-01 +2.5216e+00 +3.0879e+00 +1.4818e+00 -1.5754e+00 +1.0054e+00 +3.0186e+00 -1.6511e+00 +2.3144e-01 +1.8941e+00 -2.4243e+00 -1.5484e+00 -2.1824e+00 -3.7873e+00 +8.4416e-01 -3.5558e+00 +2.1657e+00
3171 0 +1.174394373e+03 +1.249924373e+03 +1.249924373e+03 +6.7730e-01 +3.5759e-01 -1.2969e+00 -1.0379e+00 +2.4756e+00 +3.0210e+00 +1.4144e+00 -1.6490e+00 +9.9997e-01 +3.3080e+00 -1.4672e+00 -2.7528e-01 +1.5271e+00 -2.7294e+00 -1.7439e+00 -1.8739e+00 -3.5250e+00 +1.2199e+00 -3.9175e+00 +2.6808e+00
% f evaluations | g evaluations | best noise-free fitness - Fopt (1.923000000000e+01) + sum g_i+ | measured fitness | best measured fitness or single-digit g-values | x1 | x2...
1 0 +1.950660164e+03 +1.969890164e+03 +1.969890164e+03 +0.0000e+00 +0.0000e+00 +0.0000e+00 +0.0000e+00 +0.0000e+00 +0.0000e+00 +0.0000e+00 +0.0000e+00 +0.0000e+00 +0.0000e+00 +0.0000e+00 +0.0000e+00 +0.0000e+00 +0.0000e+00 +0.0000e+00 +0.0000e+00 +0.0000e+00 +0.0000e+00 +0.0000e+00 +0.0000e+00
3 0 +1.950654645e+03 +1.969884645e+03 +1.969884645e+03 +0.0000e+00 +2.5000e-04 +0.0000e+00 +0.0000e+00 +0.0000e+00 +0.0000e+00 +0.0000e+00 +0.0000e+00 +0.0000e+00 +0.0000e+00 +0.0000e+00 +0.0000e+00 +0.0000e+00 +0.0000e+00 +0.0000e+00 +0.0000e+00 +0.0000e+00 +0.0000e+00 +0.0000e+00 +0.0000e+00
131 0 +1.949814440e+03 +1.969044440e+03 +1.969044440e+03 -9.4183e-04 +1.7493e-04 +8.7063e-04 +1.5573e-04 +6.6155e-05 -6.9203e-04 +1.3856e-03 -3.2051e-04 +1.3822e-04 +1.9596e-03 -3.8515e-03 +2.5922e-04 +7.2923e-04 -1.1782e-04 +9.2741e-04 -6.3402e-04 -4.0589e-04 +2.8099e-04 +9.8765e-04 -2.1464e-03
370 0 +1.905081417e+03 +1.924311417e+03 +1.924311417e+03 -8.4129e-02 +3.0445e-02 +3.6370e-02 +3.0875e-03 -2.8111e-03 -6.1342e-02 +8.7085e-02 +5.2678e-03 -1.4242e-02 +1.3324e-01 -2.3628e-01 -1.7140e-02 +4.4207e-02 -2.1032e-02 +8.9495e-02 -2.3407e-02 -2.2644e-02 +5.2217e-02 +5.5504e-02 -1.5866e-01
406 0 +1.859627636e+03 +1.878857636e+03 +1.878857636e+03 -1.7444e-01 +6.4144e-02 +7.5541e-02 +5.5620e-03 -5.6141e-03 -1.2788e-01 +1.8048e-01 +1.2316e-02 -3.1411e-02 +2.7489e-01 -4.9115e-01 -3.6240e-02 +9.1230e-02 -4.2263e-02 +1.8667e-01 -4.7270e-02 -4.6482e-02 +1.0537e-01 +1.1738e-01 -3.2950e-01
433 0 +1.815285067e+03 +1.834515067e+03 +1.834515067e+03 -2.6788e-01 +9.9727e-02 +1.1715e-01 +6.8137e-03 -7.9212e-03 -1.9802e-01 +2.8166e-01 +2.0868e-02 -5.0259e-02 +4.2613e-01 -7.6605e-01 -5.6707e-02 +1.3956e-01 -6.5171e-02 +2.8986e-01 -7.1441e-02 -7.1162e-02 +1.5954e-01 +1.8537e-01 -5.1398e-01
450 0 +1.777076702e+03 +1.796306702e+03 +1.796306702e+03 -3.6184e-01 +1.3496e-01 +1.5751e-01 +1.0216e-02 -1.0634e-02 -2.6715e-01 +3.7723e-01 +2.7763e-02 -6.7664e-02 +5.7206e-01 -1.0262e+00 -7.7683e-02 +1.8883e-01 -8.7327e-02 +3.9049e-01 -9.7250e-02 -9.6088e-02 +2.1640e-01 +2.4737e-01 -6.8871e-01
468 0 +1.731681158e+03 +1.750911158e+03 +1.750911158e+03 -4.8862e-01 +1.8317e-01 +2.1272e-01 +1.2657e-02 -1.5549e-02 -3.6136e-01 +5.1090e-01 +3.8535e-02 -9.2664e-02 +7.7411e-01 -1.3914e+00 -1.0550e-01 +2.5473e-01 -1.1931e-01 +5.2802e-01 -1.3004e-01 -1.2923e-01 +2.9288e-01 +3.3573e-01 -9.3140e-01
486 0 +1.686455060e+03 +1.705685060e+03 +1.705685060e+03 -6.5266e-01 +2.4417e-01 +2.8642e-01 +1.5371e-02 -1.9141e-02 -4.8556e-01 +6.9008e-01 +5.3505e-02 -1.2353e-01 +1.0383e+00 -1.8745e+00 -1.4055e-01 +3.3745e-01 -1.5888e-01 +7.0932e-01 -1.7231e-01 -1.7199e-01 +3.8646e-01 +4.5608e-01 -1.2569e+00
503 0 +1.654402944e+03 +1.673632944e+03 +1.673632944e+03 -8.7291e-01 +3.2742e-01 +3.8215e-01 +2.0576e-02 -2.6875e-02 -6.4844e-01 +9.1978e-01 +7.0254e-02 -1.6548e-01 +1.3868e+00 -2.4977e+00 -1.8942e-01 +4.5302e-01 -2.1385e-01 +9.4685e-01 -2.3108e-01 -2.3110e-01 +5.2096e-01 +6.0598e-01 -1.6754e+00
1558 0 +1.621716340e+03 +1.640946340e+03 +1.640946340e+03 -1.2374e+00 +3.8092e-01 +8.8047e-01 +4.7550e-03 +3.7827e-01 -8.9779e-01 +1.1130e+00 -1.6640e-01 +3.9747e-02 +1.3373e+00 -2.4601e+00 -2.2504e-01 +6.7510e-01 +2.0604e-01 +1.2672e+00 -5.4762e-01 -5.5207e-01 +6.5605e-02 +5.7418e-01 -2.1774e+00
1708 0 +1.584520725e+03 +1.603750725e+03 +1.603750725e+03 -1.5763e+00 +5.2507e-01 +1.6164e+00 -3.4267e-02 +2.4304e-01 -6.1756e-01 +1.5148e+00 -6.9793e-01 +7.6226e-01 +1.0263e+00 -2.9722e+00 -5.2835e-01 +3.5884e-01 +8.8736e-02 +1.4914e+00 -7.7331e-01 -1.0240e+00 +1.6848e-01 +4.7829e-01 -1.9001e+00
2293 0 +1.547110515e+03 +1.566340515e+03 +1.566340515e+03 -1.5713e+00 +3.2870e-01 +1.9460e+00 +1.1781e-01 +4.0586e-01 -7.0115e-01 +1.4617e+00 -9.8655e-01 +1.1456e+00 +5.9079e-01 -2.6260e+00 -6.8459e-01 +4.8316e-01 +3.7660e-01 +1.2927e+00 -8.2253e-01 -1.2028e+00 -1.6372e-01 +2.9583e-01 -1.3634e+00
2351 0 +1.511597604e+03 +1.530827604e+03 +1.530827604e+03 -1.6114e+00 +8.5841e-02 +2.2298e+00 +3.3870e-01 +5.3526e-01 -1.0070e+00 +1.5787e+00 -1.1763e+00 +1.4394e+00 +4.9713e-01 -2.9458e+00 -8.8679e-01 +7.5616e-01 +6.0692e-01 +1.1545e+00 -7.8569e-01 -1.3095e+00 -4.0982e-01 +3.2425e-01 -1.0828e+00
2424 0 +1.478413252e+03 +1.497643252e+03 +1.497643252e+03 -1.5390e+00 -3.3957e-01 +2.3273e+00 +7.5593e-01 +5.9599e-01 -1.5005e+00 +1.5348e+00 -1.3005e+00 +1.6603e+00 +4.5337e-01 -3.2409e+00 -1.1731e+00 +1.2920e+00 +8.3875e-01 +7.5216e-01 -5.9192e-01 -1.2815e+00 -5.3486e-01 +3.0960e-01 -3.8000e-01
3118 0 +1.444726164e+03 +1.463956164e+03 +1.463956164e+03 -1.0309e+00 -6.3010e-01 +1.7758e+00 +8.9913e-01 +4.7568e-01 -1.5497e+00 +1.2592e+00 -9.7267e-01 +1.3215e+00 +3.2236e-01 -3.1539e+00 -8.9301e-01 +1.2921e+00 +7.9622e-01 +3.1159e-01 -3.1627e-01 -8.6284e-01 -2.9535e-01 +2.3083e-01 +2.4273e-01
% f evaluations | g evaluations | best noise-free fitness - Fopt (7.046300000000e+02) + sum g_i+ | measured fitness | best measured fitness or single-digit g-values | x1 | x2...
1 0 +2.135135358e+03 +2.839765358e+03 +2.839765358e+03 +0.0000e+00 +0.0000e+00 +0.0000e+00 +0.0000e+00 +0.0000e+00 +0.0000e+00 +0.0000e+00 +0.0000e+00 +0.0000e+00 +0.0000e+00 +0.0000e+00 +0.0000e+00 +0.0000e+00 +0.0000e+00 +0.0000e+00 +0.0000e+00 +0.0000e+00 +0.0000e+00 +0.0000e+00 +0.0000e+00
2 0 +2.135117306e+03 +2.839747306e+03 +2.839747306e+03 +2.5000e-04 +0.0000e+00 +0.0000e+00 +0.0000e+00 +0.0000e+00 +0.0000e+00 +0.0000e+00 +0.0000e+00 +0.0000e+00 +0.0000e+00 +0.0000e+00 +0.0000e+00 +0.0000e+00 +0.0000e+00 +0.0000e+00 +0.0000e+00 +0.0000e+00 +0.0000e+00 +0.0000e+00 +0.0000e+00
360 0 +2.088168810e+03 +2.792798810e+03 +2.792798810e+03 +8.3182e-02 +7.7840e-04 +6.1522e-02 -3.6619e-02 -3.0571e-02 -4.4933e-03 +1.8720e-02 +1.6780e-02 +6.3439e-02 +3.8672e-02 -2.8108e-02 +1.0521e-01 -6.4887e-02 -5.5726e-02 -1.6652e-01 -2.3575e-02 +5.1247e-02 -1.0473e-01 +2.4628e-02 +3.0612e-02
404 0 +2.038782890e+03 +2.743412890e+03 +2.743412890e+03 +1.7343e-01 +8.1557e-04 +1.2660e-01 -7.6420e-02 -6.3240e-02 -1.0179e-02 +3.8084e-02 +3.3660e-02 +1.3605e-01 +8.1399e-02 -5.8836e-02 +2.1936e-01 -1.3544e-01 -1.1634e-01 -3.4525e-01 -5.1976e-02 +1.0800e-01 -2.1682e-01 +5.2063e-02 +6.2536e-02
431 0 +1.986929012e+03 +2.691559012e+03 +2.691559012e+03 +2.7101e-01 -4.9586e-05 +1.9679e-01 -1.1830e-01 -9.9133e-02 -1.6322e-02 +5.8389e-02 +5.2590e-02 +2.1476e-01 +1.2765e-01 -9.2456e-02 +3.4371e-01 -2.1010e-01 -1.8170e-01 -5.3846e-01 -8.3927e-02 +1.7022e-01 -3.3876e-01 +8.1158e-02 +9.7020e-02
448 0 +1.940338737e+03 +2.644968737e+03 +2.644968737e+03 +3.6150e-01 +9.3747e-04 +2.6276e-01 -1.5824e-01 -1.3132e-01 -2.1662e-02 +7.8395e-02 +6.9977e-02 +2.8792e-01 +1.6945e-01 -1.2355e-01 +4.5870e-01 -2.8181e-01 -2.4253e-01 -7.1865e-01 -1.1257e-01 +2.2658e-01 -4.5189e-01 +1.0877e-01 +1.2916e-01
466 0 +1.877176849e+03 +2.581806849e+03 +2.581806849e+03 +4.8966e-01 +1.5436e-03 +3.5561e-01 -2.1409e-01 -1.7961e-01 -3.0170e-02 +1.0611e-01 +9.4843e-02 +3.8886e-01 +2.2962e-01 -1.6688e-01 +6.2164e-01 -3.7889e-01 -3.2831e-01 -9.7296e-01 -1.5282e-01 +3.0795e-01 -6.1270e-01 +1.4653e-01 +1.7471e-01
475 0 +1.840186360e+03 +2.544816360e+03 +2.544816360e+03 +5.6801e-01 +1.2427e-03 +4.1281e-01 -2.4800e-01 -2.0782e-01 -3.5534e-02 +1.2328e-01 +1.0940e-01 +4.5362e-01 +2.6743e-01 -1.9393e-01 +7.2165e-01 -4.4169e-01 -3.8226e-01 -1.1286e+00 -1.7746e-01 +3.5646e-01 -7.1021e-01 +1.7115e-01 +2.0247e-01
484 0 +1.797679940e+03 +2.502309940e+03 +2.502309940e+03 +6.6228e-01 +1.2017e-03 +4.8165e-01 -2.8953e-01 -2.4210e-01 -4.1429e-02 +1.4362e-01 +1.2695e-01 +5.2939e-01 +3.1082e-01 -2.2695e-01 +8.4217e-01 -5.1383e-01 -4.4428e-01 -1.3158e+00 -2.0829e-01 +4.1746e-01 -8.2895e-01 +1.9868e-01 +2.3588e-01
493 0 +1.754237016e+03 +2.458867016e+03 +2.458867016e+03 +7.6277e-01 +2.0218e-03 +5.5507e-01 -3.3370e-01 -2.8000e-01 -4.8441e-02 +1.6481e-01 +1.4592e-01 +6.1152e-01 +3.5892e-01 -2.6090e-01 +9.7338e-01 -5.9186e-01 -5.1347e-01 -1.5189e+00 -2.3880e-01 +4.8053e-01 -9.5447e-01 +2.2922e-01 +2.7138e-01
502 0 +1.706633808e+03 +2.411263808e+03 +2.411263808e+03 +8.8404e-01 +1.5328e-03 +6.4204e-01 -3.8539e-01 -3.2242e-01 -5.4883e-02 +1.9093e-01 +1.7021e-01 +7.0747e-01 +4.1559e-01 -3.0246e-01 +1.1250e+00 -6.8732e-01 -5.9421e-01 -1.7588e+00 -2.7736e-01 +5.5676e-01 -1.1060e+00 +2.6552e-01 +3.1483e-01
510 0 +1.657236058e+03 +2.361866058e+03 +2.361866058e+03 +1.0216e+00 +2.3346e-03 +7.4312e-01 -4.4531e-01 -3.7353e-01 -6.4213e-02 +2.2053e-01 +1.9652e-01 +8.1806e-01 +4.8002e-01 -3.4985e-01 +1.2995e+00 -7.9340e-01 -6.8714e-01 -2.0314e+00 -3.2044e-01 +6.4430e-01 -1.2783e+00 +3.0618e-01 +3.6341e-01
519 0 +1.605751006e+03 +2.310381006e+03 +2.310381006e+03 +1.1858e+00 +1.5240e-03 +8.6129e-01 -5.1790e-01 -4.3394e-01 -7.5294e-02 +2.5571e-01 +2.2691e-01 +9.5310e-01 +5.5845e-01 -4.0703e-01 +1.5126e+00 -9.2098e-01 -7.9833e-01 -2.3603e+00 -3.7243e-01 +7.4824e-01 -1.4835e+00 +3.5689e-01 +4.2110e-01
528 0 +1.556840825e+03 +2.261470825e+03 +2.261470825e+03 +1.3852e+00 +3.2300e-03 +1.0073e+00 -6.0459e-01 -5.0695e-01 -8.8061e-02 +2.9906e-01 +2.6530e-01 +1.1102e+00 +6.5081e-01 -4.7352e-01 +1.7649e+00 -1.0751e+00 -9.3076e-01 -2.7550e+00 -4.3584e-01 +8.7227e-01 -1.7339e+00 +4.1597e-01 +4.9256e-01
537 0 +1.520157279e+03 +2.224787279e+03 +2.224787279e+03 +1.6049e+00 +2.9488e-03 +1.1659e+00 -6.9963e-01 -5.8694e-01 -1.0078e-01 +3.4587e-01 +3.0799e-01 +1.2887e+00 +7.5453e-01 -5.5007e-01 +2.0454e+00 -1.2470e+00 -1.0807e+00 -3.1951e+00 -5.0316e-01 +1.0130e+00 -2.0069e+00 +4.8109e-01 +5.7075e-01
546 0 +1.502674375e+03 +2.207304375e+03 +2.207304375e+03 +1.8710e+00 +3.0367e-03 +1.3596e+00 -8.1559e-01 -6.8480e-01 -1.1931e-01 +4.0343e-01 +3.5849e-01 +1.5017e+00 +8.8010e-01 -6.4094e-01 +2.3844e+00 -1.4515e+00 -1.2581e+00 -3.7224e+00 -5.8989e-01 +1.1798e+00 -2.3403e+00 +5.6256e-01 +6.6460e-01
916 0 +1.476289886e+03 +2.180919886e+03 +2.180919886e+03 +1.9910e+00 -1.1726e-02 +1.4756e+00 -9.1242e-01 -9.2035e-01 -2.1978e-01 +4.3263e-01 +3.0705e-01 +1.5481e+00 +9.7896e-01 -6.8171e-01 +2.6017e+00 -1.3260e+00 -1.3507e+00 -3.7791e+00 -6.8601e-01 +1.2878e+00 -2.4595e+00 +5.8760e-01 +6.8945e-01
971 0 +1.438268758e+03 +2.142898758e+03 +2.142898758e+03 +2.1000e+00 -3.6346e-02 +1.6036e+00 -1.0348e+00 -1.2829e+00 -3.8305e-01 +4.6222e-01 +2.0442e-01 +1.5482e+00 +1.1019e+00 -7.1801e-01 +2.8473e+00 -1.0411e+00 -1.4441e+00 -3.6898e+00 -8.1779e-01 +1.4109e+00 -2.5453e+00 +6.0189e-01 +6.9865e-01
998 0 +1.410923854e+03 +2.115553854e+03 +2.115553854e+03 +2.2231e+00 -5.9168e-02 +1.7406e+00 -1.1607e+00 -1.6389e+00 -5.4149e-01 +4.9494e-01 +1.0887e-01 +1.5620e+00 +1.2281e+00 -7.5904e-01 +3.1067e+00 -7.8084e-01 -1.5454e+00 -3.6399e+00 -9.5056e-01 +1.5408e+00 -2.6512e+00 +6.2069e-01 +7.1424e-01
1030 0 +1.376773535e+03 +2.081403535e+03 +2.081403535e+03 +2.3464e+00 -1.0431e-01 +1.9249e+00 -1.3551e+00 -2.2961e+00 -8.4595e-01 +5.3465e-01 -1.0130e-01 +1.4939e+00 +1.4212e+00 -7.9880e-01 +3.4647e+00 -1.7703e-01 -1.6665e+00 -3.3058e+00 -1.1737e+00 +1.7217e+00 -2.7121e+00 +6.2261e-01 +7.0270e-01
1464 0 +1.348104546e+03 +2.052734546e+03 +2.052734546e+03 +2.3489e+00 -2.0830e-01 +1.8794e+00 -1.4535e+00 -2.5842e+00 -9.4271e-01 +4.7025e-01 -2.6810e-01 +1.7654e+00 +1.5257e+00 -8.8032e-01 +3.7206e+00 +1.4071e-02 -1.8292e+00 -3.1471e+00 -1.1676e+00 +1.8201e+00 -2.5218e+00 +6.1839e-01 +6.3500e-01
1529 0 +1.315979446e+03 +2.020609446e+03 +2.020609446e+03 +2.2252e+00 -3.7754e-01 +1.5819e+00 -1.4431e+00 -2.4461e+00 -8.0209e-01 +2.9177e-01 -3.7762e-01 +2.4365e+00 +1.5350e+00 -1.0135e+00 +3.8716e+00 -2.8797e-01 -2.0496e+00 -3.2252e+00 -8.9921e-01 +1.8299e+00 -2.0664e+00 +6.1555e-01 +5.0815e-01
1933 0 +1.287699258e+03 +1.992329258e+03 +1.992329258e+03 +2.2493e+00 -5.9307e-01 +1.4386e+00 -1.5038e+00 -2.6275e+00 -6.9600e-01 +1.1825e-01 -5.2240e-01 +2.8575e+00 +1.6150e+00 -1.0726e+00 +4.1316e+00 -1.4671e-01 -2.1703e+00 -3.1798e+00 -9.3725e-01 +1.9467e+00 -1.7699e+00 +4.7817e-01 +4.4002e-01
2009 0 +1.258257362e+03 +1.962887362e+03 +1.962887362e+03 +2.5385e+00 -8.3341e-01 +1.4539e+00 -1.4918e+00 -2.5603e+00 -2.4759e-01 -6.3872e-02 -4.0992e-01 +3.0067e+00 +1.6365e+00 -9.8542e-01 +4.2937e+00 -1.0704e-01 -2.0245e+00 -3.6720e+00 -1.3139e+00 +2.1115e+00 -1.9008e+00 +1.3382e-01 +5.5428e-01
2734 0 +1.230015932e+03 +1.934645932e+03 +1.934645932e+03 +2.5816e+00 -1.0616e+00 +1.2313e+00 -1.4159e+00 -2.4221e+00 +3.1212e-01 -3.5497e-01 -3.1474e-01 +3.3132e+00 +1.5311e+00 -9.1106e-01 +4.2973e+00 -8.3596e-02 -1.9277e+00 -4.0052e+00 -1.3518e+00 +2.2107e+00 -1.6390e+00 -3.4352e-01 +5.9501e-01
2869 0 +1.200814260e+03 +1.905444260e+03 +1.905444260e+03 +2.4804e+00 -6.8629e-01 +1.3641e+00 -1.4388e+00 -2.5727e+00 +3.0907e-01 -2.3600e-01 -9.5801e-02 +2.9946e+00 +1.3466e+00 -9.0111e-01 +4.1221e+00 -5.4072e-02 -2.0313e+00 -4.2910e+00 -8.7280e-01 +2.2546e+00 -1.8226e+00 -5.2096e-01 +7.4578e-01
2975 0 +1.173964115e+03 +1.878594115e+03 +1.878594115e+03 +2.3766e+00 -5.7797e-01 +1.3309e+00 -1.4918e+00 -3.0007e+00 +4.9142e-01 -3.4984e-01 -3.4163e-02 +2.8770e+00 +1.2020e+00 -8.4817e-01 +4.0956e+00 +4.5601e-01 -2.0851e+00 -4.2904e+00 -5.8352e-01 +2.4073e+00 -1.6364e+00 -1.0183e+00 +8.3201e-01
3761 0 +1.147921900e+03 +1.852551900e+03 +1.852551900e+03 +1.9302e+00 -1.7001e-01 +1.4092e+00 -1.5462e+00 -3.1259e+00 +1.0376e-01 -1.7520e-01 +8.7106e-02 +2.9834e+00 +1.0422e+00 -1.0648e+00 +4.0005e+00 +5.4685e-01 -2.1555e+00 -4.5101e+00 -3.0772e-02 +2.2488e+00 -1.7943e+00 -6.4834e-01 +7.0840e-01
3861 0 +1.121760064e+03 +1.826390064e+03 +1.826390064e+03 +1.5991e+00 -2.4314e-01 +1.3546e+00 -1.6077e+00 -3.4905e+00 +1.9466e-01 -3.8821e-01 +1.5712e-01 +3.4107e+00 +9.1869e-01 -1.1827e+00 +4.1480e+00 +1.4104e+00 -1.8590e+00 -4.8141e+00 -1.3942e-01 +2.2459e+00 -1.7737e+00 -7.6313e-01 +5.2466e-01
% f evaluations | g evaluations | best noise-free fitness - Fopt (1.011200000000e+02) + sum g_i+ | measured fitness | best measured fitness or single-digit g-values | x1 | x2...
1 0 +1.979426026e+03 +2.080546026e+03 +2.080546026e+03 +0.0000e+00 +0.0000e+00 +0.0000e+00 +0.0000e+00 +0.0000e+00 +0.0000e+00 +0.0000e+00 +0.0000e+00 +0.0000e+00 +0.0000e+00 +0.0000e+00 +0.0000e+00 +0.0000e+00 +0.0000e+00 +0.0000e+00 +0.0000e+00 +0.0000e+00 +0.0000e+00 +0.0000e+00 +0.0000e+00
3 0 +1.979425841e+03 +2.080545841e+03 +2.080545841e+03 +0.0000e+00 +2.5000e-04 +0.0000e+00 +0.0000e+00 +0.0000e+00 +0.0000e+00 +0.0000e+00 +0.0000e+00 +0.0000e+00 +0.0000e+00 +0.0000e+00 +0.0000e+00 +0.0000e+00 +0.0000e+00 +0.0000e+00 +0.0000e+00 +0.0000e+00 +0.0000e+00 +0.0000e+00 +0.0000e+00
347 0 +1.945552827e+03 +2.046672827e+03 +2.046672827e+03 -1.1124e-02 +2.6375e-02 -3.9550e-02 +3.8782e-02 +3.6287e-02 -2.9247e-02 -2.0904e-02 +1.8437e-02 +1.9296e-02 +1.1592e-03 +2.9822e-02 -2.3640e-01 +8.9935e-02 -1.7121e-02 -4.5753e-02 +3.1880e-02 +9.1088e-04 +4.2442e-02 +9.3316e-03 +9.6335e-02
404 0 +1.894683579e+03 +1.995803579e+03 +1.995803579e+03 -3.1519e-02 +6.8440e-02 -1.0221e-01 +1.0162e-01 +9.6791e-02 -7.5501e-02 -5.2523e-02 +5.1031e-02 +4.9648e-02 +2.7510e-03 +7.9040e-02 -6.2904e-01 +2.3826e-01 -4.4915e-02 -1.2340e-01 +8.4551e-02 +3.8840e-03 +1.1309e-01 +2.5256e-02 +2.5124e-01
431 0 +1.852929442e+03 +1.954049442e+03 +1.954049442e+03 -5.0368e-02 +1.0645e-01 -1.6183e-01 +1.6052e-01 +1.5147e-01 -1.1760e-01 -8.2182e-02 +8.2019e-02 +7.8025e-02 +4.0917e-03 +1.2417e-01 -9.9044e-01 +3.7595e-01 -7.0552e-02 -1.9535e-01 +1.3308e-01 +6.5653e-03 +1.7741e-01 +4.0215e-02 +3.9460e-01
450 0 +1.813315013e+03 +1.914435013e+03 +1.914435013e+03 -7.0639e-02 +1.4901e-01 -2.2531e-01 +2.2373e-01 +2.1396e-01 -1.6414e-01 -1.1512e-01 +1.1488e-01 +1.0835e-01 +5.1903e-03 +1.7520e-01 -1.3851e+00 +5.2558e-01 -9.8705e-02 -2.7262e-01 +1.8702e-01 +9.8609e-03 +2.4692e-01 +5.6747e-02 +5.5070e-01
469 0 +1.769970742e+03 +1.871090742e+03 +1.871090742e+03 -9.8057e-02 +2.0668e-01 -3.1451e-01 +3.1091e-01 +2.9613e-01 -2.2739e-01 -1.5941e-01 +1.6118e-01 +1.5140e-01 +6.4029e-03 +2.4348e-01 -1.9267e+00 +7.3088e-01 -1.3797e-01 -3.8016e-01 +2.5949e-01 +1.3209e-02 +3.4461e-01 +7.9117e-02 +7.6543e-01
487 0 +1.733889894e+03 +1.835009894e+03 +1.835009894e+03 -1.3316e-01 +2.8103e-01 -4.2988e-01 +4.2479e-01 +4.0393e-01 -3.1013e-01 -2.1912e-01 +2.1991e-01 +2.0587e-01 +8.1047e-03 +3.3228e-01 -2.6233e+00 +9.9661e-01 -1.8881e-01 -5.1898e-01 +3.5454e-01 +1.8825e-02 +4.6923e-01 +1.0874e-01 +1.0418e+00
844 0 +1.696142438e+03 +1.797262438e+03 +1.797262438e+03 -1.3623e-01 +3.4824e-01 -7.2408e-01 +6.6156e-01 +5.4069e-01 -4.9888e-01 -4.2968e-01 +3.0655e-01 +2.0654e-01 -5.3832e-02 +4.4205e-01 -3.2216e+00 +1.3708e+00 -3.2278e-01 -6.1668e-01 +4.6713e-01 -9.4502e-03 +6.4779e-01 +1.6280e-01 +1.4231e+00
905 0 +1.651739820e+03 +1.752859820e+03 +1.752859820e+03 -6.0591e-02 +3.1221e-01 -1.0345e+00 +8.6582e-01 +5.6529e-01 -6.8044e-01 -7.1054e-01 +3.4006e-01 +8.5122e-02 -1.7797e-01 +4.5314e-01 -2.8047e+00 +1.4946e+00 -4.7017e-01 -4.9249e-01 +4.7220e-01 -7.7503e-02 +7.1382e-01 +2.0260e-01 +1.5386e+00
940 0 +1.610853218e+03 +1.711973218e+03 +1.711973218e+03 +2.8233e-02 +2.6983e-01 -1.4237e+00 +1.1230e+00 +6.0125e-01 -9.0688e-01 -1.0552e+00 +3.8378e-01 -5.6807e-02 -3.2762e-01 +4.7432e-01 -2.3400e+00 +1.6630e+00 -6.5209e-01 -3.5202e-01 +4.8299e-01 -1.5897e-01 +8.0242e-01 +2.5313e-01 +1.6977e+00
966 0 +1.580574913e+03 +1.681694913e+03 +1.681694913e+03 +1.5610e-01 +1.8842e-01 -1.8718e+00 +1.4050e+00 +6.0726e-01 -1.1625e+00 -1.4708e+00 +4.1567e-01 -2.5922e-01 -5.1872e-01 +4.6593e-01 -1.4787e+00 +1.7734e+00 -8.6377e-01 -1.1804e-01 +4.6101e-01 -2.6468e-01 +8.6598e-01 +3.0605e-01 +1.7913e+00
1474 0 +1.546304265e+03 +1.647424265e+03 +1.647424265e+03 +3.4130e-01 +5.5177e-01 -1.6349e+00 +1.6506e+00 +6.7385e-01 -1.2746e+00 -1.8848e+00 +5.6670e-01 -6.6315e-01 -8.1796e-01 +2.7826e-02 -1.0859e+00 +1.7695e+00 -1.1323e+00 +3.6095e-02 +6.8806e-01 -4.8542e-01 +7.9300e-01 +3.1646e-01 +1.7298e+00
1928 0 +1.512904493e+03 +1.614024493e+03 +1.614024493e+03 +5.8668e-01 +1.0938e+00 -1.1488e+00 +1.9276e+00 +6.5287e-01 -1.3037e+00 -2.2603e+00 +7.4700e-01 -1.0085e+00 -1.0296e+00 -7.2815e-01 -9.6787e-01 +1.7194e+00 -1.4863e+00 +2.0202e-02 +9.9702e-01 -7.5600e-01 +5.9449e-01 +2.4544e-01 +1.6838e+00
2009 0 +1.473946539e+03 +1.575066539e+03 +1.575066539e+03 +7.4920e-01 +1.2189e+00 -1.1840e+00 +2.1606e+00 +4.1962e-01 -1.3143e+00 -2.3566e+00 +7.6088e-01 -8.1712e-01 -8.2971e-01 -1.2207e+00 -1.0387e+00 +1.7510e+00 -1.7574e+00 -2.4913e-01 +1.0361e+00 -8.5214e-01 +4.1992e-01 +1.0120e-01 +1.8931e+00
2047 0 +1.444718233e+03 +1.545838233e+03 +1.545838233e+03 +9.9074e-01 +1.3698e+00 -1.3327e+00 +2.5337e+00 +1.0795e-01 -1.3833e+00 -2.5670e+00 +7.8604e-01 -5.8806e-01 -5.9091e-01 -1.8787e+00 -1.0003e+00 +1.8291e+00 -2.1659e+00 -5.7712e-01 +1.0846e+00 -9.9971e-01 +2.0299e-01 -8.3375e-02 +2.2113e+00
2688 0 +1.411743693e+03 +1.512863693e+03 +1.512863693e+03 +1.1467e+00 +1.2560e+00 -1.4559e+00 +2.8929e+00 -1.1072e-01 -1.5059e+00 -2.6107e+00 +6.1059e-01 -1.8905e-01 -2.3139e-01 -2.1275e+00 -1.5104e+00 +1.9217e+00 -2.4487e+00 -9.9341e-01 +1.0680e+00 -1.1176e+00 +1.7520e-01 -2.1176e-01 +2.7845e+00
2786 0 +1.380215728e+03 +1.481335728e+03 +1.481335728e+03 +1.1499e+00 +8.8443e-01 -1.1210e+00 +3.0171e+00 +1.0537e-01 -1.7022e+00 -2.5966e+00 +2.2509e-01 -2.4902e-01 -2.6584e-01 -1.5979e+00 -1.7749e+00 +1.7429e+00 -2.3642e+00 -8.9929e-01 +1.0465e+00 -1.2659e+00 +4.7826e-01 -7.2891e-02 +3.1040e+00
2857 0 +1.346967516e+03 +1.448087516e+03 +1.448087516e+03 +1.2695e+00 +6.6969e-01 -4.7795e-01 +3.1426e+00 +2.2971e-03 -1.6959e+00 -2.3954e+00 -1.8895e-01 -1.5056e-02 +2.8095e-02 -1.6617e+00 -2.2251e+00 +1.3740e+00 -2.4107e+00 -1.1542e+00 +1.0274e+00 -1.4525e+00 +4.7102e-01 -1.4225e-01 +3.4118e+00
% f evaluations | g evaluations | best noise-free fitness - Fopt (-1.000000000000e+03) + sum g_i+ | measured fitness | best measured fitness or single-digit g-values | x1 | x2...
1 0 +2.472256193e+03 +1.472256193e+03 +1.472256193e+03 +0.0000e+00 +0.0000e+00 +0.0000e+00 +0.0000e+00 +0.0000e+00 +0.0000e+00 +0.0000e+00 +0.0000e+00 +0.0000e+00 +0.0000e+00 +0.0000e+00 +0.0000e+00 +0.0000e+00 +0.0000e+00 +0.0000e+00 +0.0000e+00 +0.0000e+00 +0.0000e+00 +0.0000e+00 +0.0000e+00
3 0 +2.472234433e+03 +1.472234433e+03 +1.472234433e+03 +0.0000e+00 +2.5000e-04 +0.0000e+00 +0.0000e+00 +0.0000e+00 +0.0000e+00 +0.0000e+00 +0.0000e+00 +0.0000e+00 +0.0000e+00 +0.0000e+00 +0.0000e+00 +0.0000e+00 +0.0000e+00 +0.0000e+00 +0.0000e+00 +0.0000e+00 +0.0000e+00 +0.0000e+00 +0.0000e+00
325 0 +2.453116510e+03 +1.453116510e+03 +1.453116510e+03 -2.5607e-02 +5.2985e-02 +7.9905e-03 -2.4258e-03 +3.1422e-02 +1.7096e-02 -4.1610e-02 -1.5955e-02 +8.6402e-03 -4.6928e-04 +2.3550e-02 -2.0042e-02 +6.8883e-03 -1.0258e-02 -6.6544e-03 +8.7964e-02 -1.2874e-02 +7.2352e-03 +5.7924e-02 -9.8113e-02
414 0 +2.390594285e+03 +1.390594285e+03 +1.390594285e+03 -1.1604e-01 +2.3559e-01 +3.6180e-02 -1.2079e-02 +1.3326e-01 +7.2251e-02 -1.8368e-01 -7.4181e-02 +3.8478e-02 +2.1326e-03 +9.9241e-02 -8.3914e-02 +2.9317e-02 -4.2979e-02 -2.9194e-02 +3.9457e-01 -5.4225e-02 +3.2582e-02 +2.5460e-01 -4.3191e-01
449 0 +2.329498313e+03 +1.329498313e+03 +1.329498313e+03 -2.1117e-01 +4.2763e-01 +6.5987e-02 -2.2181e-02 +2.4122e-01 +1.3045e-01 -3.3421e-01 -1.3443e-01 +7.0069e-02 +5.3373e-03 +1.7924e-01 -1.5109e-01 +5.2914e-02 -7.8130e-02 -5.3868e-02 +7.1947e-01 -9.7734e-02 +5.9050e-02 +4.6397e-01 -7.8616e-01
467 0 +2.286238316e+03 +1.286238316e+03 +1.286238316e+03 -2.8442e-01 +5.7578e-01 +8.7074e-02 -3.1174e-02 +3.2474e-01 +1.7563e-01 -4.5122e-01 -1.8096e-01 +9.3629e-02 +6.2687e-03 +2.4183e-01 -2.0455e-01 +7.0831e-02 -1.0466e-01 -7.3275e-02 +9.6968e-01 -1.3154e-01 +7.9948e-02 +6.2683e-01 -1.0563e+00
484 0 +2.234603349e+03 +1.234603349e+03 +1.234603349e+03 -3.8056e-01 +7.6897e-01 +1.1875e-01 -4.1585e-02 +4.3577e-01 +2.3597e-01 -6.0369e-01 -2.4236e-01 +1.2530e-01 +8.6203e-03 +3.2298e-01 -2.7339e-01 +9.5200e-02 -1.3995e-01 -9.7472e-02 +1.3004e+00 -1.7498e-01 +1.0606e-01 +8.3477e-01 -1.4153e+00
502 0 +2.173052576e+03 +1.173052576e+03 +1.173052576e+03 -5.1689e-01 +1.0425e+00 +1.5949e-01 -5.7006e-02 +5.8904e-01 +3.1984e-01 -8.1770e-01 -3.2890e-01 +1.6972e-01 +1.1595e-02 +4.3792e-01 -3.6995e-01 +1.2928e-01 -1.8896e-01 -1.3261e-01 +1.7602e+00 -2.3819e-01 +1.4439e-01 +1.1345e+00 -1.9157e+00
520 0 +2.112230834e+03 +1.112230834e+03 +1.112230834e+03 -6.9807e-01 +1.4078e+00 +2.1490e-01 -7.7174e-02 +7.9427e-01 +4.3175e-01 -1.1059e+00 -4.4394e-01 +2.2971e-01 +1.7238e-02 +5.9080e-01 -4.9849e-01 +1.7427e-01 -2.5608e-01 -1.7917e-01 +2.3774e+00 -3.2053e-01 +1.9556e-01 +1.5314e+00 -2.5865e+00
529 0 +2.088796747e+03 +1.088796747e+03 +1.088796747e+03 -8.0508e-01 +1.6256e+00 +2.4858e-01 -8.9093e-02 +9.1652e-01 +4.9866e-01 -1.2763e+00 -5.1321e-01 +2.6623e-01 +1.8749e-02 +6.8158e-01 -5.7676e-01 +2.0111e-01 -2.9271e-01 -2.0717e-01 +2.7534e+00 -3.6836e-01 +2.2364e-01 +1.7668e+00 -2.9907e+00
954 0 +2.037276216e+03 +1.037276216e+03 +1.037276216e+03 -1.0003e+00 +2.1364e+00 +4.2938e-01 -3.9286e-02 +1.1759e+00 +5.5574e-01 -1.4862e+00 -7.6909e-01 +2.8658e-01 -4.5722e-02 +8.4414e-01 -6.7309e-01 +2.5566e-01 -3.0099e-01 -1.5843e-01 +3.0478e+00 -4.8825e-01 +2.5378e-01 +1.9919e+00 -3.5011e+00
1009 0 +1.994057886e+03 +9.940578857e+02 +9.940578857e+02 -1.0305e+00 +2.3613e+00 +6.1748e-01 +6.0332e-02 +1.2636e+00 +4.8224e-01 -1.3910e+00 -9.7694e-01 +2.3471e-01 -1.4121e-01 +8.6558e-01 -6.3348e-01 +2.7321e-01 -2.2315e-01 -2.5576e-02 +2.6178e+00 -5.4557e-01 +2.2486e-01 +1.7698e+00 -3.3104e+00
1047 0 +1.940394233e+03 +9.403942327e+02 +9.403942327e+02 -1.0909e+00 +2.7371e+00 +9.0672e-01 +2.0992e-01 +1.4152e+00 +3.7907e-01 -1.2723e+00 -1.3020e+00 +1.6131e-01 -2.8732e-01 +9.1228e-01 -5.8561e-01 +3.0253e-01 -1.1016e-01 +1.7144e-01 +2.0245e+00 -6.3897e-01 +1.8524e-01 +1.4703e+00 -3.0842e+00
1073 0 +1.904843668e+03 +9.048436679e+02 +9.048436679e+02 -1.1908e+00 +3.1031e+00 +1.1096e+00 +2.9826e-01 +1.5829e+00 +3.5134e-01 -1.2944e+00 -1.5484e+00 +1.3386e-01 -3.8136e-01 +9.9537e-01 -5.9907e-01 +3.3575e-01 -5.8974e-02 +2.8061e-01 +1.8632e+00 -7.2666e-01 +1.7676e-01 +1.4172e+00 -3.1752e+00
1090 0 +1.855859020e+03 +8.558590197e+02 +8.558590197e+02 -1.3743e+00 +3.7565e+00 +1.4696e+00 +4.5353e-01 +1.8847e+00 +3.0721e-01 -1.3433e+00 -1.9858e+00 +8.7771e-02 -5.4161e-01 +1.1462e+00 -6.2784e-01 +3.9693e-01 +2.5840e-02 +4.7161e-01 +1.5935e+00 -8.8390e-01 +1.6470e-01 +1.3350e+00 -3.3523e+00
1285 0 +1.819632309e+03 +8.196323093e+02 +8.196323093e+02 -1.7083e+00 +4.9621e+00 +2.1366e+00 +7.4201e-01 +2.4400e+00 +2.2078e-01 -1.4272e+00 -2.7954e+00 +1.2293e-03 -8.4305e-01 +1.4221e+00 -6.7783e-01 +5.0843e-01 +1.8706e-01 +8.2724e-01 +1.0807e+00 -1.1733e+00 +1.3988e-01 +1.1714e+00 -3.6647e+00
1505 0 +1.775234578e+03 +7.752345782e+02 +7.752345782e+02 -1.8024e+00 +4.9108e+00 +2.3343e+00 +7.1216e-01 +2.4965e+00 +2.1283e-01 -1.5511e+00 -2.9123e+00 +2.7641e-02 -5.6704e-01 +1.3721e+00 -8.3838e-01 +6.3392e-01 +3.1766e-02 +8.3997e-01 +7.1812e-01 -1.2020e+00 +1.5826e-01 +1.0773e+00 -3.1567e+00
1551 0 +1.731396657e+03 +7.313966574e+02 +7.313966574e+02 -1.9577e+00 +4.9069e+00 +2.5595e+00 +6.4631e-01 +2.6044e+00 +2.4055e-01 -1.7970e+00 -3.0515e+00 +8.1463e-02 -2.1368e-01 +1.3466e+00 -1.0829e+00 +7.9864e-01 -1.8657e-01 +8.1686e-01 +5.1413e-01 -1.2475e+00 +1.9706e-01 +1.1128e+00 -2.7299e+00
1579 0 +1.694707615e+03 +6.947076153e+02 +6.947076153e+02 -2.1031e+00 +4.7731e+00 +2.7033e+00 +5.2543e-01 +2.6693e+00 +3.0499e-01 -2.1013e+00 -3.0899e+00 +1.6442e-01 +2.1469e-01 +1.3033e+00 -1.3614e+00 +9.6510e-01 -4.5969e-01 +7.2507e-01 +4.9588e-01 -1.2645e+00 +2.5225e-01 +1.2499e+00 -2.3469e+00
1621 0 +1.659313475e+03 +6.593134754e+02 +6.593134754e+02 -2.4290e+00 +4.7935e+00 +2.9621e+00 +3.3662e-01 +2.8929e+00 +4.6340e-01 -2.7234e+00 -3.2252e+00 +3.2021e-01 +8.6166e-01 +1.3284e+00 -1.8565e+00 +1.2431e+00 -9.0661e-01 +5.6615e-01 +8.0666e-01 -1.3408e+00 +3.6348e-01 +1.6724e+00 -2.1453e+00
2583 0 +1.619814032e+03 +6.198140320e+02 +6.198140320e+02 -2.5642e+00 +4.7950e+00 +2.7818e+00 +9.1141e-01 +3.1747e+00 +6.3097e-01 -3.1585e+00 -3.0729e+00 +6.1830e-01 +1.6433e+00 +1.4105e+00 -1.7427e+00 +9.0725e-01 -1.3780e+00 +6.8502e-01 +1.3896e+00 -1.3552e+00 +6.4509e-01 +1.0020e+00 -3.1120e+00
2662 0 +1.582574639e+03 +5.825746391e+02 +5.825746391e+02 -2.4959e+00 +4.8509e+00 +3.0377e+00 +1.0211e+00 +3.5794e+00 +4.3140e-01 -3.7177e+00 -3.1517e+00 +9.4928e-01 +1.6193e+00 +1.3940e+00 -2.2187e+00 +9.6350e-01 -1.5889e+00 +5.0146e-01 +2.1101e+00 -1.3920e+00 +6.5253e-01 +8.7281e-01 -2.9446e+00
2742 0 +1.547080957e+03 +5.470809572e+02 +5.470809572e+02 -2.2207e+00 +4.8849e+00 +3.3481e+00 +1.2496e+00 +3.9358e+00 +2.6400e-02 -3.9733e+00 -3.2742e+00 +1.2282e+00 +1.2361e+00 +1.3053e+00 -2.5527e+00 +9.4289e-01 -1.5785e+00 +4.1712e-01 +2.3542e+00 -1.4042e+00 +5.6346e-01 +3.1970e-01 -2.3670e+00
3589 0 +1.513396339e+03 +5.133963387e+02 +5.133963387e+02 -1.5848e+00 +4.7301e+00 +3.1305e+00 +1.3273e+00 +3.9766e+00 -4.4167e-01 -3.7063e+00 -3.0335e+00 +1.2254e+00 +2.5113e-01 +1.2357e+00 -2.6144e+00 +6.8062e-01 -1.1033e+00 +2.7804e-01 +2.9938e+00 -1.2433e+00 +3.6354e-01 -6.8232e-02 -2.1530e+00
% f evaluations | g evaluations | best noise-free fitness - Fopt (2.577000000000e+01) + sum g_i+ | measured fitness | best measured fitness or single-digit g-values | x1 | x2...
1 0 +1.876677974e+03 +1.902447974e+03 +1.902447974e+03 +0.0000e+00 +0.0000e+00 +0.0000e+00 +0.0000e+00 +0.0000e+00 +0.0000e+00 +0.0000e+00 +0.0000e+00 +0.0000e+00 +0.0000e+00 +0.0000e+00 +0.0000e+00 +0.0000e+00 +0.0000e+00 +0.0000e+00 +0.0000e+00 +0.0000e+00 +0.0000e+00 +0.0000e+00 +0.0000e+00
2 0 +1.876663344e+03 +1.902433344e+03 +1.902433344e+03 +2.5000e-04 +0.0000e+00 +0.0000e+00 +0.0000e+00 +0.0000e+00 +0.0000e+00 +0.0000e+00 +0.0000e+00 +0.0000e+00 +0.0000e+00 +0.0000e+00 +0.0000e+00 +0.0000e+00 +0.0000e+00 +0.0000e+00 +0.0000e+00 +0.0000e+00 +0.0000e+00 +0.0000e+00 +0.0000e+00
302 0 +1.859923985e+03 +1.885693985e+03 +1.885693985e+03 +3.2093e-02 -8.7572e-04 +1.6611e-02 +1.2705e-02 +6.9120e-04 -1.3601e-02 -3.0304e-02 -1.3247e-02 +2.5501e-02 -4.5347e-03 -9.4389e-03 +2.0609e-02 -5.5407e-02 +1.0163e-02 +4.6305e-02 -8.4510e-02 +5.0760e-02 +1.8158e-02 -1.5263e-02 -1.0429e-02
384 0 +1.811463746e+03 +1.837233746e+03 +1.837233746e+03 +1.3653e-01 -9.9623e-04 +6.0725e-02 +5.0986e-02 -6.3591e-03 -5.3274e-02 -1.2663e-01 -5.6546e-02 +1.0463e-01 -1.6933e-02 -3.8534e-02 +8.4288e-02 -2.0197e-01 +3.6682e-02 +1.8581e-01 -3.4425e-01 +2.0634e-01 +7.4864e-02 -6.3891e-02 -4.5431e-02
412 0 +1.774823538e+03 +1.800593538e+03 +1.800593538e+03 +2.1840e-01 -5.7627e-04 +9.5365e-02 +8.0904e-02 -1.3416e-02 -8.5381e-02 -2.0295e-01 -9.0659e-02 +1.6743e-01 -2.5946e-02 -6.1385e-02 +1.3416e-01 -3.1545e-01 +5.7720e-02 +2.9489e-01 -5.4862e-01 +3.2824e-01 +1.2049e-01 -1.0193e-01 -7.3738e-02
439 0 +1.722692739e+03 +1.748462739e+03 +1.748462739e+03 +3.4055e-01 +6.0312e-04 +1.4580e-01 +1.2554e-01 -2.5821e-02 -1.3218e-01 -3.1660e-01 -1.4129e-01 +2.6149e-01 -3.9224e-02 -9.4554e-02 +2.0930e-01 -4.8459e-01 +8.8091e-02 +4.5765e-01 -8.5209e-01 +5.1043e-01 +1.8829e-01 -1.5955e-01 -1.1597e-01
456 0 +1.698199634e+03 +1.723969634e+03 +1.723969634e+03 +4.0089e-01 +4.0173e-04 +1.7042e-01 +1.4781e-01 -3.3364e-02 -1.5500e-01 -3.7300e-01 -1.6625e-01 +3.0794e-01 -4.5389e-02 -1.1108e-01 +2.4683e-01 -5.6558e-01 +1.0243e-01 +5.3730e-01 -1.0023e+00 +6.0057e-01 +2.2215e-01 -1.8748e-01 -1.3608e-01
466 0 +1.648199931e+03 +1.673969931e+03 +1.673969931e+03 +5.3189e-01 +1.6868e-03 +2.2387e-01 +1.9584e-01 -4.4039e-02 -2.0560e-01 -4.9448e-01 -2.2074e-01 +4.0821e-01 -5.9477e-02 -1.4751e-01 +3.2551e-01 -7.4515e-01 +1.3607e-01 +7.0980e-01 -1.3264e+00 +7.9341e-01 +2.9399e-01 -2.4790e-01 -1.8190e-01
475 0 +1.618477144e+03 +1.644247144e+03 +1.644247144e+03 +6.1435e-01 +2.1151e-03 +2.5707e-01 +2.2620e-01 -5.3690e-02 -2.3709e-01 -5.7099e-01 -2.5482e-01 +4.7117e-01 -6.8377e-02 -1.6930e-01 +3.7687e-01 -8.5842e-01 +1.5587e-01 +8.1955e-01 -1.5305e+00 +9.1684e-01 +3.3960e-01 -2.8716e-01 -2.0938e-01
492 0 +1.553121401e+03 +1.578891401e+03 +1.578891401e+03 +8.1756e-01 +2.0838e-03 +3.4090e-01 +3.0054e-01 -7.4517e-02 -3.1431e-01 -7.5934e-01 -3.3801e-01 +6.2731e-01 -8.9504e-02 -2.2520e-01 +5.0090e-01 -1.1367e+00 +2.0574e-01 +1.0877e+00 -2.0357e+00 +1.2192e+00 +4.5255e-01 -3.8095e-01 -2.7868e-01
501 0 +1.517080166e+03 +1.542850166e+03 +1.542850166e+03 +9.4938e-01 +3.6708e-03 +3.9407e-01 +3.4935e-01 -8.7944e-02 -3.6576e-01 -8.8198e-01 -3.9321e-01 +7.2958e-01 -1.0325e-01 -2.6112e-01 +5.8223e-01 -1.3177e+00 +2.3978e-01 +1.2627e+00 -2.3621e+00 +1.4137e+00 +5.2609e-01 -4.4289e-01 -3.2687e-01
510 0 +1.482792794e+03 +1.508562794e+03 +1.508562794e+03 +1.0986e+00 +5.0406e-03 +4.5575e-01 +4.0319e-01 -1.0254e-01 -4.2250e-01 -1.0207e+00 -4.5511e-01 +8.4248e-01 -1.1981e-01 -3.0234e-01 +6.7181e-01 -1.5218e+00 +2.7653e-01 +1.4602e+00 -2.7303e+00 +1.6352e+00 +6.0776e-01 -5.1223e-01 -3.7537e-01
519 0 +1.451953742e+03 +1.477723742e+03 +1.477723742e+03 +1.2711e+00 +4.8338e-03 +5.2672e-01 +4.6710e-01 -1.2152e-01 -4.8864e-01 -1.1809e+00 -5.2617e-01 +9.7706e-01 -1.3760e-01 -3.4935e-01 +7.7904e-01 -1.7593e+00 +3.1911e-01 +1.6896e+00 -3.1630e+00 +1.8933e+00 +7.0425e-01 -5.9306e-01 -4.3446e-01
528 0 +1.430280719e+03 +1.456050719e+03 +1.456050719e+03 +1.4663e+00 +6.4987e-03 +6.0532e-01 +5.3832e-01 -1.4048e-01 -5.6414e-01 -1.3611e+00 -6.0666e-01 +1.1251e+00 -1.5812e-01 -4.0243e-01 +8.9832e-01 -2.0266e+00 +3.6710e-01 +1.9467e+00 -3.6431e+00 +2.1820e+00 +8.1152e-01 -6.8385e-01 -5.0146e-01
847 0 +1.411544458e+03 +1.437314458e+03 +1.437314458e+03 +1.6346e+00 +1.0766e-02 +7.0506e-01 +5.8847e-01 -3.0464e-01 -6.4222e-01 -1.5303e+00 -6.6693e-01 +1.2580e+00 -1.5588e-01 -4.3426e-01 +1.0565e+00 -2.1803e+00 +3.4820e-01 +2.1922e+00 -4.1418e+00 +2.5482e+00 +9.3649e-01 -7.8499e-01 -5.4904e-01
938 0 +1.379422556e+03 +1.405192556e+03 +1.405192556e+03 +1.6082e+00 +2.2841e-02 +8.1519e-01 +5.3820e-01 -8.9124e-01 -6.8664e-01 -1.5579e+00 -6.1703e-01 +1.2501e+00 -7.3693e-02 -3.6118e-01 +1.2678e+00 -1.8503e+00 +1.0003e-01 +2.2550e+00 -4.3979e+00 +2.9715e+00 +1.0490e+00 -8.6677e-01 -5.0400e-01
1627 0 +1.348864552e+03 +1.374634552e+03 +1.374634552e+03 +1.1899e+00 +1.9420e-01 +9.7822e-01 +4.1743e-01 -2.0613e+00 -6.4474e-01 -1.5385e+00 -4.9150e-01 +1.1979e+00 +9.9924e-02 +1.5362e-01 +1.7528e+00 -2.0081e+00 -3.4286e-02 +2.3341e+00 -4.2082e+00 +3.2984e+00 +1.2029e+00 -1.0604e+00 -4.8408e-01
2195 0 +1.315719219e+03 +1.341489219e+03 +1.341489219e+03 +1.2260e+00 +3.0361e-01 +1.0086e+00 +1.5214e-01 -1.9907e+00 -8.0952e-01 -1.4034e+00 -3.4737e-01 +1.1047e+00 +3.2278e-01 -2.2502e-02 +1.4673e+00 -2.3698e+00 +2.6249e-01 +1.9693e+00 -4.2286e+00 +3.2448e+00 +1.0558e+00 -8.0750e-01 -2.1665e-01
2277 0 +1.286878808e+03 +1.312648808e+03 +1.312648808e+03 +1.3354e+00 -2.2962e-02 +9.3762e-01 +2.7261e-01 -1.9481e+00 -1.0120e+00 -1.1162e+00 +2.9447e-01 +9.4196e-01 +6.6682e-01 -2.6980e-02 +1.3023e+00 -3.0073e+00 +3.8523e-01 +1.7589e+00 -4.4142e+00 +3.1059e+00 +9.4401e-01 -3.8041e-01 -1.7938e-01
2346 0 +1.258641409e+03 +1.284411409e+03 +1.284411409e+03 +1.4492e+00 -9.9196e-02 +1.1021e+00 +6.9168e-02 -2.7178e+00 -1.3261e+00 -9.4403e-01 +7.7703e-01 +8.0229e-01 +1.1181e+00 -1.0250e-01 +1.3118e+00 -3.0772e+00 +2.8639e-01 +1.5085e+00 -5.0273e+00 +3.7013e+00 +9.5971e-01 -1.0460e-01 +1.0631e-01
3220 0 +1.229836889e+03 +1.255606889e+03 +1.255606889e+03 +1.8388e+00 -3.4534e-01 +8.8537e-01 +3.5799e-01 -2.1343e+00 -1.5693e+00 -7.2882e-01 +9.5120e-01 +9.2201e-01 +1.0874e+00 -9.0172e-01 +8.1120e-01 -2.4179e+00 +3.3004e-01 +1.3541e+00 -5.6680e+00 +3.3560e+00 +7.7198e-01 +2.5864e-01 +4.4129e-01
3368 0 +1.202139676e+03 +1.227909676e+03 +1.227909676e+03 +1.5880e+00 -2.0861e-01 +8.1326e-01 +5.8129e-01 -2.3878e+00 -1.4386e+00 -7.7841e-01 +7.3169e-01 +1.1193e+00 +8.6141e-01 -8.2426e-01 +1.0289e+00 -2.2229e+00 +3.6135e-01 +1.6206e+00 -5.4872e+00 +3.0494e+00 +8.2897e-01 +1.3525e-02 +4.4937e-01
3441 0 +1.174650703e+03 +1.200420703e+03 +1.200420703e+03 +1.4013e+00 -1.5810e-01 +6.2259e-01 +1.1201e+00 -2.3696e+00 -1.4049e+00 -7.8572e-01 +6.7634e-01 +1.4975e+00 +6.4126e-01 -8.3699e-01 +1.1960e+00 -2.8525e+00 +8.0260e-01 +2.0691e+00 -5.5211e+00 +2.3052e+00 +8.3395e-01 -1.1247e-01 +4.5740e-01
3545 0 +1.148144924e+03 +1.173914924e+03 +1.173914924e+03 +1.4061e+00 +1.3592e-01 +6.9173e-01 +9.7573e-01 -2.9003e+00 -1.7417e+00 -6.7209e-01 +7.8018e-01 +1.6775e+00 +8.8244e-01 -1.2433e+00 +1.0445e+00 -3.1966e+00 +1.2769e+00 +1.8904e+00 -6.1063e+00 +2.3165e+00 +7.4262e-01 +7.0136e-02 +1.0438e+00
% f evaluations | g evaluations | best noise-free fitness - Fopt (-1.150100000000e+02) + sum g_i+ | measured fitness | best measured fitness or single-digit g-values | x1 | x2...
1 0 +1.551009922e+03 +1.435999922e+03 +1.435999922e+03 +0.0000e+00 +0.0000e+00 +0.0000e+00 +0.0000e+00 +0.0000e+00 +0.0000e+00 +0.0000e+00 +0.0000e+00 +0.0000e+00 +0.0000e+00 +0.0000e+00 +0.0000e+00 +0.0000e+00 +0.0000e+00 +0.0000e+00 +0.0000e+00 +0.0000e+00 +0.0000e+00 +0.0000e+00 +0.0000e+00
2 0 +1.551008481e+03 +1.435998481e+03 +1.435998481e+03 +2.5000e-04 +0.0000e+00 +0.0000e+00 +0.0000e+00 +0.0000e+00 +0.0000e+00 +0.0000e+00 +0.0000e+00 +0.0000e+00 +0.0000e+00 +0.0000e+00 +0.0000e+00 +0.0000e+00 +0.0000e+00 +0.0000e+00 +0.0000e+00 +0.0000e+00 +0.0000e+00 +0.0000e+00 +0.0000e+00
203 0 +1.548641450e+03 +1.433631450e+03 +1.433631450e+03 +2.4707e-03 -5.2521e-03 -2.6470e-03 +2.8311e-03 +3.9927e-03 +6.3260e-03 +6.7390e-03 -8.3048e-03 +2.5101e-03 +1.8150e-03 -1.0502e-02 -2.4079e-03 -1.9579e-03 +9.2074e-03 -1.7435e-03 -4.6483e-03 +1.4932e-03 +2.5279e-03 -9.6092e-04 +7.7089e-04
372 0 +1.510520857e+03 +1.395510857e+03 +1.395510857e+03 +4.8413e-02 -9.4597e-02 -4.1971e-02 +4.6830e-02 +7.2517e-02 +1.1261e-01 +1.1561e-01 -1.5501e-01 +4.2601e-02 +3.8762e-02 -1.8878e-01 -3.3825e-02 -3.7480e-02 +1.7590e-01 -3.9898e-02 -8.5256e-02 +2.4427e-02 +4.5807e-02 -9.7163e-03 +3.6608e-03
416 0 +1.471871735e+03 +1.356861735e+03 +1.356861735e+03 +1.0249e-01 -2.0024e-01 -8.7848e-02 +9.8835e-02 +1.5250e-01 +2.3460e-01 +2.4275e-01 -3.2707e-01 +8.9500e-02 +8.1768e-02 -3.9652e-01 -7.1530e-02 -7.8148e-02 +3.7138e-01 -8.4407e-02 -1.8113e-01 +5.2508e-02 +9.6083e-02 -1.6561e-02 +6.4537e-03
443 0 +1.438494768e+03 +1.323484768e+03 +1.323484768e+03 +1.5955e-01 -3.1099e-01 -1.3638e-01 +1.5321e-01 +2.3727e-01 +3.6385e-01 +3.7781e-01 -5.0829e-01 +1.3897e-01 +1.2701e-01 -6.1616e-01 -1.1006e-01 -1.2049e-01 +5.7704e-01 -1.3332e-01 -2.8227e-01 +8.1778e-02 +1.4938e-01 -2.4798e-02 +9.5862e-03
469 0 +1.402270828e+03 +1.287260828e+03 +1.287260828e+03 +2.5041e-01 -4.8872e-01 -2.1501e-01 +2.3898e-01 +3.7316e-01 +5.6751e-01 +5.9623e-01 -7.9905e-01 +2.1830e-01 +1.9855e-01 -9.6684e-01 -1.7011e-01 -1.8823e-01 +9.0911e-01 -2.0986e-01 -4.4419e-01 +1.2866e-01 +2.3396e-01 -3.7514e-02 +1.3452e-02
824 0 +1.380077707e+03 +1.265067707e+03 +1.265067707e+03 +3.6803e-01 -7.2110e-01 -3.3529e-01 +4.0654e-01 +5.5008e-01 +8.6332e-01 +8.2447e-01 -1.1841e+00 +3.2607e-01 +3.1458e-01 -1.4741e+00 -3.0365e-01 -2.9748e-01 +1.2827e+00 -2.8732e-01 -6.1804e-01 +1.9500e-01 +3.6338e-01 -4.6691e-02 +1.1468e-01
925 0 +1.348042330e+03 +1.233032330e+03 +1.233032330e+03 +3.4431e-01 -6.8605e-01 -4.1522e-01 +6.5943e-01 +5.2015e-01 +9.6465e-01 +5.2452e-01 -1.1606e+00 +3.3456e-01 +4.0178e-01 -1.6435e+00 -5.5710e-01 -3.8921e-01 +9.3509e-01 -1.5711e-01 -3.9218e-01 +2.0853e-01 +4.3787e-01 -1.8039e-02 +5.9275e-01
1383 0 +1.317736114e+03 +1.202726114e+03 +1.202726114e+03 +3.8263e-01 -7.7788e-01 -5.7140e-01 +9.3988e-01 +5.2573e-01 +1.0841e+00 +3.3783e-01 -1.3195e+00 +3.3120e-01 +5.3285e-01 -2.0124e+00 -6.1110e-01 -4.8062e-01 +9.3742e-01 -2.4212e-01 -3.1916e-01 +2.2008e-01 +5.9285e-01 -5.1630e-02 +1.1593e+00
1462 0 +1.285938345e+03 +1.170928345e+03 +1.170928345e+03 +4.2259e-01 -8.6618e-01 -6.4263e-01 +8.2669e-01 +4.2464e-01 +8.1001e-01 +3.9410e-01 -1.3868e+00 +1.7465e-01 +5.2686e-01 -1.9890e+00 +1.0736e-01 -3.5932e-01 +1.4936e+00 -7.6599e-01 -5.5804e-01 +1.3326e-01 +6.6889e-01 -2.2686e-01 +1.2811e+00
1543 0 +1.256844549e+03 +1.141834549e+03 +1.141834549e+03 +4.5737e-01 -9.6050e-01 -8.5568e-01 +1.1065e+00 +3.1705e-01 +7.4137e-01 +7.6070e-02 -1.5055e+00 +4.4802e-02 +6.7235e-01 -2.3153e+00 +4.7603e-01 -3.9149e-01 +1.6676e+00 -1.1528e+00 -5.3103e-01 +7.3118e-02 +8.8227e-01 -3.8022e-01 +2.1052e+00
2554 0 +1.228697525e+03 +1.113687525e+03 +1.113687525e+03 +6.0838e-01 -8.6677e-01 -7.0836e-01 +1.0853e+00 +4.1431e-01 +9.9260e-01 -6.9723e-02 -9.6053e-01 +3.8181e-02 +5.3476e-01 -2.2405e+00 +6.8743e-01 -6.1342e-01 +1.4254e+00 -1.4336e+00 -6.1785e-01 -1.6285e-01 +1.0997e+00 -9.7514e-01 +2.3626e+00
2631 0 +1.199367814e+03 +1.084357814e+03 +1.084357814e+03 +8.5375e-01 -1.0101e+00 -5.7807e-01 +9.3867e-01 +7.6857e-01 +7.4084e-01 -8.5501e-02 -3.9840e-01 -2.6306e-02 +3.8853e-01 -2.2824e+00 +1.0586e+00 -7.4722e-01 +1.7162e+00 -1.5682e+00 -1.0025e+00 -3.4961e-01 +1.3040e+00 -1.2287e+00 +2.0682e+00
2743 0 +1.174479975e+03 +1.059469975e+03 +1.059469975e+03 +1.0478e+00 -1.2249e+00 -5.3754e-01 +1.0482e+00 +1.2833e+00 +1.4099e-01 -4.7667e-01 +2.2598e-01 -8.9205e-02 +3.6490e-01 -2.5271e+00 +8.3064e-01 -8.9242e-01 +1.6660e+00 -1.0046e+00 -1.1400e+00 -3.8403e-01 +1.4520e+00 -8.6693e-01 +1.7564e+00
% f evaluations | g evaluations | best noise-free fitness - Fopt (2.556500000000e+02) + sum g_i+ | measured fitness | best measured fitness or single-digit g-values | x1 | x2...
1 0 +2.176264371e+03 +2.431914371e+03 +2.431914371e+03 +0.0000e+00 +0.0000e+00 +0.0000e+00 +0.0000e+00 +0.0000e+00 +0.0000e+00 +0.0000e+00 +0.0000e+00 +0.0000e+00 +0.0000e+00 +0.0000e+00 +0.0000e+00 +0.0000e+00 +0.0000e+00 +0.0000e+00 +0.0000e+00 +0.0000e+00 +0.0000e+00 +0.0000e+00 +0.0000e+00
6 0 +2.176252980e+03 +2.431902980e+03 +2.431902980e+03 +0.0000e+00 +0.0000e+00 +0.0000e+00 +0.0000e+00 +2.5000e-04 +0.0000e+00 +0.0000e+00 +0.0000e+00 +0.0000e+00 +0.0000e+00 +0.0000e+00 +0.0000e+00 +0.0000e+00 +0.0000e+00 +0.0000e+00 +0.0000e+00 +0.0000e+00 +0.0000e+00 +0.0000e+00 +0.0000e+00
357 0 +2.135374527e+03 +2.391024527e+03 +2.391024527e+03 -1.2489e-01 -1.9705e-02 +8.6262e-02 +2.0408e-02 +4.6589e-02 -3.3273e-02 +1.0482e-01 +2.3373e-02 -6.3955e-02 -2.7396e-03 +3.0584e-02 +9.4982e-02 +1.4618e-02 +4.1143e-02 -2.8390e-02 +3.0687e-02 -2.5066e-01 -4.3181e-02 +1.1975e-02 +4.4802e-02
410 0 +2.081330922e+03 +2.336980922e+03 +2.336980922e+03 -3.0709e-01 -4.6298e-02 +2.1154e-01 +5.0178e-02 +1.1324e-01 -7.9396e-02 +2.5793e-01 +5.7002e-02 -1.5631e-01 -7.0166e-03 +7.2867e-02 +2.3060e-01 +3.5325e-02 +1.0017e-01 -6.9268e-02 +7.5341e-02 -6.1584e-01 -1.0348e-01 +2.8762e-02 +1.1030e-01
437 0 +2.035912441e+03 +2.291562441e+03 +2.291562441e+03 -4.8155e-01 -7.0274e-02 +3.3132e-01 +7.8112e-02 +1.7611e-01 -1.2377e-01 +4.0579e-01 +8.7461e-02 -2.4090e-01 -1.1123e-02 +1.1267e-01 +3.6077e-01 +5.5048e-02 +1.5658e-01 -1.0812e-01 +1.1829e-01 -9.6530e-01 -1.6185e-01 +4.2862e-02 +1.7279e-01
463 0 +1.977429180e+03 +2.233079180e+03 +2.233079180e+03 -7.4943e-01 -1.0843e-01 +5.1317e-01 +1.2192e-01 +2.7385e-01 -1.9211e-01 +6.2840e-01 +1.3639e-01 -3.7445e-01 -1.8059e-02 +1.7514e-01 +5.5938e-01 +8.5131e-02 +2.4374e-01 -1.6668e-01 +1.8475e-01 -1.4988e+00 -2.5053e-01 +6.7061e-02 +2.6775e-01
481 0 +1.933912446e+03 +2.189562446e+03 +2.189562446e+03 -1.0154e+00 -1.4753e-01 +6.9662e-01 +1.6524e-01 +3.7116e-01 -2.5971e-01 +8.5072e-01 +1.8501e-01 -5.0760e-01 -2.3012e-02 +2.3624e-01 +7.5630e-01 +1.1568e-01 +3.3041e-01 -2.2681e-01 +2.4943e-01 -2.0293e+00 -3.3883e-01 +9.0078e-02 +3.6342e-01
499 0 +1.899569533e+03 +2.155219533e+03 +2.155219533e+03 -1.3695e+00 -1.9877e-01 +9.3498e-01 +2.2254e-01 +5.0058e-01 -3.5027e-01 +1.1452e+00 +2.4828e-01 -6.8383e-01 -3.1992e-02 +3.1860e-01 +1.0195e+00 +1.5562e-01 +4.4544e-01 -3.0474e-01 +3.3612e-01 -2.7292e+00 -4.5592e-01 +1.2067e-01 +4.9041e-01
879 0 +1.860795631e+03 +2.116445631e+03 +2.116445631e+03 -1.4135e+00 -3.2038e-01 +9.9285e-01 +2.1677e-01 +5.7054e-01 -4.4358e-01 +1.3551e+00 +3.2570e-01 -9.8157e-01 +1.5500e-02 +4.2416e-01 +1.2193e+00 +1.6430e-01 +5.4698e-01 -4.1139e-01 +3.6961e-01 -3.0731e+00 -5.4059e-01 +2.1521e-01 +5.7459e-01
935 0 +1.814356396e+03 +2.070006396e+03 +2.070006396e+03 -1.1681e+00 -4.7352e-01 +8.6491e-01 +1.5566e-01 +5.6610e-01 -5.1011e-01 +1.4218e+00 +3.9397e-01 -1.3014e+00 +1.0187e-01 +5.1991e-01 +1.2994e+00 +1.4163e-01 +6.0634e-01 -5.1186e-01 +3.4534e-01 -2.9848e+00 -5.6766e-01 +3.3981e-01 +5.9728e-01
963 0 +1.775687759e+03 +2.031337759e+03 +2.031337759e+03 -8.4723e-01 -6.1577e-01 +6.8438e-01 +8.2408e-02 +5.3367e-01 -5.5685e-01 +1.4239e+00 +4.4888e-01 -1.5820e+00 +1.9009e-01 +5.9839e-01 +1.3223e+00 +1.1000e-01 +6.4071e-01 -5.9559e-01 +3.0317e-01 -2.7443e+00 -5.6875e-01 +4.5852e-01 +5.9158e-01
990 0 +1.724812790e+03 +1.980462790e+03 +1.980462790e+03 -5.0351e-01 -8.4513e-01 +5.1097e-01 -5.5200e-03 +5.3596e-01 -6.6550e-01 +1.5412e+00 +5.5413e-01 -2.0690e+00 +3.1643e-01 +7.4843e-01 +1.4603e+00 +7.8569e-02 +7.3760e-01 -7.4946e-01 +2.7126e-01 -2.6575e+00 -6.1991e-01 +6.4627e-01 +6.3408e-01
1015 0 +1.687584188e+03 +1.943234188e+03 +1.943234188e+03 +8.9486e-02 -1.1265e+00 +1.7881e-01 -1.4335e-01 +4.8281e-01 -7.6430e-01 +1.5736e+00 +6.6807e-01 -2.6299e+00 +4.8642e-01 +9.0809e-01 +1.5275e+00 +1.9965e-02 +8.1460e-01 -9.1691e-01 +1.9724e-01 -2.2551e+00 -6.3268e-01 +8.8009e-01 +6.3553e-01
1058 0 +1.658630675e+03 +1.914280675e+03 +1.914280675e+03 +3.4414e-01 -1.4725e+00 +8.4194e-02 -2.2731e-01 +5.6162e-01 -9.5829e-01 +1.9051e+00 +8.5218e-01 -3.3972e+00 +6.5786e-01 +1.1579e+00 +1.8621e+00 +1.0800e-03 +1.0138e+00 -1.1746e+00 +2.0780e-01 -2.5496e+00 -7.6503e-01 +1.1551e+00 +7.6446e-01
1536 0 +1.620775614e+03 +1.876425614e+03 +1.876425614e+03 +4.9872e-01 -1.7435e+00 -2.3643e-01 -2.7141e-01 +4.8712e-01 -8.4376e-01 +2.0767e+00 +1.0654e+00 -3.7299e+00 +8.0112e-01 +1.2655e+00 +1.5473e+00 -7.6384e-02 +1.1936e+00 -1.2020e+00 +3.0507e-01 -2.6212e+00 -6.0057e-01 +1.3996e+00 +6.9395e-01
1597 0 +1.584685413e+03 +1.840335413e+03 +1.840335413e+03 +5.4634e-01 -1.9765e+00 -6.3550e-01 -2.8449e-01 +3.5176e-01 -5.8316e-01 +2.2000e+00 +1.3001e+00 -3.8527e+00 +9.2319e-01 +1.3092e+00 +9.3904e-01 -1.7809e-01 +1.3751e+00 -1.1187e+00 +4.5966e-01 -2.6741e+00 -3.0031e-01 +1.6292e+00 +5.3676e-01
1918 0 +1.548616463e+03 +1.804266463e+03 +1.804266463e+03 -4.4013e-02 -1.9796e+00 -8.2011e-01 -1.5282e-01 +2.2615e-01 -1.3956e-01 +2.3564e+00 +1.4978e+00 -3.4075e+00 +8.8570e-01 +1.2096e+00 +5.1572e-02 -2.5769e-01 +1.5537e+00 -8.1000e-01 +7.5294e-01 -3.2251e+00 +1.0484e-01 +1.6903e+00 +3.3035e-01
2026 0 +1.511523777e+03 +1.767173777e+03 +1.767173777e+03 -7.0602e-02 -1.8480e+00 -8.5550e-01 -1.6542e-01 +2.1245e-01 -2.8176e-01 +2.4512e+00 +1.4577e+00 -3.2704e+00 +7.0739e-01 +1.2989e+00 +8.5885e-02 -2.9763e-01 +1.6400e+00 -6.5824e-01 +7.3258e-01 -3.3761e+00 -2.3501e-02 +1.6630e+00 +3.7868e-01
2064 0 +1.476824524e+03 +1.732474524e+03 +1.732474524e+03 -8.0075e-03 -1.7768e+00 -1.0355e+00 -1.9444e-01 +1.4346e-01 -3.4353e-01 +2.5227e+00 +1.4690e+00 -3.1544e+00 +5.7131e-01 +1.3869e+00 -7.2176e-02 -3.6932e-01 +1.7505e+00 -4.8329e-01 +7.3395e-01 -3.4062e+00 -5.5049e-02 +1.6951e+00 +3.6552e-01
2093 0 +1.432576142e+03 +1.688226142e+03 +1.688226142e+03 +2.4396e-01 -1.7651e+00 -1.2999e+00 -2.8082e-01 +8.3192e-02 -5.5892e-01 +2.6984e+00 +1.5060e+00 -3.2629e+00 +4.2115e-01 +1.6028e+00 -7.3701e-02 -4.6842e-01 +1.9425e+00 -3.4172e-01 +6.9408e-01 -3.4535e+00 -2.0229e-01 +1.8090e+00 +4.1490e-01
2112 0 +1.399624334e+03 +1.655274334e+03 +1.655274334e+03 +2.2504e-01 -1.5876e+00 -1.3250e+00 -3.0256e-01 +7.7074e-02 -7.8041e-01 +2.8293e+00 +1.4432e+00 -3.1073e+00 +1.8057e-01 +1.7324e+00 +3.1569e-02 -5.1623e-01 +2.0546e+00 -1.5595e-01 +6.5322e-01 -3.6565e+00 -4.0453e-01 +1.7692e+00 +4.9711e-01
2120 0 +1.379380160e+03 +1.635030160e+03 +1.635030160e+03 +4.0381e-01 -1.5819e+00 -1.5719e+00 -3.4761e-01 -1.7803e-02 -7.7510e-01 +2.8221e+00 +1.4730e+00 -3.0540e+00 +1.2517e-01 +1.7880e+00 -1.9732e-01 -5.8822e-01 +2.1253e+00 -3.1118e-02 +6.4692e-01 -3.4843e+00 -3.6146e-01 +1.8306e+00 +4.3970e-01
2136 0 +1.344180524e+03 +1.599830524e+03 +1.599830524e+03 +5.3692e-01 -1.4316e+00 -1.8128e+00 -4.0797e-01 -1.0088e-01 -9.8060e-01 +2.9640e+00 +1.4548e+00 -2.8998e+00 -1.3765e-01 +1.9696e+00 -2.9155e-01 -6.9659e-01 +2.3072e+00 +2.4033e-01 +6.1060e-01 -3.5629e+00 -5.1408e-01 +1.8626e+00 +4.7250e-01
2158 0 +1.313756764e+03 +1.569406764e+03 +1.569406764e+03 +7.8365e-01 -1.0472e+00 -2.0296e+00 -5.0654e-01 -1.8736e-01 -1.4312e+00 +3.0668e+00 +1.2844e+00 -2.5369e+00 -6.3040e-01 +2.2194e+00 -1.6951e-01 -8.2377e-01 +2.4776e+00 +6.5329e-01 +4.5443e-01 -3.5313e+00 -8.9687e-01 +1.7806e+00 +5.8373e-01
2728 0 +1.286443923e+03 +1.542093923e+03 +1.542093923e+03 +1.2555e+00 -9.8439e-01 -2.2445e+00 -6.2327e-01 -3.1720e-01 -1.5883e+00 +2.9691e+00 +1.2432e+00 -2.4768e+00 -7.3065e-01 +2.3656e+00 -3.9711e-01 -9.1241e-01 +2.5818e+00 +7.7328e-01 +3.3642e-01 -3.1045e+00 -1.0205e+00 +1.8557e+00 +5.4254e-01
2800 0 +1.257505369e+03 +1.513155369e+03 +1.513155369e+03 +1.6610e+00 -8.8798e-01 -2.0460e+00 -7.4713e-01 -3.2429e-01 -2.0108e+00 +2.9980e+00 +1.1503e+00 -2.5616e+00 -8.5805e-01 +2.6516e+00 -2.9881e-01 -9.4139e-01 +2.7827e+00 +7.4988e-01 +1.6214e-01 -3.0711e+00 -1.4672e+00 +1.9341e+00 +6.5312e-01
2856 0 +1.224590549e+03 +1.480240549e+03 +1.480240549e+03 +1.9341e+00 -7.5127e-01 -1.7201e+00 -8.3539e-01 -3.5349e-01 -2.3282e+00 +2.9567e+00 +1.0546e+00 -2.4562e+00 -9.6795e-01 +2.8866e+00 -4.6179e-01 -9.5730e-01 +2.9943e+00 +7.5171e-01 +2.5687e-02 -3.0923e+00 -1.8604e+00 +1.9927e+00 +7.0075e-01
2884 0 +1.195021475e+03 +1.450671475e+03 +1.450671475e+03 +1.9876e+00 -8.1063e-01 -1.4658e+00 -8.4850e-01 -3.4134e-01 -2.3441e+00 +2.9089e+00 +1.0677e+00 -2.5205e+00 -8.5977e-01 +2.9354e+00 -6.1437e-01 -9.2478e-01 +3.0643e+00 +6.1568e-01 +1.1427e-02 -3.1417e+00 -1.9427e+00 +2.0604e+00 +6.8634e-01
2905 0 +1.167308276e+03 +1.422958276e+03 +1.422958276e+03 +2.0232e+00 -8.3899e-01 -1.2454e+00 -8.5162e-01 -3.4729e-01 -2.3114e+00 +2.8093e+00 +1.0649e+00 -2.4961e+00 -7.6370e-01 +2.9388e+00 -8.1969e-01 -8.9421e-01 +3.0951e+00 +5.1629e-01 +1.1317e-04 -3.1094e+00 -1.9752e+00 +2.0955e+00 +6.4422e-01
2923 0 +1.139460151e+03 +1.395110151e+03 +1.395110151e+03 +2.2078e+00 -8.5570e-01 -9.0511e-01 -8.9526e-01 -3.5060e-01 -2.4007e+00 +2.6837e+00 +1.0299e+00 -2.5180e+00 -6.6795e-01 +3.0234e+00 -1.0114e+00 -8.5881e-01 +3.1786e+00 +3.6364e-01 -7.4004e-02 -3.0301e+00 -2.1521e+00 +2.1609e+00 +6.2950e-01
2941 0 +1.109492065e+03 +1.365142065e+03 +1.365142065e+03 +2.1146e+00 -8.2162e-01 -4.2499e-01 -8.7657e-01 -3.5597e-01 -2.3772e+00 +2.5762e+00 +1.0143e+00 -2.3293e+00 -5.8742e-01 +3.0627e+00 -1.4460e+00 -8.1191e-01 +3.3046e+00 +2.7126e-01 -6.7491e-02 -3.2149e+00 -2.2683e+00 +2.2014e+00 +5.7056e-01
2950 0 +1.092702743e+03 +1.348352743e+03 +1.348352743e+03 +2.2113e+00 -8.4533e-01 -3.0818e-01 -8.9799e-01 -4.0378e-01 -2.3487e+00 +2.4944e+00 +1.0305e+00 -2.2769e+00 -5.2505e-01 +3.1027e+00 -1.7652e+00 -8.1652e-01 +3.3857e+00 +2.3630e-01 -7.5026e-02 -3.1522e+00 -2.2904e+00 +2.2697e+00 +5.0644e-01
3001 0 +1.071028302e+03 +1.326678302e+03 +1.326678302e+03 +2.3548e+00 -1.0212e+00 +4.3829e-01 -9.1664e-01 -4.5256e-01 -2.1850e+00 +2.1835e+00 +1.0891e+00 -2.2492e+00 -1.3365e-01 +3.1531e+00 -2.6778e+00 -7.2854e-01 +3.5752e+00 -1.2578e-01 -7.6539e-02 -3.1044e+00 -2.3637e+00 +2.4772e+00 +3.2181e-01
% f evaluations | g evaluations | best noise-free fitness - Fopt (5.382000000000e+01) + sum g_i+ | measured fitness | best measured fitness or single-digit g-values | x1 | x2...
1 0 +2.186115469e+03 +2.239935469e+03 +2.239935469e+03 +0.0000e+00 +0.0000e+00 +0.0000e+00 +0.0000e+00 +0.0000e+00 +0.0000e+00 +0.0000e+00 +0.0000e+00 +0.0000e+00 +0.0000e+00 +0.0000e+00 +0.0000e+00 +0.0000e+00 +0.0000e+00 +0.0000e+00 +0.0000e+00 +0.0000e+00 +0.0000e+00 +0.0000e+00 +0.0000e+00
2 0 +2.186101845e+03 +2.239921845e+03 +2.239921845e+03 +2.5000e-04 +0.0000e+00 +0.0000e+00 +0.0000e+00 +0.0000e+00 +0.0000e+00 +0.0000e+00 +0.0000e+00 +0.0000e+00 +0.0000e+00 +0.0000e+00 +0.0000e+00 +0.0000e+00 +0.0000e+00 +0.0000e+00 +0.0000e+00 +0.0000e+00 +0.0000e+00 +0.0000e+00 +0.0000e+00
372 0 +2.135996025e+03 +2.189816025e+03 +2.189816025e+03 +4.3858e-02 +9.9821e-03 -1.0743e-01 +3.2631e-03 +2.6529e-03 +8.6155e-02 +1.1584e-01 -1.3526e-01 +3.3432e-02 -7.6209e-02 -4.9793e-02 +9.4417e-02 -5.2680e-02 -6.6209e-03 -4.2337e-03 -8.6032e-02 +7.2635e-02 -1.5924e-02 +2.3315e-02 +7.2221e-02
416 0 +2.082708325e+03 +2.136528325e+03 +2.136528325e+03 +9.1413e-02 +2.0330e-02 -2.2559e-01 +7.4113e-03 +5.1128e-03 +1.8227e-01 +2.4498e-01 -2.8415e-01 +6.8091e-02 -1.6035e-01 -1.0419e-01 +2.0164e-01 -1.1019e-01 -1.4277e-02 -9.0518e-03 -1.8137e-01 +1.5186e-01 -3.2758e-02 +4.8124e-02 +1.5140e-01
443 0 +2.028635430e+03 +2.082455430e+03 +2.082455430e+03 +1.4255e-01 +3.1032e-02 -3.5181e-01 +1.0644e-02 +8.4430e-03 +2.8339e-01 +3.8120e-01 -4.4179e-01 +1.0752e-01 -2.4882e-01 -1.6225e-01 +3.1450e-01 -1.7088e-01 -2.3322e-02 -1.4645e-02 -2.8215e-01 +2.3763e-01 -5.1644e-02 +7.5132e-02 +2.3627e-01
460 0 +1.979475904e+03 +2.033295904e+03 +2.033295904e+03 +1.9071e-01 +4.2394e-02 -4.7268e-01 +1.5052e-02 +1.0459e-02 +3.8085e-01 +5.1130e-01 -5.9513e-01 +1.4298e-01 -3.3383e-01 -2.1619e-01 +4.2337e-01 -2.3014e-01 -3.1468e-02 -1.8840e-02 -3.7890e-01 +3.1820e-01 -6.8056e-02 +1.0077e-01 +3.1632e-01
469 0 +1.948607182e+03 +2.002427182e+03 +2.002427182e+03 +2.2247e-01 +4.8866e-02 -5.5142e-01 +1.6971e-02 +1.3655e-02 +4.4459e-01 +5.9789e-01 -6.9494e-01 +1.6718e-01 -3.8932e-01 -2.5297e-01 +4.9359e-01 -2.6781e-01 -3.7168e-02 -2.3666e-02 -4.4220e-01 +3.7179e-01 -8.1277e-02 +1.1870e-01 +3.7101e-01
487 0 +1.878611990e+03 +1.932431990e+03 +1.932431990e+03 +3.0040e-01 +6.7511e-02 -7.4508e-01 +2.3754e-02 +1.7751e-02 +6.0006e-01 +8.0649e-01 -9.3924e-01 +2.2604e-01 -5.2651e-01 -3.4026e-01 +6.6728e-01 -3.6245e-01 -5.0231e-02 -3.0137e-02 -5.9763e-01 +5.0225e-01 -1.0867e-01 +1.5989e-01 +4.9943e-01
496 0 +1.840515934e+03 +1.894335934e+03 +1.894335934e+03 +3.4714e-01 +7.5188e-02 -8.6114e-01 +2.6783e-02 +2.2125e-02 +6.9434e-01 +9.3184e-01 -1.0810e+00 +2.6100e-01 -6.0736e-01 -3.9337e-01 +7.7170e-01 -4.1637e-01 -6.2100e-02 -3.5680e-02 -6.9071e-01 +5.8275e-01 -1.2605e-01 +1.8272e-01 +5.7754e-01
505 0 +1.800206244e+03 +1.854026244e+03 +1.854026244e+03 +4.0016e-01 +8.8632e-02 -9.9614e-01 +3.2136e-02 +2.6917e-02 +8.0343e-01 +1.0776e+00 -1.2533e+00 +3.0070e-01 -7.0303e-01 -4.5316e-01 +8.9057e-01 -4.8310e-01 -7.4048e-02 -4.0320e-02 -7.9937e-01 +6.7270e-01 -1.4594e-01 +2.1331e-01 +6.6848e-01
513 0 +1.759039960e+03 +1.812859960e+03 +1.812859960e+03 +4.6336e-01 +1.0164e-01 -1.1520e+00 +3.5626e-02 +3.0376e-02 +9.2880e-01 +1.2477e+00 -1.4498e+00 +3.4888e-01 -8.1223e-01 -5.2581e-01 +1.0317e+00 -5.5819e-01 -8.1573e-02 -4.7767e-02 -9.2404e-01 +7.7803e-01 -1.6898e-01 +2.4640e-01 +7.7321e-01
522 0 +1.718909244e+03 +1.772729244e+03 +1.772729244e+03 +5.3780e-01 +1.1856e-01 -1.3368e+00 +4.2662e-02 +3.5199e-02 +1.0783e+00 +1.4461e+00 -1.6818e+00 +4.0497e-01 -9.4282e-01 -6.0760e-01 +1.1957e+00 -6.4806e-01 -9.8820e-02 -5.4485e-02 -1.0728e+00 +9.0571e-01 -1.9527e-01 +2.8526e-01 +8.9662e-01
531 0 +1.683302235e+03 +1.737122235e+03 +1.737122235e+03 +6.2881e-01 +1.3806e-01 -1.5619e+00 +5.0155e-02 +4.0708e-02 +1.2583e+00 +1.6877e+00 -1.9621e+00 +4.7241e-01 -1.1016e+00 -7.1036e-01 +1.3984e+00 -7.5572e-01 -1.1378e-01 -6.3071e-02 -1.2528e+00 +1.0543e+00 -2.2831e-01 +3.3275e-01 +1.0469e+00
552 0 +1.658686298e+03 +1.712506298e+03 +1.712506298e+03 +7.6106e-01 +1.6661e-01 -1.8932e+00 +6.0669e-02 +5.1132e-02 +1.5265e+00 +2.0475e+00 -2.3797e+00 +5.7259e-01 -1.3346e+00 -8.6051e-01 +1.6944e+00 -9.1611e-01 -1.4040e-01 -7.6987e-02 -1.5190e+00 +1.2812e+00 -2.7725e-01 +4.0306e-01 +1.2695e+00
1033 0 +1.617382525e+03 +1.671202525e+03 +1.671202525e+03 +7.8696e-01 -9.0541e-03 -2.1107e+00 +5.6369e-02 +1.6946e-01 +1.7120e+00 +2.1991e+00 -2.0626e+00 +7.8208e-01 -1.4966e+00 -1.0140e+00 +1.7569e+00 -9.1376e-01 -3.4640e-01 -5.3547e-02 -1.7219e+00 +1.4409e+00 -3.3300e-01 +2.5829e-01 +1.2968e+00
1078 0 +1.582203533e+03 +1.636023533e+03 +1.636023533e+03 +7.7310e-01 -2.2804e-01 -2.2539e+00 +4.7776e-02 +3.0290e-01 +1.8383e+00 +2.2560e+00 -1.5401e+00 +9.9874e-01 -1.6101e+00 -1.1461e+00 +1.7280e+00 -8.5698e-01 -5.7883e-01 -2.0172e-02 -1.8705e+00 +1.5558e+00 -3.8058e-01 +6.0630e-02 +1.2499e+00
1520 0 +1.548803781e+03 +1.602623781e+03 +1.602623781e+03 +7.4445e-01 -7.2293e-01 -2.6860e+00 +1.1453e-03 +6.1559e-01 +2.1385e+00 +2.4536e+00 -5.0724e-01 +1.4111e+00 -1.8784e+00 -1.4487e+00 +1.9473e+00 -6.9754e-01 -9.2991e-01 +1.4823e-02 -2.2650e+00 +1.6088e+00 -5.1022e-01 -3.4659e-01 +1.2161e+00
2048 0 +1.513129507e+03 +1.566949507e+03 +1.566949507e+03 +2.1754e-01 -1.0240e+00 -2.9104e+00 -1.7453e-01 +1.2706e+00 +2.4261e+00 +2.3198e+00 -4.3065e-01 +1.0441e+00 -1.4770e+00 -9.3757e-01 +2.6024e+00 -3.4945e-01 -8.8425e-01 -2.4084e-01 -2.4762e+00 +7.3630e-01 -6.0611e-01 -3.8733e-01 +1.3604e+00
2585 0 +1.476468144e+03 +1.530288144e+03 +1.530288144e+03 +8.3895e-02 -8.5887e-01 -2.7406e+00 -1.1245e-01 +1.2046e+00 +2.3952e+00 +1.9446e+00 -7.3580e-01 +1.2040e+00 -1.4150e+00 -5.6433e-01 +2.1375e+00 -6.3934e-01 -7.4821e-01 -1.8305e-01 -2.3343e+00 +8.4895e-01 -3.7499e-01 -2.9785e-01 +1.0712e+00
2636 0 +1.439655854e+03 +1.493475854e+03 +1.493475854e+03 -6.2593e-02 -8.1445e-01 -2.8300e+00 -7.2767e-02 +1.2124e+00 +2.4786e+00 +1.6374e+00 -9.4782e-01 +1.5011e+00 -1.4920e+00 -2.3459e-01 +1.9644e+00 -9.4616e-01 -4.6906e-01 -1.2943e-01 -2.3760e+00 +7.9277e-01 -1.4423e-01 -2.8182e-01 +7.6541e-01
2705 0 +1.410656728e+03 +1.464476728e+03 +1.464476728e+03 -2.6454e-01 -8.9073e-01 -3.1447e+00 -3.9731e-02 +1.2327e+00 +2.5859e+00 +1.1965e+00 -9.6818e-01 +2.0586e+00 -1.7289e+00 +1.4593e-01 +1.9846e+00 -1.3381e+00 +1.4787e-01 -3.5329e-02 -2.5447e+00 +4.4816e-01 +1.8888e-01 -3.7352e-01 +2.3879e-01
3710 0 +1.379632842e+03 +1.433452842e+03 +1.433452842e+03 -3.7795e-01 -1.5612e+00 -3.2090e+00 -1.8157e-01 +1.1679e+00 +2.7190e+00 +1.3204e+00 -3.5421e-01 +2.6514e+00 -1.7607e+00 -1.3459e-01 +2.2859e+00 -1.2908e+00 +1.1568e+00 -3.6946e-01 -2.5835e+00 +1.9362e-01 -2.7056e-01 -6.3498e-01 +1.5019e-01
