% f evaluations | g evaluations | best noise-free fitness - Fopt (-4.620900000000e+02) + sum g_i+ | measured fitness | best measured fitness or single-digit g-values | x1 | x2...
1 0 +8.291370946e+01 -3.791762905e+02 -3.791762905e+02 +0.0000e+00 +0.0000e+00 +0.0000e+00
2 0 +8.289988877e+01 -3.791901112e+02 -3.791901112e+02 +2.5000e-04 +0.0000e+00 +0.0000e+00
24 0 +8.121785780e+01 -3.808721422e+02 -3.808721422e+02 +1.3611e-02 +3.1944e-03 -2.3944e-02
71 0 +7.936859667e+01 -3.827214033e+02 -3.827214033e+02 +8.4219e-02 -5.1440e-02 -4.4363e-02
85 0 +7.760178158e+01 -3.844882184e+02 -3.844882184e+02 +1.1280e-01 -4.1772e-02 -4.8431e-02
90 0 +7.507966563e+01 -3.870103344e+02 -3.870103344e+02 +1.8093e-01 -5.7283e-02 -4.1144e-02
91 0 +7.407533913e+01 -3.880146609e+02 -3.880146609e+02 +1.8677e-01 -4.4236e-02 -3.8600e-02
94 0 +7.135701486e+01 -3.907329851e+02 -3.907329851e+02 +2.8476e-01 -4.9161e-02 -3.5582e-02
95 0 +7.025531903e+01 -3.918346810e+02 -3.918346810e+02 +3.5266e-01 -4.4110e-02 -3.8489e-02
106 0 +6.898566949e+01 -3.931043305e+02 -3.931043305e+02 +4.0623e-01 +4.4279e-03 -4.3252e-02
% f evaluations | g evaluations | best noise-free fitness - Fopt (7.766000000000e+01) + sum g_i+ | measured fitness | best measured fitness or single-digit g-values | x1 | x2...
1 0 +7.513059916e+01 +1.527905992e+02 +1.527905992e+02 +0.0000e+00 +0.0000e+00 +0.0000e+00
2 0 +7.511775634e+01 +1.527777563e+02 +1.527777563e+02 +2.5000e-04 +0.0000e+00 +0.0000e+00
16 0 +7.385108793e+01 +1.515110879e+02 +1.515110879e+02 +1.5000e-03 -4.5000e-03 +3.5000e-03
20 0 +7.206039725e+01 +1.497203972e+02 +1.497203972e+02 +4.0000e-03 -1.0000e-02 +8.2500e-03
22 0 +7.033069575e+01 +1.479906958e+02 +1.479906958e+02 +6.2500e-03 -1.6500e-02 +1.2250e-02
24 0 +6.769616489e+01 +1.453561649e+02 +1.453561649e+02 +1.0500e-02 -2.4500e-02 +1.8500e-02
25 0 +6.676741685e+01 +1.444274169e+02 +1.444274169e+02 +1.0583e-02 -2.7000e-02 +2.1000e-02
26 0 +6.344174160e+01 +1.411017416e+02 +1.411017416e+02 +1.4250e-02 -3.7000e-02 +2.9000e-02
27 0 +6.218142979e+01 +1.398414298e+02 +1.398414298e+02 +1.6667e-02 -4.2000e-02 +3.1583e-02
28 0 +5.741507845e+01 +1.350750784e+02 +1.350750784e+02 +2.3000e-02 -5.8000e-02 +4.3250e-02
29 0 +5.562436567e+01 +1.332843657e+02 +1.332843657e+02 +2.5583e-02 -6.3167e-02 +4.8250e-02
30 0 +4.998163540e+01 +1.276416354e+02 +1.276416354e+02 +3.5250e-02 -8.6500e-02 +6.6250e-02
31 0 +4.833846347e+01 +1.259984635e+02 +1.259984635e+02 +3.7833e-02 -9.6500e-02 +7.3833e-02
32 0 +4.602770129e+01 +1.236877013e+02 +1.236877013e+02 +5.1500e-02 -1.3250e-01 +1.0150e-01
56 0 +4.568492479e+01 +1.233449248e+02 +1.233449248e+02 +5.5334e-02 -1.3437e-01 +1.0031e-01
64 0 +4.447969742e+01 +1.221396974e+02 +1.221396974e+02 +7.2454e-02 -1.4568e-01 +9.9987e-02
67 0 +4.316277856e+01 +1.208227786e+02 +1.208227786e+02 +8.9107e-02 -1.5360e-01 +9.5826e-02
69 0 +4.264379046e+01 +1.203037905e+02 +1.203037905e+02 +9.8132e-02 -1.6310e-01 +9.9441e-02
70 0 +4.168354821e+01 +1.193435482e+02 +1.193435482e+02 +1.1311e-01 -1.7614e-01 +1.0210e-01
72 0 +3.904816638e+01 +1.167081664e+02 +1.167081664e+02 +1.4521e-01 -1.8933e-01 +9.2481e-02
74 0 +3.607500880e+01 +1.137350088e+02 +1.137350088e+02 +1.7892e-01 -2.2011e-01 +9.9947e-02
75 0 +3.137497781e+01 +1.090349778e+02 +1.090349778e+02 +2.2382e-01 -2.5336e-01 +1.0201e-01
77 0 +2.532344562e+01 +1.029834456e+02 +1.029834456e+02 +2.8653e-01 -2.8552e-01 +8.9364e-02
78 0 +2.467575352e+01 +1.023357535e+02 +1.023357535e+02 +2.9332e-01 -2.9038e-01 +9.0157e-02
79 0 +2.196288570e+01 +9.962288570e+01 +9.962288570e+01 +3.6813e-01 -3.3803e-01 +8.5697e-02
94 0 +2.187001145e+01 +9.953001145e+01 +9.953001145e+01 +3.4596e-01 -3.2713e-01 +9.0356e-02
149 0 +2.134516449e+01 +9.900516449e+01 +9.900516449e+01 +4.1222e-01 -3.2962e-01 +8.2001e-02
% f evaluations | g evaluations | best noise-free fitness - Fopt (1.156800000000e+02) + sum g_i+ | measured fitness | best measured fitness or single-digit g-values | x1 | x2...
1 0 +3.277339865e+01 +1.484533986e+02 +1.484533986e+02 +0.0000e+00 +0.0000e+00 +0.0000e+00
2 0 +3.276274583e+01 +1.484427458e+02 +1.484427458e+02 +2.5000e-04 +0.0000e+00 +0.0000e+00
11 0 +3.225689498e+01 +1.479368950e+02 +1.479368950e+02 +6.6667e-04 +9.1667e-04 -1.6667e-03
15 0 +3.153252153e+01 +1.472125215e+02 +1.472125215e+02 +5.8333e-04 +2.5833e-03 -3.8333e-03
18 0 +3.077229901e+01 +1.464522990e+02 +1.464522990e+02 +8.8889e-04 +3.8056e-03 -6.5556e-03
19 0 +3.003006157e+01 +1.457100616e+02 +1.457100616e+02 +1.0000e-03 +5.2500e-03 -9.0000e-03
21 0 +2.838803154e+01 +1.440680315e+02 +1.440680315e+02 +2.3333e-03 +8.3333e-03 -1.4333e-02
22 0 +2.805720696e+01 +1.437372070e+02 +1.437372070e+02 +2.5833e-03 +8.5833e-03 -1.5833e-02
23 0 +2.637270374e+01 +1.420527037e+02 +1.420527037e+02 +3.5833e-03 +1.1583e-02 -2.1833e-02
24 0 +2.563565364e+01 +1.413156536e+02 +1.413156536e+02 +3.1944e-03 +1.3611e-02 -2.3944e-02
25 0 +2.320133866e+01 +1.388813387e+02 +1.388813387e+02 +4.0833e-03 +1.8833e-02 -3.2833e-02
26 0 +2.223158641e+01 +1.379115864e+02 +1.379115864e+02 +5.6667e-03 +2.0583e-02 -3.7000e-02
27 0 +1.928594998e+01 +1.349659500e+02 +1.349659500e+02 +8.0000e-03 +2.8250e-02 -5.1000e-02
28 0 +1.853093457e+01 +1.342109346e+02 +1.342109346e+02 +8.1111e-03 +3.0778e-02 -5.6111e-02
29 0 +1.674774057e+01 +1.324277406e+02 +1.324277406e+02 +1.1000e-02 +4.2000e-02 -7.7000e-02
42 0 +1.648028101e+01 +1.321602810e+02 +1.321602810e+02 +1.1253e-02 +4.5977e-02 -8.1226e-02
54 0 +1.618619277e+01 +1.318661928e+02 +1.318661928e+02 +1.0563e-02 +4.8613e-02 -8.1510e-02
58 0 +1.574958931e+01 +1.314295893e+02 +1.314295893e+02 +8.6013e-03 +5.4795e-02 -8.3722e-02
60 0 +1.525444845e+01 +1.309344484e+02 +1.309344484e+02 +6.3158e-03 +5.5122e-02 -7.6584e-02
61 0 +1.513343990e+01 +1.308134399e+02 +1.308134399e+02 +5.1247e-03 +5.7013e-02 -7.6877e-02
62 0 +1.475027424e+01 +1.304302742e+02 +1.304302742e+02 +2.4054e-03 +6.1213e-02 -7.4561e-02
65 0 +1.419174581e+01 +1.298717458e+02 +1.298717458e+02 -2.7254e-03 +7.2150e-02 -7.0586e-02
97 0 +1.412395634e+01 +1.298039563e+02 +1.298039563e+02 -5.2365e-03 +7.7100e-02 -6.7721e-02
112 0 +1.377835303e+01 +1.294583530e+02 +1.294583530e+02 +2.3650e-03 +8.2104e-02 -6.6944e-02
115 0 +1.342016234e+01 +1.291001623e+02 +1.291001623e+02 +1.0593e-02 +7.9456e-02 -6.4508e-02
117 0 +1.318126385e+01 +1.288612638e+02 +1.288612638e+02 +1.7838e-02 +8.0498e-02 -6.9646e-02
120 0 +1.251636950e+01 +1.281963695e+02 +1.281963695e+02 +3.4238e-02 +8.2875e-02 -6.6203e-02
121 0 +1.198462452e+01 +1.276646245e+02 +1.276646245e+02 +4.8818e-02 +8.1860e-02 -6.5725e-02
123 0 +1.171992057e+01 +1.273999206e+02 +1.273999206e+02 +7.1208e-02 +9.5170e-02 -6.4538e-02
125 0 +1.063524355e+01 +1.263152436e+02 +1.263152436e+02 +1.0340e-01 +9.1146e-02 -6.5695e-02
126 0 +9.882069629e+00 +1.255620696e+02 +1.255620696e+02 +1.3983e-01 +9.0860e-02 -6.5599e-02
129 0 +9.374501045e+00 +1.250545010e+02 +1.250545010e+02 +2.2046e-01 +9.3387e-02 -6.0422e-02
132 0 +9.079537514e+00 +1.247595375e+02 +1.247595375e+02 +1.9039e-01 +7.9794e-02 -6.7930e-02
% f evaluations | g evaluations | best noise-free fitness - Fopt (-3.710000000000e+00) + sum g_i+ | measured fitness | best measured fitness or single-digit g-values | x1 | x2...
1 0 +7.982158397e+01 +7.611158397e+01 +7.611158397e+01 +0.0000e+00 +0.0000e+00 +0.0000e+00
2 0 +7.981358232e+01 +7.610358232e+01 +7.610358232e+01 +2.5000e-04 +0.0000e+00 +0.0000e+00
14 0 +7.932984373e+01 +7.561984373e+01 +7.561984373e+01 +2.2500e-03 -3.1667e-03 +5.8333e-04
22 0 +7.737776857e+01 +7.366776857e+01 +7.366776857e+01 +8.2500e-03 -1.5833e-02 +2.9167e-03
25 0 +7.548058393e+01 +7.177058393e+01 +7.177058393e+01 +1.5222e-02 -2.7222e-02 +4.6944e-03
26 0 +7.374509572e+01 +7.003509572e+01 +7.003509572e+01 +2.1000e-02 -3.7667e-02 +6.5833e-03
28 0 +7.087036245e+01 +6.716036245e+01 +6.716036245e+01 +2.9583e-02 -5.5000e-02 +9.0000e-03
29 0 +6.977940553e+01 +6.606940553e+01 +6.606940553e+01 +3.4472e-02 -6.1611e-02 +9.8056e-03
30 0 +6.649816415e+01 +6.278816415e+01 +6.278816415e+01 +4.7583e-02 -8.4500e-02 +1.3250e-02
31 0 +6.540577175e+01 +6.169577175e+01 +6.169577175e+01 +5.1944e-02 -9.4611e-02 +1.5722e-02
32 0 +6.324896202e+01 +5.953896202e+01 +5.953896202e+01 +7.1167e-02 -1.3017e-01 +2.1833e-02
51 0 +6.307536322e+01 +5.936536322e+01 +5.936536322e+01 +7.4359e-02 -1.3376e-01 +2.0719e-02
67 0 +6.157258575e+01 +5.786258575e+01 +5.786258575e+01 +9.4891e-02 -1.4073e-01 -2.0746e-03
% f evaluations | g evaluations | best noise-free fitness - Fopt (1.321800000000e+02) + sum g_i+ | measured fitness | best measured fitness or single-digit g-values | x1 | x2...
1 0 +1.554324192e+02 +2.876124192e+02 +2.876124192e+02 +0.0000e+00 +0.0000e+00 +0.0000e+00
6 0 +1.554262569e+02 +2.876062569e+02 +2.876062569e+02 +2.7778e-04 -1.3889e-04 -1.6667e-04
21 0 +1.548634442e+02 +2.870434442e+02 +2.870434442e+02 +1.1944e-03 -3.6667e-03 -5.9167e-03
62 0 +1.511281773e+02 +2.833081773e+02 +2.833081773e+02 -2.4951e-02 -7.0486e-02 -1.1288e-02
94 0 +1.476753479e+02 +2.798553479e+02 +2.798553479e+02 -1.0840e-01 -8.3069e-02 -3.3299e-02
% f evaluations | g evaluations | best noise-free fitness - Fopt (1.204300000000e+02) + sum g_i+ | measured fitness | best measured fitness or single-digit g-values | x1 | x2...
1 0 +1.669430496e+02 +2.873730496e+02 +2.873730496e+02 +0.0000e+00 +0.0000e+00 +0.0000e+00
2 0 +1.669373141e+02 +2.873673141e+02 +2.873673141e+02 +2.5000e-04 +0.0000e+00 +0.0000e+00
17 0 +1.657931804e+02 +2.862231804e+02 +2.862231804e+02 -1.9444e-03 +7.5000e-04 +3.9444e-03
24 0 +1.614881474e+02 +2.819181474e+02 +2.819181474e+02 -8.5000e-03 +2.1667e-03 +1.8833e-02
27 0 +1.581395499e+02 +2.785695499e+02 +2.785695499e+02 -1.3222e-02 +3.6667e-03 +3.0806e-02
29 0 +1.541512845e+02 +2.745812845e+02 +2.745812845e+02 -2.0111e-02 +4.6389e-03 +4.7306e-02
30 0 +1.509415852e+02 +2.713715852e+02 +2.713715852e+02 -2.7667e-02 +6.0833e-03 +6.5083e-02
66 0 +1.476361444e+02 +2.680661444e+02 +2.680661444e+02 -6.2105e-02 +3.4742e-02 +9.2872e-02
76 0 +1.439181024e+02 +2.643481024e+02 +2.643481024e+02 -1.9100e-01 +1.8581e-01 +8.8105e-02
118 0 +1.405094493e+02 +2.609394493e+02 +2.609394493e+02 -3.2755e-01 +2.5237e-01 +1.0020e-01
121 0 +1.357883100e+02 +2.562183100e+02 +2.562183100e+02 -4.4009e-01 +3.0904e-01 +9.1616e-02
123 0 +1.318904946e+02 +2.523204946e+02 +2.523204946e+02 -5.0438e-01 +3.0834e-01 +1.0021e-01
130 0 +1.315230220e+02 +2.519530220e+02 +2.519530220e+02 -5.0558e-01 +3.0441e-01 +9.3161e-02
135 0 +1.280910990e+02 +2.485210990e+02 +2.485210990e+02 -5.4288e-01 +2.6485e-01 +9.3582e-02
140 0 +1.254502269e+02 +2.458802269e+02 +2.458802269e+02 -5.5987e-01 +1.5307e-01 +9.1661e-02
% f evaluations | g evaluations | best noise-free fitness - Fopt (1.122600000000e+02) + sum g_i+ | measured fitness | best measured fitness or single-digit g-values | x1 | x2...
1 0 +5.122191535e+01 +1.634819153e+02 +1.634819153e+02 +0.0000e+00 +0.0000e+00 +0.0000e+00
4 0 +5.116766276e+01 +1.634276628e+02 +1.634276628e+02 +0.0000e+00 +0.0000e+00 +2.5000e-04
18 0 +4.978475027e+01 +1.620447503e+02 +1.620447503e+02 -2.8333e-03 -3.5000e-03 +5.5000e-03
21 0 +4.896379587e+01 +1.612237959e+02 +1.612237959e+02 -3.6667e-03 -5.9167e-03 +8.6389e-03
23 0 +4.775807180e+01 +1.600180718e+02 +1.600180718e+02 -6.0556e-03 -8.9167e-03 +1.3611e-02
24 0 +4.654258310e+01 +1.588025831e+02 +1.588025831e+02 -8.5000e-03 -1.2250e-02 +1.8833e-02
26 0 +4.465952317e+01 +1.569195232e+02 +1.569195232e+02 -1.0833e-02 -1.8500e-02 +2.7500e-02
28 0 +4.197427343e+01 +1.542342734e+02 +1.542342734e+02 -1.8333e-02 -2.9000e-02 +4.2250e-02
29 0 +4.128620999e+01 +1.535462100e+02 +1.535462100e+02 -2.0111e-02 -3.1583e-02 +4.7306e-02
30 0 +3.939981645e+01 +1.516598164e+02 +1.516598164e+02 -2.7667e-02 -4.3250e-02 +6.5083e-02
32 0 +3.849850136e+01 +1.507585014e+02 +1.507585014e+02 -3.9833e-02 -6.6250e-02 +9.7167e-02
75 0 +3.798800932e+01 +1.502480093e+02 +1.502480093e+02 -3.6549e-02 -6.9500e-02 +8.3758e-02
84 0 +3.696655646e+01 +1.492265565e+02 +1.492265565e+02 -4.0844e-02 -1.0927e-01 +7.0591e-02
115 0 +3.628467229e+01 +1.485446723e+02 +1.485446723e+02 -6.3755e-02 -1.5222e-01 +8.3194e-02
123 0 +3.525036682e+01 +1.475103668e+02 +1.475103668e+02 -9.6215e-02 -1.6041e-01 +8.5446e-02
125 0 +3.420790843e+01 +1.464679084e+02 +1.464679084e+02 -1.1581e-01 -1.4341e-01 +8.7388e-02
127 0 +3.333074501e+01 +1.455907450e+02 +1.455907450e+02 -1.4587e-01 -1.8153e-01 +7.1458e-02
128 0 +3.233321456e+01 +1.445932146e+02 +1.445932146e+02 -1.5829e-01 -1.6859e-01 +8.6346e-02
129 0 +3.040926719e+01 +1.426692672e+02 +1.426692672e+02 -1.9729e-01 -1.7540e-01 +9.1261e-02
130 0 +2.937290945e+01 +1.416329094e+02 +1.416329094e+02 -2.0976e-01 -1.7314e-01 +8.1293e-02
131 0 +2.633730685e+01 +1.385973069e+02 +1.385973069e+02 -2.6654e-01 -1.7951e-01 +7.9216e-02
133 0 +2.357123272e+01 +1.358312327e+02 +1.358312327e+02 -3.5711e-01 -1.9788e-01 +9.1461e-02
136 0 +2.203389215e+01 +1.342938922e+02 +1.342938922e+02 -3.9995e-01 -1.8338e-01 +8.7744e-02
137 0 +2.183409407e+01 +1.340940941e+02 +1.340940941e+02 -4.5459e-01 -1.6797e-01 +9.4665e-02
148 0 +2.137826934e+01 +1.336382693e+02 +1.336382693e+02 -4.2638e-01 -1.4390e-01 +9.5657e-02
% f evaluations | g evaluations | best noise-free fitness - Fopt (-8.229300000000e+02) + sum g_i+ | measured fitness | best measured fitness or single-digit g-values | x1 | x2...
1 0 +6.013334677e+01 -7.627966532e+02 -7.627966532e+02 +0.0000e+00 +0.0000e+00 +0.0000e+00
3 0 +6.011600920e+01 -7.628139908e+02 -7.628139908e+02 +0.0000e+00 +2.5000e-04 +0.0000e+00
18 0 +5.857904714e+01 -7.643509529e+02 -7.643509529e+02 -7.0000e-03 +3.2500e-03 +5.0000e-03
21 0 +5.745583421e+01 -7.654741658e+02 -7.654741658e+02 -1.1833e-02 +4.5833e-03 +8.9167e-03
23 0 +5.601771957e+01 -7.669122804e+02 -7.669122804e+02 -1.7833e-02 +7.5000e-03 +1.3500e-02
24 0 +5.444907721e+01 -7.684809228e+02 -7.684809228e+02 -2.4500e-02 +1.0500e-02 +1.8500e-02
26 0 +5.142589235e+01 -7.715041077e+02 -7.715041077e+02 -3.7000e-02 +1.4250e-02 +2.9000e-02
27 0 +5.051643589e+01 -7.724135641e+02 -7.724135641e+02 -4.2000e-02 +1.6667e-02 +3.1583e-02
28 0 +4.716498766e+01 -7.757650123e+02 -7.757650123e+02 -5.8000e-02 +2.3000e-02 +4.3250e-02
29 0 +4.591514107e+01 -7.770148589e+02 -7.770148589e+02 -6.3167e-02 +2.5583e-02 +4.8250e-02
30 0 +4.202175606e+01 -7.809082439e+02 -7.809082439e+02 -8.6500e-02 +3.5250e-02 +6.6250e-02
31 0 +4.094216491e+01 -7.819878351e+02 -7.819878351e+02 -9.6500e-02 +3.7833e-02 +7.3833e-02
32 0 +3.938138117e+01 -7.835486188e+02 -7.835486188e+02 -1.3250e-01 +5.1500e-02 +1.0150e-01
55 0 +3.889750819e+01 -7.840324918e+02 -7.840324918e+02 -1.3181e-01 +5.4970e-02 +9.7879e-02
63 0 +3.787757692e+01 -7.850524231e+02 -7.850524231e+02 -1.5341e-01 +7.1917e-02 +1.0504e-01
65 0 +3.671522728e+01 -7.862147727e+02 -7.862147727e+02 -1.5038e-01 +7.8708e-02 +9.4050e-02
68 0 +3.594367210e+01 -7.869863279e+02 -7.869863279e+02 -1.9574e-01 +1.0951e-01 +1.1365e-01
69 0 +3.480711445e+01 -7.881228855e+02 -7.881228855e+02 -1.8553e-01 +1.0995e-01 +1.0203e-01
70 0 +3.353124433e+01 -7.893987557e+02 -7.893987557e+02 -2.0160e-01 +1.2897e-01 +1.0053e-01
73 0 +3.154759370e+01 -7.913824063e+02 -7.913824063e+02 -2.4037e-01 +1.7096e-01 +9.9837e-02
74 0 +3.035025002e+01 -7.925797500e+02 -7.925797500e+02 -2.6269e-01 +2.0168e-01 +9.2928e-02
77 0 +3.017724791e+01 -7.927527521e+02 -7.927527521e+02 -3.1692e-01 +2.6861e-01 +8.5402e-02
% f evaluations | g evaluations | best noise-free fitness - Fopt (-2.443800000000e+02) + sum g_i+ | measured fitness | best measured fitness or single-digit g-values | x1 | x2...
1 0 +8.462561012e+01 -1.597543899e+02 -1.597543899e+02 +0.0000e+00 +0.0000e+00 +0.0000e+00
3 0 +8.460844181e+01 -1.597715582e+02 -1.597715582e+02 +0.0000e+00 +2.5000e-04 +0.0000e+00
19 0 +8.304028818e+01 -1.613397118e+02 -1.613397118e+02 -7.3333e-03 +3.0000e-03 +5.9167e-03
22 0 +8.105551199e+01 -1.633244880e+02 -1.633244880e+02 -1.6500e-02 +6.2500e-03 +1.2250e-02
24 0 +7.884100292e+01 -1.655389971e+02 -1.655389971e+02 -2.4500e-02 +1.0500e-02 +1.8500e-02
26 0 +7.505079625e+01 -1.693292037e+02 -1.693292037e+02 -3.7000e-02 +1.4250e-02 +2.9000e-02
27 0 +7.391520161e+01 -1.704647984e+02 -1.704647984e+02 -4.2000e-02 +1.6667e-02 +3.1583e-02
28 0 +6.927995537e+01 -1.751000446e+02 -1.751000446e+02 -5.8000e-02 +2.3000e-02 +4.3250e-02
29 0 +6.741653128e+01 -1.769634687e+02 -1.769634687e+02 -6.3167e-02 +2.5583e-02 +4.8250e-02
30 0 +6.126151243e+01 -1.831184876e+02 -1.831184876e+02 -8.6500e-02 +3.5250e-02 +6.6250e-02
31 0 +5.928324308e+01 -1.850967569e+02 -1.850967569e+02 -9.6500e-02 +3.7833e-02 +7.3833e-02
32 0 +5.535610940e+01 -1.890238906e+02 -1.890238906e+02 -1.3250e-01 +5.1500e-02 +1.0150e-01
45 0 +5.494516226e+01 -1.894348377e+02 -1.894348377e+02 -1.4170e-01 +5.7425e-02 +1.0673e-01
58 0 +5.365123873e+01 -1.907287613e+02 -1.907287613e+02 -1.4991e-01 +6.9956e-02 +1.0416e-01
61 0 +5.201696850e+01 -1.923630315e+02 -1.923630315e+02 -1.6419e-01 +8.6821e-02 +1.0280e-01
63 0 +5.069785678e+01 -1.936821432e+02 -1.936821432e+02 -1.8886e-01 +1.0821e-01 +1.1159e-01
65 0 +4.934052726e+01 -1.950394727e+02 -1.950394727e+02 -1.8425e-01 +1.2250e-01 +9.1936e-02
66 0 +4.798566880e+01 -1.963943312e+02 -1.963943312e+02 -2.0747e-01 +1.3772e-01 +1.0279e-01
67 0 +4.600008987e+01 -1.983799101e+02 -1.983799101e+02 -2.3584e-01 +1.6959e-01 +1.0347e-01
68 0 +4.549201029e+01 -1.988879897e+02 -1.988879897e+02 -2.4178e-01 +1.8005e-01 +1.0186e-01
69 0 +4.370591789e+01 -2.006740821e+02 -2.006740821e+02 -2.8057e-01 +2.2666e-01 +1.0140e-01
71 0 +4.308559086e+01 -2.012944091e+02 -2.012944091e+02 -3.4553e-01 +3.0009e-01 +1.0215e-01
107 0 +4.264752122e+01 -2.017324788e+02 -2.017324788e+02 -3.2676e-01 +2.7300e-01 +9.8752e-02
115 0 +4.163964593e+01 -2.027403541e+02 -2.027403541e+02 -3.5518e-01 +2.7389e-01 +9.3697e-02
119 0 +4.044223400e+01 -2.039377660e+02 -2.039377660e+02 -3.8044e-01 +2.4847e-01 +8.8139e-02
124 0 +3.978714302e+01 -2.045928570e+02 -2.045928570e+02 -4.4101e-01 +2.6660e-01 +8.3537e-02
127 0 +3.852339019e+01 -2.058566098e+02 -2.058566098e+02 -4.8714e-01 +2.4728e-01 +8.7435e-02
134 0 +3.798360039e+01 -2.063963996e+02 -2.063963996e+02 -5.4116e-01 +2.2701e-01 +9.0046e-02
% f evaluations | g evaluations | best noise-free fitness - Fopt (-3.250900000000e+02) + sum g_i+ | measured fitness | best measured fitness or single-digit g-values | x1 | x2...
1 0 +1.174493603e+02 -2.076406397e+02 -2.076406397e+02 +0.0000e+00 +0.0000e+00 +0.0000e+00
4 0 +1.173853369e+02 -2.077046631e+02 -2.077046631e+02 +0.0000e+00 +0.0000e+00 +2.5000e-04
22 0 +1.139201039e+02 -2.111698961e+02 -2.111698961e+02 -5.0000e-03 -8.2500e-03 +1.1750e-02
24 0 +1.120806058e+02 -2.130093942e+02 -2.130093942e+02 -8.5000e-03 -1.2250e-02 +1.8833e-02
27 0 +1.092451319e+02 -2.158448681e+02 -2.158448681e+02 -1.3222e-02 -2.1000e-02 +3.0806e-02
29 0 +1.065075750e+02 -2.185824250e+02 -2.185824250e+02 -2.0111e-02 -3.1583e-02 +4.7306e-02
54 0 +1.046831435e+02 -2.204068565e+02 -2.204068565e+02 -3.0734e-02 -5.2190e-02 +7.5182e-02
76 0 +1.019635187e+02 -2.231264813e+02 -2.231264813e+02 +1.4645e-02 -1.1241e-01 +6.3370e-02
83 0 +9.809486101e+01 -2.269951390e+02 -2.269951390e+02 +8.3011e-02 -2.3717e-01 +6.6294e-02
85 0 +9.604096202e+01 -2.290490380e+02 -2.290490380e+02 +1.4830e-01 -3.1965e-01 +4.6346e-02
90 0 +9.495971343e+01 -2.301302866e+02 -2.301302866e+02 +1.3912e-01 -3.1441e-01 +5.3899e-02
158 0 +9.328393781e+01 -2.318060622e+02 -2.318060622e+02 +1.0329e-01 -3.0667e-01 +7.7064e-02
169 0 +9.112846067e+01 -2.339615393e+02 -2.339615393e+02 +1.9917e-02 -3.1223e-01 +8.0992e-02
% f evaluations | g evaluations | best noise-free fitness - Fopt (3.960400000000e+02) + sum g_i+ | measured fitness | best measured fitness or single-digit g-values | x1 | x2...
1 0 +6.482027626e+01 +4.608602763e+02 +4.608602763e+02 +0.0000e+00 +0.0000e+00 +0.0000e+00
4 0 +6.477951304e+01 +4.608195130e+02 +4.608195130e+02 +0.0000e+00 +0.0000e+00 +2.5000e-04
11 0 +6.455087749e+01 +4.605908775e+02 +4.605908775e+02 +0.0000e+00 -1.3333e-03 +9.1667e-04
20 0 +6.243654916e+01 +4.584765492e+02 +4.584765492e+02 -2.0000e-03 -1.0000e-02 +8.2500e-03
22 0 +6.120733040e+01 +4.572473304e+02 +4.572473304e+02 -1.7500e-03 -1.6500e-02 +1.2250e-02
24 0 +5.931559389e+01 +4.553555939e+02 +4.553555939e+02 -4.2500e-03 -2.4500e-02 +1.8500e-02
25 0 +5.864412252e+01 +4.546841225e+02 +4.546841225e+02 -4.3333e-03 -2.7000e-02 +2.1000e-02
26 0 +5.636983847e+01 +4.524098385e+02 +4.524098385e+02 -6.0000e-03 -3.7000e-02 +2.9000e-02
27 0 +5.563139265e+01 +4.516713927e+02 +4.516713927e+02 -6.0000e-03 -4.2000e-02 +3.1583e-02
28 0 +5.266545413e+01 +4.487054541e+02 +4.487054541e+02 -8.0000e-03 -5.8000e-02 +4.3250e-02
29 0 +5.145901357e+01 +4.474990136e+02 +4.474990136e+02 -1.0417e-02 -6.3167e-02 +4.8250e-02
30 0 +4.810188753e+01 +4.441418875e+02 +4.441418875e+02 -1.4750e-02 -8.6500e-02 +6.6250e-02
31 0 +4.718973746e+01 +4.432297375e+02 +4.432297375e+02 -1.4917e-02 -9.6500e-02 +7.3833e-02
32 0 +4.594217643e+01 +4.419821764e+02 +4.419821764e+02 -2.0250e-02 -1.3250e-01 +1.0150e-01
49 0 +4.569695150e+01 +4.417369515e+02 +4.417369515e+02 -1.9186e-02 -1.1596e-01 +9.1604e-02
58 0 +4.436042289e+01 +4.404004229e+02 +4.404004229e+02 -2.2740e-02 -1.2039e-01 +1.1080e-01
61 0 +4.332334319e+01 +4.393633432e+02 +4.393633432e+02 -2.1728e-02 -9.5965e-02 +1.0429e-01
63 0 +4.243205389e+01 +4.384720539e+02 +4.384720539e+02 -2.5064e-02 -8.7924e-02 +1.1207e-01
71 0 +4.161274549e+01 +4.376527455e+02 +4.376527455e+02 -2.9453e-02 -4.6355e-02 +1.2978e-01
% f evaluations | g evaluations | best noise-free fitness - Fopt (7.518000000000e+01) + sum g_i+ | measured fitness | best measured fitness or single-digit g-values | x1 | x2...
1 0 +9.940717318e+01 +1.745871732e+02 +1.745871732e+02 +0.0000e+00 +0.0000e+00 +0.0000e+00
2 0 +9.940037159e+01 +1.745803716e+02 +1.745803716e+02 +2.5000e-04 +0.0000e+00 +0.0000e+00
49 0 +9.766033334e+01 +1.728403333e+02 +1.728403333e+02 +3.9144e-02 +6.7865e-02 +2.1856e-03
% f evaluations | g evaluations | best noise-free fitness - Fopt (-1.882400000000e+02) + sum g_i+ | measured fitness | best measured fitness or single-digit g-values | x1 | x2...
1 0 +1.434696697e+02 -4.477033028e+01 -4.477033028e+01 +0.0000e+00 +0.0000e+00 +0.0000e+00
2 0 +1.434619310e+02 -4.477806895e+01 -4.477806895e+01 +2.5000e-04 +0.0000e+00 +0.0000e+00
22 0 +1.406312670e+02 -4.760873296e+01 -4.760873296e+01 +4.9167e-03 +8.2500e-03 -1.5833e-02
27 0 +1.380203612e+02 -5.021963880e+01 -5.021963880e+01 +1.2000e-02 +2.1917e-02 -4.0333e-02
74 0 +1.343332786e+02 -5.390672141e+01 -5.390672141e+01 -3.1917e-02 +8.3742e-02 -3.3626e-02
167 0 +1.317330585e+02 -5.650694149e+01 -5.650694149e+01 -2.2730e-01 +2.6801e-01 -1.7990e-02
187 0 +1.286177289e+02 -5.962227112e+01 -5.962227112e+01 -3.3700e-01 +3.1787e-01 -2.8077e-02
191 0 +1.256682023e+02 -6.257179767e+01 -6.257179767e+01 -3.4472e-01 +2.8674e-01 -4.4415e-02
195 0 +1.210304423e+02 -6.720955767e+01 -6.720955767e+01 -4.0960e-01 +2.5664e-01 -4.6702e-02
196 0 +1.195523921e+02 -6.868760789e+01 -6.868760789e+01 -4.4119e-01 +2.2846e-01 -5.6836e-02
201 0 +1.172347225e+02 -7.100527750e+01 -7.100527750e+01 -4.7121e-01 +1.6268e-01 -5.2824e-02
% f evaluations | g evaluations | best noise-free fitness - Fopt (1.294700000000e+02) + sum g_i+ | measured fitness | best measured fitness or single-digit g-values | x1 | x2...
1 0 +6.516127154e+01 +1.946312715e+02 +1.946312715e+02 +0.0000e+00 +0.0000e+00 +0.0000e+00
2 0 +6.515345878e+01 +1.946234588e+02 +1.946234588e+02 +2.5000e-04 +0.0000e+00 +0.0000e+00
18 0 +6.456378495e+01 +1.940337849e+02 +1.940337849e+02 +3.6667e-03 +2.0000e-03 -6.3333e-03
24 0 +6.266786075e+01 +1.921378608e+02 +1.921378608e+02 +1.3500e-02 +6.7500e-03 -2.3500e-02
26 0 +6.085799471e+01 +1.903279947e+02 +1.903279947e+02 +2.1000e-02 +1.0333e-02 -3.7667e-02
28 0 +5.835534932e+01 +1.878253493e+02 +1.878253493e+02 +2.9583e-02 +1.6667e-02 -5.5000e-02
29 0 +5.730272196e+01 +1.867727220e+02 +1.867727220e+02 +3.4472e-02 +1.7583e-02 -6.1611e-02
30 0 +5.357449734e+01 +1.830444973e+02 +1.830444973e+02 +4.7583e-02 +2.3917e-02 -8.4500e-02
31 0 +5.195094843e+01 +1.814209484e+02 +1.814209484e+02 +5.1944e-02 +2.7194e-02 -9.4611e-02
32 0 +4.636972671e+01 +1.758397267e+02 +1.758397267e+02 +7.1167e-02 +3.7417e-02 -1.3017e-01
33 0 +4.472233420e+01 +1.741923342e+02 +1.741923342e+02 +7.7889e-02 +4.1667e-02 -1.4211e-01
34 0 +4.122480465e+01 +1.706948047e+02 +1.706948047e+02 +1.0633e-01 +5.7333e-02 -1.9433e-01
70 0 +4.066805611e+01 +1.701380561e+02 +1.701380561e+02 +1.1337e-01 +5.2926e-02 -1.8871e-01
76 0 +3.944315022e+01 +1.689131502e+02 +1.689131502e+02 +1.3759e-01 +4.6321e-02 -1.9226e-01
78 0 +3.874899881e+01 +1.682189988e+02 +1.682189988e+02 +1.5460e-01 +4.4918e-02 -1.9823e-01
79 0 +3.795533941e+01 +1.674253394e+02 +1.674253394e+02 +1.7149e-01 +4.0566e-02 -1.9916e-01
81 0 +3.696978730e+01 +1.664397873e+02 +1.664397873e+02 +1.9469e-01 +3.0361e-02 -1.9838e-01
83 0 +3.574619026e+01 +1.652161903e+02 +1.652161903e+02 +2.1266e-01 +1.9616e-02 -1.8563e-01
84 0 +3.456541764e+01 +1.640354176e+02 +1.640354176e+02 +2.4830e-01 +1.4041e-02 -1.9653e-01
85 0 +3.189251144e+01 +1.613625114e+02 +1.613625114e+02 +3.0365e-01 -2.0988e-03 -1.9866e-01
86 0 +3.154282016e+01 +1.610128202e+02 +1.610128202e+02 +3.0251e-01 -8.6473e-03 -1.8929e-01
87 0 +3.018126557e+01 +1.596512656e+02 +1.596512656e+02 +3.6802e-01 -3.3254e-02 -1.8435e-01
133 0 +2.943069987e+01 +1.589006999e+02 +1.589006999e+02 +3.7988e-01 +2.2708e-03 -1.8158e-01
137 0 +2.807481042e+01 +1.575448104e+02 +1.575448104e+02 +3.7242e-01 +5.0112e-02 -1.7859e-01
139 0 +2.637130084e+01 +1.558413008e+02 +1.558413008e+02 +3.6764e-01 +9.3599e-02 -1.9542e-01
140 0 +2.549219967e+01 +1.549621997e+02 +1.549621997e+02 +3.7179e-01 +1.0121e-01 -1.9006e-01
141 0 +2.150484121e+01 +1.509748412e+02 +1.509748412e+02 +3.6775e-01 +1.5067e-01 -1.9430e-01
142 0 +1.847613994e+01 +1.479461399e+02 +1.479461399e+02 +3.5108e-01 +1.8475e-01 -1.9543e-01
143 0 +1.491183154e+01 +1.443818315e+02 +1.443818315e+02 +3.3290e-01 +2.7138e-01 -2.0143e-01
161 0 +1.466689363e+01 +1.441368936e+02 +1.441368936e+02 +3.3796e-01 +2.4120e-01 -1.9739e-01
166 0 +1.430626831e+01 +1.437762683e+02 +1.437762683e+02 +3.3051e-01 +2.4622e-01 -1.9137e-01
190 0 +1.412358512e+01 +1.435935851e+02 +1.435935851e+02 +3.2223e-01 +2.5536e-01 -1.8513e-01
232 0 +1.380108588e+01 +1.432710859e+02 +1.432710859e+02 +3.3609e-01 +2.5328e-01 -1.8353e-01
238 0 +1.345253250e+01 +1.429225325e+02 +1.429225325e+02 +3.5332e-01 +2.5927e-01 -1.7615e-01
245 0 +1.310232232e+01 +1.425723223e+02 +1.425723223e+02 +3.7989e-01 +2.5899e-01 -1.6945e-01
% f evaluations | g evaluations | best noise-free fitness - Fopt (1.683100000000e+02) + sum g_i+ | measured fitness | best measured fitness or single-digit g-values | x1 | x2...
1 0 +2.594538919e+01 +1.942553892e+02 +1.942553892e+02 +0.0000e+00 +0.0000e+00 +0.0000e+00
2 0 +2.593360692e+01 +1.942436069e+02 +1.942436069e+02 +2.5000e-04 +0.0000e+00 +0.0000e+00
14 0 +2.565708575e+01 +1.939670857e+02 +1.939670857e+02 +1.2500e-03 -2.5000e-03 +2.2500e-03
22 0 +2.510026434e+01 +1.934102643e+02 +1.934102643e+02 +6.2500e-03 -1.6500e-02 +1.2250e-02
42 0 +2.444241316e+01 +1.927524132e+02 +1.927524132e+02 +1.7722e-02 -1.2574e-02 +1.9093e-02
46 0 +2.367336552e+01 +1.919833655e+02 +1.919833655e+02 +3.4278e-02 -8.4259e-03 +2.5574e-02
50 0 +2.320727435e+01 +1.915172743e+02 +1.915172743e+02 +4.9734e-02 +3.1289e-03 +3.0073e-02
52 0 +2.283207729e+01 +1.911420773e+02 +1.911420773e+02 +6.1131e-02 +5.4595e-04 +3.6379e-02
57 0 +2.231661896e+01 +1.906266190e+02 +1.906266190e+02 +1.0578e-01 +1.0075e-02 +5.5687e-02
60 0 +2.154797953e+01 +1.898579795e+02 +1.898579795e+02 +9.8988e-02 +1.2763e-02 +4.5430e-02
62 0 +2.106038059e+01 +1.893703806e+02 +1.893703806e+02 +1.5063e-01 +1.6679e-02 +6.8217e-02
64 0 +2.039216518e+01 +1.887021652e+02 +1.887021652e+02 +1.1733e-01 +7.2943e-03 +5.1412e-02
65 0 +1.969371260e+01 +1.880037126e+02 +1.880037126e+02 +1.1294e-01 +4.8962e-03 +4.4989e-02
67 0 +1.883828099e+01 +1.871482810e+02 +1.871482810e+02 +1.6087e-01 +1.7126e-02 +6.0640e-02
68 0 +1.792647455e+01 +1.862364746e+02 +1.862364746e+02 +1.9180e-01 +1.9307e-02 +6.8245e-02
69 0 +1.738563777e+01 +1.856956378e+02 +1.856956378e+02 +1.3667e-01 +1.4962e-02 +3.7873e-02
70 0 +1.673006048e+01 +1.850400605e+02 +1.850400605e+02 +1.2969e-01 +1.4103e-02 +2.2701e-02
71 0 +1.501292500e+01 +1.833229250e+02 +1.833229250e+02 +1.6342e-01 +2.2791e-03 +4.4724e-02
72 0 +1.314775890e+01 +1.814577589e+02 +1.814577589e+02 +1.8203e-01 -8.2104e-03 +4.4135e-02
73 0 +1.132416333e+01 +1.796341633e+02 +1.796341633e+02 +2.2274e-01 +1.1903e-02 +4.5066e-02
74 0 +9.595945029e+00 +1.779059450e+02 +1.779059450e+02 +2.7764e-01 +1.5407e-02 +4.5105e-02
76 0 +7.856604553e+00 +1.761666046e+02 +1.761666046e+02 +3.1082e-01 -1.2710e-02 +4.1047e-02
78 0 +7.329864300e+00 +1.756398643e+02 +1.756398643e+02 +3.4434e-01 +6.6034e-03 +1.7554e-02
81 0 +6.878251225e+00 +1.751882512e+02 +1.751882512e+02 +2.5602e-01 -1.0037e-03 +2.0475e-02
85 0 +6.542066387e+00 +1.748520664e+02 +1.748520664e+02 +3.1044e-01 -8.7796e-03 +2.8130e-02
87 0 +6.347832123e+00 +1.746578321e+02 +1.746578321e+02 +3.2155e-01 -1.6867e-03 +1.8146e-02
89 0 +6.088747545e+00 +1.743987475e+02 +1.743987475e+02 +2.8831e-01 -5.6041e-03 +1.9219e-02
95 0 +6.023173951e+00 +1.743331740e+02 +1.743331740e+02 +3.0333e-01 -7.6181e-03 +1.0434e-02
