% f evaluations | g evaluations | best noise-free fitness - Fopt (-4.620900000000e+02) + sum g_i+ | measured fitness | best measured fitness or single-digit g-values | x1 | x2...
1 0 +1.181909657e+02 -3.438990343e+02 -3.438990343e+02 +0.0000e+00 +0.0000e+00 +0.0000e+00 +0.0000e+00 +0.0000e+00
2 0 +1.181771450e+02 -3.439128550e+02 -3.439128550e+02 +2.5000e-04 +0.0000e+00 +0.0000e+00 +0.0000e+00 +0.0000e+00
26 0 +1.173059166e+02 -3.447840834e+02 -3.447840834e+02 +2.8058e-03 +9.7990e-06 -3.8845e-03 -1.7137e-03 +3.1776e-03
37 0 +1.146007613e+02 -3.474892387e+02 -3.474892387e+02 +1.1361e-02 -1.1560e-03 -1.7919e-02 -5.9724e-03 +1.4258e-02
42 0 +1.114814505e+02 -3.506085495e+02 -3.506085495e+02 +2.3114e-02 -2.6835e-03 -3.5216e-02 -1.2953e-02 +2.9345e-02
45 0 +1.091516360e+02 -3.529383640e+02 -3.529383640e+02 +3.4905e-02 -2.1866e-03 -5.5852e-02 -1.8650e-02 +4.3237e-02
50 0 +1.063300673e+02 -3.557599327e+02 -3.557599327e+02 +6.5348e-02 -6.6247e-03 -1.0036e-01 -3.5399e-02 +8.1189e-02
90 0 +1.042946545e+02 -3.577953455e+02 -3.577953455e+02 +7.6035e-02 +7.3200e-04 -1.0528e-01 -4.7474e-02 +8.2197e-02
96 0 +1.021095771e+02 -3.599804229e+02 -3.599804229e+02 +9.2296e-02 +5.5739e-03 -1.1781e-01 -6.2783e-02 +9.0542e-02
100 0 +9.976432895e+01 -3.623256711e+02 -3.623256711e+02 +9.3750e-02 +1.0719e-02 -1.0460e-01 -7.0234e-02 +7.9477e-02
101 0 +9.744763780e+01 -3.646423622e+02 -3.646423622e+02 +1.0261e-01 +1.5713e-02 -1.0426e-01 -8.1615e-02 +7.8117e-02
104 0 +9.430490671e+01 -3.677850933e+02 -3.677850933e+02 +1.4352e-01 +3.2621e-02 -1.4719e-01 -1.1664e-01 +1.0305e-01
106 0 +9.109604625e+01 -3.709939538e+02 -3.709939538e+02 +1.4279e-01 +3.9345e-02 -1.2595e-01 -1.2436e-01 +8.5296e-02
116 0 +8.879617376e+01 -3.732938262e+02 -3.732938262e+02 +1.7446e-01 +5.9576e-02 -1.3106e-01 -1.6347e-01 +8.2294e-02
175 0 +8.707595385e+01 -3.750140462e+02 -3.750140462e+02 +1.6444e-01 +4.7927e-02 -8.9179e-02 -1.6306e-01 +6.7482e-02
261 0 +8.503371594e+01 -3.770562841e+02 -3.770562841e+02 +2.2634e-01 -3.1550e-02 -8.8562e-02 -1.6740e-01 +5.2117e-02
399 0 +8.301032628e+01 -3.790796737e+02 -3.790796737e+02 +3.3929e-01 -1.8070e-02 -1.0175e-01 -1.6887e-01 +4.2871e-02
% f evaluations | g evaluations | best noise-free fitness - Fopt (7.766000000000e+01) + sum g_i+ | measured fitness | best measured fitness or single-digit g-values | x1 | x2...
1 0 +1.918840342e+02 +2.695440342e+02 +2.695440342e+02 +0.0000e+00 +0.0000e+00 +0.0000e+00 +0.0000e+00 +0.0000e+00
2 0 +1.918711914e+02 +2.695311914e+02 +2.695311914e+02 +2.5000e-04 +0.0000e+00 +0.0000e+00 +0.0000e+00 +0.0000e+00
29 0 +1.905161629e+02 +2.681761629e+02 +2.681761629e+02 +3.5573e-03 -2.2585e-04 +3.7121e-03 -8.5999e-03 +1.9886e-03
42 0 +1.849776704e+02 +2.626376704e+02 +2.626376704e+02 +2.0747e-02 -2.9520e-04 +2.1047e-02 -5.0280e-02 +1.2580e-02
73 0 +1.818245365e+02 +2.594845365e+02 +2.594845365e+02 +4.2076e-02 -1.0944e-03 +4.7493e-02 -9.9573e-02 +2.4203e-02
85 0 +1.774530263e+02 +2.551130263e+02 +2.551130263e+02 +5.6946e-02 -5.6336e-03 +8.5889e-02 -1.2007e-01 +2.5119e-02
91 0 +1.737668326e+02 +2.514268326e+02 +2.514268326e+02 +6.8886e-02 -9.0562e-03 +1.1964e-01 -1.3513e-01 +2.5599e-02
95 0 +1.681236721e+02 +2.457836721e+02 +2.457836721e+02 +7.0870e-02 -1.3749e-02 +1.4821e-01 -1.2072e-01 +1.6244e-02
98 0 +1.641623147e+02 +2.418223147e+02 +2.418223147e+02 +7.1546e-02 -1.7986e-02 +1.7340e-01 -1.0325e-01 +1.0040e-02
106 0 +1.621570052e+02 +2.398170052e+02 +2.398170052e+02 +6.9370e-02 -2.4734e-02 +2.0857e-01 -6.9585e-02 -5.0700e-03
182 0 +1.572318175e+02 +2.348918175e+02 +2.348918175e+02 +6.5360e-02 -4.3693e-02 +2.2403e-01 -2.8173e-02 -7.7632e-02
186 0 +1.546759343e+02 +2.323359343e+02 +2.323359343e+02 +7.2116e-02 -5.1573e-02 +2.3602e-01 -3.4120e-02 -1.0113e-01
200 0 +1.512964670e+02 +2.289564670e+02 +2.289564670e+02 +9.0775e-02 -6.0540e-02 +2.3426e-01 -8.8038e-02 -1.2760e-01
364 0 +1.477887601e+02 +2.254487601e+02 +2.254487601e+02 +1.0815e-01 -7.2910e-02 +2.0796e-01 -8.0846e-02 -1.3908e-01
379 0 +1.442167964e+02 +2.218767964e+02 +2.218767964e+02 +1.9185e-01 -1.1379e-01 +2.1609e-01 -7.9517e-02 -1.3242e-01
388 0 +1.407706348e+02 +2.184306348e+02 +2.184306348e+02 +3.5429e-01 -1.9586e-01 +2.3333e-01 -6.3893e-02 -1.2458e-01
452 0 +1.379998024e+02 +2.156598024e+02 +2.156598024e+02 +3.7389e-01 -2.0892e-01 +1.8581e-01 -6.6977e-02 -1.3780e-01
% f evaluations | g evaluations | best noise-free fitness - Fopt (1.156800000000e+02) + sum g_i+ | measured fitness | best measured fitness or single-digit g-values | x1 | x2...
1 0 +2.457187506e+02 +3.613987506e+02 +3.613987506e+02 +0.0000e+00 +0.0000e+00 +0.0000e+00 +0.0000e+00 +0.0000e+00
2 0 +2.457080978e+02 +3.613880978e+02 +3.613880978e+02 +2.5000e-04 +0.0000e+00 +0.0000e+00 +0.0000e+00 +0.0000e+00
12 0 +2.454355534e+02 +3.611155534e+02 +3.611155534e+02 +1.1040e-04 -5.8800e-04 -1.7960e-04 +4.7040e-04 +4.7040e-04
34 0 +2.396391614e+02 +3.553191614e+02 +3.553191614e+02 +4.3014e-03 -1.7596e-02 -1.6186e-03 +7.7153e-03 +7.6023e-03
40 0 +2.333001354e+02 +3.489801354e+02 +3.489801354e+02 +9.8540e-03 -3.7606e-02 -2.0931e-03 +1.5504e-02 +1.4670e-02
42 0 +2.289835482e+02 +3.446635482e+02 +3.446635482e+02 +1.2580e-02 -5.0280e-02 -3.5484e-03 +2.0747e-02 +2.1047e-02
45 0 +2.218882622e+02 +3.375682622e+02 +3.375682622e+02 +1.9447e-02 -7.7180e-02 -2.8166e-03 +3.1044e-02 +2.9716e-02
48 0 +2.129035590e+02 +3.285835590e+02 +3.285835590e+02 +2.9631e-02 -1.1440e-01 -7.5708e-03 +4.7078e-02 +4.6094e-02
51 0 +2.059882120e+02 +3.216682120e+02 +3.216682120e+02 +4.0474e-02 -1.5755e-01 -8.6551e-03 +6.3398e-02 +6.3236e-02
53 0 +2.007977527e+02 +3.164777527e+02 +3.164777527e+02 +5.5138e-02 -2.1466e-01 -9.8227e-03 +8.6632e-02 +8.3912e-02
55 0 +1.992493098e+02 +3.149293098e+02 +3.149293098e+02 +6.1555e-02 -2.3886e-01 -1.4171e-02 +9.7103e-02 +9.5977e-02
340 0 +1.945328045e+02 +3.102128045e+02 +3.102128045e+02 -6.5233e-02 -1.7786e-01 +1.3401e-01 +1.2269e-01 +8.5336e-02
402 0 +1.898976802e+02 +3.055776802e+02 +3.055776802e+02 +1.9513e-03 -3.2302e-01 +1.4716e-01 +1.3920e-01 +1.0144e-01
429 0 +1.860102949e+02 +3.016902949e+02 +3.016902949e+02 +2.1306e-02 -3.8149e-01 +1.9468e-01 +1.1572e-01 +9.5751e-02
555 0 +1.819496682e+02 +2.976296682e+02 +2.976296682e+02 -2.6247e-02 -3.4927e-01 +2.2992e-01 +8.1136e-02 +1.1689e-01
% f evaluations | g evaluations | best noise-free fitness - Fopt (-3.710000000000e+00) + sum g_i+ | measured fitness | best measured fitness or single-digit g-values | x1 | x2...
1 0 +2.580895641e+02 +2.543795641e+02 +2.543795641e+02 +0.0000e+00 +0.0000e+00 +0.0000e+00 +0.0000e+00 +0.0000e+00
2 0 +2.580815624e+02 +2.543715624e+02 +2.543715624e+02 +2.5000e-04 +0.0000e+00 +0.0000e+00 +0.0000e+00 +0.0000e+00
25 0 +2.566791209e+02 +2.529691209e+02 +2.529691209e+02 +1.6436e-03 +4.5389e-04 +1.6387e-03 +3.1135e-03 -4.7577e-03
39 0 +2.503360265e+02 +2.466260265e+02 +2.466260265e+02 +8.2329e-03 +2.5826e-03 +7.3990e-03 +1.9916e-02 -2.8517e-02
44 0 +2.454261682e+02 +2.417161682e+02 +2.417161682e+02 +1.6251e-02 +4.6540e-03 +1.4923e-02 +4.0720e-02 -5.8689e-02
95 0 +2.394330424e+02 +2.357230424e+02 +2.357230424e+02 +2.6430e-02 -3.8669e-03 +4.4899e-02 +5.8073e-02 -7.0194e-02
103 0 +2.323934922e+02 +2.286834922e+02 +2.286834922e+02 +3.3203e-02 -1.8365e-02 +8.3222e-02 +6.0292e-02 -5.3729e-02
106 0 +2.276081002e+02 +2.238981002e+02 +2.238981002e+02 +4.0199e-02 -2.8180e-02 +1.1379e-01 +6.4319e-02 -4.5764e-02
110 0 +2.210645344e+02 +2.173545344e+02 +2.173545344e+02 +4.9978e-02 -5.1594e-02 +1.7057e-01 +6.9398e-02 -2.3185e-02
113 0 +2.160166590e+02 +2.123066590e+02 +2.123066590e+02 +6.0648e-02 -5.2484e-02 +1.8954e-01 +9.0642e-02 -4.8099e-02
118 0 +2.128208103e+02 +2.091108103e+02 +2.091108103e+02 +8.4769e-02 -9.2968e-02 +3.0134e-01 +1.1183e-01 -2.4454e-02
201 0 +2.086290501e+02 +2.049190501e+02 +2.049190501e+02 +7.4573e-02 -1.0879e-01 +2.7437e-01 +1.2992e-01 -4.7828e-02
% f evaluations | g evaluations | best noise-free fitness - Fopt (1.321800000000e+02) + sum g_i+ | measured fitness | best measured fitness or single-digit g-values | x1 | x2...
1 0 +1.867275087e+02 +3.189075087e+02 +3.189075087e+02 +0.0000e+00 +0.0000e+00 +0.0000e+00 +0.0000e+00 +0.0000e+00
3 0 +1.867090296e+02 +3.188890296e+02 +3.188890296e+02 +0.0000e+00 +2.5000e-04 +0.0000e+00 +0.0000e+00 +0.0000e+00
21 0 +1.861882581e+02 +3.183682581e+02 +3.183682581e+02 -1.2338e-04 +9.7652e-04 +1.4383e-03 +7.6095e-04 -2.5791e-03
36 0 +1.816007793e+02 +3.137807793e+02 +3.137807793e+02 -3.0068e-03 +8.0144e-03 +1.1763e-02 +7.4433e-03 -2.1825e-02
42 0 +1.759999198e+02 +3.081799198e+02 +3.081799198e+02 -6.3759e-03 +1.6748e-02 +2.2746e-02 +1.5137e-02 -4.2539e-02
44 0 +1.719903126e+02 +3.041703126e+02 +3.041703126e+02 -8.0350e-03 +2.2064e-02 +3.0328e-02 +2.0118e-02 -5.8874e-02
47 0 +1.656670520e+02 +2.978470520e+02 +2.978470520e+02 -1.2805e-02 +3.3017e-02 +4.3203e-02 +3.0512e-02 -8.3897e-02
50 0 +1.601480638e+02 +2.923280638e+02 +2.923280638e+02 -1.8843e-02 +4.9881e-02 +6.8516e-02 +4.5960e-02 -1.3069e-01
102 0 +1.581215559e+02 +2.903015559e+02 +2.903015559e+02 -2.4548e-02 +5.6460e-02 +7.3408e-02 +5.6760e-02 -1.3973e-01
111 0 +1.547721901e+02 +2.869521901e+02 +2.869521901e+02 -3.2003e-02 +6.0410e-02 +7.1163e-02 +6.9148e-02 -1.3424e-01
118 0 +1.509151672e+02 +2.830951672e+02 +2.830951672e+02 -4.6837e-02 +7.0758e-02 +7.2874e-02 +9.4780e-02 -1.3414e-01
283 0 +1.477970391e+02 +2.799770391e+02 +2.799770391e+02 -8.6551e-02 +1.0005e-01 +1.0593e-01 +1.0286e-01 -1.1116e-01
% f evaluations | g evaluations | best noise-free fitness - Fopt (1.204300000000e+02) + sum g_i+ | measured fitness | best measured fitness or single-digit g-values | x1 | x2...
1 0 +1.583176499e+02 +2.787476499e+02 +2.787476499e+02 +0.0000e+00 +0.0000e+00 +0.0000e+00 +0.0000e+00 +0.0000e+00
2 0 +1.583119144e+02 +2.787419144e+02 +2.787419144e+02 +2.5000e-04 +0.0000e+00 +0.0000e+00 +0.0000e+00 +0.0000e+00
32 0 +1.548801498e+02 +2.753101498e+02 +2.753101498e+02 -2.1298e-03 +1.0092e-03 -9.3144e-03 +7.1032e-03 +5.1952e-03
38 0 +1.500782136e+02 +2.705082136e+02 +2.705082136e+02 -4.5972e-03 +1.9519e-03 -2.3668e-02 +1.8389e-02 +1.1863e-02
41 0 +1.463164689e+02 +2.667464689e+02 +2.667464689e+02 -7.9857e-03 +2.4584e-03 -3.4705e-02 +2.7084e-02 +1.9609e-02
44 0 +1.420066578e+02 +2.624366578e+02 +2.624366578e+02 -1.0211e-02 +3.0049e-03 -5.3304e-02 +4.1081e-02 +2.7770e-02
47 0 +1.389583453e+02 +2.593883453e+02 +2.593883453e+02 -1.4573e-02 +4.4618e-03 -7.1918e-02 +5.6541e-02 +3.8383e-02
50 0 +1.380366462e+02 +2.584666462e+02 +2.584666462e+02 -1.8940e-02 +5.3926e-03 -9.0110e-02 +7.0485e-02 +4.8675e-02
199 0 +1.344673657e+02 +2.548973657e+02 +2.548973657e+02 +6.8721e-02 +9.2822e-03 -9.7834e-02 +5.3968e-02 +4.7974e-02
216 0 +1.315156238e+02 +2.519456238e+02 +2.519456238e+02 +2.4323e-01 +1.2756e-02 -9.9222e-02 +4.8121e-02 +2.5733e-03
225 0 +1.284636790e+02 +2.488936790e+02 +2.488936790e+02 +2.4946e-01 +1.4478e-02 -1.1029e-01 +5.0646e-02 +1.6367e-02
230 0 +1.250281175e+02 +2.454581175e+02 +2.454581175e+02 +3.2339e-01 +1.8612e-02 -1.3392e-01 +6.5187e-02 +1.8151e-02
236 0 +1.226622989e+02 +2.430922989e+02 +2.430922989e+02 +3.6039e-01 +2.2106e-02 -1.5203e-01 +6.8215e-02 +3.4021e-02
259 0 +1.199434417e+02 +2.403734417e+02 +2.403734417e+02 +3.7783e-01 +2.4927e-02 -1.5675e-01 +5.3682e-02 +5.5432e-02
339 0 +1.173472263e+02 +2.377772263e+02 +2.377772263e+02 +4.1515e-01 +3.1735e-02 -1.4038e-01 +5.3388e-02 +6.7746e-02
% f evaluations | g evaluations | best noise-free fitness - Fopt (1.122600000000e+02) + sum g_i+ | measured fitness | best measured fitness or single-digit g-values | x1 | x2...
1 0 +2.426752567e+02 +3.549352567e+02 +3.549352567e+02 +0.0000e+00 +0.0000e+00 +0.0000e+00 +0.0000e+00 +0.0000e+00
4 0 +2.426451677e+02 +3.549051677e+02 +3.549051677e+02 +0.0000e+00 +0.0000e+00 +2.5000e-04 +0.0000e+00 +0.0000e+00
32 0 +2.397685703e+02 +3.520285703e+02 +3.520285703e+02 -1.6238e-03 -4.2566e-03 +6.9812e-03 -1.0722e-02 +8.1732e-03
42 0 +2.344084340e+02 +3.466684340e+02 +3.466684340e+02 -2.5259e-03 -1.2613e-02 +2.1319e-02 -3.4160e-02 +2.5870e-02
46 0 +2.288345047e+02 +3.410945047e+02 +3.410945047e+02 -7.1963e-03 -2.4958e-02 +4.3735e-02 -7.0042e-02 +5.2067e-02
98 0 +2.238368211e+02 +3.360968211e+02 +3.360968211e+02 +3.5260e-04 -5.5536e-02 +9.1874e-02 -1.5246e-01 +8.8661e-02
108 0 +2.175687382e+02 +3.298287382e+02 +3.298287382e+02 +3.2177e-02 -8.5605e-02 +1.3245e-01 -2.2630e-01 +7.8759e-02
112 0 +2.135673975e+02 +3.258273975e+02 +3.258273975e+02 +4.6782e-02 -1.0718e-01 +1.6319e-01 -2.7957e-01 +8.4235e-02
113 0 +2.062607748e+02 +3.185207748e+02 +3.185207748e+02 +6.5591e-02 -1.3158e-01 +1.9777e-01 -3.4079e-01 +8.6851e-02
116 0 +1.953573298e+02 +3.076173298e+02 +3.076173298e+02 +1.0458e-01 -1.5603e-01 +2.2619e-01 -3.9539e-01 +5.6803e-02
118 0 +1.937947401e+02 +3.060547401e+02 +3.060547401e+02 +1.1825e-01 -1.7560e-01 +2.5403e-01 -4.4249e-01 +6.1511e-02
252 0 +1.901525617e+02 +3.024125617e+02 +3.024125617e+02 +1.6382e-01 -2.0628e-01 +2.7356e-01 -4.3927e-01 +4.2877e-02
262 0 +1.851939160e+02 +2.974539160e+02 +2.974539160e+02 +2.3716e-01 -2.7365e-01 +3.2688e-01 -4.4491e-01 +5.0168e-02
276 0 +1.815025617e+02 +2.937625617e+02 +2.937625617e+02 +3.0170e-01 -3.2894e-01 +3.6500e-01 -4.3066e-01 +5.2056e-02
476 0 +1.776882460e+02 +2.899482460e+02 +2.899482460e+02 +4.2486e-01 -2.7259e-01 +3.7187e-01 -4.1808e-01 +3.9811e-02
714 0 +1.730392764e+02 +2.852992764e+02 +2.852992764e+02 +4.9707e-01 -3.1171e-01 +3.4552e-01 -4.4481e-01 +4.9111e-02
723 0 +1.688881540e+02 +2.811481540e+02 +2.811481540e+02 +4.6174e-01 -3.0226e-01 +2.9069e-01 -4.4487e-01 +5.1595e-02
727 0 +1.647444301e+02 +2.770044301e+02 +2.770044301e+02 +5.2649e-01 -3.2986e-01 +2.2176e-01 -4.3630e-01 +6.0882e-02
% f evaluations | g evaluations | best noise-free fitness - Fopt (-8.229300000000e+02) + sum g_i+ | measured fitness | best measured fitness or single-digit g-values | x1 | x2...
1 0 +1.730175266e+02 -6.499124734e+02 -6.499124734e+02 +0.0000e+00 +0.0000e+00 +0.0000e+00 +0.0000e+00 +0.0000e+00
3 0 +1.730168734e+02 -6.499131266e+02 -6.499131266e+02 +0.0000e+00 +2.5000e-04 +0.0000e+00 +0.0000e+00 +0.0000e+00
33 0 +1.696447129e+02 -6.532852871e+02 -6.532852871e+02 -6.4136e-04 +2.2554e-03 -1.3159e-02 +6.6328e-03 +8.8035e-03
38 0 +1.658200165e+02 -6.571099835e+02 -6.571099835e+02 -1.6491e-03 +4.5819e-03 -2.7446e-02 +1.2736e-02 +1.8656e-02
41 0 +1.619328711e+02 -6.609971289e+02 -6.609971289e+02 -2.6116e-03 +5.7205e-03 -3.9703e-02 +2.0593e-02 +2.7656e-02
44 0 +1.573176511e+02 -6.656123489e+02 -6.656123489e+02 -3.7296e-03 +7.9596e-03 -5.4844e-02 +2.7112e-02 +3.9059e-02
46 0 +1.514093170e+02 -6.715206830e+02 -6.715206830e+02 -4.1348e-03 +1.1706e-02 -7.6108e-02 +3.6291e-02 +5.2420e-02
48 0 +1.486663185e+02 -6.742636815e+02 -6.742636815e+02 -5.4204e-03 +1.1790e-02 -8.3321e-02 +4.1894e-02 +5.8710e-02
49 0 +1.404458706e+02 -6.824841294e+02 -6.824841294e+02 -7.3060e-03 +1.5394e-02 -1.1126e-01 +5.6474e-02 +7.8737e-02
51 0 +1.369008574e+02 -6.860291426e+02 -6.860291426e+02 -7.7971e-03 +1.8834e-02 -1.2625e-01 +6.1501e-02 +8.8656e-02
52 0 +1.279308996e+02 -6.949991004e+02 -6.949991004e+02 -1.0390e-02 +2.5391e-02 -1.6952e-01 +8.1955e-02 +1.1916e-01
55 0 +1.232827140e+02 -6.996472860e+02 -6.996472860e+02 -1.3367e-02 +3.3743e-02 -2.3191e-01 +1.1364e-01 +1.6276e-01
103 0 +1.230266576e+02 -6.999033424e+02 -6.999033424e+02 -1.6285e-02 +3.1587e-02 -2.1811e-01 +1.1172e-01 +1.5594e-01
401 0 +1.202215316e+02 -7.027084684e+02 -7.027084684e+02 -8.2832e-02 +4.9469e-02 -1.7241e-01 +1.1871e-01 +1.6680e-01
424 0 +1.174239268e+02 -7.055060732e+02 -7.055060732e+02 -1.1045e-01 +1.5437e-01 -2.2252e-01 +8.4311e-02 +1.5164e-01
431 0 +1.146339202e+02 -7.082960798e+02 -7.082960798e+02 -1.7197e-01 +2.3218e-01 -2.2578e-01 +6.1273e-02 +1.5211e-01
435 0 +1.115332795e+02 -7.113967205e+02 -7.113967205e+02 -2.2780e-01 +2.8663e-01 -2.2331e-01 +5.9217e-02 +1.5922e-01
444 0 +1.082599360e+02 -7.146700640e+02 -7.146700640e+02 -3.1924e-01 +4.0859e-01 -2.3327e-01 +4.5597e-02 +1.5604e-01
453 0 +1.071322083e+02 -7.157977917e+02 -7.157977917e+02 -3.3858e-01 +4.4023e-01 -2.4645e-01 +5.1762e-02 +1.5858e-01
463 0 +1.044709484e+02 -7.184590516e+02 -7.184590516e+02 -3.6119e-01 +4.7509e-01 -2.4635e-01 +7.8475e-02 +1.4742e-01
% f evaluations | g evaluations | best noise-free fitness - Fopt (-2.443800000000e+02) + sum g_i+ | measured fitness | best measured fitness or single-digit g-values | x1 | x2...
1 0 +1.034184944e+02 -1.409615056e+02 -1.409615056e+02 +0.0000e+00 +0.0000e+00 +0.0000e+00 +0.0000e+00 +0.0000e+00
3 0 +1.034148119e+02 -1.409651881e+02 -1.409651881e+02 +0.0000e+00 +2.5000e-04 +0.0000e+00 +0.0000e+00 +0.0000e+00
32 0 +1.021702648e+02 -1.422097352e+02 -1.422097352e+02 +3.1133e-04 -5.1542e-04 -1.2603e-02 +5.2948e-03 +5.2112e-03
78 0 +9.993633245e+01 -1.444436676e+02 -1.444436676e+02 -1.3261e-02 -6.8749e-03 -3.2646e-02 +2.5469e-02 +1.5099e-02
86 0 +9.756315947e+01 -1.468168405e+02 -1.468168405e+02 -3.7432e-02 -1.4764e-02 -2.8762e-02 +4.3636e-02 +1.5130e-02
91 0 +9.537001646e+01 -1.490099835e+02 -1.490099835e+02 -6.4641e-02 -1.9467e-02 -1.5073e-02 +5.7710e-02 +1.0896e-02
94 0 +9.235762256e+01 -1.520223774e+02 -1.520223774e+02 -9.0666e-02 -2.7608e-02 -1.2932e-02 +7.7754e-02 +1.1392e-02
95 0 +8.911190966e+01 -1.552680903e+02 -1.552680903e+02 -1.1843e-01 -3.5570e-02 -9.6610e-03 +9.8498e-02 +1.1669e-02
98 0 +8.494939044e+01 -1.594306096e+02 -1.594306096e+02 -1.7334e-01 -4.7642e-02 +1.3412e-02 +1.3010e-01 +6.5473e-03
100 0 +8.302077390e+01 -1.613592261e+02 -1.613592261e+02 -1.8960e-01 -5.1508e-02 +1.4307e-02 +1.4268e-01 +6.6142e-03
101 0 +7.841889272e+01 -1.659611073e+02 -1.659611073e+02 -2.4487e-01 -6.4704e-02 +2.5549e-02 +1.8056e-01 +5.4257e-03
103 0 +7.649135087e+01 -1.678886491e+02 -1.678886491e+02 -2.6098e-01 -7.3261e-02 +2.4417e-02 +1.9621e-01 +7.8701e-03
104 0 +7.426814027e+01 -1.701118597e+02 -1.701118597e+02 -3.3108e-01 -9.3466e-02 +3.4627e-02 +2.4815e-01 +8.9477e-03
113 0 +7.352365554e+01 -1.708563445e+02 -1.708563445e+02 -3.1220e-01 -8.5426e-02 +2.5100e-02 +2.3504e-01 +1.0267e-02
122 0 +7.184514781e+01 -1.725348522e+02 -1.725348522e+02 -3.0331e-01 -8.8535e-02 -6.0689e-04 +2.4256e-01 +2.1224e-02
169 0 +7.065279213e+01 -1.737272079e+02 -1.737272079e+02 -3.2581e-01 -6.7224e-02 -1.0871e-02 +2.4433e-01 +1.5304e-02
181 0 +6.913889952e+01 -1.752411005e+02 -1.752411005e+02 -3.6319e-01 -1.5492e-02 -1.7572e-02 +2.3137e-01 -3.0951e-03
257 0 +6.760696146e+01 -1.767730385e+02 -1.767730385e+02 -4.4837e-01 +5.3488e-02 -4.4640e-02 +2.4308e-01 -1.9164e-02
276 0 +6.605564053e+01 -1.783243595e+02 -1.783243595e+02 -5.3261e-01 +1.1831e-01 -1.6380e-02 +2.3952e-01 -3.0565e-02
281 0 +6.420465984e+01 -1.801753402e+02 -1.801753402e+02 -5.6405e-01 +1.6027e-01 -3.8323e-02 +2.3809e-01 -2.9040e-02
286 0 +6.259432924e+01 -1.817856708e+02 -1.817856708e+02 -6.1238e-01 +2.0825e-01 -2.1722e-02 +2.2968e-01 -2.9192e-02
287 0 +6.135019701e+01 -1.830298030e+02 -1.830298030e+02 -6.5226e-01 +2.5321e-01 -2.4394e-02 +2.2476e-01 -2.8506e-02
291 0 +5.977688700e+01 -1.846031130e+02 -1.846031130e+02 -6.1735e-01 +2.1079e-01 -1.9719e-02 +2.3749e-01 +9.0376e-03
293 0 +5.807698476e+01 -1.863030152e+02 -1.863030152e+02 -6.7312e-01 +2.9448e-01 -3.7020e-02 +2.1792e-01 -8.1792e-03
308 0 +5.742550054e+01 -1.869544995e+02 -1.869544995e+02 -7.4855e-01 +3.6644e-01 -4.0111e-02 +2.1895e-01 +7.0734e-03
463 0 +5.622539768e+01 -1.881546023e+02 -1.881546023e+02 -7.1112e-01 +3.7841e-01 -2.3165e-02 +1.9492e-01 +7.4568e-03
495 0 +5.490697569e+01 -1.894730243e+02 -1.894730243e+02 -7.0630e-01 +3.9121e-01 -2.2986e-02 +2.1575e-01 +6.6802e-03
507 0 +5.333933979e+01 -1.910406602e+02 -1.910406602e+02 -6.9577e-01 +4.3560e-01 -3.2574e-02 +2.2282e-01 +1.5075e-02
520 0 +5.233914826e+01 -1.920408517e+02 -1.920408517e+02 -6.6267e-01 +4.7592e-01 -3.2959e-02 +2.3586e-01 +2.5768e-02
540 0 +5.102833869e+01 -1.933516613e+02 -1.933516613e+02 -6.0374e-01 +4.8180e-01 -2.2094e-02 +2.3435e-01 +2.5262e-02
554 0 +5.011444352e+01 -1.942655565e+02 -1.942655565e+02 -5.3373e-01 +4.7085e-01 -3.6318e-02 +2.3319e-01 +1.5214e-02
% f evaluations | g evaluations | best noise-free fitness - Fopt (-3.250900000000e+02) + sum g_i+ | measured fitness | best measured fitness or single-digit g-values | x1 | x2...
1 0 +1.626980022e+02 -1.623919978e+02 -1.623919978e+02 +0.0000e+00 +0.0000e+00 +0.0000e+00 +0.0000e+00 +0.0000e+00
4 0 +1.626673991e+02 -1.624226009e+02 -1.624226009e+02 +0.0000e+00 +0.0000e+00 +2.5000e-04 +0.0000e+00 +0.0000e+00
20 0 +1.619991419e+02 -1.630908581e+02 -1.630908581e+02 +3.9983e-04 -1.8743e-04 +1.2437e-03 -2.3550e-03 +1.3244e-03
34 0 +1.580158379e+02 -1.670741621e+02 -1.670741621e+02 +4.3014e-03 -1.5407e-04 +7.7153e-03 -1.7596e-02 +7.6023e-03
40 0 +1.531600752e+02 -1.719299248e+02 -1.719299248e+02 +9.8540e-03 -7.9762e-05 +1.5504e-02 -3.7606e-02 +1.4670e-02
42 0 +1.498747080e+02 -1.752152920e+02 -1.752152920e+02 +1.2580e-02 -2.9520e-04 +2.0747e-02 -5.0280e-02 +2.1047e-02
45 0 +1.442679422e+02 -1.808220578e+02 -1.808220578e+02 +1.9447e-02 +4.0433e-05 +3.1044e-02 -7.7180e-02 +2.9716e-02
48 0 +1.370776094e+02 -1.880123906e+02 -1.880123906e+02 +2.9631e-02 -5.8546e-04 +4.7078e-02 -1.1440e-01 +4.6094e-02
51 0 +1.316438554e+02 -1.934461446e+02 -1.934461446e+02 +4.0474e-02 -6.5341e-04 +6.3398e-02 -1.5755e-01 +6.3236e-02
53 0 +1.286003161e+02 -1.964896839e+02 -1.964896839e+02 +5.5138e-02 -9.5129e-04 +8.6632e-02 -2.1466e-01 +8.3912e-02
90 0 +1.256253305e+02 -1.994646695e+02 -1.994646695e+02 +4.8487e-02 -5.8671e-03 +8.6960e-02 -1.9096e-01 +9.8695e-02
95 0 +1.229772720e+02 -2.021127280e+02 -2.021127280e+02 +4.9549e-02 -1.1214e-02 +9.8443e-02 -1.9827e-01 +1.2154e-01
104 0 +1.200428056e+02 -2.050471944e+02 -2.050471944e+02 +4.2303e-02 -2.4838e-02 +1.1495e-01 -1.7550e-01 +1.7414e-01
% f evaluations | g evaluations | best noise-free fitness - Fopt (3.960400000000e+02) + sum g_i+ | measured fitness | best measured fitness or single-digit g-values | x1 | x2...
1 0 +1.222247988e+02 +5.182647988e+02 +5.182647988e+02 +0.0000e+00 +0.0000e+00 +0.0000e+00 +0.0000e+00 +0.0000e+00
3 0 +1.222188110e+02 +5.182588110e+02 +5.182588110e+02 +0.0000e+00 +2.5000e-04 +0.0000e+00 +0.0000e+00 +0.0000e+00
32 0 +1.200076725e+02 +5.160476725e+02 +5.160476725e+02 -5.7083e-03 +1.3625e-03 +6.6553e-03 -1.2579e-02 +5.8854e-03
41 0 +1.173702589e+02 +5.134102589e+02 +5.134102589e+02 -1.6567e-02 +2.5855e-03 +2.0183e-02 -3.9833e-02 +1.9349e-02
49 0 +1.132697053e+02 +5.093097053e+02 +5.093097053e+02 -4.9965e-02 +6.5982e-03 +6.1247e-02 -1.2169e-01 +6.0263e-02
52 0 +1.093367873e+02 +5.053767873e+02 +5.053767873e+02 -6.9005e-02 +1.0887e-02 +8.2940e-02 -1.6737e-01 +8.2778e-02
54 0 +1.040955740e+02 +5.001355740e+02 +5.001355740e+02 -9.3941e-02 +1.6791e-02 +1.1325e-01 -2.2812e-01 +1.1053e-01
57 0 +1.020649305e+02 +4.981049305e+02 +4.981049305e+02 -1.3911e-01 +1.9673e-02 +1.6965e-01 -3.4072e-01 +1.6863e-01
59 0 +9.701606902e+01 +4.930560690e+02 +4.930560690e+02 -1.5747e-01 +2.5917e-02 +1.8937e-01 -3.8211e-01 +1.8723e-01
60 0 +9.082642186e+01 +4.868664219e+02 +4.868664219e+02 -2.1123e-01 +3.5576e-02 +2.5342e-01 -5.1232e-01 +2.5072e-01
61 0 +8.605493936e+01 +4.820949394e+02 +4.820949394e+02 -1.9532e-01 +3.1504e-02 +2.3587e-01 -4.7442e-01 +2.3189e-01
171 0 +8.509732244e+01 +4.811373224e+02 +4.811373224e+02 -1.9012e-01 +3.4727e-02 +2.2679e-01 -4.5992e-01 +2.2393e-01
191 0 +8.311429446e+01 +4.791542945e+02 +4.791542945e+02 -2.0735e-01 +7.7976e-02 +2.2106e-01 -4.7715e-01 +2.1996e-01
197 0 +8.063671081e+01 +4.766767108e+02 +4.766767108e+02 -2.3365e-01 +1.4404e-01 +2.1228e-01 -5.0338e-01 +2.1390e-01
200 0 +7.941867670e+01 +4.754586767e+02 +4.754586767e+02 -2.4947e-01 +1.8715e-01 +2.0476e-01 -5.1728e-01 +2.0833e-01
220 0 +7.726524459e+01 +4.733052446e+02 +4.733052446e+02 -2.5244e-01 +2.1475e-01 +1.9072e-01 -5.0785e-01 +1.9522e-01
226 0 +7.578763753e+01 +4.718276375e+02 +4.718276375e+02 -2.5059e-01 +2.3140e-01 +1.7761e-01 -4.9288e-01 +1.8232e-01
% f evaluations | g evaluations | best noise-free fitness - Fopt (7.518000000000e+01) + sum g_i+ | measured fitness | best measured fitness or single-digit g-values | x1 | x2...
1 0 +1.876901352e+02 +2.628701352e+02 +2.628701352e+02 +0.0000e+00 +0.0000e+00 +0.0000e+00 +0.0000e+00 +0.0000e+00
2 0 +1.876833336e+02 +2.628633336e+02 +2.628633336e+02 +2.5000e-04 +0.0000e+00 +0.0000e+00 +0.0000e+00 +0.0000e+00
27 0 +1.857549461e+02 +2.609349461e+02 +2.609349461e+02 +2.8029e-03 +2.7632e-03 +5.6427e-04 -7.5779e-03 +2.4465e-04
37 0 +1.818150856e+02 +2.569950856e+02 +2.569950856e+02 +8.2743e-03 +8.2055e-03 +1.2843e-03 -2.1446e-02 -8.4804e-04
41 0 +1.753311175e+02 +2.505111175e+02 +2.505111175e+02 +1.6777e-02 +1.7328e-02 +2.1106e-03 -4.5045e-02 -9.2063e-04
44 0 +1.715547881e+02 +2.467347881e+02 +2.467347881e+02 +2.2625e-02 +2.3923e-02 +3.3509e-03 -6.0288e-02 -2.2871e-03
47 0 +1.671412031e+02 +2.423212031e+02 +2.423212031e+02 +3.3384e-02 +3.3622e-02 +4.6918e-03 -8.7821e-02 -3.0513e-03
50 0 +1.658875374e+02 +2.410675374e+02 +2.410675374e+02 +4.0390e-02 +4.2181e-02 +5.5717e-03 -1.0839e-01 -3.5659e-03
114 0 +1.611432342e+02 +2.363232342e+02 +2.363232342e+02 +5.0588e-02 +4.3588e-02 +2.6910e-02 -1.1289e-01 -3.3981e-02
119 0 +1.568881675e+02 +2.320681675e+02 +2.320681675e+02 +6.2475e-02 +4.9929e-02 +4.4513e-02 -1.2711e-01 -5.8623e-02
122 0 +1.516278256e+02 +2.268078256e+02 +2.268078256e+02 +6.0765e-02 +3.8429e-02 +6.5105e-02 -1.0099e-01 -8.8468e-02
124 0 +1.502167245e+02 +2.253967245e+02 +2.253967245e+02 +6.4432e-02 +4.1201e-02 +7.1472e-02 -1.0500e-01 -9.7917e-02
127 0 +1.478589283e+02 +2.230389283e+02 +2.230389283e+02 +7.6932e-02 +4.2854e-02 +9.8624e-02 -1.1067e-01 -1.3606e-01
411 0 +1.444939525e+02 +2.196739525e+02 +2.196739525e+02 -2.0334e-02 +2.5263e-01 +6.2600e-02 -1.1905e-01 -1.3344e-01
569 0 +1.410914019e+02 +2.162714019e+02 +2.162714019e+02 -6.3925e-02 +2.4727e-01 +1.2575e-01 -1.2692e-01 -1.4186e-01
580 0 +1.377733399e+02 +2.129533399e+02 +2.129533399e+02 -1.2866e-01 +2.8627e-01 +1.8099e-01 -1.3355e-01 -1.3178e-01
605 0 +1.347655400e+02 +2.099455400e+02 +2.099455400e+02 -1.3110e-01 +3.6261e-01 +2.0221e-01 -1.3439e-01 -1.2880e-01
619 0 +1.317088530e+02 +2.068888530e+02 +2.068888530e+02 -1.2753e-01 +3.7137e-01 +2.4383e-01 -1.3472e-01 -1.3206e-01
627 0 +1.269716335e+02 +2.021516335e+02 +2.021516335e+02 -5.6540e-02 +4.1723e-01 +2.3492e-01 -1.2035e-01 -1.2670e-01
628 0 +1.250502904e+02 +2.002302904e+02 +2.002302904e+02 -1.7562e-02 +4.1464e-01 +2.3710e-01 -1.1618e-01 -1.2941e-01
634 0 +1.218806386e+02 +1.970606386e+02 +1.970606386e+02 +1.0884e-02 +3.7613e-01 +2.6401e-01 -1.0324e-01 -1.1703e-01
% f evaluations | g evaluations | best noise-free fitness - Fopt (-1.882400000000e+02) + sum g_i+ | measured fitness | best measured fitness or single-digit g-values | x1 | x2...
1 0 +8.680170085e+01 -1.014382992e+02 -1.014382992e+02 +0.0000e+00 +0.0000e+00 +0.0000e+00 +0.0000e+00 +0.0000e+00
2 0 +8.679396218e+01 -1.014460378e+02 -1.014460378e+02 +2.5000e-04 +0.0000e+00 +0.0000e+00 +0.0000e+00 +0.0000e+00
39 0 +8.504882495e+01 -1.031911750e+02 -1.031911750e+02 +1.2234e-02 -7.9162e-03 -1.3185e-02 -4.2719e-04 +1.6795e-02
117 0 +8.317025645e+01 -1.050697436e+02 -1.050697436e+02 +4.0478e-02 -3.9918e-02 -5.0154e-02 +3.2160e-02 +3.5727e-02
146 0 +8.111796662e+01 -1.071220334e+02 -1.071220334e+02 +8.5223e-02 -9.0643e-02 -1.9127e-02 +1.1426e-02 +2.1284e-02
206 0 +7.911455992e+01 -1.091254401e+02 -1.091254401e+02 +1.4533e-01 -1.3125e-01 +2.3825e-02 -1.4561e-02 +1.4810e-02
211 0 +7.734181061e+01 -1.108981894e+02 -1.108981894e+02 +1.9800e-01 -1.6943e-01 +7.0180e-02 -4.2087e-02 +2.6746e-03
214 0 +7.376270741e+01 -1.144772926e+02 -1.144772926e+02 +2.3518e-01 -1.8493e-01 +1.0887e-01 -5.8188e-02 -5.9537e-03
218 0 +7.201036018e+01 -1.162296398e+02 -1.162296398e+02 +3.1647e-01 -2.3253e-01 +2.0592e-01 -1.2022e-01 -3.1600e-02
227 0 +7.060323631e+01 -1.176367637e+02 -1.176367637e+02 +2.8987e-01 -2.1255e-01 +1.7670e-01 -1.0364e-01 -2.0684e-02
232 0 +6.902701822e+01 -1.192129818e+02 -1.192129818e+02 +2.8078e-01 -2.0014e-01 +1.4376e-01 -8.1354e-02 -6.9876e-05
235 0 +6.683561881e+01 -1.214043812e+02 -1.214043812e+02 +2.8696e-01 -1.8693e-01 +1.6183e-01 -1.1374e-01 +1.3077e-02
236 0 +6.560264815e+01 -1.226373518e+02 -1.226373518e+02 +2.7772e-01 -1.7983e-01 +1.7227e-01 -1.0399e-01 -4.8261e-03
237 0 +6.318307026e+01 -1.250569297e+02 -1.250569297e+02 +2.7085e-01 -1.6111e-01 +1.7928e-01 -1.0672e-01 -3.4227e-03
241 0 +6.284408335e+01 -1.253959166e+02 -1.253959166e+02 +3.2407e-01 -1.9738e-01 +2.0611e-01 -1.2446e-01 -3.3576e-04
243 0 +6.072965583e+01 -1.275103442e+02 -1.275103442e+02 +3.2324e-01 -1.7638e-01 +2.3329e-01 -1.5071e-01 +2.2180e-04
245 0 +5.823216022e+01 -1.300078398e+02 -1.300078398e+02 +3.1577e-01 -1.5023e-01 +2.1810e-01 -1.4717e-01 +2.4044e-02
247 0 +5.612647255e+01 -1.321135274e+02 -1.321135274e+02 +3.4694e-01 -1.4557e-01 +2.7677e-01 -1.6712e-01 +6.5940e-03
253 0 +5.436460819e+01 -1.338753918e+02 -1.338753918e+02 +3.2264e-01 -9.7229e-02 +2.5718e-01 -1.6602e-01 +3.6893e-02
262 0 +5.279991287e+01 -1.354400871e+02 -1.354400871e+02 +3.2902e-01 -1.2013e-01 +2.4140e-01 -1.3911e-01 +2.8127e-02
267 0 +5.232401252e+01 -1.359159875e+02 -1.359159875e+02 +3.4513e-01 -1.3596e-01 +2.6607e-01 -1.3489e-01 +5.2092e-03
271 0 +5.044172780e+01 -1.377982722e+02 -1.377982722e+02 +3.6898e-01 -1.6050e-01 +2.3448e-01 -9.0781e-02 +1.6135e-02
277 0 +4.865305749e+01 -1.395869425e+02 -1.395869425e+02 +3.4693e-01 -1.1904e-01 +2.4970e-01 -1.1155e-01 +2.1514e-02
280 0 +4.534935951e+01 -1.428906405e+02 -1.428906405e+02 +3.8253e-01 -1.3304e-01 +2.5572e-01 -7.8389e-02 +1.8615e-02
281 0 +4.295241026e+01 -1.452875897e+02 -1.452875897e+02 +4.0123e-01 -1.3159e-01 +2.5054e-01 -5.0139e-02 +2.5318e-02
284 0 +4.121258198e+01 -1.470274180e+02 -1.470274180e+02 +3.8613e-01 -9.2892e-02 +2.6470e-01 -5.9275e-02 +2.9861e-02
285 0 +3.987899017e+01 -1.483610098e+02 -1.483610098e+02 +3.9907e-01 -7.1593e-02 +2.6018e-01 -3.0826e-02 +4.4408e-02
287 0 +3.828381590e+01 -1.499561841e+02 -1.499561841e+02 +4.3298e-01 -1.0037e-01 +2.6804e-01 +3.9306e-03 +2.7523e-02
296 0 +3.762030698e+01 -1.506196930e+02 -1.506196930e+02 +4.1549e-01 -8.3249e-02 +2.8472e-01 -1.7293e-02 +1.9697e-02
321 0 +3.700040717e+01 -1.512395928e+02 -1.512395928e+02 +4.2331e-01 -6.9255e-02 +2.8508e-01 +5.2264e-03 +2.3505e-02
% f evaluations | g evaluations | best noise-free fitness - Fopt (1.294700000000e+02) + sum g_i+ | measured fitness | best measured fitness or single-digit g-values | x1 | x2...
1 0 +1.886116165e+02 +3.180816165e+02 +3.180816165e+02 +0.0000e+00 +0.0000e+00 +0.0000e+00 +0.0000e+00 +0.0000e+00
2 0 +1.886038037e+02 +3.180738037e+02 +3.180738037e+02 +2.5000e-04 +0.0000e+00 +0.0000e+00 +0.0000e+00 +0.0000e+00
31 0 +1.857096575e+02 +3.151796575e+02 +3.151796575e+02 +2.3776e-03 -9.5967e-04 +1.8595e-03 -1.0968e-02 +7.5892e-03
39 0 +1.798797837e+02 +3.093497837e+02 +3.093497837e+02 +7.4634e-03 -3.7473e-03 +4.8121e-03 -3.1048e-02 +2.1538e-02
42 0 +1.749611283e+02 +3.044311283e+02 +3.044311283e+02 +1.1277e-02 -5.8490e-03 +5.3121e-03 -4.6649e-02 +3.3213e-02
45 0 +1.698592687e+02 +2.993292687e+02 +2.993292687e+02 +1.4781e-02 -8.4851e-03 +8.3527e-03 -6.3371e-02 +4.5880e-02
46 0 +1.696610708e+02 +2.991310708e+02 +2.991310708e+02 +1.5099e-02 -8.2783e-03 +9.0923e-03 -6.4688e-02 +4.5689e-02
47 0 +1.636379482e+02 +2.931079482e+02 +2.931079482e+02 +2.0320e-02 -1.1311e-02 +1.2604e-02 -8.6875e-02 +6.1034e-02
49 0 +1.608894097e+02 +2.903594097e+02 +2.903594097e+02 +2.2605e-02 -1.2588e-02 +1.2154e-02 -9.6839e-02 +6.9525e-02
50 0 +1.546321964e+02 +2.841021964e+02 +2.841021964e+02 +3.0175e-02 -1.7009e-02 +1.5824e-02 -1.2973e-01 +9.3519e-02
80 0 +1.513509428e+02 +2.808209428e+02 +2.808209428e+02 +4.1089e-02 -2.3390e-02 +2.1476e-02 -1.7384e-01 +1.2515e-01
96 0 +1.471970831e+02 +2.766670831e+02 +2.766670831e+02 +3.7808e-02 -2.0707e-02 -1.4217e-02 -1.5405e-01 +1.3309e-01
102 0 +1.438925124e+02 +2.733625124e+02 +2.733625124e+02 +3.7678e-02 -1.9345e-02 -4.5561e-02 -1.5052e-01 +1.5032e-01
108 0 +1.411618459e+02 +2.706318459e+02 +2.706318459e+02 +3.4375e-02 -1.5278e-02 -9.9863e-02 -1.3365e-01 +1.7257e-01
200 0 +1.378631203e+02 +2.673331203e+02 +2.673331203e+02 +1.0488e-01 -1.4786e-01 -3.2695e-02 -1.3738e-01 +1.8988e-01
323 0 +1.348778944e+02 +2.643478944e+02 +2.643478944e+02 +1.7154e-01 -2.5038e-01 -7.1375e-02 -1.1816e-01 +2.3176e-01
370 0 +1.318204416e+02 +2.612904416e+02 +2.612904416e+02 +2.3943e-01 -2.7403e-01 -1.0758e-01 -1.2052e-01 +2.0317e-01
525 0 +1.287671229e+02 +2.582371229e+02 +2.582371229e+02 +2.8680e-01 -2.6181e-01 -1.0504e-01 -1.2804e-01 +1.8927e-01
551 0 +1.258871006e+02 +2.553571006e+02 +2.553571006e+02 +3.2274e-01 -1.9962e-01 -1.2965e-01 -1.2323e-01 +2.1373e-01
564 0 +1.229790304e+02 +2.524490304e+02 +2.524490304e+02 +4.0024e-01 -9.2409e-02 -9.4811e-02 -1.4152e-01 +2.1025e-01
% f evaluations | g evaluations | best noise-free fitness - Fopt (1.683100000000e+02) + sum g_i+ | measured fitness | best measured fitness or single-digit g-values | x1 | x2...
1 0 +2.019774052e+02 +3.702874052e+02 +3.702874052e+02 +0.0000e+00 +0.0000e+00 +0.0000e+00 +0.0000e+00 +0.0000e+00
2 0 +2.019656229e+02 +3.702756229e+02 +3.702756229e+02 +2.5000e-04 +0.0000e+00 +0.0000e+00 +0.0000e+00 +0.0000e+00
36 0 +1.989824270e+02 +3.672924270e+02 +3.672924270e+02 +8.7824e-04 +2.0588e-03 -1.9337e-02 +1.0672e-02 +7.0523e-03
43 0 +1.948270906e+02 +3.631370906e+02 +3.631370906e+02 +2.9520e-03 +4.6177e-03 -4.3921e-02 +2.4089e-02 +1.5432e-02
47 0 +1.887043870e+02 +3.570143870e+02 +3.570143870e+02 +5.7746e-03 +7.5083e-03 -8.0188e-02 +4.4538e-02 +2.8638e-02
49 0 +1.846357674e+02 +3.529457674e+02 +3.529457674e+02 +5.5982e-03 +1.0408e-02 -1.0831e-01 +6.1149e-02 +3.9914e-02
52 0 +1.797183590e+02 +3.480283590e+02 +3.480283590e+02 +1.2015e-02 +1.6280e-02 -1.6395e-01 +9.0519e-02 +5.6800e-02
89 0 +1.777903002e+02 +3.461003002e+02 +3.461003002e+02 +1.2255e-02 +2.1827e-02 -2.2770e-01 +1.2750e-01 +8.3895e-02
110 0 +1.735856691e+02 +3.418956691e+02 +3.418956691e+02 -1.2757e-02 +1.1114e-02 -2.1812e-01 +1.3317e-01 +1.2324e-01
120 0 +1.693219148e+02 +3.376319148e+02 +3.376319148e+02 -5.6490e-02 -9.3876e-03 -1.4697e-01 +1.0926e-01 +1.6315e-01
207 0 +1.648895556e+02 +3.331995556e+02 +3.331995556e+02 -1.0896e-01 +3.2594e-02 -1.6761e-01 +9.9541e-02 +1.7103e-01
211 0 +1.611561800e+02 +3.294661800e+02 +3.294661800e+02 -1.3963e-01 +5.4210e-02 -1.7844e-01 +9.5249e-02 +1.7897e-01
212 0 +1.572532115e+02 +3.255632115e+02 +3.255632115e+02 -1.6413e-01 +7.5090e-02 -1.8912e-01 +9.0443e-02 +1.8127e-01
215 0 +1.516935073e+02 +3.200035073e+02 +3.200035073e+02 -1.8362e-01 +1.2833e-01 -2.5609e-01 +9.7628e-02 +1.6133e-01
217 0 +1.499312227e+02 +3.182412227e+02 +3.182412227e+02 -1.9561e-01 +1.3259e-01 -2.5008e-01 +9.2246e-02 +1.6517e-01
218 0 +1.453804630e+02 +3.136904630e+02 +3.136904630e+02 -2.3132e-01 +1.7702e-01 -2.8723e-01 +8.8894e-02 +1.5995e-01
219 0 +1.441602744e+02 +3.124702744e+02 +3.124702744e+02 -2.3773e-01 +1.7314e-01 -2.7173e-01 +8.2679e-02 +1.6401e-01
220 0 +1.389085238e+02 +3.072185238e+02 +3.072185238e+02 -2.9423e-01 +2.3327e-01 -3.1152e-01 +7.2563e-02 +1.6003e-01
226 0 +1.353466057e+02 +3.036566057e+02 +3.036566057e+02 -3.8121e-01 +3.1908e-01 -3.7119e-01 +6.1080e-02 +1.6310e-01
227 0 +1.324748571e+02 +3.007848571e+02 +3.007848571e+02 -4.1826e-01 +3.4097e-01 -3.6966e-01 +4.9470e-02 +1.7121e-01
230 0 +1.317841338e+02 +3.000941338e+02 +3.000941338e+02 -4.3516e-01 +3.5736e-01 -3.7082e-01 +4.0419e-02 +1.6648e-01
233 0 +1.280213669e+02 +2.963313669e+02 +2.963313669e+02 -4.9943e-01 +3.8244e-01 -3.5375e-01 +2.0497e-02 +1.9144e-01
398 0 +1.258622939e+02 +2.941722939e+02 +2.941722939e+02 -5.3168e-01 +3.3655e-01 -2.9674e-01 +2.8829e-02 +2.1237e-01
442 0 +1.230248197e+02 +2.913348197e+02 +2.913348197e+02 -6.6653e-01 +3.6668e-01 -2.8207e-01 +3.2832e-02 +1.8611e-01
