% f evaluations | g evaluations | best noise-free fitness - Fopt (-5.235000000000e+01) + sum g_i+ | measured fitness | best measured fitness or single-digit g-values | x1 | x2...
1 0 +1.090684985e+02 +5.671849850e+01 +5.671849850e+01
4 0 +1.090668663e+02 +5.671686635e+01 +5.671686635e+01
888 0 +1.071303807e+02 +5.478038068e+01 +5.478038068e+01
1057 0 +1.046214382e+02 +5.227143824e+01 +5.227143824e+01
1147 0 +1.021568644e+02 +4.980686437e+01 +4.980686437e+01
1203 0 +9.999140492e+01 +4.764140492e+01 +4.764140492e+01
1260 0 +9.718289389e+01 +4.483289389e+01 +4.483289389e+01
1298 0 +9.491959286e+01 +4.256959286e+01 +4.256959286e+01
1334 0 +9.238572700e+01 +4.003572700e+01 +4.003572700e+01
1352 0 +9.095609776e+01 +3.860609776e+01 +3.860609776e+01
1388 0 +8.778172729e+01 +3.543172729e+01 +3.543172729e+01
1406 0 +8.589383302e+01 +3.354383302e+01 +3.354383302e+01
1425 0 +8.394095357e+01 +3.159095357e+01 +3.159095357e+01
1444 0 +8.192075813e+01 +2.957075813e+01 +2.957075813e+01
1463 0 +7.969413044e+01 +2.734413044e+01 +2.734413044e+01
1482 0 +7.738568694e+01 +2.503568694e+01 +2.503568694e+01
1501 0 +7.497874434e+01 +2.262874434e+01 +2.262874434e+01
1520 0 +7.247637390e+01 +2.012637390e+01 +2.012637390e+01
1538 0 +7.002132395e+01 +1.767132395e+01 +1.767132395e+01
1556 0 +6.743156475e+01 +1.508156475e+01 +1.508156475e+01
1575 0 +6.478945150e+01 +1.243945150e+01 +1.243945150e+01
1593 0 +6.218799471e+01 +9.837994710e+00 +9.837994710e+00
1612 0 +5.951166058e+01 +7.161660584e+00 +7.161660584e+00
1631 0 +5.701004987e+01 +4.660049867e+00 +4.660049867e+00
1649 0 +5.476031230e+01 +2.410312299e+00 +2.410312299e+00
1668 0 +5.270188293e+01 +3.518829310e-01 +3.518829310e-01
1687 0 +5.097692606e+01 -1.373073944e+00 -1.373073944e+00
1706 0 +4.985321980e+01 -2.496780203e+00 -2.496780203e+00
2351 0 +4.893712958e+01 -3.412870420e+00 -3.412870420e+00
2593 0 +4.785122877e+01 -4.498771230e+00 -4.498771230e+00
2725 0 +4.659209735e+01 -5.757902647e+00 -5.757902647e+00
2814 0 +4.556246237e+01 -6.787537631e+00 -6.787537631e+00
3464 0 +4.464937434e+01 -7.700625660e+00 -7.700625660e+00
3735 0 +4.355151785e+01 -8.798482145e+00 -8.798482145e+00
3868 0 +4.255174553e+01 -9.798254471e+00 -9.798254471e+00
4437 0 +4.167910823e+01 -1.067089177e+01 -1.067089177e+01
4781 0 +4.070360157e+01 -1.164639843e+01 -1.164639843e+01
4911 0 +3.976210144e+01 -1.258789856e+01 -1.258789856e+01
5008 0 +3.880320864e+01 -1.354679136e+01 -1.354679136e+01
5100 0 +3.788043764e+01 -1.446956236e+01 -1.446956236e+01
5683 0 +3.714859314e+01 -1.520140686e+01 -1.520140686e+01
5930 0 +3.628211651e+01 -1.606788349e+01 -1.606788349e+01
6054 0 +3.541314094e+01 -1.693685906e+01 -1.693685906e+01
6184 0 +3.467341041e+01 -1.767658959e+01 -1.767658959e+01
7290 0 +3.384121411e+01 -1.850878589e+01 -1.850878589e+01
7458 0 +3.310766454e+01 -1.924233546e+01 -1.924233546e+01
7550 0 +3.230748060e+01 -2.004251940e+01 -2.004251940e+01
7638 0 +3.153696266e+01 -2.081303734e+01 -2.081303734e+01
% f evaluations | g evaluations | best noise-free fitness - Fopt (-1.795400000000e+02) + sum g_i+ | measured fitness | best measured fitness or single-digit g-values | x1 | x2...
1 0 +8.237377687e+01 -9.716622313e+01 -9.716622313e+01
2 0 +8.237190859e+01 -9.716809141e+01 -9.716809141e+01
806 0 +8.127395615e+01 -9.826604385e+01 -9.826604385e+01
1009 0 +7.937213891e+01 -1.001678611e+02 -1.001678611e+02
1122 0 +7.721221686e+01 -1.023277831e+02 -1.023277831e+02
1178 0 +7.569089678e+01 -1.038491032e+02 -1.038491032e+02
1233 0 +7.376209455e+01 -1.057779054e+02 -1.057779054e+02
1271 0 +7.218551781e+01 -1.073544822e+02 -1.073544822e+02
1308 0 +7.042466881e+01 -1.091153312e+02 -1.091153312e+02
1345 0 +6.843719473e+01 -1.111028053e+02 -1.111028053e+02
1364 0 +6.733497442e+01 -1.122050256e+02 -1.122050256e+02
1402 0 +6.499756381e+01 -1.145424362e+02 -1.145424362e+02
1420 0 +6.377573219e+01 -1.157642678e+02 -1.157642678e+02
1438 0 +6.254320601e+01 -1.169967940e+02 -1.169967940e+02
1456 0 +6.127411713e+01 -1.182658829e+02 -1.182658829e+02
1475 0 +5.993641126e+01 -1.196035887e+02 -1.196035887e+02
1493 0 +5.864583984e+01 -1.208941602e+02 -1.208941602e+02
1512 0 +5.734595237e+01 -1.221940476e+02 -1.221940476e+02
1530 0 +5.612391761e+01 -1.234160824e+02 -1.234160824e+02
1549 0 +5.495352015e+01 -1.245864799e+02 -1.245864799e+02
1587 0 +5.294628835e+01 -1.265937117e+02 -1.265937117e+02
1606 0 +5.220045027e+01 -1.273395497e+02 -1.273395497e+02
1660 0 +5.118272638e+01 -1.283572736e+02 -1.283572736e+02
2318 0 +5.005425668e+01 -1.294857433e+02 -1.294857433e+02
2454 0 +4.891082866e+01 -1.306291713e+02 -1.306291713e+02
2548 0 +4.759140421e+01 -1.319485958e+02 -1.319485958e+02
2603 0 +4.657107105e+01 -1.329689289e+02 -1.329689289e+02
2659 0 +4.531819210e+01 -1.342218079e+02 -1.342218079e+02
2695 0 +4.438652761e+01 -1.351534724e+02 -1.351534724e+02
2732 0 +4.344501202e+01 -1.360949880e+02 -1.360949880e+02
2767 0 +4.245195222e+01 -1.370880478e+02 -1.370880478e+02
2803 0 +4.155543507e+01 -1.379845649e+02 -1.379845649e+02
3138 0 +4.073591448e+01 -1.388040855e+02 -1.388040855e+02
3699 0 +3.976912738e+01 -1.397708726e+02 -1.397708726e+02
4101 0 +3.884416152e+01 -1.406958385e+02 -1.406958385e+02
4278 0 +3.796111687e+01 -1.415788831e+02 -1.415788831e+02
4382 0 +3.698124470e+01 -1.425587553e+02 -1.425587553e+02
4472 0 +3.629346270e+01 -1.432465373e+02 -1.432465373e+02
4847 0 +3.548125043e+01 -1.440587496e+02 -1.440587496e+02
5288 0 +3.467307751e+01 -1.448669225e+02 -1.448669225e+02
6120 0 +3.387511120e+01 -1.456648888e+02 -1.456648888e+02
6932 0 +3.310292752e+01 -1.464370725e+02 -1.464370725e+02
7091 0 +3.229404081e+01 -1.472459592e+02 -1.472459592e+02
7183 0 +3.151127958e+01 -1.480287204e+02 -1.480287204e+02
7254 0 +3.071174137e+01 -1.488282586e+02 -1.488282586e+02
7309 0 +2.993025182e+01 -1.496097482e+02 -1.496097482e+02
7346 0 +2.937325732e+01 -1.501667427e+02 -1.501667427e+02
7397 0 +2.856681407e+01 -1.509731859e+02 -1.509731859e+02
7434 0 +2.790845568e+01 -1.516315443e+02 -1.516315443e+02
7475 0 +2.740363439e+01 -1.521363656e+02 -1.521363656e+02
7513 0 +2.685429582e+01 -1.526857042e+02 -1.526857042e+02
7600 0 +2.630216512e+01 -1.532378349e+02 -1.532378349e+02
% f evaluations | g evaluations | best noise-free fitness - Fopt (7.731000000000e+01) + sum g_i+ | measured fitness | best measured fitness or single-digit g-values | x1 | x2...
1 0 +7.372719359e+01 +1.510371936e+02 +1.510371936e+02
5 0 +7.372642794e+01 +1.510364279e+02 +1.510364279e+02
838 0 +7.232974368e+01 +1.496397437e+02 +1.496397437e+02
1006 0 +7.054523788e+01 +1.478552379e+02 +1.478552379e+02
1098 0 +6.877759595e+01 +1.460875959e+02 +1.460875959e+02
1154 0 +6.728817376e+01 +1.445981738e+02 +1.445981738e+02
1210 0 +6.605083129e+01 +1.433608313e+02 +1.433608313e+02
1248 0 +6.392448793e+01 +1.412344879e+02 +1.412344879e+02
1284 0 +6.307890781e+01 +1.403889078e+02 +1.403889078e+02
1303 0 +6.131170223e+01 +1.386217022e+02 +1.386217022e+02
1339 0 +5.930206325e+01 +1.366120633e+02 +1.366120633e+02
1358 0 +5.818611031e+01 +1.354961103e+02 +1.354961103e+02
1376 0 +5.704391229e+01 +1.343539123e+02 +1.343539123e+02
1395 0 +5.586600775e+01 +1.331760077e+02 +1.331760077e+02
1413 0 +5.462458410e+01 +1.319345841e+02 +1.319345841e+02
1432 0 +5.339062769e+01 +1.307006277e+02 +1.307006277e+02
1450 0 +5.214040110e+01 +1.294504011e+02 +1.294504011e+02
1469 0 +5.086304374e+01 +1.281730437e+02 +1.281730437e+02
1488 0 +4.962123618e+01 +1.269312362e+02 +1.269312362e+02
1507 0 +4.846032299e+01 +1.257703230e+02 +1.257703230e+02
1526 0 +4.737499377e+01 +1.246849938e+02 +1.246849938e+02
1545 0 +4.643600894e+01 +1.237460089e+02 +1.237460089e+02
1563 0 +4.565819919e+01 +1.229681992e+02 +1.229681992e+02
1600 0 +4.463285558e+01 +1.219428556e+02 +1.219428556e+02
2454 0 +4.363568305e+01 +1.209456831e+02 +1.209456831e+02
2643 0 +4.262222733e+01 +1.199322273e+02 +1.199322273e+02
2807 0 +4.168456212e+01 +1.189945621e+02 +1.189945621e+02
3346 0 +4.071905503e+01 +1.180290550e+02 +1.180290550e+02
3494 0 +3.973157094e+01 +1.170415709e+02 +1.170415709e+02
3598 0 +3.888302594e+01 +1.161930259e+02 +1.161930259e+02
4329 0 +3.800181973e+01 +1.153118197e+02 +1.153118197e+02
4535 0 +3.709159257e+01 +1.144015926e+02 +1.144015926e+02
4641 0 +3.620079807e+01 +1.135107981e+02 +1.135107981e+02
4714 0 +3.543060077e+01 +1.127406008e+02 +1.127406008e+02
4820 0 +3.463956861e+01 +1.119495686e+02 +1.119495686e+02
5557 0 +3.383236437e+01 +1.111423644e+02 +1.111423644e+02
5697 0 +3.305823530e+01 +1.103682353e+02 +1.103682353e+02
5853 0 +3.235223577e+01 +1.096622358e+02 +1.096622358e+02
7318 0 +3.162272716e+01 +1.089327272e+02 +1.089327272e+02
7720 0 +3.089425265e+01 +1.082042526e+02 +1.082042526e+02
% f evaluations | g evaluations | best noise-free fitness - Fopt (3.992000000000e+01) + sum g_i+ | measured fitness | best measured fitness or single-digit g-values | x1 | x2...
1 0 +7.675091558e+01 +1.166709156e+02 +1.166709156e+02
4 0 +7.674866920e+01 +1.166686692e+02 +1.166686692e+02
769 0 +7.582223312e+01 +1.157422331e+02 +1.157422331e+02
993 0 +7.393113887e+01 +1.138511389e+02 +1.138511389e+02
1084 0 +7.236022763e+01 +1.122802276e+02 +1.122802276e+02
1160 0 +7.043726743e+01 +1.103572674e+02 +1.103572674e+02
1217 0 +6.853967864e+01 +1.084596786e+02 +1.084596786e+02
1253 0 +6.704971264e+01 +1.069697126e+02 +1.069697126e+02
1289 0 +6.525884359e+01 +1.051788436e+02 +1.051788436e+02
1308 0 +6.422865832e+01 +1.041486583e+02 +1.041486583e+02
1345 0 +6.195314330e+01 +1.018731433e+02 +1.018731433e+02
1364 0 +6.070751793e+01 +1.006275179e+02 +1.006275179e+02
1382 0 +5.937408186e+01 +9.929408186e+01 +9.929408186e+01
1401 0 +5.791381335e+01 +9.783381335e+01 +9.783381335e+01
1420 0 +5.636192381e+01 +9.628192381e+01 +9.628192381e+01
1439 0 +5.471099391e+01 +9.463099391e+01 +9.463099391e+01
1458 0 +5.303644659e+01 +9.295644659e+01 +9.295644659e+01
1476 0 +5.127342910e+01 +9.119342910e+01 +9.119342910e+01
1494 0 +4.941811817e+01 +8.933811817e+01 +8.933811817e+01
1513 0 +4.749031550e+01 +8.741031550e+01 +8.741031550e+01
1531 0 +4.552594574e+01 +8.544594574e+01 +8.544594574e+01
1550 0 +4.353820047e+01 +8.345820047e+01 +8.345820047e+01
1568 0 +4.155265561e+01 +8.147265561e+01 +8.147265561e+01
1586 0 +3.958873141e+01 +7.950873141e+01 +7.950873141e+01
1605 0 +3.764313386e+01 +7.756313386e+01 +7.756313386e+01
1623 0 +3.581850659e+01 +7.573850659e+01 +7.573850659e+01
1642 0 +3.413455068e+01 +7.405455068e+01 +7.405455068e+01
1660 0 +3.263885766e+01 +7.255885766e+01 +7.255885766e+01
1679 0 +3.134239301e+01 +7.126239301e+01 +7.126239301e+01
1697 0 +3.032031570e+01 +7.024031570e+01 +7.024031570e+01
1716 0 +2.952576530e+01 +6.944576530e+01 +6.944576530e+01
1734 0 +2.949964732e+01 +6.941964732e+01 +6.941964732e+01
2175 0 +2.883386380e+01 +6.875386380e+01 +6.875386380e+01
2576 0 +2.813501106e+01 +6.805501106e+01 +6.805501106e+01
2709 0 +2.743592664e+01 +6.735592664e+01 +6.735592664e+01
2786 0 +2.681596886e+01 +6.673596886e+01 +6.673596886e+01
2840 0 +2.627115265e+01 +6.619115265e+01 +6.619115265e+01
2895 0 +2.560011994e+01 +6.552011994e+01 +6.552011994e+01
2951 0 +2.490050284e+01 +6.482050284e+01 +6.482050284e+01
2986 0 +2.439261399e+01 +6.431261399e+01 +6.431261399e+01
3026 0 +2.386679658e+01 +6.378679658e+01 +6.378679658e+01
3084 0 +2.335255196e+01 +6.327255196e+01 +6.327255196e+01
3667 0 +2.288088238e+01 +6.280088238e+01 +6.280088238e+01
3855 0 +2.233879876e+01 +6.225879876e+01 +6.225879876e+01
3964 0 +2.181057909e+01 +6.173057909e+01 +6.173057909e+01
4073 0 +2.137107512e+01 +6.129107512e+01 +6.129107512e+01
4826 0 +2.086744108e+01 +6.078744108e+01 +6.078744108e+01
4973 0 +2.036908945e+01 +6.028908945e+01 +6.028908945e+01
5065 0 +1.992134734e+01 +5.984134734e+01 +5.984134734e+01
5154 0 +1.946266776e+01 +5.938266776e+01 +5.938266776e+01
5582 0 +1.905223302e+01 +5.897223302e+01 +5.897223302e+01
5795 0 +1.857878658e+01 +5.849878658e+01 +5.849878658e+01
5928 0 +1.818450869e+01 +5.810450869e+01 +5.810450869e+01
6924 0 +1.776137573e+01 +5.768137573e+01 +5.768137573e+01
7068 0 +1.735606722e+01 +5.727606722e+01 +5.727606722e+01
7178 0 +1.691674744e+01 +5.683674744e+01 +5.683674744e+01
7253 0 +1.659347914e+01 +5.651347914e+01 +5.651347914e+01
% f evaluations | g evaluations | best noise-free fitness - Fopt (-5.661000000000e+01) + sum g_i+ | measured fitness | best measured fitness or single-digit g-values | x1 | x2...
1 0 +9.288842014e+01 +3.627842014e+01 +3.627842014e+01
2 0 +9.288743988e+01 +3.627743988e+01 +3.627743988e+01
923 0 +9.112982648e+01 +3.451982648e+01 +3.451982648e+01
1088 0 +8.888123721e+01 +3.227123721e+01 +3.227123721e+01
1181 0 +8.658020963e+01 +2.997020963e+01 +2.997020963e+01
1237 0 +8.461520939e+01 +2.800520939e+01 +2.800520939e+01
1275 0 +8.297216322e+01 +2.636216322e+01 +2.636216322e+01
1313 0 +8.109522056e+01 +2.448522056e+01 +2.448522056e+01
1350 0 +7.887381208e+01 +2.226381208e+01 +2.226381208e+01
1386 0 +7.635385116e+01 +1.974385116e+01 +1.974385116e+01
1405 0 +7.491248554e+01 +1.830248554e+01 +1.830248554e+01
1423 0 +7.339238146e+01 +1.678238146e+01 +1.678238146e+01
1441 0 +7.173224137e+01 +1.512224137e+01 +1.512224137e+01
1460 0 +6.998544993e+01 +1.337544993e+01 +1.337544993e+01
1478 0 +6.809701780e+01 +1.148701780e+01 +1.148701780e+01
1497 0 +6.611397432e+01 +9.503974315e+00 +9.503974315e+00
1515 0 +6.401805776e+01 +7.408057756e+00 +7.408057756e+00
1534 0 +6.182541910e+01 +5.215419105e+00 +5.215419105e+00
1552 0 +5.957417446e+01 +2.964174458e+00 +2.964174458e+00
1571 0 +5.714237983e+01 +5.323798269e-01 +5.323798269e-01
1590 0 +5.471780529e+01 -1.892194707e+00 -1.892194707e+00
1609 0 +5.230408550e+01 -4.305914497e+00 -4.305914497e+00
1628 0 +4.994214063e+01 -6.667859366e+00 -6.667859366e+00
1647 0 +4.773830449e+01 -8.871695514e+00 -8.871695514e+00
1665 0 +4.573455948e+01 -1.087544052e+01 -1.087544052e+01
1683 0 +4.566505056e+01 -1.094494944e+01 -1.094494944e+01
1684 0 +4.399408573e+01 -1.261591427e+01 -1.261591427e+01
1702 0 +4.263288858e+01 -1.397711142e+01 -1.397711142e+01
1739 0 +4.142945374e+01 -1.518054626e+01 -1.518054626e+01
2423 0 +4.073267590e+01 -1.587732410e+01 -1.587732410e+01
2598 0 +3.980024654e+01 -1.680975346e+01 -1.680975346e+01
2728 0 +3.882049005e+01 -1.778950995e+01 -1.778950995e+01
3487 0 +3.799996192e+01 -1.861003808e+01 -1.861003808e+01
3732 0 +3.710552936e+01 -1.950447064e+01 -1.950447064e+01
3845 0 +3.626067320e+01 -2.034932680e+01 -2.034932680e+01
3923 0 +3.547605272e+01 -2.113394728e+01 -2.113394728e+01
3997 0 +3.465528597e+01 -2.195471403e+01 -2.195471403e+01
4112 0 +3.388431324e+01 -2.272568676e+01 -2.272568676e+01
5201 0 +3.310740928e+01 -2.350259072e+01 -2.350259072e+01
6065 0 +3.231896487e+01 -2.429103513e+01 -2.429103513e+01
6279 0 +3.161944612e+01 -2.499055388e+01 -2.499055388e+01
7222 0 +3.089534796e+01 -2.571465204e+01 -2.571465204e+01
7406 0 +3.019548220e+01 -2.641451780e+01 -2.641451780e+01
7530 0 +2.940732729e+01 -2.720267271e+01 -2.720267271e+01
7629 0 +2.880428892e+01 -2.780571108e+01 -2.780571108e+01
7802 0 +2.817218586e+01 -2.843781414e+01 -2.843781414e+01
% f evaluations | g evaluations | best noise-free fitness - Fopt (-8.901000000000e+01) + sum g_i+ | measured fitness | best measured fitness or single-digit g-values | x1 | x2...
1 0 +1.046115589e+02 +1.560155895e+01 +1.560155895e+01
7 0 +1.046101265e+02 +1.560012647e+01 +1.560012647e+01
937 0 +1.022819931e+02 +1.327199314e+01 +1.327199314e+01
1086 0 +9.976716491e+01 +1.075716491e+01 +1.075716491e+01
1159 0 +9.771421642e+01 +8.704216416e+00 +8.704216416e+00
1234 0 +9.473526334e+01 +5.725263342e+00 +5.725263342e+00
1272 0 +9.280742158e+01 +3.797421580e+00 +3.797421580e+00
1309 0 +9.061139385e+01 +1.601393848e+00 +1.601393848e+00
1346 0 +8.804368220e+01 -9.663177953e-01 -9.663177953e-01
1364 0 +8.663833463e+01 -2.371665375e+00 -2.371665375e+00
1400 0 +8.349247472e+01 -5.517525284e+00 -5.517525284e+00
1418 0 +8.163285705e+01 -7.377142954e+00 -7.377142954e+00
1438 0 +7.969324914e+01 -9.316750857e+00 -9.316750857e+00
1456 0 +7.763939856e+01 -1.137060144e+01 -1.137060144e+01
1474 0 +7.762336425e+01 -1.138663575e+01 -1.138663575e+01
1475 0 +7.552061523e+01 -1.348938477e+01 -1.348938477e+01
1493 0 +7.323838216e+01 -1.577161784e+01 -1.577161784e+01
1512 0 +7.086929224e+01 -1.814070776e+01 -1.814070776e+01
1530 0 +6.842168277e+01 -2.058831723e+01 -2.058831723e+01
1549 0 +6.581363623e+01 -2.319636377e+01 -2.319636377e+01
1568 0 +6.313992123e+01 -2.587007877e+01 -2.587007877e+01
1586 0 +6.306965684e+01 -2.594034316e+01 -2.594034316e+01
1587 0 +6.052266091e+01 -2.848733909e+01 -2.848733909e+01
1605 0 +5.787027418e+01 -3.113972582e+01 -3.113972582e+01
1624 0 +5.525197886e+01 -3.375802114e+01 -3.375802114e+01
1643 0 +5.272464186e+01 -3.628535814e+01 -3.628535814e+01
1662 0 +5.039210456e+01 -3.861789544e+01 -3.861789544e+01
1680 0 +4.834680873e+01 -4.066319127e+01 -4.066319127e+01
1699 0 +4.648633829e+01 -4.252366171e+01 -4.252366171e+01
1717 0 +4.499366014e+01 -4.401633986e+01 -4.401633986e+01
1735 0 +4.381354873e+01 -4.519645127e+01 -4.519645127e+01
1754 0 +4.297329565e+01 -4.603670435e+01 -4.603670435e+01
1773 0 +4.246104473e+01 -4.654895527e+01 -4.654895527e+01
2467 0 +4.163117232e+01 -4.737882768e+01 -4.737882768e+01
2634 0 +4.073044120e+01 -4.827955880e+01 -4.827955880e+01
2730 0 +3.978322047e+01 -4.922677953e+01 -4.922677953e+01
2804 0 +3.873869624e+01 -5.027130376e+01 -5.027130376e+01
2861 0 +3.771403838e+01 -5.129596162e+01 -5.129596162e+01
2900 0 +3.693284074e+01 -5.207715926e+01 -5.207715926e+01
2936 0 +3.614707679e+01 -5.286292321e+01 -5.286292321e+01
2970 0 +3.528551748e+01 -5.372448252e+01 -5.372448252e+01
3007 0 +3.439940595e+01 -5.461059405e+01 -5.461059405e+01
3044 0 +3.344383991e+01 -5.556616009e+01 -5.556616009e+01
3062 0 +3.303334045e+01 -5.597665955e+01 -5.597665955e+01
3098 0 +3.226562533e+01 -5.674437467e+01 -5.674437467e+01
3148 0 +3.147947768e+01 -5.753052232e+01 -5.753052232e+01
3900 0 +3.088965591e+01 -5.812034409e+01 -5.812034409e+01
4122 0 +3.019275047e+01 -5.881724953e+01 -5.881724953e+01
4252 0 +2.944003607e+01 -5.956996393e+01 -5.956996393e+01
4367 0 +2.880865988e+01 -6.020134012e+01 -6.020134012e+01
4884 0 +2.814307929e+01 -6.086692071e+01 -6.086692071e+01
5025 0 +2.745303363e+01 -6.155696637e+01 -6.155696637e+01
5095 0 +2.687248371e+01 -6.213751629e+01 -6.213751629e+01
5175 0 +2.621072323e+01 -6.279927677e+01 -6.279927677e+01
5242 0 +2.562771336e+01 -6.338228664e+01 -6.338228664e+01
6137 0 +2.510303862e+01 -6.390696138e+01 -6.390696138e+01
6380 0 +2.452420617e+01 -6.448579383e+01 -6.448579383e+01
7222 0 +2.398052723e+01 -6.502947277e+01 -6.502947277e+01
% f evaluations | g evaluations | best noise-free fitness - Fopt (-3.352100000000e+02) + sum g_i+ | measured fitness | best measured fitness or single-digit g-values | x1 | x2...
1 0 +5.464718408e+01 -2.805628159e+02 -2.805628159e+02
2 0 +5.464704973e+01 -2.805629503e+02 -2.805629503e+02
960 0 +5.361928142e+01 -2.815907186e+02 -2.815907186e+02
1129 0 +5.229692988e+01 -2.829130701e+02 -2.829130701e+02
1221 0 +5.099228495e+01 -2.842177150e+02 -2.842177150e+02
1276 0 +4.990970903e+01 -2.853002910e+02 -2.853002910e+02
1332 0 +4.850778912e+01 -2.867022109e+02 -2.867022109e+02
1370 0 +4.737939571e+01 -2.878306043e+02 -2.878306043e+02
1388 0 +4.677049374e+01 -2.884395063e+02 -2.884395063e+02
1426 0 +4.539850422e+01 -2.898114958e+02 -2.898114958e+02
1444 0 +4.465508527e+01 -2.905549147e+02 -2.905549147e+02
1481 0 +4.305223523e+01 -2.921577648e+02 -2.921577648e+02
1500 0 +4.216609750e+01 -2.930439025e+02 -2.930439025e+02
1519 0 +4.125826644e+01 -2.939517336e+02 -2.939517336e+02
1538 0 +4.033031647e+01 -2.948796835e+02 -2.948796835e+02
1557 0 +3.940724937e+01 -2.958027506e+02 -2.958027506e+02
1575 0 +3.849815586e+01 -2.967118441e+02 -2.967118441e+02
1594 0 +3.757172658e+01 -2.976382734e+02 -2.976382734e+02
1613 0 +3.671684873e+01 -2.984931513e+02 -2.984931513e+02
1631 0 +3.592566115e+01 -2.992843388e+02 -2.992843388e+02
1649 0 +3.522303910e+01 -2.999869609e+02 -2.999869609e+02
1667 0 +3.464624741e+01 -3.005637526e+02 -3.005637526e+02
2125 0 +3.387280971e+01 -3.013371903e+02 -3.013371903e+02
2522 0 +3.305226799e+01 -3.021577320e+02 -3.021577320e+02
2639 0 +3.232456103e+01 -3.028854390e+02 -3.028854390e+02
2729 0 +3.161610675e+01 -3.035938932e+02 -3.035938932e+02
2770 0 +3.089888021e+01 -3.043111198e+02 -3.043111198e+02
2826 0 +3.005594386e+01 -3.051540561e+02 -3.051540561e+02
2862 0 +2.937677221e+01 -3.058332278e+02 -3.058332278e+02
2900 0 +2.859574254e+01 -3.066142575e+02 -3.066142575e+02
2937 0 +2.779056593e+01 -3.074194341e+02 -3.074194341e+02
2956 0 +2.735663556e+01 -3.078533644e+02 -3.078533644e+02
2993 0 +2.655877665e+01 -3.086512233e+02 -3.086512233e+02
3009 0 +2.617816570e+01 -3.090318343e+02 -3.090318343e+02
3047 0 +2.541711852e+01 -3.097928815e+02 -3.097928815e+02
3086 0 +2.499354057e+01 -3.102164594e+02 -3.102164594e+02
3886 0 +2.451447881e+01 -3.106955212e+02 -3.106955212e+02
4053 0 +2.397147901e+01 -3.112385210e+02 -3.112385210e+02
4159 0 +2.343483817e+01 -3.117751618e+02 -3.117751618e+02
4263 0 +2.290459787e+01 -3.123054021e+02 -3.123054021e+02
4939 0 +2.237339235e+01 -3.128366077e+02 -3.128366077e+02
5709 0 +2.186709447e+01 -3.133429055e+02 -3.133429055e+02
5903 0 +2.136716604e+01 -3.138428340e+02 -3.138428340e+02
6398 0 +2.089222495e+01 -3.143177751e+02 -3.143177751e+02
6772 0 +2.036727048e+01 -3.148427295e+02 -3.148427295e+02
6884 0 +1.991915013e+01 -3.152908499e+02 -3.152908499e+02
6968 0 +1.941105945e+01 -3.157989406e+02 -3.157989406e+02
7014 0 +1.904487887e+01 -3.161651211e+02 -3.161651211e+02
7096 0 +1.858112452e+01 -3.166288755e+02 -3.166288755e+02
% f evaluations | g evaluations | best noise-free fitness - Fopt (-1.172200000000e+02) + sum g_i+ | measured fitness | best measured fitness or single-digit g-values | x1 | x2...
1 0 +9.111908097e+01 -2.610091903e+01 -2.610091903e+01
3 0 +9.111770752e+01 -2.610229248e+01 -2.610229248e+01
924 0 +8.904420288e+01 -2.817579712e+01 -2.817579712e+01
1073 0 +8.682003490e+01 -3.039996510e+01 -3.039996510e+01
1146 0 +8.496054010e+01 -3.225945990e+01 -3.225945990e+01
1202 0 +8.306640536e+01 -3.415359464e+01 -3.415359464e+01
1258 0 +8.059804442e+01 -3.662195558e+01 -3.662195558e+01
1295 0 +7.859712468e+01 -3.862287532e+01 -3.862287532e+01
1314 0 +7.746377702e+01 -3.975622298e+01 -3.975622298e+01
1351 0 +7.491999289e+01 -4.230000711e+01 -4.230000711e+01
1370 0 +7.348508757e+01 -4.373491243e+01 -4.373491243e+01
1389 0 +7.191376423e+01 -4.530623577e+01 -4.530623577e+01
1408 0 +7.030762047e+01 -4.691237953e+01 -4.691237953e+01
1426 0 +6.862512011e+01 -4.859487989e+01 -4.859487989e+01
1444 0 +6.681606783e+01 -5.040393217e+01 -5.040393217e+01
1463 0 +6.484760921e+01 -5.237239079e+01 -5.237239079e+01
1481 0 +6.281532452e+01 -5.440467548e+01 -5.440467548e+01
1500 0 +6.063906184e+01 -5.658093816e+01 -5.658093816e+01
1518 0 +5.842309833e+01 -5.879690167e+01 -5.879690167e+01
1536 0 +5.610884028e+01 -6.111115972e+01 -6.111115972e+01
1555 0 +5.368398708e+01 -6.353601292e+01 -6.353601292e+01
1573 0 +5.123299823e+01 -6.598700177e+01 -6.598700177e+01
1592 0 +4.880325986e+01 -6.841674014e+01 -6.841674014e+01
1610 0 +4.639782639e+01 -7.082217361e+01 -7.082217361e+01
1629 0 +4.404695160e+01 -7.317304840e+01 -7.317304840e+01
1648 0 +4.181075923e+01 -7.540924077e+01 -7.540924077e+01
1667 0 +3.981132500e+01 -7.740867500e+01 -7.740867500e+01
1685 0 +3.973925893e+01 -7.748074107e+01 -7.748074107e+01
1686 0 +3.811149183e+01 -7.910850817e+01 -7.910850817e+01
1705 0 +3.679694825e+01 -8.042305175e+01 -8.042305175e+01
1723 0 +3.587733524e+01 -8.134266476e+01 -8.134266476e+01
1742 0 +3.537485166e+01 -8.184514834e+01 -8.184514834e+01
2698 0 +3.466042219e+01 -8.255957781e+01 -8.255957781e+01
2875 0 +3.379618881e+01 -8.342381119e+01 -8.342381119e+01
2969 0 +3.305137339e+01 -8.416862661e+01 -8.416862661e+01
3043 0 +3.235850212e+01 -8.486149788e+01 -8.486149788e+01
3149 0 +3.155040197e+01 -8.566959803e+01 -8.566959803e+01
3657 0 +3.086272854e+01 -8.635727146e+01 -8.635727146e+01
4149 0 +3.019369536e+01 -8.702630464e+01 -8.702630464e+01
4981 0 +2.948533378e+01 -8.773466622e+01 -8.773466622e+01
5454 0 +2.883588331e+01 -8.838411669e+01 -8.838411669e+01
5835 0 +2.816105243e+01 -8.905894757e+01 -8.905894757e+01
5971 0 +2.750508066e+01 -8.971491934e+01 -8.971491934e+01
6751 0 +2.691441602e+01 -9.030558398e+01 -9.030558398e+01
7179 0 +2.629657211e+01 -9.092342789e+01 -9.092342789e+01
7346 0 +2.568769388e+01 -9.153230612e+01 -9.153230612e+01
7537 0 +2.509418595e+01 -9.212581405e+01 -9.212581405e+01
% f evaluations | g evaluations | best noise-free fitness - Fopt (5.460000000000e+00) + sum g_i+ | measured fitness | best measured fitness or single-digit g-values | x1 | x2...
1 0 +7.667188841e+01 +8.213188841e+01 +8.213188841e+01
5 0 +7.667187858e+01 +8.213187858e+01 +8.213187858e+01
833 0 +7.583014952e+01 +8.129014952e+01 +8.129014952e+01
1075 0 +7.391359957e+01 +7.937359957e+01 +7.937359957e+01
1167 0 +7.238619421e+01 +7.784619421e+01 +7.784619421e+01
1241 0 +7.061736685e+01 +7.607736685e+01 +7.607736685e+01
1298 0 +6.883938878e+01 +7.429938878e+01 +7.429938878e+01
1336 0 +6.744496775e+01 +7.290496775e+01 +7.290496775e+01
1373 0 +6.587294750e+01 +7.133294750e+01 +7.133294750e+01
1410 0 +6.409892840e+01 +6.955892840e+01 +6.955892840e+01
1447 0 +6.213148802e+01 +6.759148802e+01 +6.759148802e+01
1465 0 +6.110769393e+01 +6.656769393e+01 +6.656769393e+01
1484 0 +6.001245572e+01 +6.547245572e+01 +6.547245572e+01
1521 0 +5.885091114e+01 +6.431091114e+01 +6.431091114e+01
1541 0 +5.667644082e+01 +6.213644082e+01 +6.213644082e+01
1559 0 +5.563552967e+01 +6.109552967e+01 +6.109552967e+01
1578 0 +5.460881651e+01 +6.006881651e+01 +6.006881651e+01
1596 0 +5.369891534e+01 +5.915891534e+01 +5.915891534e+01
1633 0 +5.217945508e+01 +5.763945508e+01 +5.763945508e+01
2152 0 +5.127136608e+01 +5.673136608e+01 +5.673136608e+01
2590 0 +5.007611129e+01 +5.553611129e+01 +5.553611129e+01
2719 0 +4.891396273e+01 +5.437396273e+01 +5.437396273e+01
2813 0 +4.761349594e+01 +5.307349594e+01 +5.307349594e+01
2869 0 +4.660736381e+01 +5.206736381e+01 +5.206736381e+01
2924 0 +4.550322395e+01 +5.096322395e+01 +5.096322395e+01
2980 0 +4.431960944e+01 +4.977960944e+01 +4.977960944e+01
3020 0 +4.359584250e+01 +4.905584250e+01 +4.905584250e+01
3504 0 +4.262430452e+01 +4.808430452e+01 +4.808430452e+01
3736 0 +4.159902487e+01 +4.705902487e+01 +4.705902487e+01
3848 0 +4.070702350e+01 +4.616702350e+01 +4.616702350e+01
3938 0 +3.979342341e+01 +4.525342341e+01 +4.525342341e+01
4177 0 +3.890181783e+01 +4.436181783e+01 +4.436181783e+01
4463 0 +3.801291176e+01 +4.347291176e+01 +4.347291176e+01
4571 0 +3.713706628e+01 +4.259706628e+01 +4.259706628e+01
4660 0 +3.614107644e+01 +4.160107644e+01 +4.160107644e+01
4730 0 +3.536406935e+01 +4.082406935e+01 +4.082406935e+01
4801 0 +3.459059216e+01 +4.005059216e+01 +4.005059216e+01
5389 0 +3.387130315e+01 +3.933130315e+01 +3.933130315e+01
5528 0 +3.310992181e+01 +3.856992181e+01 +3.856992181e+01
5620 0 +3.233968349e+01 +3.779968349e+01 +3.779968349e+01
5709 0 +3.161679514e+01 +3.707679514e+01 +3.707679514e+01
5783 0 +3.081454887e+01 +3.627454887e+01 +3.627454887e+01
6468 0 +3.019923589e+01 +3.565923589e+01 +3.565923589e+01
6626 0 +2.949620456e+01 +3.495620456e+01 +3.495620456e+01
6716 0 +2.873421149e+01 +3.419421149e+01 +3.419421149e+01
6773 0 +2.811864076e+01 +3.357864076e+01 +3.357864076e+01
6831 0 +2.730362855e+01 +3.276362855e+01 +3.276362855e+01
6868 0 +2.667508001e+01 +3.213508001e+01 +3.213508001e+01
6906 0 +2.602583665e+01 +3.148583665e+01 +3.148583665e+01
6941 0 +2.540758037e+01 +3.086758037e+01 +3.086758037e+01
6957 0 +2.505630629e+01 +3.051630629e+01 +3.051630629e+01
6994 0 +2.440567298e+01 +2.986567298e+01 +2.986567298e+01
7036 0 +2.389263334e+01 +2.935263334e+01 +2.935263334e+01
7096 0 +2.338156224e+01 +2.884156224e+01 +2.884156224e+01
7770 0 +2.287159281e+01 +2.833159281e+01 +2.833159281e+01
7908 0 +2.238070045e+01 +2.784070045e+01 +2.784070045e+01
7972 0 +2.184293496e+01 +2.730293496e+01 +2.730293496e+01
% f evaluations | g evaluations | best noise-free fitness - Fopt (5.212000000000e+01) + sum g_i+ | measured fitness | best measured fitness or single-digit g-values | x1 | x2...
1 0 +6.327923377e+01 +1.153992338e+02 +1.153992338e+02
3 0 +6.327851151e+01 +1.153985115e+02 +1.153985115e+02
560 0 +6.307775596e+01 +1.151977560e+02 +1.151977560e+02
988 0 +6.151335437e+01 +1.136333544e+02 +1.136333544e+02
1100 0 +6.023728956e+01 +1.123572896e+02 +1.123572896e+02
1193 0 +5.855300973e+01 +1.106730097e+02 +1.106730097e+02
1249 0 +5.714890792e+01 +1.092689079e+02 +1.092689079e+02
1287 0 +5.602998111e+01 +1.081499811e+02 +1.081499811e+02
1323 0 +5.477046172e+01 +1.068904617e+02 +1.068904617e+02
1359 0 +5.333399674e+01 +1.054539967e+02 +1.054539967e+02
1395 0 +5.165301029e+01 +1.037730103e+02 +1.037730103e+02
1414 0 +5.073567068e+01 +1.028556707e+02 +1.028556707e+02
1433 0 +4.977968952e+01 +1.018996895e+02 +1.018996895e+02
1452 0 +4.879195943e+01 +1.009119594e+02 +1.009119594e+02
1470 0 +4.777747161e+01 +9.989747161e+01 +9.989747161e+01
1489 0 +4.673046775e+01 +9.885046775e+01 +9.885046775e+01
1508 0 +4.566476787e+01 +9.778476787e+01 +9.778476787e+01
1527 0 +4.461738616e+01 +9.673738616e+01 +9.673738616e+01
1546 0 +4.362151636e+01 +9.574151636e+01 +9.574151636e+01
1583 0 +4.185621803e+01 +9.397621803e+01 +9.397621803e+01
1601 0 +4.113416962e+01 +9.325416962e+01 +9.325416962e+01
1620 0 +4.057737265e+01 +9.269737265e+01 +9.269737265e+01
2610 0 +3.979582451e+01 +9.191582451e+01 +9.191582451e+01
2861 0 +3.888082251e+01 +9.100082251e+01 +9.100082251e+01
2972 0 +3.799286505e+01 +9.011286505e+01 +9.011286505e+01
3046 0 +3.711254525e+01 +8.923254525e+01 +8.923254525e+01
3100 0 +3.626081347e+01 +8.838081347e+01 +8.838081347e+01
3155 0 +3.522563602e+01 +8.734563602e+01 +8.734563602e+01
3194 0 +3.442857277e+01 +8.654857277e+01 +8.654857277e+01
3232 0 +3.359857075e+01 +8.571857075e+01 +8.571857075e+01
3270 0 +3.279759228e+01 +8.491759228e+01 +8.491759228e+01
3307 0 +3.223194375e+01 +8.435194375e+01 +8.435194375e+01
4188 0 +3.162120106e+01 +8.374120106e+01 +8.374120106e+01
4397 0 +3.085507759e+01 +8.297507759e+01 +8.297507759e+01
4505 0 +3.014106804e+01 +8.226106804e+01 +8.226106804e+01
4599 0 +2.949591682e+01 +8.161591682e+01 +8.161591682e+01
5099 0 +2.882400153e+01 +8.094400153e+01 +8.094400153e+01
5363 0 +2.816862353e+01 +8.028862353e+01 +8.028862353e+01
5957 0 +2.753505030e+01 +7.965505030e+01 +7.965505030e+01
6704 0 +2.691442251e+01 +7.903442251e+01 +7.903442251e+01
7282 0 +2.626162825e+01 +7.838162825e+01 +7.838162825e+01
7429 0 +2.567612987e+01 +7.779612987e+01 +7.779612987e+01
7574 0 +2.509090560e+01 +7.721090560e+01 +7.721090560e+01
% f evaluations | g evaluations | best noise-free fitness - Fopt (4.120000000000e+00) + sum g_i+ | measured fitness | best measured fitness or single-digit g-values | x1 | x2...
1 0 +1.272642981e+02 +1.313842981e+02 +1.313842981e+02
2 0 +1.272628211e+02 +1.313828211e+02 +1.313828211e+02
792 0 +1.258099466e+02 +1.299299466e+02 +1.299299466e+02
1013 0 +1.228728256e+02 +1.269928256e+02 +1.269928256e+02
1126 0 +1.196828601e+02 +1.238028601e+02 +1.238028601e+02
1182 0 +1.174140114e+02 +1.215340114e+02 +1.215340114e+02
1238 0 +1.145197373e+02 +1.186397373e+02 +1.186397373e+02
1293 0 +1.109629161e+02 +1.150829161e+02 +1.150829161e+02
1312 0 +1.095759707e+02 +1.136959707e+02 +1.136959707e+02
1348 0 +1.066314351e+02 +1.107514351e+02 +1.107514351e+02
1385 0 +1.032310001e+02 +1.073510001e+02 +1.073510001e+02
1403 0 +1.014038064e+02 +1.055238064e+02 +1.055238064e+02
1422 0 +9.946210987e+01 +1.035821099e+02 +1.035821099e+02
1441 0 +9.741197596e+01 +1.015319760e+02 +1.015319760e+02
1460 0 +9.536784733e+01 +9.948784733e+01 +9.948784733e+01
1479 0 +9.323049731e+01 +9.735049731e+01 +9.735049731e+01
1498 0 +9.113703804e+01 +9.525703804e+01 +9.525703804e+01
1517 0 +8.906004434e+01 +9.318004434e+01 +9.318004434e+01
1552 0 +8.707394071e+01 +9.119394071e+01 +9.119394071e+01
1571 0 +8.342374177e+01 +8.754374177e+01 +8.754374177e+01
1590 0 +8.177858387e+01 +8.589858387e+01 +8.589858387e+01
1608 0 +8.038905943e+01 +8.450905943e+01 +8.450905943e+01
1627 0 +7.928807627e+01 +8.340807627e+01 +8.340807627e+01
2179 0 +7.761263636e+01 +8.173263636e+01 +8.173263636e+01
2523 0 +7.573336194e+01 +7.985336194e+01 +7.985336194e+01
2628 0 +7.407362488e+01 +7.819362488e+01 +7.819362488e+01
2703 0 +7.240627348e+01 +7.652627348e+01 +7.652627348e+01
2775 0 +7.022296863e+01 +7.434296863e+01 +7.434296863e+01
2816 0 +6.875238168e+01 +7.287238168e+01 +7.287238168e+01
2851 0 +6.734193100e+01 +7.146193100e+01 +7.146193100e+01
2887 0 +6.556558410e+01 +6.968558410e+01 +6.968558410e+01
2927 0 +6.370788476e+01 +6.782788476e+01 +6.782788476e+01
2947 0 +6.280855282e+01 +6.692855282e+01 +6.692855282e+01
2983 0 +6.110836485e+01 +6.522836485e+01 +6.522836485e+01
2999 0 +6.020838444e+01 +6.432838444e+01 +6.432838444e+01
3037 0 +5.862624061e+01 +6.274624061e+01 +6.274624061e+01
3073 0 +5.751457905e+01 +6.163457905e+01 +6.163457905e+01
3762 0 +5.615911301e+01 +6.027911301e+01 +6.027911301e+01
3919 0 +5.487687166e+01 +5.899687166e+01 +5.899687166e+01
4013 0 +5.370193549e+01 +5.782193549e+01 +5.782193549e+01
4111 0 +5.245957577e+01 +5.657957577e+01 +5.657957577e+01
4959 0 +5.124773639e+01 +5.536773639e+01 +5.536773639e+01
5815 0 +5.011860086e+01 +5.423860086e+01 +5.423860086e+01
6908 0 +4.895857295e+01 +5.307857295e+01 +5.307857295e+01
7113 0 +4.780698215e+01 +5.192698215e+01 +5.192698215e+01
% f evaluations | g evaluations | best noise-free fitness - Fopt (-2.150000000000e+01) + sum g_i+ | measured fitness | best measured fitness or single-digit g-values | x1 | x2...
1 0 +7.831526127e+01 +5.681526127e+01 +5.681526127e+01
3 0 +7.831268508e+01 +5.681268508e+01 +5.681268508e+01
738 0 +7.760753625e+01 +5.610753625e+01 +5.610753625e+01
999 0 +7.573470624e+01 +5.423470624e+01 +5.423470624e+01
1111 0 +7.390252615e+01 +5.240252615e+01 +5.240252615e+01
1184 0 +7.208955147e+01 +5.058955147e+01 +5.058955147e+01
1241 0 +7.025027702e+01 +4.875027702e+01 +4.875027702e+01
1279 0 +6.877530841e+01 +4.727530841e+01 +4.727530841e+01
1316 0 +6.713769337e+01 +4.563769337e+01 +4.563769337e+01
1353 0 +6.528837194e+01 +4.378837194e+01 +4.378837194e+01
1371 0 +6.428698482e+01 +4.278698482e+01 +4.278698482e+01
1407 0 +6.213809837e+01 +4.063809837e+01 +4.063809837e+01
1425 0 +6.094474964e+01 +3.944474964e+01 +3.944474964e+01
1445 0 +5.971090377e+01 +3.821090377e+01 +3.821090377e+01
1463 0 +5.848600354e+01 +3.698600354e+01 +3.698600354e+01
1483 0 +5.722696256e+01 +3.572696256e+01 +3.572696256e+01
1501 0 +5.602958564e+01 +3.452958564e+01 +3.452958564e+01
1520 0 +5.482569716e+01 +3.332569716e+01 +3.332569716e+01
1555 0 +5.369894507e+01 +3.219894507e+01 +3.219894507e+01
1575 0 +5.164809978e+01 +3.014809978e+01 +3.014809978e+01
1594 0 +5.079467595e+01 +2.929467595e+01 +2.929467595e+01
1612 0 +5.010954693e+01 +2.860954693e+01 +2.860954693e+01
2253 0 +4.896915562e+01 +2.746915562e+01 +2.746915562e+01
2673 0 +4.784163502e+01 +2.634163502e+01 +2.634163502e+01
2802 0 +4.672728210e+01 +2.522728210e+01 +2.522728210e+01
2896 0 +4.549532040e+01 +2.399532040e+01 +2.399532040e+01
2950 0 +4.448389627e+01 +2.298389627e+01 +2.298389627e+01
3008 0 +4.331872916e+01 +2.181872916e+01 +2.181872916e+01
3047 0 +4.247583052e+01 +2.097583052e+01 +2.097583052e+01
3086 0 +4.162541183e+01 +2.012541183e+01 +2.012541183e+01
3143 0 +4.041238631e+01 +1.891238631e+01 +1.891238631e+01
3198 0 +3.966765704e+01 +1.816765704e+01 +1.816765704e+01
3728 0 +3.889955723e+01 +1.739955723e+01 +1.739955723e+01
3870 0 +3.795227053e+01 +1.645227053e+01 +1.645227053e+01
3961 0 +3.693979285e+01 +1.543979285e+01 +1.543979285e+01
4018 0 +3.617175520e+01 +1.467175520e+01 +1.467175520e+01
4075 0 +3.537481732e+01 +1.387481732e+01 +1.387481732e+01
4125 0 +3.453122818e+01 +1.303122818e+01 +1.303122818e+01
4181 0 +3.384035277e+01 +1.234035277e+01 +1.234035277e+01
4895 0 +3.311280721e+01 +1.161280721e+01 +1.161280721e+01
5498 0 +3.235392590e+01 +1.085392590e+01 +1.085392590e+01
5780 0 +3.159874559e+01 +1.009874559e+01 +1.009874559e+01
5901 0 +3.088805083e+01 +9.388050830e+00 +9.388050830e+00
6021 0 +3.019787457e+01 +8.697874573e+00 +8.697874573e+00
7410 0 +2.951177686e+01 +8.011776856e+00 +8.011776856e+00
7910 0 +2.883223164e+01 +7.332231640e+00 +7.332231640e+00
% f evaluations | g evaluations | best noise-free fitness - Fopt (1.415000000000e+01) + sum g_i+ | measured fitness | best measured fitness or single-digit g-values | x1 | x2...
1 0 +6.706823913e+01 +8.121823913e+01 +8.121823913e+01
2 0 +6.706713119e+01 +8.121713119e+01 +8.121713119e+01
851 0 +6.606298215e+01 +8.021298215e+01 +8.021298215e+01
1041 0 +6.449329960e+01 +7.864329960e+01 +7.864329960e+01
1136 0 +6.298260345e+01 +7.713260345e+01 +7.713260345e+01
1212 0 +6.119440953e+01 +7.534440953e+01 +7.534440953e+01
1250 0 +6.004507194e+01 +7.419507194e+01 +7.419507194e+01
1288 0 +5.869159474e+01 +7.284159474e+01 +7.284159474e+01
1326 0 +5.710788355e+01 +7.125788355e+01 +7.125788355e+01
1345 0 +5.622261575e+01 +7.037261575e+01 +7.037261575e+01
1383 0 +5.424726114e+01 +6.839726114e+01 +6.839726114e+01
1402 0 +5.315579399e+01 +6.730579399e+01 +6.730579399e+01
1421 0 +5.199205238e+01 +6.614205238e+01 +6.614205238e+01
1440 0 +5.075674558e+01 +6.490674558e+01 +6.490674558e+01
1459 0 +4.945164103e+01 +6.360164103e+01 +6.360164103e+01
1478 0 +4.808235646e+01 +6.223235646e+01 +6.223235646e+01
1497 0 +4.665045292e+01 +6.080045292e+01 +6.080045292e+01
1516 0 +4.516691819e+01 +5.931691819e+01 +5.931691819e+01
1535 0 +4.364482513e+01 +5.779482513e+01 +5.779482513e+01
1554 0 +4.209709502e+01 +5.624709502e+01 +5.624709502e+01
1573 0 +4.053848716e+01 +5.468848716e+01 +5.468848716e+01
1592 0 +3.900537909e+01 +5.315537909e+01 +5.315537909e+01
1611 0 +3.750874635e+01 +5.165874635e+01 +5.165874635e+01
1630 0 +3.608908084e+01 +5.023908084e+01 +5.023908084e+01
1649 0 +3.477807998e+01 +4.892807998e+01 +4.892807998e+01
1668 0 +3.359976321e+01 +4.774976321e+01 +4.774976321e+01
1687 0 +3.259335164e+01 +4.674335164e+01 +4.674335164e+01
1706 0 +3.178592433e+01 +4.593592433e+01 +4.593592433e+01
1725 0 +3.125579984e+01 +4.540579984e+01 +4.540579984e+01
2610 0 +3.089851975e+01 +4.504851975e+01 +4.504851975e+01
2936 0 +3.019215425e+01 +4.434215425e+01 +4.434215425e+01
3070 0 +2.946543948e+01 +4.361543948e+01 +4.361543948e+01
3164 0 +2.874276463e+01 +4.289276463e+01 +4.289276463e+01
3234 0 +2.808573402e+01 +4.223573402e+01 +4.223573402e+01
3314 0 +2.745594864e+01 +4.160594864e+01 +4.160594864e+01
4331 0 +2.688688034e+01 +4.103688034e+01 +4.103688034e+01
4588 0 +2.628857705e+01 +4.043857705e+01 +4.043857705e+01
6231 0 +2.569068239e+01 +3.984068239e+01 +3.984068239e+01
7466 0 +2.511179754e+01 +3.926179754e+01 +3.926179754e+01
7797 0 +2.450682646e+01 +3.865682646e+01 +3.865682646e+01
7942 0 +2.396051137e+01 +3.811051137e+01 +3.811051137e+01
% f evaluations | g evaluations | best noise-free fitness - Fopt (-1.348000000000e+01) + sum g_i+ | measured fitness | best measured fitness or single-digit g-values | x1 | x2...
1 0 +1.123170998e+02 +9.883709980e+01 +9.883709980e+01
3 0 +1.123162284e+02 +9.883622843e+01 +9.883622843e+01
389 0 +1.121934951e+02 +9.871349506e+01 +9.871349506e+01
983 0 +1.095920080e+02 +9.611200804e+01 +9.611200804e+01
1132 0 +1.066819796e+02 +9.320197961e+01 +9.320197961e+01
1206 0 +1.043029246e+02 +9.082292462e+01 +9.082292462e+01
1262 0 +1.019001446e+02 +8.842014464e+01 +8.842014464e+01
1298 0 +9.997920591e+01 +8.649920591e+01 +8.649920591e+01
1335 0 +9.769446508e+01 +8.421446508e+01 +8.421446508e+01
1372 0 +9.506070813e+01 +8.158070813e+01 +8.158070813e+01
1410 0 +9.198374479e+01 +7.850374479e+01 +7.850374479e+01
1428 0 +9.031769370e+01 +7.683769370e+01 +7.683769370e+01
1447 0 +8.851056260e+01 +7.503056260e+01 +7.503056260e+01
1466 0 +8.661129052e+01 +7.313129052e+01 +7.313129052e+01
1484 0 +8.465823608e+01 +7.117823608e+01 +7.117823608e+01
1503 0 +8.261557694e+01 +6.913557694e+01 +6.913557694e+01
1521 0 +8.043332451e+01 +6.695332451e+01 +6.695332451e+01
1540 0 +7.823141577e+01 +6.475141577e+01 +6.475141577e+01
1558 0 +7.595200970e+01 +6.247200970e+01 +6.247200970e+01
1577 0 +7.362274306e+01 +6.014274306e+01 +6.014274306e+01
1596 0 +7.127776353e+01 +5.779776353e+01 +5.779776353e+01
1614 0 +6.904741704e+01 +5.556741704e+01 +5.556741704e+01
1633 0 +6.676936725e+01 +5.328936725e+01 +5.328936725e+01
1652 0 +6.463282638e+01 +5.115282638e+01 +5.115282638e+01
1670 0 +6.269022653e+01 +4.921022653e+01 +4.921022653e+01
1689 0 +6.089604959e+01 +4.741604959e+01 +4.741604959e+01
1707 0 +5.935480965e+01 +4.587480965e+01 +4.587480965e+01
1726 0 +5.803774170e+01 +4.455774170e+01 +4.455774170e+01
1744 0 +5.705156834e+01 +4.357156834e+01 +4.357156834e+01
1781 0 +5.605424758e+01 +4.257424758e+01 +4.257424758e+01
2719 0 +5.492036924e+01 +4.144036924e+01 +4.144036924e+01
2892 0 +5.370219967e+01 +4.022219967e+01 +4.022219967e+01
2985 0 +5.223654733e+01 +3.875654733e+01 +3.875654733e+01
3061 0 +5.128375658e+01 +3.780375658e+01 +3.780375658e+01
3157 0 +5.006545705e+01 +3.658545705e+01 +3.658545705e+01
3951 0 +4.893038959e+01 +3.545038959e+01 +3.545038959e+01
4100 0 +4.784078335e+01 +3.436078335e+01 +3.436078335e+01
4230 0 +4.667168921e+01 +3.319168921e+01 +3.319168921e+01
4626 0 +4.569444194e+01 +3.221444194e+01 +3.221444194e+01
4788 0 +4.463553757e+01 +3.115553757e+01 +3.115553757e+01
4871 0 +4.358112251e+01 +3.010112251e+01 +3.010112251e+01
4932 0 +4.265259404e+01 +2.917259404e+01 +2.917259404e+01
5008 0 +4.167037878e+01 +2.819037878e+01 +2.819037878e+01
5857 0 +4.073621505e+01 +2.725621505e+01 +2.725621505e+01
6260 0 +3.980846180e+01 +2.632846180e+01 +2.632846180e+01
6430 0 +3.886429739e+01 +2.538429739e+01 +2.538429739e+01
7626 0 +3.798910492e+01 +2.450910492e+01 +2.450910492e+01
% f evaluations | g evaluations | best noise-free fitness - Fopt (-4.813000000000e+01) + sum g_i+ | measured fitness | best measured fitness or single-digit g-values | x1 | x2...
1 0 +8.785895310e+01 +3.972895310e+01 +3.972895310e+01
4 0 +8.785810747e+01 +3.972810747e+01 +3.972810747e+01
835 0 +8.702372417e+01 +3.889372417e+01 +3.889372417e+01
1082 0 +8.503344518e+01 +3.690344518e+01 +3.690344518e+01
1196 0 +8.297639514e+01 +3.484639514e+01 +3.484639514e+01
1272 0 +8.089770724e+01 +3.276770724e+01 +3.276770724e+01
1329 0 +7.884375677e+01 +3.071375677e+01 +3.071375677e+01
1367 0 +7.720231249e+01 +2.907231249e+01 +2.907231249e+01
1405 0 +7.532054085e+01 +2.719054085e+01 +2.719054085e+01
1443 0 +7.320504340e+01 +2.507504340e+01 +2.507504340e+01
1462 0 +7.205391225e+01 +2.392391225e+01 +2.392391225e+01
1500 0 +6.960840163e+01 +2.147840163e+01 +2.147840163e+01
1519 0 +6.831418813e+01 +2.018418813e+01 +2.018418813e+01
1538 0 +6.699586008e+01 +1.886586008e+01 +1.886586008e+01
1557 0 +6.566136857e+01 +1.753136857e+01 +1.753136857e+01
1576 0 +6.431849580e+01 +1.618849580e+01 +1.618849580e+01
1595 0 +6.300629585e+01 +1.487629585e+01 +1.487629585e+01
1633 0 +6.052527447e+01 +1.239527447e+01 +1.239527447e+01
1652 0 +5.944733948e+01 +1.131733948e+01 +1.131733948e+01
1671 0 +5.850425016e+01 +1.037425016e+01 +1.037425016e+01
1709 0 +5.727902156e+01 +9.149021559e+00 +9.149021559e+00
2511 0 +5.614875499e+01 +8.018754989e+00 +8.018754989e+00
2702 0 +5.486102327e+01 +6.731023265e+00 +6.731023265e+00
3072 0 +5.369637967e+01 +5.566379673e+00 +5.566379673e+00
3436 0 +5.246887325e+01 +4.338873252e+00 +4.338873252e+00
3574 0 +5.110024958e+01 +2.970249580e+00 +2.970249580e+00
3645 0 +4.993547083e+01 +1.805470833e+00 +1.805470833e+00
3699 0 +4.889588286e+01 +7.658828631e-01 +7.658828631e-01
3758 0 +4.770823877e+01 -4.217612288e-01 -4.217612288e-01
3816 0 +4.660875585e+01 -1.521244151e+00 -1.521244151e+00
3906 0 +4.568755778e+01 -2.442442224e+00 -2.442442224e+00
4463 0 +4.461700508e+01 -3.512994924e+00 -3.512994924e+00
5964 0 +4.363408662e+01 -4.495913378e+00 -4.495913378e+00
6272 0 +4.257587776e+01 -5.554122239e+00 -5.554122239e+00
6397 0 +4.161985614e+01 -6.510143856e+00 -6.510143856e+00
6531 0 +4.067535617e+01 -7.454643827e+00 -7.454643827e+00
7374 0 +3.976054321e+01 -8.369456789e+00 -8.369456789e+00
7578 0 +3.885179273e+01 -9.278207269e+00 -9.278207269e+00
