% f evaluations | g evaluations | best noise-free fitness - Fopt (9.294000000000e+01) + sum g_i+ | measured fitness | best measured fitness or single-digit g-values | x1 | x2...
1 0 +1.756574751e+03 +1.849514751e+03 +1.849514751e+03 +0.0000e+00 +0.0000e+00 +0.0000e+00 +0.0000e+00 +0.0000e+00 +0.0000e+00 +0.0000e+00 +0.0000e+00 +0.0000e+00 +0.0000e+00 +0.0000e+00 +0.0000e+00 +0.0000e+00 +0.0000e+00 +0.0000e+00 +0.0000e+00 +0.0000e+00 +0.0000e+00 +0.0000e+00 +0.0000e+00
5 0 +1.736463219e+03 +1.829403219e+03 +1.829403219e+03 +0.0000e+00 +0.0000e+00 +1.0000e-01 +0.0000e+00 +0.0000e+00 +0.0000e+00 +0.0000e+00 +0.0000e+00 +0.0000e+00 +0.0000e+00 +0.0000e+00 +0.0000e+00 +0.0000e+00 +0.0000e+00 +0.0000e+00 +0.0000e+00 +0.0000e+00 +0.0000e+00 +0.0000e+00 +0.0000e+00
8 0 +1.693665599e+03 +1.786605599e+03 +1.786605599e+03 +0.0000e+00 +0.0000e+00 +0.0000e+00 +0.0000e+00 +0.0000e+00 +1.0000e-01 +0.0000e+00 +0.0000e+00 +0.0000e+00 +0.0000e+00 +0.0000e+00 +0.0000e+00 +0.0000e+00 +0.0000e+00 +0.0000e+00 +0.0000e+00 +0.0000e+00 +0.0000e+00 +0.0000e+00 +0.0000e+00
257 0 +1.000736888e+03 +1.093676888e+03 +1.093676888e+03 +9.4322e-02 +8.4845e-01 +1.9654e+00 +3.1657e+00 +3.7284e+00 +1.4913e+00 +5.0432e-01 -4.2755e+00 -7.5152e-01 -4.9912e-01 -1.9260e+00 -3.9094e+00 +3.9570e-02 -1.6229e+00 +1.3615e-01 -1.3866e+00 +2.2199e+00 -6.2940e-01 +2.8240e+00 -3.5812e+00
259 0 +9.171875542e+02 +1.010127554e+03 +1.010127554e+03 +9.4322e-02 +1.2760e+00 +1.9654e+00 +3.1657e+00 +3.7284e+00 +1.4913e+00 +5.0432e-01 -4.2755e+00 -7.5152e-01 -4.9912e-01 -1.9260e+00 -3.9094e+00 +3.9570e-02 -1.6229e+00 +1.3615e-01 -1.3866e+00 +2.2199e+00 -6.2940e-01 +2.8240e+00 -3.5812e+00
267 0 +9.110266171e+02 +1.003966617e+03 +1.003966617e+03 +9.4322e-02 +8.4845e-01 +1.9654e+00 +3.1657e+00 +3.7284e+00 +1.4913e+00 +5.0432e-01 -4.2755e+00 -7.5152e-01 -7.1575e-02 -1.9260e+00 -3.9094e+00 +3.9570e-02 -1.6229e+00 +1.3615e-01 -1.3866e+00 +2.2199e+00 -6.2940e-01 +2.8240e+00 -3.5812e+00
278 0 +8.208650626e+02 +9.138050626e+02 +9.138050626e+02 +7.9320e-02 +1.0097e+00 +2.0551e+00 +3.0981e+00 +3.6775e+00 +1.5636e+00 +6.2639e-01 -4.2697e+00 -7.9356e-01 +1.0153e-01 -1.8645e+00 -3.8849e+00 +6.5111e-02 -1.5184e+00 +2.0443e-01 -1.2246e+00 +2.3496e+00 -5.3403e-01 +2.7237e+00 -3.6626e+00
% f evaluations | g evaluations | best noise-free fitness - Fopt (3.535000000000e+01) + sum g_i+ | measured fitness | best measured fitness or single-digit g-values | x1 | x2...
1 0 +2.653243133e+03 +2.688593133e+03 +2.688593133e+03 +0.0000e+00 +0.0000e+00 +0.0000e+00 +0.0000e+00 +0.0000e+00 +0.0000e+00 +0.0000e+00 +0.0000e+00 +0.0000e+00 +0.0000e+00 +0.0000e+00 +0.0000e+00 +0.0000e+00 +0.0000e+00 +0.0000e+00 +0.0000e+00 +0.0000e+00 +0.0000e+00 +0.0000e+00 +0.0000e+00
10 0 +2.648872664e+03 +2.684222664e+03 +2.684222664e+03 +0.0000e+00 +0.0000e+00 +0.0000e+00 +0.0000e+00 +0.0000e+00 +0.0000e+00 +0.0000e+00 +1.0000e-01 +0.0000e+00 +0.0000e+00 +0.0000e+00 +0.0000e+00 +0.0000e+00 +0.0000e+00 +0.0000e+00 +0.0000e+00 +0.0000e+00 +0.0000e+00 +0.0000e+00 +0.0000e+00
263 0 +2.244942625e+03 +2.280292625e+03 +2.280292625e+03 +2.5027e+00 +7.1611e-01 -1.5217e+00 +2.2594e+00 -1.2330e+00 -2.6922e+00 +4.1672e-01 -2.3062e+00 -3.6311e-01 -1.7551e+00 +3.4382e-01 +1.7501e-01 +1.2205e+00 -6.8593e-02 -1.0808e+00 +1.7674e+00 -2.0125e+00 -2.1516e+00 +1.3907e+00 +1.3234e+00
265 0 +2.232491512e+03 +2.267841512e+03 +2.267841512e+03 +2.5027e+00 +9.8533e-01 -1.5217e+00 +2.2594e+00 -1.2330e+00 -2.6922e+00 +4.1672e-01 -2.3062e+00 -3.6311e-01 -1.7551e+00 +3.4382e-01 +1.7501e-01 +1.2205e+00 -6.8593e-02 -1.0808e+00 +1.7674e+00 -2.0125e+00 -2.1516e+00 +1.3907e+00 +1.3234e+00
266 0 +2.186857067e+03 +2.222207067e+03 +2.222207067e+03 +2.5027e+00 +7.1611e-01 -1.2525e+00 +2.2594e+00 -1.2330e+00 -2.6922e+00 +4.1672e-01 -2.3062e+00 -3.6311e-01 -1.7551e+00 +3.4382e-01 +1.7501e-01 +1.2205e+00 -6.8593e-02 -1.0808e+00 +1.7674e+00 -2.0125e+00 -2.1516e+00 +1.3907e+00 +1.3234e+00
284 0 +1.994866561e+03 +2.030216561e+03 +2.030216561e+03 +2.4715e+00 +7.3034e-01 -1.4554e+00 +2.2645e+00 -1.2354e+00 -2.7654e+00 +4.9476e-01 -2.2559e+00 -3.4841e-01 -1.6923e+00 +2.5462e-01 +6.8134e-02 +1.2363e+00 +3.0259e-01 -1.0757e+00 +1.7095e+00 -1.9681e+00 -2.1680e+00 +1.4788e+00 +1.2506e+00
440 0 +1.702274030e+03 +1.737624030e+03 +1.737624030e+03 -2.7229e+00 +7.7334e-01 +3.5580e+00 +7.7594e-01 -1.6418e+00 -4.0184e+00 +9.7266e-01 +2.0881e+00 +1.9461e+00 -7.2983e-01 -3.8413e+00 +2.4199e+00 +1.9945e+00 +2.8199e-01 +7.7229e-01 +4.2068e-01 -1.2695e+00 +1.2696e+00 +1.9243e+00 +2.0935e+00
441 0 +1.607537923e+03 +1.642887923e+03 +1.642887923e+03 -2.3211e+00 +7.7334e-01 +3.5580e+00 +7.7594e-01 -1.6418e+00 -4.0184e+00 +9.7266e-01 +2.0881e+00 +1.9461e+00 -7.2983e-01 -3.8413e+00 +2.4199e+00 +1.9945e+00 +2.8199e-01 +7.7229e-01 +4.2068e-01 -1.2695e+00 +1.2696e+00 +1.9243e+00 +2.0935e+00
459 0 +1.584052269e+03 +1.619402269e+03 +1.619402269e+03 -2.7229e+00 +7.7334e-01 +3.5580e+00 +7.7594e-01 -1.6418e+00 -4.0184e+00 +9.7266e-01 +2.0881e+00 +1.9461e+00 -7.2983e-01 -3.8413e+00 +2.4199e+00 +1.9945e+00 +2.8199e-01 +7.7229e-01 +4.2068e-01 -1.2695e+00 +1.2696e+00 +2.3261e+00 +2.0935e+00
461 0 +1.487557915e+03 +1.522907915e+03 +1.522907915e+03 -2.6077e+00 +9.1035e-01 +3.5722e+00 +8.6163e-01 -1.6867e+00 -4.0905e+00 +1.0491e+00 +2.1772e+00 +2.0200e+00 -6.0516e-01 -3.7708e+00 +2.4043e+00 +2.1159e+00 +3.5406e-01 +7.3819e-01 +4.5760e-01 -1.2144e+00 +1.3815e+00 +2.4699e+00 +2.2200e+00
462 0 +1.426692413e+03 +1.462042413e+03 +1.462042413e+03 -2.5724e+00 +9.7476e-01 +3.4726e+00 +8.5749e-01 -1.8654e+00 -4.3055e+00 +1.0327e+00 +2.1775e+00 +2.0000e+00 -5.5725e-01 -3.7951e+00 +2.2649e+00 +2.1593e+00 +3.3173e-01 +5.7404e-01 +3.8831e-01 -1.2593e+00 +1.4123e+00 +2.5433e+00 +2.2703e+00
464 0 +1.400261347e+03 +1.435611347e+03 +1.435611347e+03 -2.4623e+00 +1.1384e+00 +3.3352e+00 +8.9532e-01 -1.7103e+00 -4.1166e+00 +1.0480e+00 +2.2236e+00 +2.0088e+00 -4.2392e-01 -3.7944e+00 +2.0545e+00 +2.2845e+00 +3.3616e-01 +3.1826e-01 +3.0660e-01 -1.2964e+00 +1.5143e+00 +2.7235e+00 +2.4081e+00
466 0 +1.306084783e+03 +1.341434783e+03 +1.341434783e+03 -2.3457e+00 +1.3180e+00 +3.1596e+00 +9.2648e-01 -1.8331e+00 -4.3093e+00 +1.0525e+00 +2.2645e+00 +2.0056e+00 -2.8002e-01 -3.8070e+00 +2.2288e+00 +2.4187e+00 +3.2792e-01 +5.3091e-01 +1.9667e-01 -1.3537e+00 +1.6211e+00 +2.9227e+00 +2.5572e+00
469 0 +1.266075137e+03 +1.301425137e+03 +1.301425137e+03 -2.2747e+00 +1.4372e+00 +3.3890e+00 +9.3222e-01 -1.9269e+00 -4.4565e+00 +1.0379e+00 +2.2777e+00 +1.9852e+00 -1.8815e-01 -3.8347e+00 +2.3374e+00 +2.5032e+00 +3.0354e-01 +4.2182e-01 +9.4759e-02 -1.2122e+00 +1.6847e+00 +3.0568e+00 +2.6531e+00
762 0 +1.238514199e+03 +1.273864199e+03 +1.273864199e+03 -1.5426e-01 +1.8531e+00 +1.0828e+00 +6.5467e-01 -1.2302e+00 -4.9540e-01 -2.0206e-01 +1.6616e+00 +2.3396e+00 -1.6894e+00 +9.2871e-01 -3.3708e+00 -2.2298e+00 +2.9667e+00 -9.2413e-01 -8.2625e-01 +6.4467e-01 +1.3544e-02 +1.5011e+00 -2.4559e+00
% f evaluations | g evaluations | best noise-free fitness - Fopt (3.820000000000e+00) + sum g_i+ | measured fitness | best measured fitness or single-digit g-values | x1 | x2...
1 0 +7.959996499e+02 +7.998196499e+02 +7.998196499e+02 +0.0000e+00 +0.0000e+00 +0.0000e+00 +0.0000e+00 +0.0000e+00 +0.0000e+00 +0.0000e+00 +0.0000e+00 +0.0000e+00 +0.0000e+00 +0.0000e+00 +0.0000e+00 +0.0000e+00 +0.0000e+00 +0.0000e+00 +0.0000e+00 +0.0000e+00 +0.0000e+00 +0.0000e+00 +0.0000e+00
3 0 +7.950862662e+02 +7.989062662e+02 +7.989062662e+02 +1.0000e-01 +0.0000e+00 +0.0000e+00 +0.0000e+00 +0.0000e+00 +0.0000e+00 +0.0000e+00 +0.0000e+00 +0.0000e+00 +0.0000e+00 +0.0000e+00 +0.0000e+00 +0.0000e+00 +0.0000e+00 +0.0000e+00 +0.0000e+00 +0.0000e+00 +0.0000e+00 +0.0000e+00 +0.0000e+00
22 0 +7.932979130e+02 +7.971179130e+02 +7.971179130e+02 +0.0000e+00 +0.0000e+00 +0.0000e+00 +0.0000e+00 +0.0000e+00 +0.0000e+00 +0.0000e+00 +0.0000e+00 +0.0000e+00 +0.0000e+00 +0.0000e+00 +0.0000e+00 +0.0000e+00 +0.0000e+00 +0.0000e+00 +0.0000e+00 +0.0000e+00 +0.0000e+00 +0.0000e+00 +1.0000e-01
378 0 +7.675415710e+02 +7.713615710e+02 +7.713615710e+02 +3.0061e+00 +1.7914e+00 -2.3837e+00 -1.6630e+00 -2.4779e+00 -1.4439e+00 +5.8937e-02 +7.5154e-01 -2.7413e+00 -2.5353e+00 -2.9406e+00 -1.2718e+00 -2.8104e+00 +1.0300e+00 +2.3237e+00 -6.7017e-01 -2.5662e+00 -1.0089e+00 -1.3607e+00 +3.5506e+00
381 0 +7.482148464e+02 +7.520348464e+02 +7.520348464e+02 +3.0061e+00 +1.7914e+00 -2.0286e+00 -1.6630e+00 -2.4779e+00 -1.4439e+00 +5.8937e-02 +7.5154e-01 -2.7413e+00 -2.5353e+00 -2.9406e+00 -1.2718e+00 -2.8104e+00 +1.0300e+00 +2.3237e+00 -6.7017e-01 -2.5662e+00 -1.0089e+00 -1.3607e+00 +3.5506e+00
382 0 +7.373393647e+02 +7.411593647e+02 +7.411593647e+02 +3.0061e+00 +1.7914e+00 -2.3837e+00 -1.3080e+00 -2.4779e+00 -1.4439e+00 +5.8937e-02 +7.5154e-01 -2.7413e+00 -2.5353e+00 -2.9406e+00 -1.2718e+00 -2.8104e+00 +1.0300e+00 +2.3237e+00 -6.7017e-01 -2.5662e+00 -1.0089e+00 -1.3607e+00 +3.5506e+00
384 0 +7.166776512e+02 +7.204976512e+02 +7.204976512e+02 +3.0061e+00 +1.7914e+00 -2.3837e+00 -1.6630e+00 -2.4779e+00 -1.0889e+00 +5.8937e-02 +7.5154e-01 -2.7413e+00 -2.5353e+00 -2.9406e+00 -1.2718e+00 -2.8104e+00 +1.0300e+00 +2.3237e+00 -6.7017e-01 -2.5662e+00 -1.0089e+00 -1.3607e+00 +3.5506e+00
920 0 +5.535379125e+02 +5.573579125e+02 +5.573579125e+02 +1.3615e+00 +1.2404e+00 +2.2671e+00 -3.6842e+00 -2.9845e+00 +3.0221e+00 +3.7892e+00 -1.9597e+00 +1.8688e-02 -1.5001e+00 -3.9287e+00 +9.3698e-03 -4.5328e+00 +3.2252e-01 +2.0574e+00 -4.2476e-01 -4.8022e-01 +7.8777e-01 +3.0937e+00 +6.2333e-01
922 0 +5.330995261e+02 +5.369195261e+02 +5.369195261e+02 +1.3615e+00 +1.7076e+00 +2.2671e+00 -3.6842e+00 -2.9845e+00 +3.0221e+00 +3.7892e+00 -1.9597e+00 +1.8688e-02 -1.5001e+00 -3.9287e+00 +9.3698e-03 -4.5328e+00 +3.2252e-01 +2.0574e+00 -4.2476e-01 -4.8022e-01 +7.8777e-01 +3.0937e+00 +6.2333e-01
925 0 +4.950530060e+02 +4.988730060e+02 +4.988730060e+02 +1.3615e+00 +1.2404e+00 +2.2671e+00 -3.6842e+00 -2.5173e+00 +3.0221e+00 +3.7892e+00 -1.9597e+00 +1.8688e-02 -1.5001e+00 -3.9287e+00 +9.3698e-03 -4.5328e+00 +3.2252e-01 +2.0574e+00 -4.2476e-01 -4.8022e-01 +7.8777e-01 +3.0937e+00 +6.2333e-01
941 0 +4.817327515e+02 +4.855527515e+02 +4.855527515e+02 +1.2346e+00 +1.3121e+00 +2.2119e+00 -3.8200e+00 -2.3121e+00 +2.8557e+00 +3.8055e+00 -1.9747e+00 -6.4643e-02 -1.5097e+00 -3.9383e+00 +9.4704e-03 -4.6033e+00 +3.1928e-01 +1.8406e+00 -5.1542e-01 -4.5237e-01 +7.5488e-01 +3.1338e+00 +8.0881e-01
% f evaluations | g evaluations | best noise-free fitness - Fopt (2.175000000000e+01) + sum g_i+ | measured fitness | best measured fitness or single-digit g-values | x1 | x2...
1 0 +1.198388697e+03 +1.220138697e+03 +1.220138697e+03 +0.0000e+00 +0.0000e+00 +0.0000e+00 +0.0000e+00 +0.0000e+00 +0.0000e+00 +0.0000e+00 +0.0000e+00 +0.0000e+00 +0.0000e+00 +0.0000e+00 +0.0000e+00 +0.0000e+00 +0.0000e+00 +0.0000e+00 +0.0000e+00 +0.0000e+00 +0.0000e+00 +0.0000e+00 +0.0000e+00
3 0 +1.164723007e+03 +1.186473007e+03 +1.186473007e+03 +1.0000e-01 +0.0000e+00 +0.0000e+00 +0.0000e+00 +0.0000e+00 +0.0000e+00 +0.0000e+00 +0.0000e+00 +0.0000e+00 +0.0000e+00 +0.0000e+00 +0.0000e+00 +0.0000e+00 +0.0000e+00 +0.0000e+00 +0.0000e+00 +0.0000e+00 +0.0000e+00 +0.0000e+00 +0.0000e+00
6 0 +1.142468333e+03 +1.164218333e+03 +1.164218333e+03 +0.0000e+00 +0.0000e+00 +0.0000e+00 +1.0000e-01 +0.0000e+00 +0.0000e+00 +0.0000e+00 +0.0000e+00 +0.0000e+00 +0.0000e+00 +0.0000e+00 +0.0000e+00 +0.0000e+00 +0.0000e+00 +0.0000e+00 +0.0000e+00 +0.0000e+00 +0.0000e+00 +0.0000e+00 +0.0000e+00
7 0 +1.089030749e+03 +1.110780749e+03 +1.110780749e+03 +0.0000e+00 +0.0000e+00 +0.0000e+00 +0.0000e+00 +1.0000e-01 +0.0000e+00 +0.0000e+00 +0.0000e+00 +0.0000e+00 +0.0000e+00 +0.0000e+00 +0.0000e+00 +0.0000e+00 +0.0000e+00 +0.0000e+00 +0.0000e+00 +0.0000e+00 +0.0000e+00 +0.0000e+00 +0.0000e+00
24 0 +1.070366510e+03 +1.092116510e+03 +1.092116510e+03 -9.9265e-03 -9.0417e-03 -9.4227e-03 -6.0983e-03 +3.0937e-03 -1.5717e-02 +1.0574e-01 -1.2351e-02 +5.7393e-04 -9.0417e-03 +2.9082e-04 -1.2351e-02 +2.5026e-03 -1.4044e-02 -1.9655e-02 -1.0780e-02 -1.5717e-02 -1.2351e-02 -1.9081e-02 -6.8660e-03
% f evaluations | g evaluations | best noise-free fitness - Fopt (6.479000000000e+01) + sum g_i+ | measured fitness | best measured fitness or single-digit g-values | x1 | x2...
1 0 +8.307298063e+02 +8.955198063e+02 +8.955198063e+02 +0.0000e+00 +0.0000e+00 +0.0000e+00 +0.0000e+00 +0.0000e+00 +0.0000e+00 +0.0000e+00 +0.0000e+00 +0.0000e+00 +0.0000e+00 +0.0000e+00 +0.0000e+00 +0.0000e+00 +0.0000e+00 +0.0000e+00 +0.0000e+00 +0.0000e+00 +0.0000e+00 +0.0000e+00 +0.0000e+00
3 0 +8.201315646e+02 +8.849215646e+02 +8.849215646e+02 +1.0000e-01 +0.0000e+00 +0.0000e+00 +0.0000e+00 +0.0000e+00 +0.0000e+00 +0.0000e+00 +0.0000e+00 +0.0000e+00 +0.0000e+00 +0.0000e+00 +0.0000e+00 +0.0000e+00 +0.0000e+00 +0.0000e+00 +0.0000e+00 +0.0000e+00 +0.0000e+00 +0.0000e+00 +0.0000e+00
808 0 +7.762178014e+02 +8.410078014e+02 +8.410078014e+02 -2.2608e+00 -1.0538e+00 +2.3804e-01 +3.5073e+00 -7.4560e-01 +1.5173e+00 +1.4463e+00 -6.3443e-01 -3.5031e+00 +4.1178e+00 +4.5436e+00 -3.0642e+00 -5.0432e-02 -1.8481e+00 -8.9306e-01 +2.7003e+00 +7.3676e-01 -2.7383e+00 +2.2893e+00 -2.9070e+00
825 0 +7.238443913e+02 +7.886343913e+02 +7.886343913e+02 -2.1762e+00 -1.0101e+00 +1.4056e-01 +3.7126e+00 -6.1006e-01 +1.5121e+00 +1.4490e+00 -5.2977e-01 -3.4910e+00 +4.0178e+00 +4.6296e+00 -2.9513e+00 -3.5944e-02 -1.6620e+00 -8.1357e-01 +2.7641e+00 +7.8857e-01 -2.7099e+00 +2.1358e+00 -2.7819e+00
826 0 +7.009005160e+02 +7.656905160e+02 +7.656905160e+02 -2.2301e+00 -1.0933e+00 -4.3787e-02 +3.7450e+00 -6.2750e-01 +1.3939e+00 +1.3365e+00 -5.6933e-01 -3.5967e+00 +3.8316e+00 +4.5767e+00 -2.9849e+00 -1.4009e-01 -1.6433e+00 -8.7115e-01 +2.6953e+00 +7.1115e-01 -2.8041e+00 +1.9113e+00 -2.8069e+00
827 0 +6.709230318e+02 +7.357130318e+02 +7.357130318e+02 -2.2174e+00 -1.1189e+00 -2.0199e-01 +3.8709e+00 -5.6705e-01 +1.3223e+00 +1.2723e+00 -5.3785e-01 -3.6520e+00 +3.6711e+00 +4.5907e+00 -2.9457e+00 -1.9322e-01 -1.5354e+00 -8.6329e-01 +2.6884e+00 +6.9303e-01 -2.8442e+00 +2.2323e+00 -2.7563e+00
839 0 +6.557264194e+02 +7.205164194e+02 +7.205164194e+02 -2.1886e+00 -1.1175e+00 -2.0492e-01 +3.8695e+00 -5.7105e-01 +1.3925e+00 +1.1812e+00 -5.4301e-01 -3.6530e+00 +3.6670e+00 +4.5849e+00 -2.9505e+00 -1.9406e-01 -1.5375e+00 -8.3126e-01 +2.6896e+00 +6.9368e-01 -2.8454e+00 +2.2316e+00 -2.7607e+00
% f evaluations | g evaluations | best noise-free fitness - Fopt (-2.154600000000e+02) + sum g_i+ | measured fitness | best measured fitness or single-digit g-values | x1 | x2...
1 0 +1.454115506e+03 +1.238655506e+03 +1.238655506e+03 +0.0000e+00 +0.0000e+00 +0.0000e+00 +0.0000e+00 +0.0000e+00 +0.0000e+00 +0.0000e+00 +0.0000e+00 +0.0000e+00 +0.0000e+00 +0.0000e+00 +0.0000e+00 +0.0000e+00 +0.0000e+00 +0.0000e+00 +0.0000e+00 +0.0000e+00 +0.0000e+00 +0.0000e+00 +0.0000e+00
8 0 +1.452871068e+03 +1.237411068e+03 +1.237411068e+03 +0.0000e+00 +0.0000e+00 +0.0000e+00 +0.0000e+00 +0.0000e+00 +1.0000e-01 +0.0000e+00 +0.0000e+00 +0.0000e+00 +0.0000e+00 +0.0000e+00 +0.0000e+00 +0.0000e+00 +0.0000e+00 +0.0000e+00 +0.0000e+00 +0.0000e+00 +0.0000e+00 +0.0000e+00 +0.0000e+00
528 0 +9.126006530e+02 +6.971406530e+02 +6.971406530e+02 +5.3937e-01 +1.3566e+00 -4.4897e+00 +2.9657e-01 +2.4706e+00 -4.4909e-01 -1.9478e+00 -2.3493e+00 +7.0903e-01 +2.9156e+00 -2.7353e+00 -7.1523e-01 -2.0927e+00 -2.6493e+00 -1.6421e+00 +2.3118e+00 -2.0673e+00 -1.1470e+00 -2.2520e+00 -2.0812e+00
531 0 +8.695936944e+02 +6.541336944e+02 +6.541336944e+02 +5.3937e-01 +1.3566e+00 -4.0407e+00 +2.9657e-01 +2.4706e+00 -4.4909e-01 -1.9478e+00 -2.3493e+00 +7.0903e-01 +2.9156e+00 -2.7353e+00 -7.1523e-01 -2.0927e+00 -2.6493e+00 -1.6421e+00 +2.3118e+00 -2.0673e+00 -1.1470e+00 -2.2520e+00 -2.0812e+00
550 0 +7.681456452e+02 +5.526856452e+02 +5.526856452e+02 +6.7228e-01 +1.4100e+00 -3.7497e+00 +2.2734e-01 +2.4699e+00 -6.8997e-01 -1.9695e+00 -2.1312e+00 +4.9011e-01 +2.9860e+00 -2.8676e+00 -7.9874e-01 -2.1627e+00 -2.6429e+00 -1.8756e+00 +2.3955e+00 -2.1032e+00 -1.3014e+00 -2.1468e+00 -1.9852e+00
% f evaluations | g evaluations | best noise-free fitness - Fopt (-3.217200000000e+02) + sum g_i+ | measured fitness | best measured fitness or single-digit g-values | x1 | x2...
1 0 +1.746228604e+03 +1.424508604e+03 +1.424508604e+03 +0.0000e+00 +0.0000e+00 +0.0000e+00 +0.0000e+00 +0.0000e+00 +0.0000e+00 +0.0000e+00 +0.0000e+00 +0.0000e+00 +0.0000e+00 +0.0000e+00 +0.0000e+00 +0.0000e+00 +0.0000e+00 +0.0000e+00 +0.0000e+00 +0.0000e+00 +0.0000e+00 +0.0000e+00 +0.0000e+00
3 0 +1.731187851e+03 +1.409467851e+03 +1.409467851e+03 +1.0000e-01 +0.0000e+00 +0.0000e+00 +0.0000e+00 +0.0000e+00 +0.0000e+00 +0.0000e+00 +0.0000e+00 +0.0000e+00 +0.0000e+00 +0.0000e+00 +0.0000e+00 +0.0000e+00 +0.0000e+00 +0.0000e+00 +0.0000e+00 +0.0000e+00 +0.0000e+00 +0.0000e+00 +0.0000e+00
23 0 +1.691900435e+03 +1.370180435e+03 +1.370180435e+03 +2.0034e-02 +3.5388e-03 +2.3554e-02 -1.8575e-03 -2.2221e-03 +2.5589e-02 -1.8575e-03 -5.7830e-03 +2.3088e-02 +2.1587e-03 +1.4881e-01 +2.0034e-02 -1.2542e-02 +2.1587e-03 -2.2221e-03 +1.8518e-02 -2.2221e-03 +2.2066e-02 +1.3145e-03 -6.3293e-02
374 0 +1.475496272e+03 +1.153776272e+03 +1.153776272e+03 -5.3935e-01 -1.6717e+00 -1.3202e+00 -3.7101e-01 +2.8667e+00 +2.1762e+00 +3.0764e+00 -3.0201e-01 -4.2132e+00 +1.6834e+00 -2.5309e+00 -3.9009e-01 -6.1130e-01 -6.8368e-01 -4.3177e+00 +3.2813e+00 +3.4602e-01 +3.0284e+00 +1.9494e+00 +9.9034e-02
378 0 +1.382980685e+03 +1.061260685e+03 +1.061260685e+03 -5.3935e-01 -1.6717e+00 -1.3202e+00 +6.0766e-02 +2.8667e+00 +2.1762e+00 +3.0764e+00 -3.0201e-01 -4.2132e+00 +1.6834e+00 -2.5309e+00 -3.9009e-01 -6.1130e-01 -6.8368e-01 -4.3177e+00 +3.2813e+00 +3.4602e-01 +3.0284e+00 +1.9494e+00 +9.9034e-02
380 0 +1.366268353e+03 +1.044548353e+03 +1.044548353e+03 -5.3935e-01 -1.6717e+00 -1.3202e+00 -3.7101e-01 +2.8667e+00 +2.6080e+00 +3.0764e+00 -3.0201e-01 -4.2132e+00 +1.6834e+00 -2.5309e+00 -3.9009e-01 -6.1130e-01 -6.8368e-01 -4.3177e+00 +3.2813e+00 +3.4602e-01 +3.0284e+00 +1.9494e+00 +9.9034e-02
388 0 +1.327134379e+03 +1.005414379e+03 +1.005414379e+03 -5.3935e-01 -1.6717e+00 -1.3202e+00 -3.7101e-01 +2.8667e+00 +2.1762e+00 +3.0764e+00 -3.0201e-01 -4.2132e+00 +1.6834e+00 -2.5309e+00 -3.9009e-01 -6.1130e-01 -2.5191e-01 -4.3177e+00 +3.2813e+00 +3.4602e-01 +3.0284e+00 +1.9494e+00 +9.9034e-02
395 0 +1.287331419e+03 +9.656114187e+02 +9.656114187e+02 -5.7364e-01 -1.6429e+00 -1.4167e+00 -2.7422e-01 +2.8723e+00 +2.2905e+00 +3.0518e+00 -4.9630e-01 -4.1686e+00 +1.6023e+00 -2.4618e+00 -4.8561e-01 -7.7357e-01 -9.6695e-02 -4.2965e+00 +3.3243e+00 +4.9101e-01 +2.9730e+00 +1.9182e+00 -1.9568e-02
396 0 +1.233228523e+03 +9.115085229e+02 +9.115085229e+02 -5.9273e-01 -1.6269e+00 -1.4704e+00 -2.2032e-01 +2.8754e+00 +2.3541e+00 +3.0381e+00 -1.2171e-01 -4.1437e+00 +1.5572e+00 -2.4234e+00 -5.3880e-01 -8.6394e-01 -1.0260e-02 -4.2847e+00 +3.3482e+00 +5.7174e-01 +2.9422e+00 +1.9009e+00 -8.5614e-02
397 0 +1.206902642e+03 +8.851826424e+02 +8.851826424e+02 -6.1384e-01 -1.6093e+00 -1.5298e+00 -1.6075e-01 +2.8788e+00 +2.4245e+00 +3.0230e+00 -1.0332e-01 -4.1162e+00 +1.5073e+00 -2.3809e+00 -5.9759e-01 -4.9012e-01 +8.5272e-02 -4.2716e+00 +3.3747e+00 +6.6098e-01 +2.9081e+00 +1.8817e+00 -1.5861e-01
398 0 +1.181977756e+03 +8.602577556e+02 +8.602577556e+02 -6.3248e-01 -1.5936e+00 -1.5823e+00 -1.0811e-01 +2.8819e+00 +2.4866e+00 +3.0096e+00 -8.7067e-02 -4.0920e+00 +1.4632e+00 -2.3433e+00 -6.4953e-01 -4.9391e-01 +1.6968e-01 -4.2601e+00 +3.3981e+00 +7.3982e-01 +2.8780e+00 +1.8648e+00 +2.3398e-01
401 0 +1.173279299e+03 +8.515592985e+02 +8.515592985e+02 -6.3188e-01 -1.5930e+00 -1.5823e+00 -1.0751e-01 +2.8825e+00 +2.4872e+00 +3.0102e+00 -8.7067e-02 -4.0914e+00 +1.3827e+00 -2.3427e+00 -5.7758e-01 -4.9391e-01 +1.7028e-01 -4.2595e+00 +3.3987e+00 +7.4043e-01 +2.8786e+00 +1.8654e+00 +2.3398e-01
% f evaluations | g evaluations | best noise-free fitness - Fopt (-1.042000000000e+02) + sum g_i+ | measured fitness | best measured fitness or single-digit g-values | x1 | x2...
1 0 +7.342347218e+02 +6.300347218e+02 +6.300347218e+02 +0.0000e+00 +0.0000e+00 +0.0000e+00 +0.0000e+00 +0.0000e+00 +0.0000e+00 +0.0000e+00 +0.0000e+00 +0.0000e+00 +0.0000e+00 +0.0000e+00 +0.0000e+00 +0.0000e+00 +0.0000e+00 +0.0000e+00 +0.0000e+00 +0.0000e+00 +0.0000e+00 +0.0000e+00 +0.0000e+00
9 0 +7.325651983e+02 +6.283651983e+02 +6.283651983e+02 +0.0000e+00 +0.0000e+00 +0.0000e+00 +0.0000e+00 +0.0000e+00 +0.0000e+00 +1.0000e-01 +0.0000e+00 +0.0000e+00 +0.0000e+00 +0.0000e+00 +0.0000e+00 +0.0000e+00 +0.0000e+00 +0.0000e+00 +0.0000e+00 +0.0000e+00 +0.0000e+00 +0.0000e+00 +0.0000e+00
744 0 +6.698130040e+02 +5.656130040e+02 +5.656130040e+02 -6.4655e-01 -4.4280e+00 -2.2683e+00 -9.6065e-02 +3.3050e+00 -2.4253e+00 -8.3831e-01 +1.7424e+00 -3.6323e+00 -2.3891e+00 +8.6840e-01 +1.2268e+00 +1.6006e+00 +2.9287e-01 +7.2473e-01 -1.1249e+00 +5.0032e-01 +7.7196e-01 +3.6550e+00 +1.1865e-01
754 0 +6.603049121e+02 +5.561049121e+02 +5.561049121e+02 -6.4655e-01 -4.4280e+00 -2.2683e+00 -9.6065e-02 +3.3050e+00 -2.4253e+00 -8.3831e-01 +1.7424e+00 -3.6323e+00 -1.9463e+00 +8.6840e-01 +1.2268e+00 +1.6006e+00 +2.9287e-01 +7.2473e-01 -1.1249e+00 +5.0032e-01 +7.7196e-01 +3.6550e+00 +1.1865e-01
% f evaluations | g evaluations | best noise-free fitness - Fopt (6.147000000000e+01) + sum g_i+ | measured fitness | best measured fitness or single-digit g-values | x1 | x2...
1 0 +2.448646686e+03 +2.510116686e+03 +2.510116686e+03 +0.0000e+00 +0.0000e+00 +0.0000e+00 +0.0000e+00 +0.0000e+00 +0.0000e+00 +0.0000e+00 +0.0000e+00 +0.0000e+00 +0.0000e+00 +0.0000e+00 +0.0000e+00 +0.0000e+00 +0.0000e+00 +0.0000e+00 +0.0000e+00 +0.0000e+00 +0.0000e+00 +0.0000e+00 +0.0000e+00
6 0 +2.447351871e+03 +2.508821871e+03 +2.508821871e+03 +0.0000e+00 +0.0000e+00 +0.0000e+00 +1.0000e-01 +0.0000e+00 +0.0000e+00 +0.0000e+00 +0.0000e+00 +0.0000e+00 +0.0000e+00 +0.0000e+00 +0.0000e+00 +0.0000e+00 +0.0000e+00 +0.0000e+00 +0.0000e+00 +0.0000e+00 +0.0000e+00 +0.0000e+00 +0.0000e+00
354 0 +2.302329990e+03 +2.363799990e+03 +2.363799990e+03 +4.2094e+00 -4.3224e-01 -9.9957e-02 +9.3483e-01 -3.6551e+00 +6.9907e-01 +4.2002e-01 +1.4585e+00 -2.2674e+00 -1.4174e+00 -4.0117e+00 -4.5599e-01 +3.6539e-01 +1.9274e-01 +2.0663e+00 -2.3457e+00 +7.1547e-01 +8.0457e-01 +3.5772e-01 +2.3503e+00
363 0 +2.231487770e+03 +2.292957770e+03 +2.292957770e+03 +4.2094e+00 -4.3224e-01 -9.9957e-02 +9.3483e-01 -3.6551e+00 +6.9907e-01 +4.2002e-01 +1.4585e+00 -1.8464e+00 -1.4174e+00 -4.0117e+00 -4.5599e-01 +3.6539e-01 +1.9274e-01 +2.0663e+00 -2.3457e+00 +7.1547e-01 +8.0457e-01 +3.5772e-01 +2.3503e+00
375 0 +2.173755717e+03 +2.235225717e+03 +2.235225717e+03 +4.0472e+00 -4.6851e-01 -1.4831e-01 +6.9823e-01 -3.7235e+00 +5.7828e-01 +2.8845e-01 +1.4199e+00 -1.7735e+00 -1.4789e+00 -4.0223e+00 -5.8212e-01 +4.0794e-01 +2.3503e-01 +1.9586e+00 -2.4251e+00 +6.9172e-01 +7.3965e-01 +3.3612e-01 +2.3864e+00
376 0 +2.045333183e+03 +2.106803183e+03 +2.106803183e+03 +4.0212e+00 -3.8297e-01 -7.3476e-02 +6.0655e-01 -3.6663e+00 +5.8903e-01 +2.8968e-01 +1.5033e+00 -1.5913e+00 -1.4157e+00 -3.9140e+00 -5.7609e-01 +5.6320e-01 +3.9006e-01 +1.9810e+00 -2.3776e+00 +7.8832e-01 +7.9982e-01 +4.3462e-01 +2.5359e+00
377 0 +1.898672820e+03 +1.960142820e+03 +1.960142820e+03 +3.8877e+00 -3.6411e-01 -6.9227e-02 +8.5741e-01 -3.6863e+00 +5.0570e-01 +1.9332e-01 +1.5194e+00 -1.4403e+00 -1.4273e+00 -3.8640e+00 -6.6587e-01 +6.7737e-01 +5.0390e-01 +1.9136e+00 -2.4109e+00 +8.2232e-01 +7.8404e-01 +4.7122e-01 +2.6422e+00
379 0 +1.846544439e+03 +1.908014439e+03 +1.908014439e+03 +3.8096e+00 -3.6279e-01 -7.3210e-02 +8.7168e-01 -3.6990e+00 +4.6998e-01 +3.5863e-01 +1.5197e+00 -1.3911e+00 -1.4370e+00 -3.8514e+00 -7.0393e-01 +7.1321e-01 +5.3964e-01 +1.8836e+00 -2.4284e+00 +8.2912e-01 +7.7279e-01 +4.7896e-01 +2.6752e+00
565 0 +6.868607946e+02 +7.483307946e+02 +7.483307946e+02 +3.5457e+00 +2.2929e+00 +4.8015e-01 +1.0002e-01 -1.9106e+00 -2.0841e+00 -4.8073e-01 +3.1121e+00 +4.5420e+00 -2.2706e-01 +5.6775e-01 +3.1794e-02 +1.2647e+00 +3.4388e+00 -1.4326e+00 +2.2363e+00 +2.0914e+00 +1.1427e+00 -4.1092e+00 -8.3744e-01
570 0 +6.682781193e+02 +7.297481193e+02 +7.297481193e+02 +3.5457e+00 +2.2929e+00 +4.8015e-01 +1.0002e-01 -1.4526e+00 -2.0841e+00 -4.8073e-01 +3.1121e+00 +4.5420e+00 -2.2706e-01 +5.6775e-01 +3.1794e-02 +1.2647e+00 +3.4388e+00 -1.4326e+00 +2.2363e+00 +2.0914e+00 +1.1427e+00 -4.1092e+00 -8.3744e-01
572 0 +6.556484487e+02 +7.171184487e+02 +7.171184487e+02 +3.5457e+00 +2.2929e+00 +4.8015e-01 +1.0002e-01 -1.9106e+00 -2.0841e+00 -2.2780e-02 +3.1121e+00 +4.5420e+00 -2.2706e-01 +5.6775e-01 +3.1794e-02 +1.2647e+00 +3.4388e+00 -1.4326e+00 +2.2363e+00 +2.0914e+00 +1.1427e+00 -4.1092e+00 -8.3744e-01
580 0 +6.450771322e+02 +7.065471322e+02 +7.065471322e+02 +3.5457e+00 +2.2929e+00 +4.8015e-01 +1.0002e-01 -1.9106e+00 -2.0841e+00 -4.8073e-01 +3.1121e+00 +4.5420e+00 -2.2706e-01 +5.6775e-01 +3.1794e-02 +1.2647e+00 +3.4388e+00 -9.7464e-01 +2.2363e+00 +2.0914e+00 +1.1427e+00 -4.1092e+00 -8.3744e-01
586 0 +6.214462181e+02 +6.829162181e+02 +6.829162181e+02 +3.4627e+00 +2.2649e+00 +4.3459e-01 -4.3741e-02 -1.8591e+00 -2.1238e+00 -3.9428e-01 +2.9032e+00 +4.3773e+00 -1.7593e-01 +5.2822e-01 -6.5403e-02 +1.2290e+00 +3.2294e+00 -8.5891e-01 +2.1623e+00 +1.9897e+00 +1.0592e+00 -4.1517e+00 -8.4655e-01
587 0 +5.617195803e+02 +6.231895803e+02 +6.231895803e+02 +3.5221e+00 +2.3650e+00 +5.2165e-01 -2.9363e-02 -1.7003e+00 -2.0325e+00 -2.0951e-01 +2.8693e+00 +4.3762e+00 -1.7293e-02 +6.1975e-01 -1.6562e-02 +1.3234e+00 +3.1952e+00 -6.5246e-01 +2.2282e+00 +2.0352e+00 +1.1181e+00 -4.0623e+00 -7.3252e-01
% f evaluations | g evaluations | best noise-free fitness - Fopt (-2.754000000000e+01) + sum g_i+ | measured fitness | best measured fitness or single-digit g-values | x1 | x2...
1 0 +9.246584518e+02 +8.971184518e+02 +8.971184518e+02 +0.0000e+00 +0.0000e+00 +0.0000e+00 +0.0000e+00 +0.0000e+00 +0.0000e+00 +0.0000e+00 +0.0000e+00 +0.0000e+00 +0.0000e+00 +0.0000e+00 +0.0000e+00 +0.0000e+00 +0.0000e+00 +0.0000e+00 +0.0000e+00 +0.0000e+00 +0.0000e+00 +0.0000e+00 +0.0000e+00
4 0 +8.498975561e+02 +8.223575561e+02 +8.223575561e+02 +0.0000e+00 +1.0000e-01 +0.0000e+00 +0.0000e+00 +0.0000e+00 +0.0000e+00 +0.0000e+00 +0.0000e+00 +0.0000e+00 +0.0000e+00 +0.0000e+00 +0.0000e+00 +0.0000e+00 +0.0000e+00 +0.0000e+00 +0.0000e+00 +0.0000e+00 +0.0000e+00 +0.0000e+00 +0.0000e+00
432 0 +5.925371136e+02 +5.649971136e+02 +5.649971136e+02 -4.1200e+00 -4.5437e+00 -1.9339e+00 +2.4965e+00 +2.4010e+00 +3.2797e+00 -2.9759e+00 -1.4469e+00 +9.4313e-01 +2.7757e+00 -5.7406e-01 +2.1145e+00 -3.3340e+00 -3.9125e-01 -4.0195e+00 -2.7256e+00 -6.9050e-01 +6.0626e-01 -2.1250e-01 -1.4048e-01
434 0 +5.756817696e+02 +5.481417696e+02 +5.481417696e+02 -4.1200e+00 -4.0873e+00 -1.9339e+00 +2.4965e+00 +2.4010e+00 +3.2797e+00 -2.9759e+00 -1.4469e+00 +9.4313e-01 +2.7757e+00 -5.7406e-01 +2.1145e+00 -3.3340e+00 -3.9125e-01 -4.0195e+00 -2.7256e+00 -6.9050e-01 +6.0626e-01 -2.1250e-01 -1.4048e-01
435 0 +5.410890302e+02 +5.135490302e+02 +5.135490302e+02 -4.1200e+00 -4.5437e+00 -1.4776e+00 +2.4965e+00 +2.4010e+00 +3.2797e+00 -2.9759e+00 -1.4469e+00 +9.4313e-01 +2.7757e+00 -5.7406e-01 +2.1145e+00 -3.3340e+00 -3.9125e-01 -4.0195e+00 -2.7256e+00 -6.9050e-01 +6.0626e-01 -2.1250e-01 -1.4048e-01
445 0 +5.181848818e+02 +4.906448818e+02 +4.906448818e+02 -4.1200e+00 -4.5437e+00 -1.9339e+00 +2.4965e+00 +2.4010e+00 +3.2797e+00 -2.9759e+00 -1.4469e+00 +9.4313e-01 +2.7757e+00 -5.7406e-01 +2.1145e+00 -2.8777e+00 -3.9125e-01 -4.0195e+00 -2.7256e+00 -6.9050e-01 +6.0626e-01 -2.1250e-01 -1.4048e-01
453 0 +4.592063428e+02 +4.316663428e+02 +4.316663428e+02 -4.2168e+00 -4.5028e+00 -1.8091e+00 +2.4669e+00 +2.2760e+00 +3.1655e+00 -2.9152e+00 -1.3139e+00 +1.0317e+00 +2.7083e+00 -4.8622e-01 +1.9916e+00 -2.6973e+00 -3.1145e-01 -3.9092e+00 -2.6728e+00 -7.6601e-01 +7.2330e-01 -7.1104e-02 -9.2923e-02
454 0 +4.064108099e+02 +3.788708099e+02 +3.788708099e+02 -4.3216e+00 -4.4585e+00 -1.6740e+00 +2.4348e+00 +2.1407e+00 +3.0419e+00 -2.8494e+00 -1.1699e+00 +1.1276e+00 +2.6355e+00 -3.9111e-01 +1.8585e+00 -2.7451e+00 -2.2505e-01 -3.7898e+00 -2.6156e+00 -8.4777e-01 +8.5002e-01 +8.1979e-02 -4.1436e-02
456 0 +3.691945505e+02 +3.416545505e+02 +3.416545505e+02 -4.5355e+00 -4.5389e+00 -1.6730e+00 +2.2860e+00 +2.3896e+00 +2.8112e+00 -2.9105e+00 -1.1610e+00 +1.0935e+00 +2.4502e+00 -4.2597e-01 +1.6194e+00 -2.6922e+00 -2.6770e-01 -3.8029e+00 -2.6845e+00 -1.0410e+00 +8.4348e-01 +9.9041e-02 -1.1535e-01
457 0 +3.525494256e+02 +3.250094256e+02 +3.250094256e+02 -4.6642e+00 -4.5497e+00 -1.6121e+00 +2.2149e+00 +2.3929e+00 +2.6678e+00 -2.9043e+00 -1.0931e+00 +1.1234e+00 +2.3468e+00 -3.9665e-01 +1.9569e+00 -2.6054e+00 -2.4525e-01 -3.7544e+00 -2.6852e+00 -1.1514e+00 +8.9778e-01 +1.7417e-01 -1.2048e-01
458 0 +3.344107331e+02 +3.068707331e+02 +3.068707331e+02 -4.8170e+00 -4.5640e+00 -1.5419e+00 +2.1296e+00 +2.3968e+00 +2.9869e+00 -2.8986e+00 -1.0147e+00 +1.1571e+00 +2.2237e+00 -3.6370e-01 +1.8905e+00 -2.5042e+00 -2.2039e-01 -3.6989e+00 -2.6875e+00 -1.2828e+00 +9.6009e-01 +2.6098e-01 -1.2806e-01
459 0 +2.890918697e+02 +2.615518697e+02 +2.615518697e+02 -4.5065e+00 -4.5835e+00 -1.4654e+00 +2.0294e+00 +2.4018e+00 +2.9132e+00 -2.8954e+00 -9.2883e-01 +1.1922e+00 +2.0804e+00 -3.2946e-01 +1.8154e+00 -2.3913e+00 -1.9535e-01 -3.6390e+00 -2.6934e+00 -1.4354e+00 +1.0278e+00 +3.5650e-01 -1.3992e-01
460 0 +2.560117155e+02 +2.284717155e+02 +2.284717155e+02 -4.5047e+00 -4.6126e+00 -1.3716e+00 +1.8970e+00 +2.4087e+00 +2.8194e+00 -2.8953e+00 -8.2298e-01 +1.2330e+00 +1.8927e+00 -2.8976e-01 +1.7197e+00 -2.2495e+00 -1.6743e-01 -3.5664e+00 -2.7051e+00 -1.1787e+00 +1.1102e+00 +4.7467e-01 -1.5925e-01
461 0 +2.254762055e+02 +1.979362055e+02 +1.979362055e+02 -4.5023e+00 -4.6498e+00 -1.2592e+00 +1.7342e+00 +2.4173e+00 +2.7055e+00 -2.8971e+00 -6.9605e-01 +1.2808e+00 +2.0981e+00 -2.4325e-01 +1.6037e+00 -2.0783e+00 -1.3524e-01 -3.4799e+00 -2.7210e+00 -1.2781e+00 +1.2088e+00 +6.1659e-01 -1.8451e-01
462 0 +2.042294324e+02 +1.766894324e+02 +1.766894324e+02 -4.4992e+00 -4.6942e+00 -1.1589e+00 +2.0026e+00 +2.4268e+00 +2.5962e+00 -2.9073e+00 -5.8158e-01 +1.3187e+00 +1.9683e+00 -2.0670e-01 +1.4924e+00 -1.9181e+00 -1.1255e-01 -3.4046e+00 -2.7450e+00 -1.3737e+00 +1.2957e+00 +7.4558e-01 -2.1748e-01
465 0 +2.031579200e+02 +1.756179200e+02 +1.756179200e+02 -4.4993e+00 -4.6942e+00 -1.1576e+00 +2.0026e+00 +2.4266e+00 +2.5960e+00 -2.9925e+00 -5.8030e-01 +1.3199e+00 +1.9682e+00 -2.0542e-01 +1.4922e+00 -1.9172e+00 -1.1128e-01 -3.4033e+00 -2.6692e+00 -1.3738e+00 +1.2970e+00 +7.4685e-01 -2.1742e-01
% f evaluations | g evaluations | best noise-free fitness - Fopt (1.095000000000e+01) + sum g_i+ | measured fitness | best measured fitness or single-digit g-values | x1 | x2...
1 0 +2.313828482e+03 +2.324778482e+03 +2.324778482e+03 +0.0000e+00 +0.0000e+00 +0.0000e+00 +0.0000e+00 +0.0000e+00 +0.0000e+00 +0.0000e+00 +0.0000e+00 +0.0000e+00 +0.0000e+00 +0.0000e+00 +0.0000e+00 +0.0000e+00 +0.0000e+00 +0.0000e+00 +0.0000e+00 +0.0000e+00 +0.0000e+00 +0.0000e+00 +0.0000e+00
3 0 +2.298355350e+03 +2.309305350e+03 +2.309305350e+03 +1.0000e-01 +0.0000e+00 +0.0000e+00 +0.0000e+00 +0.0000e+00 +0.0000e+00 +0.0000e+00 +0.0000e+00 +0.0000e+00 +0.0000e+00 +0.0000e+00 +0.0000e+00 +0.0000e+00 +0.0000e+00 +0.0000e+00 +0.0000e+00 +0.0000e+00 +0.0000e+00 +0.0000e+00 +0.0000e+00
8 0 +2.286313789e+03 +2.297263789e+03 +2.297263789e+03 +0.0000e+00 +0.0000e+00 +0.0000e+00 +0.0000e+00 +0.0000e+00 +1.0000e-01 +0.0000e+00 +0.0000e+00 +0.0000e+00 +0.0000e+00 +0.0000e+00 +0.0000e+00 +0.0000e+00 +0.0000e+00 +0.0000e+00 +0.0000e+00 +0.0000e+00 +0.0000e+00 +0.0000e+00 +0.0000e+00
106 0 +2.203353856e+03 +2.214303856e+03 +2.214303856e+03 -2.7735e+00 +1.6935e+00 -1.3324e+00 -1.9329e+00 +3.2693e+00 -3.5507e-01 -9.6453e-01 -1.2916e+00 -2.8811e+00 -2.4255e+00 +1.1467e+00 +6.2615e-01 -2.0598e+00 -4.1069e+00 -5.8617e-01 +1.8872e+00 -9.4228e-01 +2.7927e-02 -2.1559e+00 +6.5311e-01
109 0 +2.102372427e+03 +2.113322427e+03 +2.113322427e+03 -2.7735e+00 +1.6935e+00 -1.4071e+00 -1.9328e+00 +3.2694e+00 -3.5503e-01 -8.9049e-01 -1.2916e+00 -2.8811e+00 -2.4255e+00 +1.1467e+00 +6.2615e-01 -2.0597e+00 -4.1068e+00 -5.8613e-01 +1.8872e+00 -9.4228e-01 +2.7971e-02 -2.1558e+00 +6.5315e-01
285 0 +2.035990939e+03 +2.046940939e+03 +2.046940939e+03 +1.6703e+00 +7.5134e-01 +1.1386e+00 -1.9598e-01 -8.0024e-01 -4.1684e+00 -1.8795e-01 -1.4533e+00 -6.4881e-01 -8.2477e-01 +1.9368e+00 -1.0595e+00 -1.4632e+00 +2.9147e+00 +2.8948e+00 -4.7279e-01 +9.9020e-01 -1.0110e-02 +2.5129e+00 -1.0187e+00
301 0 +1.910350429e+03 +1.921300429e+03 +1.921300429e+03 +1.5693e+00 +7.1347e-01 +1.0967e+00 -3.0298e-01 -6.9913e-01 -4.2175e+00 -3.2525e-01 -1.6755e+00 -6.2394e-01 -9.4793e-01 +1.9952e+00 -9.9230e-01 -1.4145e+00 +2.7858e+00 +2.9038e+00 -6.0098e-01 +1.0663e+00 -1.0924e-03 +2.4596e+00 -1.0095e+00
302 0 +1.862637974e+03 +1.873587974e+03 +1.873587974e+03 +1.4801e+00 +6.8000e-01 +1.0597e+00 -3.9759e-01 -6.0973e-01 -4.2610e+00 -4.4663e-01 -1.3989e+00 -6.0195e-01 -1.0568e+00 +2.0469e+00 -9.3287e-01 -1.3715e+00 +2.6718e+00 +2.9118e+00 -7.1433e-01 +1.1336e+00 +6.8810e-03 +2.4124e+00 -1.0014e+00
303 0 +1.860981193e+03 +1.871931193e+03 +1.871931193e+03 +1.5181e+00 +7.5635e-01 +1.1336e+00 -3.6320e-01 -4.4902e-01 -4.1915e+00 -4.3062e-01 -1.4343e+00 -4.8752e-01 -1.0322e+00 +2.1817e+00 -7.9274e-01 -1.2426e+00 +2.6929e+00 +3.0166e+00 -6.9280e-01 +1.2791e+00 +1.1169e-01 +2.4794e+00 -8.9653e-01
306 0 +1.787102016e+03 +1.798052016e+03 +1.798052016e+03 +1.4779e+00 +7.3609e-01 +1.1120e+00 -4.0538e-01 -4.2522e-01 -4.2154e+00 -4.7027e-01 -1.4529e+00 -4.8789e-01 -1.1549e+00 +2.1920e+00 -7.7969e-01 -1.2355e+00 +2.8664e+00 +3.0112e+00 -6.6969e-01 +1.2950e+00 +1.0629e-01 +2.4542e+00 -9.0189e-01
743 0 +1.778129071e+03 +1.789079071e+03 +1.789079071e+03 +1.1947e-01 +1.4097e-01 +7.0047e-01 +3.9661e+00 +2.0813e+00 +9.5439e-01 -4.0509e-01 -2.7395e+00 -8.1092e-01 -2.1527e+00 +1.5108e+00 -3.3506e+00 +1.5462e+00 +1.2080e+00 -2.8668e+00 -1.5063e+00 -3.2715e+00 +1.8665e+00 +1.0545e+00 -2.3537e-01
762 0 +1.717651222e+03 +1.728601222e+03 +1.728601222e+03 -2.7713e-01 +1.4097e-01 +7.0047e-01 +3.9661e+00 +2.0813e+00 +9.5439e-01 -4.0509e-01 -2.7395e+00 -8.1092e-01 -2.1527e+00 +1.5108e+00 -3.3506e+00 +1.5462e+00 +1.2080e+00 -2.8668e+00 -1.5063e+00 -3.2715e+00 +1.8665e+00 +1.0545e+00 +1.6123e-01
763 0 +1.696460660e+03 +1.707410660e+03 +1.707410660e+03 -2.6608e-01 +2.1950e-01 +7.4695e-01 +3.9522e+00 +2.0628e+00 +7.0117e-01 -3.2171e-01 -2.8449e+00 -8.4880e-01 -2.2233e+00 +1.5310e+00 -3.3884e+00 +1.5880e+00 +1.1374e+00 -2.8262e+00 -1.6117e+00 -3.3078e+00 +1.8192e+00 +1.1330e+00 +3.3054e-01
766 0 +1.651729993e+03 +1.662679993e+03 +1.662679993e+03 -2.5162e-01 +3.2222e-01 +8.0773e-01 +3.9341e+00 +2.0386e+00 +9.8079e-01 -2.1267e-01 -2.9794e+00 -8.9834e-01 -2.3156e+00 +1.5575e+00 -3.4380e+00 +1.6427e+00 +1.0451e+00 -2.7731e+00 -1.5414e+00 -3.3553e+00 +1.7573e+00 +1.2358e+00 +5.5197e-01
% f evaluations | g evaluations | best noise-free fitness - Fopt (7.520000000000e+01) + sum g_i+ | measured fitness | best measured fitness or single-digit g-values | x1 | x2...
1 0 +1.434870785e+03 +1.510070785e+03 +1.510070785e+03 +0.0000e+00 +0.0000e+00 +0.0000e+00 +0.0000e+00 +0.0000e+00 +0.0000e+00 +0.0000e+00 +0.0000e+00 +0.0000e+00 +0.0000e+00 +0.0000e+00 +0.0000e+00 +0.0000e+00 +0.0000e+00 +0.0000e+00 +0.0000e+00 +0.0000e+00 +0.0000e+00 +0.0000e+00 +0.0000e+00
4 0 +1.403573212e+03 +1.478773212e+03 +1.478773212e+03 +0.0000e+00 +1.0000e-01 +0.0000e+00 +0.0000e+00 +0.0000e+00 +0.0000e+00 +0.0000e+00 +0.0000e+00 +0.0000e+00 +0.0000e+00 +0.0000e+00 +0.0000e+00 +0.0000e+00 +0.0000e+00 +0.0000e+00 +0.0000e+00 +0.0000e+00 +0.0000e+00 +0.0000e+00 +0.0000e+00
8 0 +1.368055694e+03 +1.443255694e+03 +1.443255694e+03 +0.0000e+00 +0.0000e+00 +0.0000e+00 +0.0000e+00 +0.0000e+00 +1.0000e-01 +0.0000e+00 +0.0000e+00 +0.0000e+00 +0.0000e+00 +0.0000e+00 +0.0000e+00 +0.0000e+00 +0.0000e+00 +0.0000e+00 +0.0000e+00 +0.0000e+00 +0.0000e+00 +0.0000e+00 +0.0000e+00
81 0 +1.344691269e+03 +1.419891269e+03 +1.419891269e+03 -4.1082e+00 -1.5747e+00 +1.8761e+00 +2.1074e+00 -2.0903e+00 +8.3271e-01 +9.1311e-01 -1.9742e+00 +2.0736e+00 +1.0977e+00 +1.0963e+00 +4.2516e+00 -1.2152e+00 -1.8042e+00 -3.7715e+00 +3.2203e+00 +6.6724e-02 +3.8015e-01 -1.7137e+00 +2.3253e+00
99 0 +1.267256179e+03 +1.342456179e+03 +1.342456179e+03 -4.0545e+00 -1.6569e+00 +1.5499e+00 +2.1746e+00 -2.1183e+00 +5.9816e-01 +9.4917e-01 -1.9749e+00 +2.0303e+00 +9.4211e-01 +1.0240e+00 +4.2449e+00 -6.5374e-01 -1.8118e+00 -3.8215e+00 +3.2244e+00 -8.3842e-02 +4.9984e-01 -1.6316e+00 +2.3840e+00
104 0 +1.257044897e+03 +1.332244897e+03 +1.332244897e+03 -4.0150e+00 -1.6475e+00 +1.6355e+00 +2.2279e+00 -2.1620e+00 +8.7979e-01 +9.7073e-01 -1.9908e+00 +1.9711e+00 +7.7145e-01 +9.3522e-01 +4.2228e+00 -5.3009e-01 -1.8349e+00 -3.8876e+00 +3.2134e+00 -2.2604e-01 +6.0655e-01 -1.5631e+00 +2.4286e+00
243 0 +1.021572368e+03 +1.096772368e+03 +1.096772368e+03 +2.2658e+00 +2.1038e+00 +4.8111e-01 +3.7708e+00 +5.7056e-01 -1.6916e+00 +9.6266e-01 -1.2022e-01 -1.8630e+00 -3.1250e+00 -2.3078e+00 +8.1836e-02 +1.8573e+00 -3.7228e-02 -3.2043e-01 +1.8533e+00 -6.8313e-01 -5.4098e-01 -7.3179e-02 +4.0296e+00
244 0 +9.523205593e+02 +1.027520559e+03 +1.027520559e+03 +2.6688e+00 +2.1038e+00 +4.8111e-01 +3.7708e+00 +5.7056e-01 -1.6916e+00 +9.6266e-01 -1.2022e-01 -1.8630e+00 -3.1250e+00 -2.3078e+00 +8.1836e-02 +1.8573e+00 -3.7228e-02 -3.2043e-01 +1.8533e+00 -6.8313e-01 -5.4098e-01 -7.3179e-02 +4.0296e+00
250 0 +9.010092001e+02 +9.762092001e+02 +9.762092001e+02 +2.2658e+00 +2.1038e+00 +4.8111e-01 +3.7708e+00 +5.7056e-01 -1.6916e+00 +1.3656e+00 -1.2022e-01 -1.8630e+00 -3.1250e+00 -2.3078e+00 +8.1836e-02 +1.8573e+00 -3.7228e-02 -3.2043e-01 +1.8533e+00 -6.8313e-01 -5.4098e-01 -7.3179e-02 +4.0296e+00
530 0 +7.478755804e+02 +8.230755804e+02 +8.230755804e+02 -9.6287e-01 -4.5434e+00 -2.7835e+00 +3.0407e+00 +2.8412e+00 -2.2607e+00 +3.3901e+00 +3.3173e+00 -1.1561e+00 -2.5973e+00 +4.3810e+00 +2.2796e-02 -1.0067e+00 +9.0144e-01 -5.7130e-01 +1.4966e+00 +3.9466e+00 -1.7126e+00 -1.7559e+00 +2.6018e+00
531 0 +6.720861469e+02 +7.472861469e+02 +7.472861469e+02 -5.0627e-01 -4.5434e+00 -2.7835e+00 +3.0407e+00 +2.8412e+00 -2.2607e+00 +3.3901e+00 +3.3173e+00 -1.1561e+00 -2.5973e+00 +4.3810e+00 +2.2796e-02 -1.0067e+00 +9.0144e-01 -5.7130e-01 +1.4966e+00 +3.9466e+00 -1.7126e+00 -1.7559e+00 +2.6018e+00
551 0 +6.311408685e+02 +7.063408685e+02 +7.063408685e+02 -3.3134e-01 -4.6213e+00 -2.7125e+00 +3.0001e+00 +2.8926e+00 -2.1427e+00 +3.5350e+00 +3.2116e+00 -1.2354e+00 -2.6610e+00 +4.5373e+00 +1.1440e-01 -9.0192e-01 +1.0703e+00 -6.7167e-01 +1.5928e+00 +3.9261e+00 -1.6490e+00 -1.8555e+00 +2.6079e+00
552 0 +5.508758661e+02 +6.260758661e+02 +6.260758661e+02 -2.4399e-01 -4.6601e+00 -2.6770e+00 +2.9798e+00 +2.9183e+00 -2.0839e+00 +3.6073e+00 +3.1588e+00 -1.2750e+00 -2.6929e+00 +4.6154e+00 +1.6014e-01 -8.4960e-01 +6.6581e-01 -7.2178e-01 +1.6408e+00 +3.9159e+00 -1.6173e+00 -1.9052e+00 +2.6109e+00
566 0 +5.429072654e+02 +6.181072654e+02 +6.181072654e+02 -2.7033e-01 -4.8020e+00 -2.7511e+00 +2.8549e+00 +2.8352e+00 -2.1361e+00 +3.5672e+00 +3.0043e+00 -1.4175e+00 -2.8283e+00 +4.5806e+00 +1.2593e-01 -9.0781e-01 +6.0720e-01 -8.7387e-01 +1.5442e+00 +3.8001e+00 -1.6949e+00 -2.0570e+00 +2.5072e+00
% f evaluations | g evaluations | best noise-free fitness - Fopt (-2.819100000000e+02) + sum g_i+ | measured fitness | best measured fitness or single-digit g-values | x1 | x2...
1 0 +8.161040305e+02 +5.341940305e+02 +5.341940305e+02 +0.0000e+00 +0.0000e+00 +0.0000e+00 +0.0000e+00 +0.0000e+00 +0.0000e+00 +0.0000e+00 +0.0000e+00 +0.0000e+00 +0.0000e+00 +0.0000e+00 +0.0000e+00 +0.0000e+00 +0.0000e+00 +0.0000e+00 +0.0000e+00 +0.0000e+00 +0.0000e+00 +0.0000e+00 +0.0000e+00
4 0 +8.158122720e+02 +5.339022720e+02 +5.339022720e+02 +0.0000e+00 +1.0000e-01 +0.0000e+00 +0.0000e+00 +0.0000e+00 +0.0000e+00 +0.0000e+00 +0.0000e+00 +0.0000e+00 +0.0000e+00 +0.0000e+00 +0.0000e+00 +0.0000e+00 +0.0000e+00 +0.0000e+00 +0.0000e+00 +0.0000e+00 +0.0000e+00 +0.0000e+00 +0.0000e+00
5 0 +7.754468632e+02 +4.935368632e+02 +4.935368632e+02 +0.0000e+00 +0.0000e+00 +1.0000e-01 +0.0000e+00 +0.0000e+00 +0.0000e+00 +0.0000e+00 +0.0000e+00 +0.0000e+00 +0.0000e+00 +0.0000e+00 +0.0000e+00 +0.0000e+00 +0.0000e+00 +0.0000e+00 +0.0000e+00 +0.0000e+00 +0.0000e+00 +0.0000e+00 +0.0000e+00
570 0 +7.447360521e+02 +4.628260521e+02 +4.628260521e+02 +1.0330e+00 -6.4832e-01 +2.6367e+00 +7.1442e-01 +2.7387e+00 -2.2937e+00 -3.9309e+00 -1.0645e+00 +1.5302e+00 +2.8423e+00 +3.6314e+00 +4.6648e-01 -1.4868e+00 -1.8371e+00 -6.6933e-01 -7.9654e-01 +1.3353e+00 -6.5870e-01 +2.5740e-01 +5.1528e-01
932 0 +3.906210064e+02 +1.087110064e+02 +1.087110064e+02 +1.2391e+00 +1.2506e+00 +3.6441e+00 -4.0012e-01 -3.3000e+00 -7.8643e-02 +1.5114e-01 +1.7356e+00 +2.3273e+00 -2.5536e+00 -2.3590e+00 -1.3373e+00 +3.1637e+00 +2.1076e+00 -3.9895e-01 -2.5905e+00 -1.3220e+00 -3.8028e+00 +1.6501e+00 -2.3782e+00
934 0 +3.623974813e+02 +8.048748135e+01 +8.048748135e+01 +1.2391e+00 +1.6309e+00 +3.6441e+00 -4.0012e-01 -3.3000e+00 -7.8643e-02 +1.5114e-01 +1.7356e+00 +2.3273e+00 -2.5536e+00 -2.3590e+00 -1.3373e+00 +3.1637e+00 +2.1076e+00 -3.9895e-01 -2.5905e+00 -1.3220e+00 -3.8028e+00 +1.6501e+00 -2.3782e+00
% f evaluations | g evaluations | best noise-free fitness - Fopt (6.998000000000e+01) + sum g_i+ | measured fitness | best measured fitness or single-digit g-values | x1 | x2...
1 0 +1.080333870e+03 +1.150313870e+03 +1.150313870e+03 +0.0000e+00 +0.0000e+00 +0.0000e+00 +0.0000e+00 +0.0000e+00 +0.0000e+00 +0.0000e+00 +0.0000e+00 +0.0000e+00 +0.0000e+00 +0.0000e+00 +0.0000e+00 +0.0000e+00 +0.0000e+00 +0.0000e+00 +0.0000e+00 +0.0000e+00 +0.0000e+00 +0.0000e+00 +0.0000e+00
3 0 +1.063385332e+03 +1.133365332e+03 +1.133365332e+03 +1.0000e-01 +0.0000e+00 +0.0000e+00 +0.0000e+00 +0.0000e+00 +0.0000e+00 +0.0000e+00 +0.0000e+00 +0.0000e+00 +0.0000e+00 +0.0000e+00 +0.0000e+00 +0.0000e+00 +0.0000e+00 +0.0000e+00 +0.0000e+00 +0.0000e+00 +0.0000e+00 +0.0000e+00 +0.0000e+00
4 0 +1.030625001e+03 +1.100605001e+03 +1.100605001e+03 +0.0000e+00 +1.0000e-01 +0.0000e+00 +0.0000e+00 +0.0000e+00 +0.0000e+00 +0.0000e+00 +0.0000e+00 +0.0000e+00 +0.0000e+00 +0.0000e+00 +0.0000e+00 +0.0000e+00 +0.0000e+00 +0.0000e+00 +0.0000e+00 +0.0000e+00 +0.0000e+00 +0.0000e+00 +0.0000e+00
5 0 +1.010962561e+03 +1.080942561e+03 +1.080942561e+03 +0.0000e+00 +0.0000e+00 +1.0000e-01 +0.0000e+00 +0.0000e+00 +0.0000e+00 +0.0000e+00 +0.0000e+00 +0.0000e+00 +0.0000e+00 +0.0000e+00 +0.0000e+00 +0.0000e+00 +0.0000e+00 +0.0000e+00 +0.0000e+00 +0.0000e+00 +0.0000e+00 +0.0000e+00 +0.0000e+00
14 0 +9.928722186e+02 +1.062852219e+03 +1.062852219e+03 +0.0000e+00 +0.0000e+00 +0.0000e+00 +0.0000e+00 +0.0000e+00 +0.0000e+00 +0.0000e+00 +0.0000e+00 +0.0000e+00 +0.0000e+00 +0.0000e+00 +1.0000e-01 +0.0000e+00 +0.0000e+00 +0.0000e+00 +0.0000e+00 +0.0000e+00 +0.0000e+00 +0.0000e+00 +0.0000e+00
23 0 +9.499807470e+02 +1.019960747e+03 +1.019960747e+03 +7.6328e-03 +2.2387e-02 +3.1242e-02 +8.8330e-03 -1.9501e-02 -1.5920e-04 +3.2869e-02 +3.2655e-02 -1.8607e-02 -4.0775e-03 +6.5478e-03 +1.3939e-01 +3.3734e-02 -1.5920e-04 -4.4794e-04 +3.3757e-02 +2.4982e-02 +5.3019e-03 -4.4794e-04 +3.1179e-02
206 0 +6.643473656e+02 +7.343273656e+02 +7.343273656e+02 +1.2625e+00 -2.2091e+00 -3.8471e-01 -2.2680e+00 -1.7002e+00 +2.4865e+00 -4.1101e-01 +3.0616e+00 -1.8492e+00 +9.4300e-01 +3.7935e+00 -1.8625e+00 +6.1225e-01 +8.2815e-01 +1.3395e+00 +1.2503e+00 +1.7297e+00 +2.3835e+00 -2.0930e-01 -3.1616e+00
207 0 +6.605125000e+02 +7.304925000e+02 +7.304925000e+02 +1.6419e+00 -2.2091e+00 -3.8471e-01 -2.2680e+00 -1.7002e+00 +2.4865e+00 -4.1101e-01 +3.0616e+00 -1.8492e+00 +9.4300e-01 +3.7935e+00 -1.8625e+00 +6.1225e-01 +8.2815e-01 +1.3395e+00 +1.2503e+00 +1.7297e+00 +2.3835e+00 -2.0930e-01 -3.1616e+00
220 0 +6.439456299e+02 +7.139256299e+02 +7.139256299e+02 +1.2625e+00 -2.2091e+00 -3.8471e-01 -2.2680e+00 -1.7002e+00 +2.4865e+00 -4.1101e-01 +3.0616e+00 -1.8492e+00 +9.4300e-01 +3.7935e+00 -1.8625e+00 +6.1225e-01 +1.2075e+00 +1.3395e+00 +1.2503e+00 +1.7297e+00 +2.3835e+00 -2.0930e-01 -3.1616e+00
492 0 +6.010050212e+02 +6.709850212e+02 +6.709850212e+02 +9.1918e-01 -1.5818e+00 +1.9703e-01 -9.7816e-01 -1.7100e+00 +5.5547e-01 -1.9818e-01 +1.1244e-01 -1.2066e+00 -2.5834e+00 +3.3538e+00 +6.9586e-01 -2.7005e+00 +3.7512e+00 +4.3686e+00 +2.9062e+00 +2.9525e+00 -1.0944e-01 +8.1334e-02 -1.6886e+00
501 0 +5.734074634e+02 +6.433874634e+02 +6.433874634e+02 +4.8233e-01 -1.5818e+00 +1.9703e-01 -9.7816e-01 -1.7100e+00 +5.5547e-01 -1.9818e-01 +1.1244e-01 -1.2066e+00 -2.1465e+00 +3.3538e+00 +6.9586e-01 -2.7005e+00 +3.7512e+00 +4.3686e+00 +2.9062e+00 +2.9525e+00 -1.0944e-01 +8.1334e-02 -1.6886e+00
509 0 +5.568201728e+02 +6.268001728e+02 +6.268001728e+02 +4.8233e-01 -1.5818e+00 +1.9703e-01 -9.7816e-01 -1.7100e+00 +5.5547e-01 -1.9818e-01 +1.1244e-01 -1.2066e+00 -2.5834e+00 +3.3538e+00 +6.9586e-01 -2.7005e+00 +3.7512e+00 +4.3686e+00 +2.9062e+00 +2.9525e+00 +3.2742e-01 +8.1334e-02 -1.6886e+00
513 0 +5.371611730e+02 +6.071411730e+02 +6.071411730e+02 +5.5828e-01 -1.4550e+00 +7.5509e-02 -9.9477e-01 -1.8807e+00 +6.0878e-01 -4.0622e-01 +1.8444e-01 -1.3881e+00 -2.3490e+00 +3.4306e+00 +7.9401e-01 -2.6466e+00 +3.6792e+00 +4.4508e+00 +2.7460e+00 +3.0602e+00 +6.5702e-01 +1.7873e-01 -1.6225e+00
515 0 +5.357645726e+02 +6.057445726e+02 +6.057445726e+02 +5.5210e-01 -1.4522e+00 +3.4231e-02 -1.0174e+00 -1.9308e+00 +5.9857e-01 -4.3082e-01 +1.7756e-01 -1.1968e+00 -2.3270e+00 +3.4246e+00 +7.9177e-01 -2.6567e+00 +3.6467e+00 +4.4457e+00 +2.6978e+00 +3.0596e+00 +6.9591e-01 +1.7636e-01 -1.6304e+00
841 0 +4.314963114e+02 +5.014763114e+02 +5.014763114e+02 -1.0793e+00 +2.1468e-01 +1.0894e+00 +2.3440e+00 -1.1772e+00 -1.6285e+00 -2.2110e+00 -7.4743e-01 -8.6218e-01 -5.3677e-01 +4.9539e-01 +1.1532e+00 +2.8835e+00 +1.1168e+00 +2.8226e-01 +1.0832e+00 -1.5394e+00 +1.4727e+00 +9.0413e-01 +2.0060e-01
842 0 +4.103193099e+02 +4.802993099e+02 +4.802993099e+02 -7.9091e-01 +2.1468e-01 +1.0894e+00 +2.3440e+00 -1.1772e+00 -1.6285e+00 -2.2110e+00 -7.4743e-01 -8.6218e-01 -5.3677e-01 +4.9539e-01 +1.1532e+00 +2.8835e+00 +1.1168e+00 +2.8226e-01 +1.0832e+00 -1.5394e+00 +1.4727e+00 +9.0413e-01 +2.0060e-01
843 0 +3.878693953e+02 +4.578493953e+02 +4.578493953e+02 -1.0793e+00 +5.0302e-01 +1.0894e+00 +2.3440e+00 -1.1772e+00 -1.6285e+00 -2.2110e+00 -7.4743e-01 -8.6218e-01 -5.3677e-01 +4.9539e-01 +1.1532e+00 +2.8835e+00 +1.1168e+00 +2.8226e-01 +1.0832e+00 -1.5394e+00 +1.4727e+00 +9.0413e-01 +2.0060e-01
863 0 +3.794810307e+02 +4.494610307e+02 +4.494610307e+02 -1.0575e+00 +6.2834e-01 +1.0974e+00 +2.2398e+00 -1.3111e+00 -1.5054e+00 -2.2696e+00 -7.0859e-01 -9.3377e-01 -6.3698e-01 +4.2801e-01 +1.0972e+00 +2.7933e+00 +1.2191e+00 +2.5506e-01 +1.1412e+00 -1.5172e+00 +1.2461e+00 +8.7091e-01 +2.5663e-01
% f evaluations | g evaluations | best noise-free fitness - Fopt (3.528000000000e+01) + sum g_i+ | measured fitness | best measured fitness or single-digit g-values | x1 | x2...
1 0 +1.352917624e+03 +1.388197624e+03 +1.388197624e+03 +0.0000e+00 +0.0000e+00 +0.0000e+00 +0.0000e+00 +0.0000e+00 +0.0000e+00 +0.0000e+00 +0.0000e+00 +0.0000e+00 +0.0000e+00 +0.0000e+00 +0.0000e+00 +0.0000e+00 +0.0000e+00 +0.0000e+00 +0.0000e+00 +0.0000e+00 +0.0000e+00 +0.0000e+00 +0.0000e+00
7 0 +1.349532955e+03 +1.384812955e+03 +1.384812955e+03 +0.0000e+00 +0.0000e+00 +0.0000e+00 +0.0000e+00 +1.0000e-01 +0.0000e+00 +0.0000e+00 +0.0000e+00 +0.0000e+00 +0.0000e+00 +0.0000e+00 +0.0000e+00 +0.0000e+00 +0.0000e+00 +0.0000e+00 +0.0000e+00 +0.0000e+00 +0.0000e+00 +0.0000e+00 +0.0000e+00
16 0 +1.344676665e+03 +1.379956665e+03 +1.379956665e+03 +0.0000e+00 +0.0000e+00 +0.0000e+00 +0.0000e+00 +0.0000e+00 +0.0000e+00 +0.0000e+00 +0.0000e+00 +0.0000e+00 +0.0000e+00 +0.0000e+00 +0.0000e+00 +0.0000e+00 +1.0000e-01 +0.0000e+00 +0.0000e+00 +0.0000e+00 +0.0000e+00 +0.0000e+00 +0.0000e+00
24 0 +1.293122306e+03 +1.328402306e+03 +1.328402306e+03 -1.0695e-17 -1.0695e-17 -1.0695e-17 -1.0695e-17 +4.5248e-02 +3.4332e-02 -1.0666e-17 -1.0666e-17 +2.5073e-02 +1.0666e-17 +1.0666e-17 +1.0666e-17 +1.0666e-17 +2.1017e-01 +1.0666e-17 +1.0666e-17 +1.0666e-17 +1.0666e-17 +7.6028e-02 -7.6847e-02
25 0 +1.283442663e+03 +1.318722663e+03 +1.318722663e+03 -2.9616e-17 -4.3632e-17 -1.5599e-17 -1.5599e-17 +7.1955e-02 +5.4595e-02 +1.2362e-18 -5.4829e-17 +3.9327e-01 +4.2366e-18 +4.2366e-18 +4.2366e-18 +4.2366e-18 +3.4886e-01 +2.4682e-17 +2.4682e-17 +2.4682e-17 +2.4682e-17 +1.2090e-01 -1.2220e-01
81 0 +1.049491892e+03 +1.084771892e+03 +1.084771892e+03 +1.3265e+00 -1.1759e-01 -1.7510e+00 +9.7618e-01 +6.8178e-01 +3.4246e+00 -2.0951e+00 +2.3977e+00 +3.6204e+00 -7.0232e-01 +3.2582e+00 -2.4990e+00 +4.1331e-01 +2.3749e-01 -7.4126e-01 -9.7643e-01 +1.8533e+00 -2.5240e+00 -8.8395e-02 +5.4040e-01
82 0 +1.013465008e+03 +1.048745008e+03 +1.048745008e+03 +1.6885e+00 -1.1759e-01 -1.7510e+00 +9.7618e-01 +6.8178e-01 +3.4246e+00 -2.0951e+00 +2.3977e+00 +3.6204e+00 -7.0232e-01 +3.2582e+00 -2.4990e+00 +4.1331e-01 +2.3749e-01 -7.4126e-01 -9.7643e-01 +1.8533e+00 -2.5240e+00 -8.8395e-02 +5.4040e-01
90 0 +9.837109715e+02 +1.018990971e+03 +1.018990971e+03 +1.3265e+00 -1.1759e-01 -1.7510e+00 +9.7618e-01 +6.8178e-01 +3.4246e+00 -2.0951e+00 +2.3977e+00 +3.9824e+00 -7.0232e-01 +3.2582e+00 -2.4990e+00 +4.1331e-01 +2.3749e-01 -7.4126e-01 -9.7643e-01 +1.8533e+00 -2.5240e+00 -8.8395e-02 +5.4040e-01
98 0 +9.481099351e+02 +9.833899351e+02 +9.833899351e+02 +1.3265e+00 -1.1759e-01 -1.7510e+00 +9.7618e-01 +6.8178e-01 +3.4246e+00 -2.0951e+00 +2.3977e+00 +3.6204e+00 -7.0232e-01 +3.2582e+00 -2.4990e+00 +4.1331e-01 +2.3749e-01 -7.4126e-01 -9.7643e-01 +2.2153e+00 -2.5240e+00 -8.8395e-02 +5.4040e-01
102 0 +8.917679516e+02 +9.270479516e+02 +9.270479516e+02 +1.3853e+00 -6.1238e-02 -1.8090e+00 +8.7325e-01 +6.7707e-01 +3.4497e+00 -2.1282e+00 +2.4171e+00 +3.7278e+00 -6.2261e-01 +3.2333e+00 -2.3976e+00 +4.0701e-01 +1.9214e-01 -6.9927e-01 -1.0772e+00 +2.3809e+00 -2.6709e+00 -3.7676e-02 +4.2210e-01
103 0 +8.683052353e+02 +9.035852353e+02 +9.035852353e+02 +1.4199e+00 -2.8093e-02 -1.8431e+00 +8.1271e-01 +6.7430e-01 +3.4645e+00 -2.1476e+00 +2.4285e+00 +3.7910e+00 -5.7572e-01 +3.2186e+00 -2.3380e+00 +4.0331e-01 +1.6546e-01 -6.7457e-01 -1.1364e+00 +2.4783e+00 -2.3656e+00 -7.8439e-03 +3.5251e-01
105 0 +8.455972438e+02 +8.808772438e+02 +8.808772438e+02 +1.3873e+00 -6.1196e-02 -1.8978e+00 +7.4955e-01 +6.2967e-01 +3.4255e+00 -2.1976e+00 +2.3884e+00 +3.7675e+00 -6.0441e-01 +3.1701e+00 -2.3626e+00 +3.5839e-01 +1.1316e-01 -7.1038e-01 -1.1992e+00 +2.4658e+00 -2.3683e+00 -4.2010e-02 +3.3299e-01
835 0 +8.197463739e+02 +8.550263739e+02 +8.550263739e+02 +3.4098e+00 -5.6778e-01 -2.8265e+00 -6.2256e-01 +4.4525e+00 -1.5218e+00 +2.6464e+00 +5.3832e-01 +1.0936e+00 +1.9933e+00 +2.4890e+00 -8.8870e-01 -1.3477e+00 -1.2223e+00 +2.0949e+00 -1.7382e+00 -4.7850e-01 +2.4395e-01 -1.2945e+00 +1.4305e+00
836 0 +7.892950184e+02 +8.245750184e+02 +8.245750184e+02 +3.4439e+00 -5.5235e-01 -2.9655e+00 -7.2216e-01 +4.5509e+00 -1.6271e+00 +2.5914e+00 +4.9699e-01 +1.0912e+00 +2.1667e+00 +2.4956e+00 -8.4758e-01 -1.3702e+00 -1.2018e+00 +2.1269e+00 -1.7512e+00 -2.6419e-01 +2.6089e-01 -1.3141e+00 +1.3575e+00
837 0 +7.743920093e+02 +8.096720093e+02 +8.096720093e+02 +3.4636e+00 -5.4776e-01 -2.7009e+00 -8.1127e-01 +4.6231e+00 -1.7207e+00 +2.5386e+00 +4.5535e-01 +1.0813e+00 +2.0688e+00 +2.4931e+00 -8.2206e-01 -1.3966e+00 -1.1930e+00 +2.1449e+00 -1.7697e+00 -9.6375e-02 +2.6671e-01 -1.3380e+00 +1.2900e+00
838 0 +6.767344468e+02 +7.120144468e+02 +7.120144468e+02 +3.4749e+00 -5.4942e-01 -2.7651e+00 -8.9337e-01 +4.6794e+00 -1.4195e+00 +2.4877e+00 +4.1400e-01 +1.0672e+00 +1.9865e+00 +2.4852e+00 -8.0576e-01 -1.4248e+00 -1.1911e+00 +2.1548e+00 -1.7912e+00 +4.2956e-02 +2.6610e-01 -1.3642e+00 +1.2265e+00
840 0 +6.650714951e+02 +7.003514951e+02 +7.003514951e+02 +3.4765e+00 -5.5319e-01 -2.7913e+00 -9.6905e-01 +4.6997e+00 -1.3828e+00 +2.4635e+00 +3.9375e-01 +1.0582e+00 +1.9532e+00 +2.4789e+00 -8.0208e-01 -1.4396e+00 -1.1933e+00 +2.1558e+00 -1.8033e+00 +9.8195e-02 +2.6277e-01 -1.3781e+00 +1.3730e+00
842 0 +6.562967925e+02 +6.915767925e+02 +6.915767925e+02 +3.4759e+00 -5.5655e-01 -2.8044e+00 -1.0077e+00 +4.7087e+00 -1.3638e+00 +2.5806e+00 +3.6527e-01 +1.0522e+00 +1.9367e+00 +2.4742e+00 -8.0162e-01 -1.4486e+00 -1.1959e+00 +2.1549e+00 -1.8108e+00 +1.2529e-01 +2.5963e-01 -1.3867e+00 +1.3533e+00
