% f evaluations | g evaluations | best noise-free fitness - Fopt (6.870000000000e+00) + sum g_i+ | measured fitness | best measured fitness or single-digit g-values | x1 | x2...
1 0 +1.817093392e+01 +2.504093392e+01 +2.504093392e+01 +0.0000e+00 +0.0000e+00 +0.0000e+00 +0.0000e+00 +0.0000e+00 +0.0000e+00 +0.0000e+00 +0.0000e+00 +0.0000e+00 +0.0000e+00 +0.0000e+00 +0.0000e+00 +0.0000e+00 +0.0000e+00 +0.0000e+00 +0.0000e+00 +0.0000e+00 +0.0000e+00 +0.0000e+00 +0.0000e+00
4 0 +1.257060515e+01 +1.944060515e+01 +1.944060515e+01 +0.0000e+00 +1.0000e-01 +0.0000e+00 +0.0000e+00 +0.0000e+00 +0.0000e+00 +0.0000e+00 +0.0000e+00 +0.0000e+00 +0.0000e+00 +0.0000e+00 +0.0000e+00 +0.0000e+00 +0.0000e+00 +0.0000e+00 +0.0000e+00 +0.0000e+00 +0.0000e+00 +0.0000e+00 +0.0000e+00
6 0 +6.519259420e+00 +1.338925942e+01 +1.338925942e+01 +0.0000e+00 +0.0000e+00 +0.0000e+00 +1.0000e-01 +0.0000e+00 +0.0000e+00 +0.0000e+00 +0.0000e+00 +0.0000e+00 +0.0000e+00 +0.0000e+00 +0.0000e+00 +0.0000e+00 +0.0000e+00 +0.0000e+00 +0.0000e+00 +0.0000e+00 +0.0000e+00 +0.0000e+00 +0.0000e+00
8 0 +4.680401934e+00 +1.155040193e+01 +1.155040193e+01 +0.0000e+00 +0.0000e+00 +0.0000e+00 +0.0000e+00 +0.0000e+00 +1.0000e-01 +0.0000e+00 +0.0000e+00 +0.0000e+00 +0.0000e+00 +0.0000e+00 +0.0000e+00 +0.0000e+00 +0.0000e+00 +0.0000e+00 +0.0000e+00 +0.0000e+00 +0.0000e+00 +0.0000e+00 +0.0000e+00
26 0 +4.202362794e+00 +1.107236279e+01 +1.107236279e+01 +0.0000e+00 -9.7019e-03 +5.8486e-04 +5.8486e-04 +5.8486e-04 +1.0058e-01 +5.8486e-04 +5.8486e-04 +5.8486e-04 +5.8486e-04 -2.4065e-04 +5.8486e-04 +5.8486e-04 +5.8486e-04 +5.8486e-04 +5.8486e-04 +5.8486e-04 +5.8486e-04 +5.8486e-04 +5.8486e-04
28 0 +4.059628021e+00 +1.092962802e+01 +1.092962802e+01 +0.0000e+00 -9.7019e-03 -8.5517e-03 +9.3884e-04 +9.3884e-04 +1.0094e-01 +9.3884e-04 +9.3884e-04 +9.3884e-04 +9.3884e-04 -2.4065e-04 +9.3884e-04 +9.3884e-04 +9.3884e-04 +9.3884e-04 +9.3884e-04 +4.4116e-03 +9.3884e-04 +9.3884e-04 +9.3884e-04
% f evaluations | g evaluations | best noise-free fitness - Fopt (1.000000000000e-02) + sum g_i+ | measured fitness | best measured fitness or single-digit g-values | x1 | x2...
1 0 +9.774411099e+00 +9.784411099e+00 +9.784411099e+00 +0.0000e+00 +0.0000e+00 +0.0000e+00 +0.0000e+00 +0.0000e+00 +0.0000e+00 +0.0000e+00 +0.0000e+00 +0.0000e+00 +0.0000e+00 +0.0000e+00 +0.0000e+00 +0.0000e+00 +0.0000e+00 +0.0000e+00 +0.0000e+00 +0.0000e+00 +0.0000e+00 +0.0000e+00 +0.0000e+00
8 0 +8.864321226e+00 +8.874321226e+00 +8.874321226e+00 +0.0000e+00 +0.0000e+00 +0.0000e+00 +0.0000e+00 +0.0000e+00 +1.0000e-01 +0.0000e+00 +0.0000e+00 +0.0000e+00 +0.0000e+00 +0.0000e+00 +0.0000e+00 +0.0000e+00 +0.0000e+00 +0.0000e+00 +0.0000e+00 +0.0000e+00 +0.0000e+00 +0.0000e+00 +0.0000e+00
12 0 +7.349671087e+00 +7.359671087e+00 +7.359671087e+00 +0.0000e+00 +0.0000e+00 +0.0000e+00 +0.0000e+00 +0.0000e+00 +0.0000e+00 +0.0000e+00 +0.0000e+00 +0.0000e+00 +1.0000e-01 +0.0000e+00 +0.0000e+00 +0.0000e+00 +0.0000e+00 +0.0000e+00 +0.0000e+00 +0.0000e+00 +0.0000e+00 +0.0000e+00 +0.0000e+00
13 0 +4.213152882e+00 +4.223152882e+00 +4.223152882e+00 +0.0000e+00 +0.0000e+00 +0.0000e+00 +0.0000e+00 +0.0000e+00 +0.0000e+00 +0.0000e+00 +0.0000e+00 +0.0000e+00 +0.0000e+00 +1.0000e-01 +0.0000e+00 +0.0000e+00 +0.0000e+00 +0.0000e+00 +0.0000e+00 +0.0000e+00 +0.0000e+00 +0.0000e+00 +0.0000e+00
24 0 +3.878431790e+00 +3.888431790e+00 +3.888431790e+00 -1.4117e-02 +0.0000e+00 +0.0000e+00 +0.0000e+00 +0.0000e+00 +0.0000e+00 +0.0000e+00 +0.0000e+00 +0.0000e+00 +0.0000e+00 +1.0000e-01 +0.0000e+00 +0.0000e+00 +0.0000e+00 +0.0000e+00 +0.0000e+00 +8.3794e-04 +0.0000e+00 +0.0000e+00 +0.0000e+00
33 0 +3.786601511e+00 +3.796601511e+00 +3.796601511e+00 -1.4128e-02 +2.3481e-05 -2.0199e-05 -6.2158e-05 +6.0947e-05 +1.0545e-04 +1.7481e-04 -4.2036e-05 -4.1116e-06 -1.4128e-03 +1.0002e-01 +9.8292e-06 +5.0312e-06 +1.4778e-06 -1.0504e-05 +3.5551e-06 +8.2577e-04 -5.6486e-06 +7.1441e-06 -5.2162e-06
35 0 +3.675132424e+00 +3.685132424e+00 +3.685132424e+00 -1.4136e-02 +4.0238e-05 -3.4613e-05 -1.0651e-04 +1.0444e-04 +1.8070e-04 +1.6872e-04 -7.2034e-05 -7.0457e-06 -1.4303e-03 +1.0004e-01 +1.6844e-05 +8.6215e-06 +2.5324e-06 +8.6395e-04 +6.0922e-06 +8.1709e-04 +4.6716e-04 +1.2242e-05 -8.9386e-06
38 0 +3.552990379e+00 +3.562990379e+00 +3.562990379e+00 -1.4136e-02 +4.0238e-05 -3.4613e-05 -1.0651e-04 +1.0444e-04 +1.8070e-04 +1.6872e-04 -7.2034e-05 +5.0071e-04 -1.4303e-03 +1.0011e-01 +8.4884e-05 +7.6662e-05 -8.4543e-04 +8.6395e-04 +7.4132e-05 +8.1709e-04 +4.6716e-04 +8.0282e-05 -8.9386e-06
% f evaluations | g evaluations | best noise-free fitness - Fopt (-1.306100000000e+02) + sum g_i+ | measured fitness | best measured fitness or single-digit g-values | x1 | x2...
1 0 +9.387114785e+00 -1.212228852e+02 -1.212228852e+02 +0.0000e+00 +0.0000e+00 +0.0000e+00 +0.0000e+00 +0.0000e+00 +0.0000e+00 +0.0000e+00 +0.0000e+00 +0.0000e+00 +0.0000e+00 +0.0000e+00 +0.0000e+00 +0.0000e+00 +0.0000e+00 +0.0000e+00 +0.0000e+00 +0.0000e+00 +0.0000e+00 +0.0000e+00 +0.0000e+00
3 0 +6.134787195e+00 -1.244752128e+02 -1.244752128e+02 +1.0000e-01 +0.0000e+00 +0.0000e+00 +0.0000e+00 +0.0000e+00 +0.0000e+00 +0.0000e+00 +0.0000e+00 +0.0000e+00 +0.0000e+00 +0.0000e+00 +0.0000e+00 +0.0000e+00 +0.0000e+00 +0.0000e+00 +0.0000e+00 +0.0000e+00 +0.0000e+00 +0.0000e+00 +0.0000e+00
13 0 +4.770328620e+00 -1.258396714e+02 -1.258396714e+02 +0.0000e+00 +0.0000e+00 +0.0000e+00 +0.0000e+00 +0.0000e+00 +0.0000e+00 +0.0000e+00 +0.0000e+00 +0.0000e+00 +0.0000e+00 +1.0000e-01 +0.0000e+00 +0.0000e+00 +0.0000e+00 +0.0000e+00 +0.0000e+00 +0.0000e+00 +0.0000e+00 +0.0000e+00 +0.0000e+00
% f evaluations | g evaluations | best noise-free fitness - Fopt (-2.231200000000e+02) + sum g_i+ | measured fitness | best measured fitness or single-digit g-values | x1 | x2...
1 0 +2.210043326e+01 -2.010195667e+02 -2.010195667e+02 +0.0000e+00 +0.0000e+00 +0.0000e+00 +0.0000e+00 +0.0000e+00 +0.0000e+00 +0.0000e+00 +0.0000e+00 +0.0000e+00 +0.0000e+00 +0.0000e+00 +0.0000e+00 +0.0000e+00 +0.0000e+00 +0.0000e+00 +0.0000e+00 +0.0000e+00 +0.0000e+00 +0.0000e+00 +0.0000e+00
3 0 +1.943059126e+01 -2.036894087e+02 -2.036894087e+02 +1.0000e-01 +0.0000e+00 +0.0000e+00 +0.0000e+00 +0.0000e+00 +0.0000e+00 +0.0000e+00 +0.0000e+00 +0.0000e+00 +0.0000e+00 +0.0000e+00 +0.0000e+00 +0.0000e+00 +0.0000e+00 +0.0000e+00 +0.0000e+00 +0.0000e+00 +0.0000e+00 +0.0000e+00 +0.0000e+00
7 0 +1.491509387e+01 -2.082049061e+02 -2.082049061e+02 +0.0000e+00 +0.0000e+00 +0.0000e+00 +0.0000e+00 +1.0000e-01 +0.0000e+00 +0.0000e+00 +0.0000e+00 +0.0000e+00 +0.0000e+00 +0.0000e+00 +0.0000e+00 +0.0000e+00 +0.0000e+00 +0.0000e+00 +0.0000e+00 +0.0000e+00 +0.0000e+00 +0.0000e+00 +0.0000e+00
14 0 +1.384466977e+01 -2.092753302e+02 -2.092753302e+02 +0.0000e+00 +0.0000e+00 +0.0000e+00 +0.0000e+00 +0.0000e+00 +0.0000e+00 +0.0000e+00 +0.0000e+00 +0.0000e+00 +0.0000e+00 +0.0000e+00 +1.0000e-01 +0.0000e+00 +0.0000e+00 +0.0000e+00 +0.0000e+00 +0.0000e+00 +0.0000e+00 +0.0000e+00 +0.0000e+00
19 0 +8.332925484e+00 -2.147870745e+02 -2.147870745e+02 +0.0000e+00 +0.0000e+00 +0.0000e+00 +0.0000e+00 +0.0000e+00 +0.0000e+00 +0.0000e+00 +0.0000e+00 +0.0000e+00 +0.0000e+00 +0.0000e+00 +0.0000e+00 +0.0000e+00 +0.0000e+00 +0.0000e+00 +0.0000e+00 +1.0000e-01 +0.0000e+00 +0.0000e+00 +0.0000e+00
% f evaluations | g evaluations | best noise-free fitness - Fopt (-4.443000000000e+01) + sum g_i+ | measured fitness | best measured fitness or single-digit g-values | x1 | x2...
1 0 +1.439186561e+01 -3.003813439e+01 -3.003813439e+01 +0.0000e+00 +0.0000e+00 +0.0000e+00 +0.0000e+00 +0.0000e+00 +0.0000e+00 +0.0000e+00 +0.0000e+00 +0.0000e+00 +0.0000e+00 +0.0000e+00 +0.0000e+00 +0.0000e+00 +0.0000e+00 +0.0000e+00 +0.0000e+00 +0.0000e+00 +0.0000e+00 +0.0000e+00 +0.0000e+00
6 0 +1.311507257e+01 -3.131492743e+01 -3.131492743e+01 +0.0000e+00 +0.0000e+00 +0.0000e+00 +1.0000e-01 +0.0000e+00 +0.0000e+00 +0.0000e+00 +0.0000e+00 +0.0000e+00 +0.0000e+00 +0.0000e+00 +0.0000e+00 +0.0000e+00 +0.0000e+00 +0.0000e+00 +0.0000e+00 +0.0000e+00 +0.0000e+00 +0.0000e+00 +0.0000e+00
8 0 +1.265076464e+01 -3.177923536e+01 -3.177923536e+01 +0.0000e+00 +0.0000e+00 +0.0000e+00 +0.0000e+00 +0.0000e+00 +1.0000e-01 +0.0000e+00 +0.0000e+00 +0.0000e+00 +0.0000e+00 +0.0000e+00 +0.0000e+00 +0.0000e+00 +0.0000e+00 +0.0000e+00 +0.0000e+00 +0.0000e+00 +0.0000e+00 +0.0000e+00 +0.0000e+00
% f evaluations | g evaluations | best noise-free fitness - Fopt (-1.354800000000e+02) + sum g_i+ | measured fitness | best measured fitness or single-digit g-values | x1 | x2...
1 0 +2.182663272e+01 -1.136533673e+02 -1.136533673e+02 +0.0000e+00 +0.0000e+00 +0.0000e+00 +0.0000e+00 +0.0000e+00 +0.0000e+00 +0.0000e+00 +0.0000e+00 +0.0000e+00 +0.0000e+00 +0.0000e+00 +0.0000e+00 +0.0000e+00 +0.0000e+00 +0.0000e+00 +0.0000e+00 +0.0000e+00 +0.0000e+00 +0.0000e+00 +0.0000e+00
3 0 +1.251145184e+01 -1.229685482e+02 -1.229685482e+02 +1.0000e-01 +0.0000e+00 +0.0000e+00 +0.0000e+00 +0.0000e+00 +0.0000e+00 +0.0000e+00 +0.0000e+00 +0.0000e+00 +0.0000e+00 +0.0000e+00 +0.0000e+00 +0.0000e+00 +0.0000e+00 +0.0000e+00 +0.0000e+00 +0.0000e+00 +0.0000e+00 +0.0000e+00 +0.0000e+00
5 0 +1.156508988e+01 -1.239149101e+02 -1.239149101e+02 +0.0000e+00 +0.0000e+00 +1.0000e-01 +0.0000e+00 +0.0000e+00 +0.0000e+00 +0.0000e+00 +0.0000e+00 +0.0000e+00 +0.0000e+00 +0.0000e+00 +0.0000e+00 +0.0000e+00 +0.0000e+00 +0.0000e+00 +0.0000e+00 +0.0000e+00 +0.0000e+00 +0.0000e+00 +0.0000e+00
15 0 +1.123203501e+01 -1.242479650e+02 -1.242479650e+02 +0.0000e+00 +0.0000e+00 +0.0000e+00 +0.0000e+00 +0.0000e+00 +0.0000e+00 +0.0000e+00 +0.0000e+00 +0.0000e+00 +0.0000e+00 +0.0000e+00 +0.0000e+00 +1.0000e-01 +0.0000e+00 +0.0000e+00 +0.0000e+00 +0.0000e+00 +0.0000e+00 +0.0000e+00 +0.0000e+00
19 0 +8.447619884e+00 -1.270323801e+02 -1.270323801e+02 +0.0000e+00 +0.0000e+00 +0.0000e+00 +0.0000e+00 +0.0000e+00 +0.0000e+00 +0.0000e+00 +0.0000e+00 +0.0000e+00 +0.0000e+00 +0.0000e+00 +0.0000e+00 +0.0000e+00 +0.0000e+00 +0.0000e+00 +0.0000e+00 +1.0000e-01 +0.0000e+00 +0.0000e+00 +0.0000e+00
% f evaluations | g evaluations | best noise-free fitness - Fopt (-4.017900000000e+02) + sum g_i+ | measured fitness | best measured fitness or single-digit g-values | x1 | x2...
1 0 +6.963125632e+00 -3.948268744e+02 -3.948268744e+02 +0.0000e+00 +0.0000e+00 +0.0000e+00 +0.0000e+00 +0.0000e+00 +0.0000e+00 +0.0000e+00 +0.0000e+00 +0.0000e+00 +0.0000e+00 +0.0000e+00 +0.0000e+00 +0.0000e+00 +0.0000e+00 +0.0000e+00 +0.0000e+00 +0.0000e+00 +0.0000e+00 +0.0000e+00 +0.0000e+00
9 0 +5.709257853e+00 -3.960807421e+02 -3.960807421e+02 +0.0000e+00 +0.0000e+00 +0.0000e+00 +0.0000e+00 +0.0000e+00 +0.0000e+00 +1.0000e-01 +0.0000e+00 +0.0000e+00 +0.0000e+00 +0.0000e+00 +0.0000e+00 +0.0000e+00 +0.0000e+00 +0.0000e+00 +0.0000e+00 +0.0000e+00 +0.0000e+00 +0.0000e+00 +0.0000e+00
% f evaluations | g evaluations | best noise-free fitness - Fopt (-7.253000000000e+01) + sum g_i+ | measured fitness | best measured fitness or single-digit g-values | x1 | x2...
1 0 +2.845846487e+01 -4.407153513e+01 -4.407153513e+01 +0.0000e+00 +0.0000e+00 +0.0000e+00 +0.0000e+00 +0.0000e+00 +0.0000e+00 +0.0000e+00 +0.0000e+00 +0.0000e+00 +0.0000e+00 +0.0000e+00 +0.0000e+00 +0.0000e+00 +0.0000e+00 +0.0000e+00 +0.0000e+00 +0.0000e+00 +0.0000e+00 +0.0000e+00 +0.0000e+00
3 0 +2.140267549e+01 -5.112732451e+01 -5.112732451e+01 +1.0000e-01 +0.0000e+00 +0.0000e+00 +0.0000e+00 +0.0000e+00 +0.0000e+00 +0.0000e+00 +0.0000e+00 +0.0000e+00 +0.0000e+00 +0.0000e+00 +0.0000e+00 +0.0000e+00 +0.0000e+00 +0.0000e+00 +0.0000e+00 +0.0000e+00 +0.0000e+00 +0.0000e+00 +0.0000e+00
4 0 +1.959333474e+01 -5.293666526e+01 -5.293666526e+01 +0.0000e+00 +1.0000e-01 +0.0000e+00 +0.0000e+00 +0.0000e+00 +0.0000e+00 +0.0000e+00 +0.0000e+00 +0.0000e+00 +0.0000e+00 +0.0000e+00 +0.0000e+00 +0.0000e+00 +0.0000e+00 +0.0000e+00 +0.0000e+00 +0.0000e+00 +0.0000e+00 +0.0000e+00 +0.0000e+00
6 0 +1.682059479e+01 -5.570940521e+01 -5.570940521e+01 +0.0000e+00 +0.0000e+00 +0.0000e+00 +1.0000e-01 +0.0000e+00 +0.0000e+00 +0.0000e+00 +0.0000e+00 +0.0000e+00 +0.0000e+00 +0.0000e+00 +0.0000e+00 +0.0000e+00 +0.0000e+00 +0.0000e+00 +0.0000e+00 +0.0000e+00 +0.0000e+00 +0.0000e+00 +0.0000e+00
9 0 +1.289176903e+01 -5.963823097e+01 -5.963823097e+01 +0.0000e+00 +0.0000e+00 +0.0000e+00 +0.0000e+00 +0.0000e+00 +0.0000e+00 +1.0000e-01 +0.0000e+00 +0.0000e+00 +0.0000e+00 +0.0000e+00 +0.0000e+00 +0.0000e+00 +0.0000e+00 +0.0000e+00 +0.0000e+00 +0.0000e+00 +0.0000e+00 +0.0000e+00 +0.0000e+00
12 0 +1.174214750e+01 -6.078785250e+01 -6.078785250e+01 +0.0000e+00 +0.0000e+00 +0.0000e+00 +0.0000e+00 +0.0000e+00 +0.0000e+00 +0.0000e+00 +0.0000e+00 +0.0000e+00 +1.0000e-01 +0.0000e+00 +0.0000e+00 +0.0000e+00 +0.0000e+00 +0.0000e+00 +0.0000e+00 +0.0000e+00 +0.0000e+00 +0.0000e+00 +0.0000e+00
22 0 +1.076827546e+01 -6.176172454e+01 -6.176172454e+01 +0.0000e+00 +0.0000e+00 +0.0000e+00 +0.0000e+00 +0.0000e+00 +0.0000e+00 +0.0000e+00 +0.0000e+00 +0.0000e+00 +0.0000e+00 +0.0000e+00 +0.0000e+00 +0.0000e+00 +0.0000e+00 +0.0000e+00 +0.0000e+00 +0.0000e+00 +0.0000e+00 +0.0000e+00 +1.0000e-01
% f evaluations | g evaluations | best noise-free fitness - Fopt (-2.466700000000e+02) + sum g_i+ | measured fitness | best measured fitness or single-digit g-values | x1 | x2...
1 0 +9.329492642e+00 -2.373405074e+02 -2.373405074e+02 +0.0000e+00 +0.0000e+00 +0.0000e+00 +0.0000e+00 +0.0000e+00 +0.0000e+00 +0.0000e+00 +0.0000e+00 +0.0000e+00 +0.0000e+00 +0.0000e+00 +0.0000e+00 +0.0000e+00 +0.0000e+00 +0.0000e+00 +0.0000e+00 +0.0000e+00 +0.0000e+00 +0.0000e+00 +0.0000e+00
20 0 +6.091071709e+00 -2.405789283e+02 -2.405789283e+02 +0.0000e+00 +0.0000e+00 +0.0000e+00 +0.0000e+00 +0.0000e+00 +0.0000e+00 +0.0000e+00 +0.0000e+00 +0.0000e+00 +0.0000e+00 +0.0000e+00 +0.0000e+00 +0.0000e+00 +0.0000e+00 +0.0000e+00 +0.0000e+00 +0.0000e+00 +1.0000e-01 +0.0000e+00 +0.0000e+00
% f evaluations | g evaluations | best noise-free fitness - Fopt (1.000000000000e+03) + sum g_i+ | measured fitness | best measured fitness or single-digit g-values | x1 | x2...
1 0 +1.661844809e+01 +1.016618448e+03 +1.016618448e+03 +0.0000e+00 +0.0000e+00 +0.0000e+00 +0.0000e+00 +0.0000e+00 +0.0000e+00 +0.0000e+00 +0.0000e+00 +0.0000e+00 +0.0000e+00 +0.0000e+00 +0.0000e+00 +0.0000e+00 +0.0000e+00 +0.0000e+00 +0.0000e+00 +0.0000e+00 +0.0000e+00 +0.0000e+00 +0.0000e+00
3 0 +1.186745346e+01 +1.011867453e+03 +1.011867453e+03 +1.0000e-01 +0.0000e+00 +0.0000e+00 +0.0000e+00 +0.0000e+00 +0.0000e+00 +0.0000e+00 +0.0000e+00 +0.0000e+00 +0.0000e+00 +0.0000e+00 +0.0000e+00 +0.0000e+00 +0.0000e+00 +0.0000e+00 +0.0000e+00 +0.0000e+00 +0.0000e+00 +0.0000e+00 +0.0000e+00
29 0 +1.044087353e+01 +1.010440874e+03 +1.010440874e+03 +1.0090e-01 +0.0000e+00 +0.0000e+00 +0.0000e+00 -8.5065e-03 +8.9671e-04 +8.9671e-04 +8.9671e-04 +8.9671e-04 +8.9671e-04 +8.9671e-04 +8.9671e-04 +0.0000e+00 +8.9671e-04 +8.9671e-04 +8.9671e-04 +8.9671e-04 +8.9671e-04 +8.9671e-04 -4.0474e-03
40 0 +9.673444839e+00 +1.009673445e+03 +1.009673445e+03 +9.9028e-02 +1.7396e-03 +8.9739e-04 -2.1087e-03 -9.0349e-03 +6.9036e-03 +3.5196e-03 -2.2550e-04 +6.7283e-03 -2.8408e-04 -1.6219e-03 +1.1653e-03 -7.7942e-04 -1.3469e-03 +2.7838e-04 +2.3617e-03 +5.2286e-03 -1.5836e-03 -7.2943e-03 -5.5394e-03
% f evaluations | g evaluations | best noise-free fitness - Fopt (-2.743700000000e+02) + sum g_i+ | measured fitness | best measured fitness or single-digit g-values | x1 | x2...
1 0 +1.123517263e+01 -2.631348274e+02 -2.631348274e+02 +0.0000e+00 +0.0000e+00 +0.0000e+00 +0.0000e+00 +0.0000e+00 +0.0000e+00 +0.0000e+00 +0.0000e+00 +0.0000e+00 +0.0000e+00 +0.0000e+00 +0.0000e+00 +0.0000e+00 +0.0000e+00 +0.0000e+00 +0.0000e+00 +0.0000e+00 +0.0000e+00 +0.0000e+00 +0.0000e+00
4 0 +8.914275221e+00 -2.654557248e+02 -2.654557248e+02 +0.0000e+00 +1.0000e-01 +0.0000e+00 +0.0000e+00 +0.0000e+00 +0.0000e+00 +0.0000e+00 +0.0000e+00 +0.0000e+00 +0.0000e+00 +0.0000e+00 +0.0000e+00 +0.0000e+00 +0.0000e+00 +0.0000e+00 +0.0000e+00 +0.0000e+00 +0.0000e+00 +0.0000e+00 +0.0000e+00
12 0 +7.071004021e+00 -2.672989960e+02 -2.672989960e+02 +0.0000e+00 +0.0000e+00 +0.0000e+00 +0.0000e+00 +0.0000e+00 +0.0000e+00 +0.0000e+00 +0.0000e+00 +0.0000e+00 +1.0000e-01 +0.0000e+00 +0.0000e+00 +0.0000e+00 +0.0000e+00 +0.0000e+00 +0.0000e+00 +0.0000e+00 +0.0000e+00 +0.0000e+00 +0.0000e+00
% f evaluations | g evaluations | best noise-free fitness - Fopt (-7.642000000000e+01) + sum g_i+ | measured fitness | best measured fitness or single-digit g-values | x1 | x2...
1 0 +1.549668850e+01 -6.092331150e+01 -6.092331150e+01 +0.0000e+00 +0.0000e+00 +0.0000e+00 +0.0000e+00 +0.0000e+00 +0.0000e+00 +0.0000e+00 +0.0000e+00 +0.0000e+00 +0.0000e+00 +0.0000e+00 +0.0000e+00 +0.0000e+00 +0.0000e+00 +0.0000e+00 +0.0000e+00 +0.0000e+00 +0.0000e+00 +0.0000e+00 +0.0000e+00
3 0 +1.549077157e+01 -6.092922843e+01 -6.092922843e+01 +1.0000e-01 +0.0000e+00 +0.0000e+00 +0.0000e+00 +0.0000e+00 +0.0000e+00 +0.0000e+00 +0.0000e+00 +0.0000e+00 +0.0000e+00 +0.0000e+00 +0.0000e+00 +0.0000e+00 +0.0000e+00 +0.0000e+00 +0.0000e+00 +0.0000e+00 +0.0000e+00 +0.0000e+00 +0.0000e+00
5 0 +1.359423241e+01 -6.282576759e+01 -6.282576759e+01 +0.0000e+00 +0.0000e+00 +1.0000e-01 +0.0000e+00 +0.0000e+00 +0.0000e+00 +0.0000e+00 +0.0000e+00 +0.0000e+00 +0.0000e+00 +0.0000e+00 +0.0000e+00 +0.0000e+00 +0.0000e+00 +0.0000e+00 +0.0000e+00 +0.0000e+00 +0.0000e+00 +0.0000e+00 +0.0000e+00
7 0 +7.964756268e+00 -6.845524373e+01 -6.845524373e+01 +0.0000e+00 +0.0000e+00 +0.0000e+00 +0.0000e+00 +1.0000e-01 +0.0000e+00 +0.0000e+00 +0.0000e+00 +0.0000e+00 +0.0000e+00 +0.0000e+00 +0.0000e+00 +0.0000e+00 +0.0000e+00 +0.0000e+00 +0.0000e+00 +0.0000e+00 +0.0000e+00 +0.0000e+00 +0.0000e+00
% f evaluations | g evaluations | best noise-free fitness - Fopt (-2.412500000000e+02) + sum g_i+ | measured fitness | best measured fitness or single-digit g-values | x1 | x2...
1 0 +2.189448790e+01 -2.193555121e+02 -2.193555121e+02 +0.0000e+00 +0.0000e+00 +0.0000e+00 +0.0000e+00 +0.0000e+00 +0.0000e+00 +0.0000e+00 +0.0000e+00 +0.0000e+00 +0.0000e+00 +0.0000e+00 +0.0000e+00 +0.0000e+00 +0.0000e+00 +0.0000e+00 +0.0000e+00 +0.0000e+00 +0.0000e+00 +0.0000e+00 +0.0000e+00
3 0 +1.487657322e+01 -2.263734268e+02 -2.263734268e+02 +1.0000e-01 +0.0000e+00 +0.0000e+00 +0.0000e+00 +0.0000e+00 +0.0000e+00 +0.0000e+00 +0.0000e+00 +0.0000e+00 +0.0000e+00 +0.0000e+00 +0.0000e+00 +0.0000e+00 +0.0000e+00 +0.0000e+00 +0.0000e+00 +0.0000e+00 +0.0000e+00 +0.0000e+00 +0.0000e+00
4 0 +1.115936150e+01 -2.300906385e+02 -2.300906385e+02 +0.0000e+00 +1.0000e-01 +0.0000e+00 +0.0000e+00 +0.0000e+00 +0.0000e+00 +0.0000e+00 +0.0000e+00 +0.0000e+00 +0.0000e+00 +0.0000e+00 +0.0000e+00 +0.0000e+00 +0.0000e+00 +0.0000e+00 +0.0000e+00 +0.0000e+00 +0.0000e+00 +0.0000e+00 +0.0000e+00
20 0 +8.883441931e+00 -2.323665581e+02 -2.323665581e+02 +0.0000e+00 +0.0000e+00 +0.0000e+00 +0.0000e+00 +0.0000e+00 +0.0000e+00 +0.0000e+00 +0.0000e+00 +0.0000e+00 +0.0000e+00 +0.0000e+00 +0.0000e+00 +0.0000e+00 +0.0000e+00 +0.0000e+00 +0.0000e+00 +0.0000e+00 +1.0000e-01 +0.0000e+00 +0.0000e+00
23 0 +7.702566958e+00 -2.335474330e+02 -2.335474330e+02 -2.0860e-02 -3.1909e-02 -1.5043e-02 -1.8188e-02 +1.1162e-01 -3.7620e-03 +5.5385e-03 -2.4486e-02 -1.6845e-02 -2.0969e-02 -2.2730e-02 -2.1511e-02 -2.0768e-02 -1.7802e-02 -2.7560e-02 +4.7091e-03 -2.2478e-02 -3.8673e-02 -3.6301e-02 -2.5669e-02
% f evaluations | g evaluations | best noise-free fitness - Fopt (8.389000000000e+01) + sum g_i+ | measured fitness | best measured fitness or single-digit g-values | x1 | x2...
1 0 +3.254544101e+01 +1.164354410e+02 +1.164354410e+02 +0.0000e+00 +0.0000e+00 +0.0000e+00 +0.0000e+00 +0.0000e+00 +0.0000e+00 +0.0000e+00 +0.0000e+00 +0.0000e+00 +0.0000e+00 +0.0000e+00 +0.0000e+00 +0.0000e+00 +0.0000e+00 +0.0000e+00 +0.0000e+00 +0.0000e+00 +0.0000e+00 +0.0000e+00 +0.0000e+00
3 0 +1.336178754e+01 +9.725178754e+01 +9.725178754e+01 +1.0000e-01 +0.0000e+00 +0.0000e+00 +0.0000e+00 +0.0000e+00 +0.0000e+00 +0.0000e+00 +0.0000e+00 +0.0000e+00 +0.0000e+00 +0.0000e+00 +0.0000e+00 +0.0000e+00 +0.0000e+00 +0.0000e+00 +0.0000e+00 +0.0000e+00 +0.0000e+00 +0.0000e+00 +0.0000e+00
16 0 +1.308571010e+01 +9.697571010e+01 +9.697571010e+01 +0.0000e+00 +0.0000e+00 +0.0000e+00 +0.0000e+00 +0.0000e+00 +0.0000e+00 +0.0000e+00 +0.0000e+00 +0.0000e+00 +0.0000e+00 +0.0000e+00 +0.0000e+00 +0.0000e+00 +1.0000e-01 +0.0000e+00 +0.0000e+00 +0.0000e+00 +0.0000e+00 +0.0000e+00 +0.0000e+00
19 0 +8.791045106e+00 +9.268104511e+01 +9.268104511e+01 +0.0000e+00 +0.0000e+00 +0.0000e+00 +0.0000e+00 +0.0000e+00 +0.0000e+00 +0.0000e+00 +0.0000e+00 +0.0000e+00 +0.0000e+00 +0.0000e+00 +0.0000e+00 +0.0000e+00 +0.0000e+00 +0.0000e+00 +0.0000e+00 +1.0000e-01 +0.0000e+00 +0.0000e+00 +0.0000e+00
23 0 +6.226806899e+00 +9.011680690e+01 +9.011680690e+01 +3.0962e-02 +2.6990e-02 +1.0096e-02 +7.3970e-03 +2.0254e-02 +8.4737e-03 +2.5137e-02 +2.7984e-02 +1.9691e-02 +2.5560e-02 +1.7090e-02 +1.4384e-02 +6.5439e-03 +3.1407e-02 +4.8155e-04 +2.4471e-02 +1.3834e-01 +2.0073e-02 +3.1421e-02 +1.5194e-02
24 0 +5.448241842e+00 +8.933824184e+01 +8.933824184e+01 +4.6115e-02 +3.3683e-02 -1.9204e-02 -2.7653e-02 +1.2595e-02 -2.4282e-02 +2.7882e-02 +3.6793e-02 +1.0833e-02 +2.9205e-02 +2.6896e-03 -5.7796e-03 -3.0323e-02 +4.7509e-02 -4.9301e-02 +2.5795e-02 +1.6921e-01 +1.2029e-02 +4.7551e-02 -3.2449e-03
30 0 +4.855374529e+00 +8.874537453e+01 +8.874537453e+01 +4.6503e-02 +3.3649e-02 -5.8966e-03 -2.9767e-02 +1.1846e-02 -2.5051e-02 +2.7651e-02 +3.6865e-02 +1.0024e-02 +2.9019e-02 +1.6045e-03 -8.7481e-03 -3.1490e-02 +4.7945e-02 -5.1065e-02 +2.5493e-02 +1.7038e-01 +1.1260e-02 +4.7988e-02 -4.5313e-03
33 0 +4.604006618e+00 +8.849400662e+01 +8.849400662e+01 +4.6535e-02 +3.3681e-02 -5.8966e-03 -2.9767e-02 +1.1878e-02 -2.5051e-02 +2.7683e-02 +3.6897e-02 +1.6932e-02 +2.9052e-02 +1.6045e-03 -8.7481e-03 -3.1490e-02 +4.7977e-02 -5.1065e-02 +2.5526e-02 +1.7041e-01 +4.0303e-03 +4.8020e-02 -4.5313e-03
39 0 +4.489115835e+00 +8.837911584e+01 +8.837911584e+01 +4.6850e-02 +4.0080e-02 -5.8966e-03 -2.9767e-02 +1.1878e-02 -2.5051e-02 +2.7683e-02 +2.9239e-02 +1.6932e-02 +2.9052e-02 +1.6045e-03 -8.7481e-03 -3.1490e-02 +4.8292e-02 -5.1065e-02 +2.5526e-02 +1.7073e-01 +4.0303e-03 +4.8335e-02 -4.5313e-03
40 0 +3.413644328e+00 +8.730364433e+01 +8.730364433e+01 +4.4510e-02 +4.6934e-02 -5.5397e-03 -3.0515e-02 +1.1366e-02 -2.5323e-02 +2.7073e-02 +3.4502e-02 +1.6904e-02 +2.9656e-02 +2.3455e-03 -8.4986e-03 -3.1903e-02 +4.5969e-02 -5.1689e-02 +2.5816e-02 +1.6866e-01 +3.8055e-03 +4.6013e-02 -5.8518e-03
41 0 +3.066431930e+00 +8.695643193e+01 +8.695643193e+01 +5.1131e-02 +4.6934e-02 -5.5397e-03 -3.0515e-02 +1.1366e-02 -2.5323e-02 +2.7073e-02 +3.4502e-02 +1.6904e-02 +2.9656e-02 +2.3455e-03 -8.4986e-03 -3.1903e-02 +3.8499e-02 -5.1689e-02 +2.5816e-02 +1.6909e-01 +3.8055e-03 +4.6438e-02 -5.8518e-03
% f evaluations | g evaluations | best noise-free fitness - Fopt (1.292800000000e+02) + sum g_i+ | measured fitness | best measured fitness or single-digit g-values | x1 | x2...
1 0 +2.014562221e+01 +1.494256222e+02 +1.494256222e+02 +0.0000e+00 +0.0000e+00 +0.0000e+00 +0.0000e+00 +0.0000e+00 +0.0000e+00 +0.0000e+00 +0.0000e+00 +0.0000e+00 +0.0000e+00 +0.0000e+00 +0.0000e+00 +0.0000e+00 +0.0000e+00 +0.0000e+00 +0.0000e+00 +0.0000e+00 +0.0000e+00 +0.0000e+00 +0.0000e+00
3 0 +1.978866605e+01 +1.490686661e+02 +1.490686661e+02 +1.0000e-01 +0.0000e+00 +0.0000e+00 +0.0000e+00 +0.0000e+00 +0.0000e+00 +0.0000e+00 +0.0000e+00 +0.0000e+00 +0.0000e+00 +0.0000e+00 +0.0000e+00 +0.0000e+00 +0.0000e+00 +0.0000e+00 +0.0000e+00 +0.0000e+00 +0.0000e+00 +0.0000e+00 +0.0000e+00
5 0 +1.361576925e+01 +1.428957693e+02 +1.428957693e+02 +0.0000e+00 +0.0000e+00 +1.0000e-01 +0.0000e+00 +0.0000e+00 +0.0000e+00 +0.0000e+00 +0.0000e+00 +0.0000e+00 +0.0000e+00 +0.0000e+00 +0.0000e+00 +0.0000e+00 +0.0000e+00 +0.0000e+00 +0.0000e+00 +0.0000e+00 +0.0000e+00 +0.0000e+00 +0.0000e+00
17 0 +1.263666502e+01 +1.419166650e+02 +1.419166650e+02 +0.0000e+00 +0.0000e+00 +0.0000e+00 +0.0000e+00 +0.0000e+00 +0.0000e+00 +0.0000e+00 +0.0000e+00 +0.0000e+00 +0.0000e+00 +0.0000e+00 +0.0000e+00 +0.0000e+00 +0.0000e+00 +1.0000e-01 +0.0000e+00 +0.0000e+00 +0.0000e+00 +0.0000e+00 +0.0000e+00
18 0 +7.041814775e+00 +1.363218148e+02 +1.363218148e+02 +0.0000e+00 +0.0000e+00 +0.0000e+00 +0.0000e+00 +0.0000e+00 +0.0000e+00 +0.0000e+00 +0.0000e+00 +0.0000e+00 +0.0000e+00 +0.0000e+00 +0.0000e+00 +0.0000e+00 +0.0000e+00 +0.0000e+00 +1.0000e-01 +0.0000e+00 +0.0000e+00 +0.0000e+00 +0.0000e+00
27 0 +6.572085032e+00 +1.358520850e+02 +1.358520850e+02 +0.0000e+00 -9.4191e-03 +4.0479e-04 +4.0479e-04 +4.0479e-04 +4.0479e-04 +4.0479e-04 +4.0479e-04 +4.0479e-04 +4.0479e-04 +4.0479e-04 +2.9425e-03 +4.0479e-04 +4.0479e-04 +4.0479e-04 +1.0040e-01 +4.0479e-04 +4.0479e-04 +0.0000e+00 +4.0479e-04
30 0 +5.858263460e+00 +1.351382635e+02 +1.351382635e+02 +1.8646e-03 -1.0230e-02 -2.5887e-03 +5.4340e-04 +9.4176e-03 +1.7281e-04 -6.0965e-06 +3.0088e-04 +5.6980e-04 +1.6994e-04 -1.1745e-04 +1.3660e-03 +7.6878e-04 +5.3830e-04 +8.8589e-04 +1.0156e-01 +1.1215e-04 +5.0007e-05 -7.6068e-04 +6.7693e-04
31 0 +5.650630088e+00 +1.349306301e+02 +1.349306301e+02 +1.8646e-03 -1.0230e-02 -2.5887e-03 +6.5388e-04 +9.4176e-03 +2.8330e-04 -7.7037e-03 +4.1136e-04 +6.8028e-04 +2.8042e-04 +6.2544e-03 +1.3660e-03 +8.7926e-04 +6.4878e-04 +9.9637e-04 +1.0167e-01 +2.2263e-04 +1.6049e-04 -7.6068e-04 +7.8741e-04
33 0 +5.349629234e+00 +1.346296292e+02 +1.346296292e+02 +1.8646e-03 -1.0230e-02 -2.5887e-03 +7.3545e-04 +9.4176e-03 +3.6486e-04 -7.7037e-03 +4.9292e-04 +7.6185e-04 +3.6198e-04 +6.2544e-03 +1.3660e-03 +9.6082e-04 +7.3034e-04 +1.0779e-03 +1.0175e-01 -7.2421e-03 +6.8096e-03 -7.6068e-04 +8.6897e-04
38 0 +4.489168837e+00 +1.337691688e+02 +1.337691688e+02 +3.1157e-03 -1.0774e-02 -2.0765e-03 -8.4232e-04 +1.0048e-02 +3.6585e-04 -7.8592e-03 +8.7250e-03 -7.9821e-04 -1.5119e-06 +6.2710e-03 +3.0820e-04 -4.6572e-04 +4.7703e-03 -2.7004e-04 +1.0086e-01 -7.4896e-03 +6.8536e-03 -1.2711e-03 -6.1920e-04
