% f evaluations | g evaluations | best noise-free fitness - Fopt (-1.000000000000e+03) + sum g_i+ | measured fitness | best measured fitness or single-digit g-values | x1 | x2...
1 0 +8.287602554e+01 -9.171239745e+02 -9.171239745e+02 +0.0000e+00 +0.0000e+00 +0.0000e+00 +0.0000e+00 +0.0000e+00 +0.0000e+00 +0.0000e+00 +0.0000e+00 +0.0000e+00 +0.0000e+00 +0.0000e+00 +0.0000e+00 +0.0000e+00 +0.0000e+00 +0.0000e+00 +0.0000e+00 +0.0000e+00 +0.0000e+00 +0.0000e+00 +0.0000e+00
4 0 +8.287599039e+01 -9.171240096e+02 -9.171240096e+02 +0.0000e+00 +0.0000e+00 +2.5000e-04 +0.0000e+00 +0.0000e+00 +0.0000e+00 +0.0000e+00 +0.0000e+00 +0.0000e+00 +0.0000e+00 +0.0000e+00 +0.0000e+00 +0.0000e+00 +0.0000e+00 +0.0000e+00 +0.0000e+00 +0.0000e+00 +0.0000e+00 +0.0000e+00 +0.0000e+00
445 0 +8.110908322e+01 -9.188909168e+02 -9.188909168e+02 -6.9550e-01 -7.9760e-02 +2.5610e-01 -2.4893e-01 +1.3659e-01 -2.2021e-01 +5.7209e-02 -3.2001e-01 +4.1801e-01 -3.4921e-01 +4.2212e-01 +4.7022e-01 +2.4024e-01 +1.4341e-01 +3.4590e-02 -1.5419e-01 +2.9413e-01 -8.7299e-03 +3.0894e-02 -1.1421e-01
489 0 +7.904684385e+01 -9.209531562e+02 -9.209531562e+02 -1.4522e+00 -1.6695e-01 +5.3684e-01 -5.2011e-01 +2.8545e-01 -4.6078e-01 +1.1867e-01 -6.6851e-01 +8.7339e-01 -7.3117e-01 +8.8329e-01 +9.8188e-01 +5.0310e-01 +3.0033e-01 +7.1882e-02 -3.2244e-01 +6.1575e-01 -1.8195e-02 +6.3257e-02 -2.3835e-01
516 0 +7.704001372e+01 -9.229599863e+02 -9.229599863e+02 -2.2905e+00 -2.6282e-01 +8.4613e-01 -8.1953e-01 +4.5035e-01 -7.2521e-01 +1.8744e-01 -1.0574e+00 +1.3783e+00 -1.1531e+00 +1.3906e+00 +1.5476e+00 +7.9379e-01 +4.7437e-01 +1.1373e-01 -5.0782e-01 +9.7177e-01 -2.8285e-02 +9.9123e-02 -3.7561e-01
534 0 +7.580454145e+01 -9.241954586e+02 -9.241954586e+02 -3.0623e+00 -3.5130e-01 +1.1311e+00 -1.0961e+00 +6.0264e-01 -9.7092e-01 +2.5092e-01 -1.4106e+00 +1.8439e+00 -1.5387e+00 +1.8586e+00 +2.0703e+00 +1.0601e+00 +6.3318e-01 +1.5068e-01 -6.7902e-01 +1.2992e+00 -3.7399e-02 +1.3325e-01 -5.0157e-01
1570 0 +7.401116115e+01 -9.259888389e+02 -9.259888389e+02 -2.9968e+00 +4.0848e-02 +1.5332e+00 -1.5098e+00 +6.3402e-01 -9.2240e-01 +3.7103e-01 -1.9627e+00 +1.9424e+00 -2.2365e+00 +2.8431e+00 +1.4764e+00 +1.2296e+00 +3.2619e-01 +5.1799e-01 -6.4554e-01 +1.4603e+00 +2.2759e-01 +8.7648e-02 -6.8363e-01
1673 0 +7.235122088e+01 -9.276487791e+02 -9.276487791e+02 -2.3271e+00 +5.4051e-01 +2.1001e+00 -2.0814e+00 +6.4164e-01 -2.8443e-01 +3.6514e-01 -2.6066e+00 +1.6159e+00 -1.9429e+00 +3.7421e+00 +7.0724e-01 +8.8277e-01 -4.1931e-01 +7.5096e-01 -3.7097e-01 +1.4946e+00 +6.8683e-01 -6.9251e-02 -6.9163e-01
1739 0 +7.076622264e+01 -9.292337774e+02 -9.292337774e+02 -3.2886e+00 +2.3807e-01 +2.7389e+00 -2.6851e+00 +9.3719e-01 -4.0868e-02 +2.5522e-01 -3.2093e+00 +2.0204e+00 -9.7788e-01 +4.0799e+00 +2.0409e+00 +6.5752e-01 -4.8260e-01 +4.1031e-01 -4.3992e-01 +1.9691e+00 +7.7526e-01 -1.1787e-01 -6.1665e-01
3022 0 +6.906876947e+01 -9.309312305e+02 -9.309312305e+02 -3.5010e+00 -8.4629e-02 +3.1985e+00 -3.2105e+00 +9.7978e-01 -4.8597e-01 +4.3622e-01 -2.9245e+00 +2.3333e+00 -7.2759e-01 +4.6544e+00 +1.2119e+00 +3.5699e-01 -5.8749e-01 +4.6227e-01 -2.8300e-01 +2.0550e+00 +1.3157e+00 +2.3620e-01 -1.4960e-01
% f evaluations | g evaluations | best noise-free fitness - Fopt (1.000000000000e+03) + sum g_i+ | measured fitness | best measured fitness or single-digit g-values | x1 | x2...
1 0 +8.367961493e+01 +1.083679615e+03 +1.083679615e+03 +0.0000e+00 +0.0000e+00 +0.0000e+00 +0.0000e+00 +0.0000e+00 +0.0000e+00 +0.0000e+00 +0.0000e+00 +0.0000e+00 +0.0000e+00 +0.0000e+00 +0.0000e+00 +0.0000e+00 +0.0000e+00 +0.0000e+00 +0.0000e+00 +0.0000e+00 +0.0000e+00 +0.0000e+00 +0.0000e+00
3 0 +8.367937412e+01 +1.083679374e+03 +1.083679374e+03 +0.0000e+00 +2.5000e-04 +0.0000e+00 +0.0000e+00 +0.0000e+00 +0.0000e+00 +0.0000e+00 +0.0000e+00 +0.0000e+00 +0.0000e+00 +0.0000e+00 +0.0000e+00 +0.0000e+00 +0.0000e+00 +0.0000e+00 +0.0000e+00 +0.0000e+00 +0.0000e+00 +0.0000e+00 +0.0000e+00
363 0 +8.314325834e+01 +1.083143258e+03 +1.083143258e+03 -2.9958e-02 +7.4005e-02 +3.0612e-02 +7.3643e-02 -3.2706e-02 +4.9622e-02 +6.4781e-02 -4.9271e-02 -3.0440e-02 -4.8679e-02 -3.8088e-02 -3.3542e-02 -5.7465e-02 -1.5766e-02 -8.9891e-02 -1.3445e-01 +9.3208e-02 +1.1042e-01 +2.1830e-02 +5.0555e-02
451 0 +8.108410429e+01 +1.081084104e+03 +1.081084104e+03 -1.2938e-01 +3.1703e-01 +1.2867e-01 +3.2104e-01 -1.4525e-01 +2.1589e-01 +2.6481e-01 -2.1891e-01 -1.2398e-01 -2.0958e-01 -1.6456e-01 -1.4348e-01 -2.4334e-01 -6.5776e-02 -3.7747e-01 -5.7808e-01 +4.0114e-01 +4.7127e-01 +1.0207e-01 +2.1756e-01
478 0 +7.942355717e+01 +1.079423557e+03 +1.079423557e+03 -2.0238e-01 +4.9711e-01 +2.0104e-01 +5.0375e-01 -2.2867e-01 +3.3850e-01 +4.1621e-01 -3.4318e-01 -1.9295e-01 -3.2798e-01 -2.5850e-01 -2.2509e-01 -3.8093e-01 -1.0304e-01 -5.9185e-01 -9.0537e-01 +6.2566e-01 +7.3908e-01 +1.6065e-01 +3.4024e-01
504 0 +7.716579809e+01 +1.077165798e+03 +1.077165798e+03 -3.1290e-01 +7.6816e-01 +3.1035e-01 +7.8030e-01 -3.5590e-01 +5.2352e-01 +6.4213e-01 -5.3094e-01 -2.9686e-01 -5.0706e-01 -4.0105e-01 -3.4697e-01 -5.8941e-01 -1.5832e-01 -9.1375e-01 -1.3980e+00 +9.6419e-01 +1.1423e+00 +2.5130e-01 +5.2466e-01
522 0 +7.570610875e+01 +1.075706109e+03 +1.075706109e+03 -4.2287e-01 +1.0409e+00 +4.1939e-01 +1.0549e+00 -4.8376e-01 +7.0870e-01 +8.6847e-01 -7.1910e-01 -4.0209e-01 -6.8734e-01 -5.4315e-01 -4.7081e-01 -7.9730e-01 -2.1401e-01 -1.2359e+00 -1.8948e+00 +1.3079e+00 +1.5471e+00 +3.4234e-01 +7.1181e-01
1493 0 +7.412074980e+01 +1.074120750e+03 +1.074120750e+03 -6.6816e-01 +1.2679e+00 +1.9035e-01 +1.0710e+00 -1.1221e+00 +9.5906e-01 +1.0309e+00 -8.5968e-01 -3.3160e-01 -5.3414e-01 -8.7204e-01 -7.9660e-01 -9.0643e-01 -2.1214e-01 -1.2221e+00 -2.3480e+00 +1.9975e+00 +2.1590e+00 +7.5501e-01 +6.2096e-01
1591 0 +7.243351108e+01 +1.072433511e+03 +1.072433511e+03 -1.3270e+00 +1.2036e+00 -4.6060e-01 +8.1416e-01 -1.4193e+00 +1.1778e+00 +2.9036e-01 -1.0083e+00 -2.0786e-01 -3.8332e-02 -7.5198e-01 -8.6852e-01 -2.9703e-01 -1.3889e-01 -9.1976e-01 -2.3324e+00 +2.9597e+00 +2.3449e+00 +1.0815e+00 +2.0264e-01
2002 0 +7.076208941e+01 +1.070762089e+03 +1.070762089e+03 -2.0339e+00 +1.4310e+00 -5.6760e-01 +1.1227e+00 -1.5610e+00 +1.5881e+00 +2.7322e-01 -1.2582e+00 -2.7116e-01 +1.4596e-01 -8.5617e-01 -1.0502e+00 -9.0689e-02 -2.3797e-01 -1.3993e+00 -2.6984e+00 +3.6038e+00 +2.8447e+00 +1.2392e+00 +1.9728e-01
2062 0 +6.901976299e+01 +1.069019763e+03 +1.069019763e+03 -2.4447e+00 +1.3414e+00 -6.0110e-01 +1.1659e+00 -1.6477e+00 +1.7537e+00 +4.3196e-01 -1.1731e+00 -1.8583e-01 +5.2535e-01 -9.8585e-01 -1.1884e+00 +1.2582e-01 -3.1322e-01 -1.5960e+00 -2.4146e+00 +3.4485e+00 +2.9017e+00 +1.2592e+00 +4.6604e-02
2095 0 +6.740119184e+01 +1.067401192e+03 +1.067401192e+03 -2.8275e+00 +1.3273e+00 -6.4400e-01 +1.2054e+00 -2.0380e+00 +1.9767e+00 +8.3637e-01 -1.0764e+00 -5.0657e-02 +9.5175e-01 -1.3276e+00 -1.4916e+00 +1.8466e-01 -3.9500e-01 -1.7761e+00 -2.2590e+00 +3.3697e+00 +3.1853e+00 +1.4313e+00 -1.1467e-01
2157 0 +6.604756859e+01 +1.066047569e+03 +1.066047569e+03 -3.6137e+00 +1.2864e+00 -4.1902e-01 +1.5722e+00 -2.0611e+00 +2.3665e+00 +1.4709e+00 -9.6119e-01 +7.1342e-03 +1.4962e+00 -1.6485e+00 -1.7758e+00 +4.0760e-01 -6.2338e-01 -2.5428e+00 -1.8819e+00 +2.8718e+00 +3.3980e+00 +1.3482e+00 -1.8328e-01
3920 0 +6.454955537e+01 +1.064549555e+03 +1.064549555e+03 -3.4742e+00 +9.7207e-01 -7.0046e-01 +2.0079e+00 -2.0593e+00 +2.5405e+00 +1.4893e+00 -1.3551e+00 -2.2876e-01 +1.8831e+00 -1.6155e+00 -1.7734e+00 +4.1821e-01 -7.7231e-01 -2.3025e+00 -1.7594e+00 +3.0172e+00 +3.2985e+00 +8.6504e-01 +3.6008e-01
% f evaluations | g evaluations | best noise-free fitness - Fopt (-4.913000000000e+01) + sum g_i+ | measured fitness | best measured fitness or single-digit g-values | x1 | x2...
1 0 +8.282343011e+01 +3.369343011e+01 +3.369343011e+01 +0.0000e+00 +0.0000e+00 +0.0000e+00 +0.0000e+00 +0.0000e+00 +0.0000e+00 +0.0000e+00 +0.0000e+00 +0.0000e+00 +0.0000e+00 +0.0000e+00 +0.0000e+00 +0.0000e+00 +0.0000e+00 +0.0000e+00 +0.0000e+00 +0.0000e+00 +0.0000e+00 +0.0000e+00 +0.0000e+00
3 0 +8.282323680e+01 +3.369323680e+01 +3.369323680e+01 +0.0000e+00 +2.5000e-04 +0.0000e+00 +0.0000e+00 +0.0000e+00 +0.0000e+00 +0.0000e+00 +0.0000e+00 +0.0000e+00 +0.0000e+00 +0.0000e+00 +0.0000e+00 +0.0000e+00 +0.0000e+00 +0.0000e+00 +0.0000e+00 +0.0000e+00 +0.0000e+00 +0.0000e+00 +0.0000e+00
441 0 +8.111352908e+01 +3.198352908e+01 +3.198352908e+01 +1.0220e-01 +2.9945e-01 -7.8410e-01 +3.1800e-01 +3.6309e-01 -5.0293e-02 +6.2949e-02 +1.1879e-03 -8.9970e-02 +1.9320e-01 +3.1749e-01 -4.9318e-01 -4.6242e-03 +1.0444e-01 +1.2312e-01 -1.7524e-01 +9.4089e-02 +9.3994e-02 -2.3216e-01 -1.8954e-01
485 0 +7.911376969e+01 +2.998376969e+01 +2.998376969e+01 +2.1270e-01 +6.2523e-01 -1.6377e+00 +6.6444e-01 +7.5727e-01 -1.0584e-01 +1.3090e-01 +3.6830e-03 -1.8910e-01 +4.0628e-01 +6.6292e-01 -1.0318e+00 -8.9559e-03 +2.1871e-01 +2.5708e-01 -3.6691e-01 +1.9643e-01 +1.9678e-01 -4.8398e-01 -3.9596e-01
512 0 +7.713378383e+01 +2.800378383e+01 +2.800378383e+01 +3.3482e-01 +9.8271e-01 -2.5715e+00 +1.0431e+00 +1.1896e+00 -1.6791e-01 +2.0550e-01 +6.8340e-03 -2.9812e-01 +6.3866e-01 +1.0424e+00 -1.6236e+00 -1.4236e-02 +3.4293e-01 +4.0358e-01 -5.7607e-01 +3.0984e-01 +3.0926e-01 -7.6005e-01 -6.2206e-01
530 0 +7.579973664e+01 +2.666973664e+01 +2.666973664e+01 +4.5283e-01 +1.3231e+00 -3.4632e+00 +1.4030e+00 +1.6005e+00 -2.2502e-01 +2.7645e-01 +7.1446e-03 -4.0069e-01 +8.5931e-01 +1.4041e+00 -2.1862e+00 -1.7748e-02 +4.6310e-01 +5.4283e-01 -7.7632e-01 +4.1745e-01 +4.1570e-01 -1.0240e+00 -8.3685e-01
952 0 +7.407062250e+01 +2.494062250e+01 +2.494062250e+01 +4.6986e-01 +1.9799e+00 -4.4915e+00 +1.6922e+00 +2.4330e+00 -2.8396e-01 +4.0763e-01 +5.7420e-03 -4.6163e-01 +9.6750e-01 +2.1466e+00 -2.6848e+00 -6.5471e-02 +3.5559e-01 +5.9094e-01 -9.9694e-01 +5.8384e-01 +3.5692e-01 -1.6130e+00 -1.2091e+00
1026 0 +7.242878414e+01 +2.329878414e+01 +2.329878414e+01 +1.9539e-01 +2.3887e+00 -4.1657e+00 +1.3018e+00 +3.0015e+00 -2.4595e-01 +4.8302e-01 -2.5439e-03 -3.0535e-01 +5.8572e-01 +2.6718e+00 -2.1757e+00 -1.4800e-01 -1.8148e-01 +3.0787e-01 -9.0439e-01 +6.2984e-01 -4.9268e-02 -2.0923e+00 -1.3816e+00
1484 0 +7.072867573e+01 +2.159867573e+01 +2.159867573e+01 +2.2151e-01 +3.1233e+00 -4.0915e+00 +5.8635e-01 +4.1712e+00 -7.0315e-01 +7.8794e-01 -1.7392e-01 -1.9420e-01 +2.7864e-01 +3.5466e+00 -2.1889e+00 +5.0190e-02 -9.5295e-01 +7.5641e-02 -1.0695e+00 +1.1424e+00 -2.4588e-01 -2.7257e+00 -1.7322e+00
1761 0 +6.915980111e+01 +2.002980111e+01 +2.002980111e+01 +1.4307e-01 +2.7728e+00 -3.7409e+00 -2.5556e-01 +4.5198e+00 -1.5335e+00 +1.0691e+00 -7.0817e-01 -1.9165e-01 +2.3291e-01 +3.0428e+00 -2.2399e+00 +8.3337e-01 -9.0873e-01 +4.7485e-01 -1.4515e+00 +2.3140e+00 +1.3544e-01 -2.1945e+00 -1.4431e+00
2342 0 +6.744311227e+01 +1.831311227e+01 +1.831311227e+01 -5.6608e-01 +2.6486e+00 -3.8620e+00 -3.4130e-01 +4.7810e+00 -1.3875e+00 +1.2554e+00 -1.0717e+00 -4.8852e-02 +1.4041e-01 +3.1149e+00 -1.3941e+00 +8.5818e-01 -8.7257e-01 +4.5690e-01 -1.6269e+00 +2.8415e+00 -1.6637e-01 -2.0999e+00 -1.4613e+00
2395 0 +6.580212550e+01 +1.667212550e+01 +1.667212550e+01 -5.0878e-01 +2.6400e+00 -3.5726e+00 -5.5440e-01 +4.7232e+00 -1.3138e+00 +1.5344e+00 -1.2786e+00 +8.3199e-02 +2.3611e-01 +3.5058e+00 -9.1681e-01 +6.6262e-01 -1.2117e+00 -2.0541e-02 -1.7110e+00 +2.9213e+00 -3.0821e-01 -1.9876e+00 -1.7289e+00
2425 0 +6.452778312e+01 +1.539778312e+01 +1.539778312e+01 -3.5284e-01 +2.7118e+00 -3.4826e+00 -7.5087e-01 +4.7910e+00 -1.3343e+00 +1.8857e+00 -1.5349e+00 +1.8782e-01 +4.2439e-01 +4.0123e+00 -6.2606e-01 +5.0683e-01 -1.5563e+00 -4.8328e-01 -1.8917e+00 +3.1080e+00 -3.7345e-01 -1.8961e+00 -2.0748e+00
2469 0 +6.294238551e+01 +1.381238551e+01 +1.381238551e+01 -3.3835e-01 +2.5417e+00 -3.5450e+00 -7.5299e-01 +4.6386e+00 -1.2896e+00 +2.1633e+00 -1.8191e+00 +2.5134e-01 +6.8924e-01 +4.1858e+00 -3.2540e-01 +4.0515e-01 -1.5856e+00 -7.4154e-01 -2.0962e+00 +3.3451e+00 -3.6097e-01 -1.5932e+00 -2.2638e+00
2500 0 +6.124407202e+01 +1.211407202e+01 +1.211407202e+01 -3.3890e-01 +2.3291e+00 -3.8175e+00 -6.3656e-01 +4.4783e+00 -1.2659e+00 +2.4214e+00 -2.1168e+00 +2.7170e-01 +1.0236e+00 +4.2628e+00 -1.6389e-01 +3.5660e-01 -1.4603e+00 -8.6713e-01 -2.3520e+00 +3.6436e+00 -2.7093e-01 -1.2406e+00 -2.4120e+00
2519 0 +6.004102035e+01 +1.091102035e+01 +1.091102035e+01 -7.5526e-01 +2.0539e+00 -4.3672e+00 +3.4423e-03 +4.1263e+00 -8.1458e-01 +2.3064e+00 -2.1250e+00 +2.4319e-01 +1.1976e+00 +4.0068e+00 +1.0494e-01 +1.5733e-01 -9.4197e-01 -6.9761e-01 -2.3650e+00 +3.5206e+00 -3.6599e-01 -1.0611e+00 -2.3243e+00
3172 0 +5.888049312e+01 +9.750493122e+00 +9.750493122e+00 -2.5054e-01 +1.9784e+00 -4.5609e+00 +1.7724e-01 +3.8102e+00 -8.7752e-01 +2.4426e+00 -2.1781e+00 +1.3082e-01 +1.6334e+00 +4.1399e+00 -3.6070e-01 +7.9579e-02 -8.5280e-01 -8.3302e-01 -2.5093e+00 +3.4095e+00 -6.9948e-02 -7.8681e-01 -2.5216e+00
3309 0 +5.742968906e+01 +8.299689058e+00 +8.299689058e+00 -5.8426e-01 +2.0036e+00 -4.3583e+00 +2.9364e-01 +3.6451e+00 -5.4630e-01 +2.1796e+00 -2.1019e+00 -1.2229e-01 +1.6645e+00 +4.2593e+00 -3.2888e-01 +5.6318e-02 -5.7192e-01 -6.7117e-01 -2.3602e+00 +2.9223e+00 -1.8939e-01 -7.3476e-01 -2.5603e+00
3377 0 +5.608488733e+01 +6.954887326e+00 +6.954887326e+00 -5.9471e-01 +1.9404e+00 -3.9405e+00 +1.3500e-01 +3.3960e+00 -4.6745e-01 +2.1254e+00 -2.2159e+00 -4.0164e-01 +1.9020e+00 +4.4744e+00 -4.4525e-01 +1.4085e-01 -4.1038e-01 -6.5541e-01 -2.3684e+00 +2.6338e+00 -1.0078e-01 -4.0462e-01 -2.7186e+00
3433 0 +5.491418096e+01 +5.784180963e+00 +5.784180963e+00 -5.4582e-01 +2.0748e+00 -3.7830e+00 -2.1262e-01 +3.6389e+00 -6.6384e-01 +2.3040e+00 -2.4652e+00 -5.2610e-01 +2.0552e+00 +4.8795e+00 -5.5070e-01 +3.1311e-01 -5.3119e-01 -7.1966e-01 -2.5511e+00 +2.8329e+00 -2.4887e-02 -2.8591e-01 -2.9561e+00
% f evaluations | g evaluations | best noise-free fitness - Fopt (2.977300000000e+02) + sum g_i+ | measured fitness | best measured fitness or single-digit g-values | x1 | x2...
1 0 +7.754602683e+01 +3.752760268e+02 +3.752760268e+02 +0.0000e+00 +0.0000e+00 +0.0000e+00 +0.0000e+00 +0.0000e+00 +0.0000e+00 +0.0000e+00 +0.0000e+00 +0.0000e+00 +0.0000e+00 +0.0000e+00 +0.0000e+00 +0.0000e+00 +0.0000e+00 +0.0000e+00 +0.0000e+00 +0.0000e+00 +0.0000e+00 +0.0000e+00 +0.0000e+00
3 0 +7.754567220e+01 +3.752756722e+02 +3.752756722e+02 +0.0000e+00 +2.5000e-04 +0.0000e+00 +0.0000e+00 +0.0000e+00 +0.0000e+00 +0.0000e+00 +0.0000e+00 +0.0000e+00 +0.0000e+00 +0.0000e+00 +0.0000e+00 +0.0000e+00 +0.0000e+00 +0.0000e+00 +0.0000e+00 +0.0000e+00 +0.0000e+00 +0.0000e+00 +0.0000e+00
406 0 +7.581148792e+01 +3.735414879e+02 +3.735414879e+02 +1.7133e-01 +1.3547e-01 +2.2987e-02 -3.4223e-01 +2.4556e-02 -1.1255e-01 -1.8326e-01 +9.9385e-02 +1.4141e-01 -4.4456e-01 +3.3604e-02 +1.5984e-01 +9.8005e-03 -5.1141e-02 -1.3535e-01 +8.7038e-03 +1.5467e-01 +4.5333e-02 -1.1647e-01 +2.7713e-01
451 0 +7.405809991e+01 +3.717880999e+02 +3.717880999e+02 +3.5937e-01 +2.8121e-01 +4.7195e-02 -7.1528e-01 +5.1194e-02 -2.3465e-01 -3.8498e-01 +2.0940e-01 +2.9550e-01 -9.2682e-01 +6.7946e-02 +3.3168e-01 +2.0940e-02 -1.0793e-01 -2.8014e-01 +2.1160e-02 +3.2201e-01 +9.4974e-02 -2.4245e-01 +5.7543e-01
485 0 +7.241794096e+01 +3.701479410e+02 +3.701479410e+02 +5.6157e-01 +4.3843e-01 +7.4436e-02 -1.1180e+00 +7.9154e-02 -3.6608e-01 -6.0001e-01 +3.2756e-01 +4.6235e-01 -1.4486e+00 +1.0650e-01 +5.1608e-01 +3.1480e-02 -1.6893e-01 -4.3760e-01 +3.3450e-02 +5.0307e-01 +1.4783e-01 -3.7843e-01 +8.9913e-01
504 0 +7.060795233e+01 +3.683379523e+02 +3.683379523e+02 +8.6357e-01 +6.7285e-01 +1.1300e-01 -1.7156e+00 +1.2163e-01 -5.6202e-01 -9.2386e-01 +5.0286e-01 +7.0840e-01 -2.2215e+00 +1.6178e-01 +7.8985e-01 +5.0170e-02 -2.6093e-01 -6.6993e-01 +5.4598e-02 +7.7158e-01 +2.2734e-01 -5.8119e-01 +1.3787e+00
975 0 +6.914929706e+01 +3.668792971e+02 +3.668792971e+02 +1.2622e+00 +1.0691e+00 +1.4642e-01 -2.4602e+00 +2.1018e-01 -8.8566e-01 -1.4319e+00 +7.2018e-01 +9.3781e-01 -3.0284e+00 +1.3394e-01 +1.1879e+00 +1.7461e-01 -4.7565e-01 -9.2547e-01 +1.1416e-01 +1.0964e+00 +3.5438e-01 -9.1596e-01 +1.9456e+00
1068 0 +6.757451021e+01 +3.653045102e+02 +3.653045102e+02 +1.3031e+00 +1.4340e+00 +7.4412e-02 -2.3764e+00 +3.4032e-01 -1.1642e+00 -1.8080e+00 +6.9057e-01 +6.0610e-01 -2.3046e+00 -2.5664e-01 +1.3769e+00 +5.8107e-01 -8.6258e-01 -7.5156e-01 +2.5409e-01 +1.0228e+00 +4.4680e-01 -1.2050e+00 +1.7656e+00
1539 0 +6.606637435e+01 +3.637963744e+02 +3.637963744e+02 +1.2372e+00 +1.7797e+00 -1.5881e-01 -2.3116e+00 +5.0791e-01 -1.5774e+00 -2.4443e+00 +9.3041e-01 +3.6091e-01 -1.7476e+00 -8.5952e-01 +1.8554e+00 +1.1481e+00 -1.6151e+00 -4.3795e-01 +4.1867e-01 +1.1053e+00 +5.0352e-01 -1.4956e+00 +2.1088e+00
2258 0 +6.455639456e+01 +3.622863946e+02 +3.622863946e+02 +9.6121e-01 +1.8982e+00 -4.4957e-01 -2.3561e+00 +6.1564e-01 -1.6174e+00 -2.8423e+00 +1.5280e+00 +5.4689e-01 -2.1679e+00 -7.8478e-01 +1.9750e+00 +8.4720e-01 -1.7315e+00 +2.0009e-01 -1.2079e-02 +1.1666e+00 +3.8031e-01 -9.7773e-01 +2.7661e+00
2383 0 +6.297003403e+01 +3.607000340e+02 +3.607000340e+02 +6.6095e-01 +2.0008e+00 -6.9039e-01 -1.8722e+00 +6.2826e-01 -1.3696e+00 -2.5598e+00 +1.4369e+00 +4.3022e-01 -2.3141e+00 -7.5266e-01 +2.0737e+00 +8.9789e-01 -1.8747e+00 +4.3164e-01 -1.8531e-01 +1.1545e+00 +2.1907e-01 -8.1984e-01 +2.7125e+00
2424 0 +6.161817840e+01 +3.593481784e+02 +3.593481784e+02 +5.2034e-01 +2.3316e+00 -8.4774e-01 -1.5372e+00 +6.7333e-01 -1.1388e+00 -2.2980e+00 +1.2296e+00 +2.4857e-01 -2.4542e+00 -6.0895e-01 +2.0921e+00 +8.9100e-01 -1.8604e+00 +6.0122e-01 -4.0363e-01 +1.0882e+00 +1.1772e-01 -7.3938e-01 +2.3985e+00
2497 0 +6.018011655e+01 +3.579101166e+02 +3.579101166e+02 +6.3181e-01 +2.8901e+00 -9.4745e-01 -1.6187e+00 +7.8274e-01 -1.1766e+00 -2.4116e+00 +1.1303e+00 +1.1325e-01 -2.7231e+00 -5.8379e-01 +2.3038e+00 +1.0292e+00 -2.0025e+00 +6.4212e-01 -5.1583e-01 +1.1477e+00 +1.3312e-01 -9.1654e-01 +2.3018e+00
3254 0 +5.888412549e+01 +3.566141255e+02 +3.566141255e+02 +6.5709e-01 +3.3021e+00 -1.0350e+00 -1.5830e+00 +8.3571e-01 -1.0242e+00 -2.1310e+00 +9.6454e-01 +1.8043e-02 -3.3533e+00 -4.1325e-01 +2.3796e+00 +1.1895e+00 -2.1254e+00 +4.8208e-01 -5.6096e-01 +1.2347e+00 +4.7205e-02 -1.1051e+00 +2.2716e+00
3448 0 +5.751281788e+01 +3.552428179e+02 +3.552428179e+02 +4.9937e-01 +3.5497e+00 -1.0119e+00 -1.6481e+00 +9.6907e-01 -9.2373e-01 -1.8328e+00 +1.3164e+00 -1.4443e-01 -3.6844e+00 -5.0093e-02 +1.6882e+00 +1.1401e+00 -2.0980e+00 +5.7517e-01 -6.2039e-01 +1.0181e+00 -1.3020e-01 -9.8464e-01 +2.4311e+00
% f evaluations | g evaluations | best noise-free fitness - Fopt (5.157000000000e+01) + sum g_i+ | measured fitness | best measured fitness or single-digit g-values | x1 | x2...
1 0 +8.156121458e+01 +1.331312146e+02 +1.331312146e+02 +0.0000e+00 +0.0000e+00 +0.0000e+00 +0.0000e+00 +0.0000e+00 +0.0000e+00 +0.0000e+00 +0.0000e+00 +0.0000e+00 +0.0000e+00 +0.0000e+00 +0.0000e+00 +0.0000e+00 +0.0000e+00 +0.0000e+00 +0.0000e+00 +0.0000e+00 +0.0000e+00 +0.0000e+00 +0.0000e+00
2 0 +8.156102577e+01 +1.331310258e+02 +1.331310258e+02 +2.5000e-04 +0.0000e+00 +0.0000e+00 +0.0000e+00 +0.0000e+00 +0.0000e+00 +0.0000e+00 +0.0000e+00 +0.0000e+00 +0.0000e+00 +0.0000e+00 +0.0000e+00 +0.0000e+00 +0.0000e+00 +0.0000e+00 +0.0000e+00 +0.0000e+00 +0.0000e+00 +0.0000e+00 +0.0000e+00
315 0 +8.126384958e+01 +1.328338496e+02 +1.328338496e+02 +8.7993e-02 +8.9510e-03 +1.3659e-05 +3.6835e-02 +1.6177e-02 +2.0682e-02 +2.8795e-02 -1.4563e-02 +3.4110e-03 +6.3724e-02 -2.2646e-02 -1.8312e-02 -1.9045e-02 -2.5502e-02 +6.4067e-03 +3.9938e-03 -2.4523e-02 -3.8780e-02 -2.0449e-03 -1.0234e-01
440 0 +7.914425769e+01 +1.307142577e+02 +1.307142577e+02 +7.1809e-01 +6.9053e-02 -1.5491e-02 +2.9040e-01 +1.3413e-01 +1.5565e-01 +2.1716e-01 -1.1687e-01 +2.1028e-02 +5.2000e-01 -1.7150e-01 -1.3153e-01 -1.5754e-01 -1.8521e-01 +4.4405e-02 +2.2069e-02 -2.0395e-01 -3.0174e-01 -1.4361e-02 -8.1263e-01
475 0 +7.730892506e+01 +1.288789251e+02 +1.288789251e+02 +1.3000e+00 +1.2322e-01 -2.9315e-02 +5.2431e-01 +2.4273e-01 +2.8049e-01 +3.9086e-01 -2.1114e-01 +3.9115e-02 +9.4033e-01 -3.0892e-01 -2.3480e-01 -2.8577e-01 -3.3500e-01 +8.0006e-02 +3.8718e-02 -3.7012e-01 -5.4280e-01 -2.6065e-02 -1.4687e+00
502 0 +7.562346088e+01 +1.271934609e+02 +1.271934609e+02 +2.0148e+00 +1.9134e-01 -4.6297e-02 +8.1123e-01 +3.7586e-01 +4.3353e-01 +6.0563e-01 -3.2753e-01 +6.0681e-02 +1.4579e+00 -4.7772e-01 -3.6358e-01 -4.4285e-01 -5.1878e-01 +1.2228e-01 +6.0080e-02 -5.7353e-01 -8.4209e-01 -3.9529e-02 -2.2725e+00
983 0 +7.410248110e+01 +1.256724811e+02 +1.256724811e+02 +2.6884e+00 +2.5977e-01 +2.0261e-01 +1.2645e+00 +8.6463e-01 +4.9703e-01 +9.6474e-01 -5.4723e-01 -4.2678e-01 +2.0705e+00 -9.6176e-01 -5.9675e-01 -9.5413e-01 -3.3617e-01 +3.4579e-01 +2.4840e-01 -8.7108e-01 -9.5902e-01 -6.4902e-04 -3.3663e+00
1571 0 +7.244104052e+01 +1.240110405e+02 +1.240110405e+02 +3.1315e+00 +3.1139e-01 +2.7091e-01 +1.6491e+00 +1.8329e-01 +4.8710e-01 +1.7342e+00 -4.9018e-01 -6.4403e-01 +1.8927e+00 -1.6989e+00 -1.6783e+00 -1.5287e+00 -3.3499e-01 +1.0191e+00 +1.2490e+00 -2.2482e-01 -1.0471e+00 -4.2867e-02 -3.2909e+00
2208 0 +7.079337821e+01 +1.223633782e+02 +1.223633782e+02 +4.1385e+00 -3.3347e-01 +9.8076e-01 +1.1981e+00 -5.2260e-01 +5.6106e-02 +2.2021e+00 -4.3089e-01 -3.7926e-01 +1.1936e+00 -2.4435e+00 -1.2399e+00 -2.1065e+00 -5.7079e-01 +1.3443e+00 +1.4952e+00 -5.8251e-01 +2.1497e-01 -1.1912e-01 -3.5708e+00
% f evaluations | g evaluations | best noise-free fitness - Fopt (8.200000000000e+00) + sum g_i+ | measured fitness | best measured fitness or single-digit g-values | x1 | x2...
1 0 +8.120725031e+01 +8.940725031e+01 +8.940725031e+01 +0.0000e+00 +0.0000e+00 +0.0000e+00 +0.0000e+00 +0.0000e+00 +0.0000e+00 +0.0000e+00 +0.0000e+00 +0.0000e+00 +0.0000e+00 +0.0000e+00 +0.0000e+00 +0.0000e+00 +0.0000e+00 +0.0000e+00 +0.0000e+00 +0.0000e+00 +0.0000e+00 +0.0000e+00 +0.0000e+00
3 0 +8.120705878e+01 +8.940705878e+01 +8.940705878e+01 +0.0000e+00 +2.5000e-04 +0.0000e+00 +0.0000e+00 +0.0000e+00 +0.0000e+00 +0.0000e+00 +0.0000e+00 +0.0000e+00 +0.0000e+00 +0.0000e+00 +0.0000e+00 +0.0000e+00 +0.0000e+00 +0.0000e+00 +0.0000e+00 +0.0000e+00 +0.0000e+00 +0.0000e+00 +0.0000e+00
451 0 +7.917307263e+01 +8.737307263e+01 +8.737307263e+01 -5.9222e-02 +3.1857e-01 +4.3472e-01 +1.9415e-01 +8.6610e-02 -3.2400e-01 -2.5786e-01 -1.0063e+00 +3.2004e-01 -1.1996e-01 -3.0302e-01 +2.5374e-01 -3.3292e-02 -2.5474e-01 +3.2921e-01 +1.1588e-01 -4.0044e-01 -8.2213e-02 +3.9316e-01 +1.5110e-01
497 0 +7.726531852e+01 +8.546531852e+01 +8.546531852e+01 -1.2922e-01 +6.8372e-01 +9.3387e-01 +4.1397e-01 +1.9069e-01 -6.9336e-01 -5.5331e-01 -2.1701e+00 +6.8780e-01 -2.5334e-01 -6.5441e-01 +5.4266e-01 -7.1062e-02 -5.4931e-01 +7.0852e-01 +2.4721e-01 -8.6450e-01 -1.6579e-01 +8.4852e-01 +3.2534e-01
1006 0 +7.582499099e+01 +8.402499099e+01 +8.402499099e+01 -3.1236e-01 +1.0464e+00 +1.5633e+00 +5.9717e-01 +2.9439e-01 -1.1525e+00 -8.0543e-01 -3.5990e+00 +1.0636e+00 -3.2218e-01 -1.1994e+00 +9.4398e-01 -8.7631e-02 -9.8710e-01 +1.1344e+00 +3.7193e-01 -1.5322e+00 -1.3325e-02 +1.7040e+00 +5.0301e-01
2202 0 +7.413017833e+01 +8.233017833e+01 +8.233017833e+01 -9.1118e-01 +1.1120e+00 +1.5835e+00 +1.2189e-01 +7.6924e-01 -5.9954e-01 -7.9081e-01 -3.2165e+00 +7.7088e-01 +6.2170e-02 -2.2409e+00 +1.8887e+00 +4.4395e-02 -1.2542e+00 +7.5396e-01 +6.1431e-01 -1.7298e+00 +1.1398e+00 +2.1417e+00 -9.9874e-01
% f evaluations | g evaluations | best noise-free fitness - Fopt (-9.986000000000e+01) + sum g_i+ | measured fitness | best measured fitness or single-digit g-values | x1 | x2...
1 0 +7.745314807e+01 -2.240685193e+01 -2.240685193e+01 +0.0000e+00 +0.0000e+00 +0.0000e+00 +0.0000e+00 +0.0000e+00 +0.0000e+00 +0.0000e+00 +0.0000e+00 +0.0000e+00 +0.0000e+00 +0.0000e+00 +0.0000e+00 +0.0000e+00 +0.0000e+00 +0.0000e+00 +0.0000e+00 +0.0000e+00 +0.0000e+00 +0.0000e+00 +0.0000e+00
5 0 +7.745285218e+01 -2.240714782e+01 -2.240714782e+01 +0.0000e+00 +0.0000e+00 +0.0000e+00 +2.5000e-04 +0.0000e+00 +0.0000e+00 +0.0000e+00 +0.0000e+00 +0.0000e+00 +0.0000e+00 +0.0000e+00 +0.0000e+00 +0.0000e+00 +0.0000e+00 +0.0000e+00 +0.0000e+00 +0.0000e+00 +0.0000e+00 +0.0000e+00 +0.0000e+00
417 0 +7.566662732e+01 -2.419337268e+01 -2.419337268e+01 -1.9944e-01 -9.3567e-02 -1.9298e-01 +2.3558e-01 +3.3463e-02 -4.6588e-02 +2.8317e-01 -1.0691e-02 +1.3050e-01 +1.1222e-01 -4.9848e-01 +2.0197e-01 +1.2133e-01 +1.3594e-01 +5.1221e-02 -4.0458e-02 -2.7669e-02 -3.4483e-03 -7.5652e-02 +1.0177e-01
462 0 +7.377886907e+01 -2.608113093e+01 -2.608113093e+01 -4.2078e-01 -1.9885e-01 -4.0617e-01 +4.9574e-01 +6.9317e-02 -9.9475e-02 +6.0130e-01 -2.1419e-02 +2.7509e-01 +2.3487e-01 -1.0518e+00 +4.2842e-01 +2.5639e-01 +2.8603e-01 +1.0662e-01 -8.6432e-02 -5.9060e-02 -5.9151e-03 -1.5998e-01 +2.1423e-01
488 0 +7.193566158e+01 -2.792433842e+01 -2.792433842e+01 -6.5957e-01 -3.1122e-01 -6.3786e-01 +7.7733e-01 +1.0789e-01 -1.5527e-01 +9.4037e-01 -3.2739e-02 +4.3271e-01 +3.6802e-01 -1.6484e+00 +6.7201e-01 +4.0275e-01 +4.4635e-01 +1.6728e-01 -1.3457e-01 -9.2553e-02 -1.0302e-02 -2.5082e-01 +3.3647e-01
506 0 +7.039951328e+01 -2.946048672e+01 -2.946048672e+01 -8.9008e-01 -4.1950e-01 -8.6148e-01 +1.0510e+00 +1.4483e-01 -2.1144e-01 +1.2712e+00 -4.2901e-02 +5.8365e-01 +4.9725e-01 -2.2264e+00 +9.0750e-01 +5.4384e-01 +6.0223e-01 +2.2573e-01 -1.8358e-01 -1.2560e-01 -1.3008e-02 -3.3939e-01 +4.5432e-01
524 0 +6.883924008e+01 -3.102075992e+01 -3.102075992e+01 -1.1884e+00 -5.6042e-01 -1.1489e+00 +1.4002e+00 +1.9049e-01 -2.8052e-01 +1.6951e+00 -5.7261e-02 +7.8144e-01 +6.6268e-01 -2.9768e+00 +1.2186e+00 +7.2774e-01 +8.0472e-01 +2.9991e-01 -2.4434e-01 -1.6747e-01 -1.7230e-02 -4.5196e-01 +6.0654e-01
803 0 +6.759305900e+01 -3.226694100e+01 -3.226694100e+01 -1.6350e+00 -7.7178e-01 -1.5837e+00 +1.9280e+00 +2.9015e-01 -3.8881e-01 +2.2970e+00 -9.3584e-02 +1.0580e+00 +9.4214e-01 -4.0870e+00 +1.6637e+00 +9.9753e-01 +1.1221e+00 +4.1536e-01 -3.3555e-01 -2.2723e-01 -1.4420e-02 -6.3385e-01 +8.4465e-01
929 0 +6.590959268e+01 -3.395040732e+01 -3.395040732e+01 -1.6906e+00 -7.9825e-01 -1.6584e+00 +1.9895e+00 +5.1984e-01 -4.0631e-01 +2.0556e+00 -2.1783e-01 +9.6296e-01 +1.2233e+00 -4.1986e+00 +1.6504e+00 +1.0168e+00 +1.2939e+00 +4.5192e-01 -3.3325e-01 -2.0347e-01 +6.0338e-02 -7.4177e-01 +9.6476e-01
965 0 +6.417870194e+01 -3.568129806e+01 -3.568129806e+01 -1.7148e+00 -8.0839e-01 -1.7025e+00 +2.0146e+00 +7.3316e-01 -4.1637e-01 +1.7825e+00 -3.3341e-01 +8.5651e-01 +1.4741e+00 -4.2300e+00 +1.6067e+00 +1.0178e+00 +1.4351e+00 +4.8015e-01 -3.2501e-01 -1.7674e-01 +1.3003e-01 -8.3399e-01 +1.0647e+00
984 0 +6.277560794e+01 -3.708439206e+01 -3.708439206e+01 -1.7050e+00 -8.0203e-01 -1.7106e+00 +2.0008e+00 +8.9347e-01 -4.1705e-01 +1.5297e+00 -4.2037e-01 +7.5676e-01 +1.6517e+00 -4.1826e+00 +1.5425e+00 +1.0009e+00 +1.5227e+00 +4.9522e-01 -3.1246e-01 -1.5189e-01 +1.8410e-01 -8.9404e-01 +1.1280e+00
1002 0 +6.085915782e+01 -3.900084218e+01 -3.900084218e+01 -1.7061e+00 -7.9968e-01 -1.7340e+00 +1.9979e+00 +1.1090e+00 -4.2132e-01 +1.2081e+00 -5.3512e-01 +6.3441e-01 +1.8967e+00 -4.1478e+00 +1.4709e+00 +9.8617e-01 +1.6489e+00 +5.1820e-01 -2.9819e-01 -1.2107e-01 +2.5429e-01 -9.8096e-01 +1.2185e+00
1011 0 +5.958704912e+01 -4.027295088e+01 -4.027295088e+01 -1.7680e+00 -8.2881e-01 -1.8082e+00 +2.0673e+00 +1.2634e+00 -4.3883e-01 +1.0831e+00 -6.1663e-01 +5.9316e-01 +2.0940e+00 -4.2777e+00 +1.4854e+00 +1.0153e+00 +1.7768e+00 +5.4945e-01 -3.0129e-01 -1.0852e-01 +2.9931e-01 -1.0629e+00 +1.3098e+00
1021 0 +5.837987062e+01 -4.148012938e+01 -4.148012938e+01 -1.7121e+00 -8.0111e-01 -1.7706e+00 +1.9999e+00 +1.4150e+00 -4.2980e-01 +7.6765e-01 -7.0046e-01 +4.6352e-01 +2.2440e+00 -4.1112e+00 +1.3730e+00 +9.6925e-01 +1.8330e+00 +5.5244e-01 -2.7948e-01 -7.7742e-02 +3.5338e-01 -1.1059e+00 +1.3475e+00
1030 0 +5.701413450e+01 -4.284586550e+01 -4.284586550e+01 -1.7639e+00 -8.2353e-01 -1.8421e+00 +2.0581e+00 +1.6176e+00 -4.4614e-01 +5.5189e-01 -8.0553e-01 +3.8876e-01 +2.4925e+00 -4.2058e+00 +1.3592e+00 +9.8723e-01 +1.9791e+00 +5.8631e-01 -2.7735e-01 -5.7235e-02 +4.1497e-01 -1.2041e+00 +1.4556e+00
1040 0 +5.592820448e+01 -4.393179552e+01 -4.393179552e+01 -1.8883e+00 -8.7996e-01 -1.9858e+00 +2.1983e+00 +1.8710e+00 -4.7856e-01 +3.8011e-01 -9.3813e-01 +3.3603e-01 +2.8266e+00 -4.4802e+00 +1.4097e+00 +1.0485e+00 +2.2021e+00 +6.4255e-01 -2.8683e-01 -4.0517e-02 +4.8956e-01 -1.3443e+00 +1.6162e+00
1295 0 +5.490747281e+01 -4.495252719e+01 -4.495252719e+01 -1.8871e+00 -8.8644e-01 -2.0061e+00 +2.1919e+00 +2.1096e+00 -4.8766e-01 -1.4818e-02 -1.0608e+00 +2.3473e-01 +3.1009e+00 -4.3874e+00 +1.3247e+00 +1.0499e+00 +2.3497e+00 +6.6700e-01 -2.6940e-01 -6.5775e-03 +5.4371e-01 -1.4641e+00 +1.7082e+00
1356 0 +5.364292245e+01 -4.621707755e+01 -4.621707755e+01 -1.8852e+00 -9.0582e-01 -1.9946e+00 +2.1816e+00 +2.0955e+00 -4.9158e-01 -1.0290e-01 -1.0395e+00 +3.2882e-01 +3.0977e+00 -4.2659e+00 +1.3231e+00 +1.0960e+00 +2.3638e+00 +6.6377e-01 -2.6321e-01 -8.3743e-03 +4.8042e-01 -1.5154e+00 +1.6851e+00
1388 0 +5.220974074e+01 -4.765025926e+01 -4.765025926e+01 -1.9930e+00 -9.8134e-01 -2.0908e+00 +2.2961e+00 +2.1335e+00 -5.2320e-01 -1.1004e-01 -1.0388e+00 +4.9621e-01 +3.1972e+00 -4.3798e+00 +1.4188e+00 +1.2181e+00 +2.4777e+00 +6.9218e-01 -2.7530e-01 -1.9893e-02 +4.1029e-01 -1.6360e+00 +1.7276e+00
1407 0 +5.087959363e+01 -4.898040637e+01 -4.898040637e+01 -2.0193e+00 -1.0211e+00 -2.0905e+00 +2.3203e+00 +1.9977e+00 -5.3388e-01 +9.4020e-03 -9.4952e-01 +6.9996e-01 +3.0701e+00 -4.3250e+00 +1.4887e+00 +1.3014e+00 +2.4445e+00 +6.8202e-01 -2.8281e-01 -4.4443e-02 +2.9288e-01 -1.6611e+00 +1.6623e+00
1424 0 +4.943663094e+01 -5.042336906e+01 -5.042336906e+01 -2.0556e+00 -1.0648e+00 -2.1109e+00 +2.3507e+00 +1.9623e+00 -5.4673e-01 -1.7667e-02 -9.1235e-01 +8.6326e-01 +3.0616e+00 -4.2663e+00 +1.5338e+00 +1.3897e+00 +2.4773e+00 +6.8642e-01 -2.8356e-01 -5.4353e-02 +1.9875e-01 -1.7335e+00 +1.6425e+00
1432 0 +4.849820474e+01 -5.136179526e+01 -5.136179526e+01 -2.1302e+00 -1.1208e+00 -2.1822e+00 +2.4293e+00 +2.0548e+00 -5.7261e-01 -1.3259e-01 -9.4659e-01 +9.5296e-01 +3.2079e+00 -4.3202e+00 +1.5786e+00 +1.4766e+00 +2.5998e+00 +7.1216e-01 -2.8800e-01 -5.3728e-02 +1.6542e-01 -1.8524e+00 +1.6973e+00
1440 0 +4.747726863e+01 -5.238273137e+01 -5.238273137e+01 -2.0874e+00 -1.1148e+00 -2.1331e+00 +2.3718e+00 +2.0265e+00 -5.6429e-01 -2.3705e-01 -9.2350e-01 +1.0005e+00 +3.1684e+00 -4.1308e+00 +1.5372e+00 +1.4856e+00 +2.5750e+00 +6.9946e-01 -2.7475e-01 -4.9515e-02 +1.1475e-01 -1.8678e+00 +1.6548e+00
1450 0 +4.656789212e+01 -5.329210788e+01 -5.329210788e+01 -2.0422e+00 -1.1158e+00 -2.0630e+00 +2.3123e+00 +1.8404e+00 -5.5530e-01 -1.5852e-01 -8.0802e-01 +1.1720e+00 +2.9559e+00 -3.9075e+00 +1.5441e+00 +1.5210e+00 +2.4630e+00 +6.6763e-01 -2.6940e-01 -6.9225e-02 -1.0340e-02 -1.8442e+00 +1.5388e+00
1458 0 +4.537917008e+01 -5.448082992e+01 -5.448082992e+01 -2.1453e+00 -1.1921e+00 -2.1618e+00 +2.4191e+00 +1.9704e+00 -5.8862e-01 -3.1111e-01 -8.5996e-01 +1.2868e+00 +3.1593e+00 -3.9953e+00 +1.6070e+00 +1.6395e+00 +2.6353e+00 +7.0477e-01 -2.7513e-01 -6.6569e-02 -5.2647e-02 -2.0031e+00 +1.6166e+00
1467 0 +4.437193030e+01 -5.548806970e+01 -5.548806970e+01 -2.2219e+00 -1.2669e+00 -2.2127e+00 +2.4945e+00 +1.9123e+00 -6.1455e-01 -2.9553e-01 -8.0127e-01 +1.5421e+00 +3.1479e+00 -3.9754e+00 +1.7010e+00 +1.7799e+00 +2.6914e+00 +7.1476e-01 -2.8308e-01 -8.7321e-02 -1.8833e-01 -2.1126e+00 +1.5959e+00
1481 0 +4.360235748e+01 -5.625764252e+01 -5.625764252e+01 -2.1969e+00 -1.2729e+00 -2.1817e+00 +2.4560e+00 +1.9061e+00 -6.1224e-01 -4.2227e-01 -7.8654e-01 +1.6064e+00 +3.1429e+00 -3.8042e+00 +1.6704e+00 +1.8069e+00 +2.6937e+00 +7.0810e-01 -2.7140e-01 -8.3089e-02 -2.4392e-01 -2.1532e+00 +1.5675e+00
1495 0 +4.239148120e+01 -5.746851880e+01 -5.746851880e+01 -2.2290e+00 -1.3875e+00 -2.1546e+00 +2.4535e+00 +1.7424e+00 -6.4049e-01 -6.3117e-01 -6.3567e-01 +2.1467e+00 +3.0340e+00 -3.3347e+00 +1.7362e+00 +2.0660e+00 +2.7345e+00 +6.9483e-01 -2.5677e-01 -1.1008e-01 -5.8966e-01 -2.3758e+00 +1.4339e+00
1864 0 +4.164593562e+01 -5.821406438e+01 -5.821406438e+01 -2.1846e+00 -1.3849e+00 -2.1012e+00 +2.3536e+00 +1.8840e+00 -6.0500e-01 -1.0773e+00 -7.5009e-01 +2.1053e+00 +3.2183e+00 -3.1839e+00 +1.6961e+00 +2.1325e+00 +2.8948e+00 +7.0858e-01 -2.2200e-01 -6.5467e-02 -6.0604e-01 -2.4632e+00 +1.4713e+00
1941 0 +4.071436506e+01 -5.914563494e+01 -5.914563494e+01 -2.1116e+00 -1.3573e+00 -1.9780e+00 +2.1810e+00 +1.8093e+00 -5.1095e-01 -1.2647e+00 -8.2591e-01 +2.0914e+00 +3.1770e+00 -3.2173e+00 +1.7859e+00 +2.2447e+00 +3.0068e+00 +7.0593e-01 -1.8723e-01 -2.5755e-02 -6.5954e-01 -2.4027e+00 +1.4363e+00
2010 0 +3.978971338e+01 -6.007028662e+01 -6.007028662e+01 -2.0131e+00 -1.2872e+00 -1.8141e+00 +1.9501e+00 +1.6686e+00 -3.6155e-01 -1.3077e+00 -9.4800e-01 +1.9461e+00 +3.0649e+00 -3.5118e+00 +1.9536e+00 +2.3442e+00 +3.1265e+00 +7.0344e-01 -1.5005e-01 +2.7976e-02 -6.4704e-01 -2.2052e+00 +1.4060e+00
2547 0 +3.889690104e+01 -6.096309896e+01 -6.096309896e+01 -2.1345e+00 -1.2746e+00 -1.8900e+00 +1.8457e+00 +1.6122e+00 -3.1865e-01 -1.2946e+00 -8.9544e-01 +1.8951e+00 +3.0845e+00 -3.2351e+00 +2.0769e+00 +2.3099e+00 +3.2126e+00 +6.7814e-01 -1.4340e-01 +2.0291e-02 -7.9541e-01 -2.2039e+00 +1.2725e+00
2646 0 +3.799595209e+01 -6.186404791e+01 -6.186404791e+01 -2.4280e+00 -1.2667e+00 -2.1312e+00 +1.7884e+00 +1.6974e+00 -2.5707e-01 -1.2187e+00 -9.3702e-01 +1.6344e+00 +3.3382e+00 -3.2164e+00 +2.3451e+00 +2.2416e+00 +3.4967e+00 +6.8196e-01 -1.4999e-01 +2.1854e-02 -8.9172e-01 -2.2062e+00 +1.2001e+00
% f evaluations | g evaluations | best noise-free fitness - Fopt (1.890500000000e+02) + sum g_i+ | measured fitness | best measured fitness or single-digit g-values | x1 | x2...
1 0 +7.845717276e+01 +2.675071728e+02 +2.675071728e+02 +0.0000e+00 +0.0000e+00 +0.0000e+00 +0.0000e+00 +0.0000e+00 +0.0000e+00 +0.0000e+00 +0.0000e+00 +0.0000e+00 +0.0000e+00 +0.0000e+00 +0.0000e+00 +0.0000e+00 +0.0000e+00 +0.0000e+00 +0.0000e+00 +0.0000e+00 +0.0000e+00 +0.0000e+00 +0.0000e+00
4 0 +7.845708706e+01 +2.675070871e+02 +2.675070871e+02 +0.0000e+00 +0.0000e+00 +2.5000e-04 +0.0000e+00 +0.0000e+00 +0.0000e+00 +0.0000e+00 +0.0000e+00 +0.0000e+00 +0.0000e+00 +0.0000e+00 +0.0000e+00 +0.0000e+00 +0.0000e+00 +0.0000e+00 +0.0000e+00 +0.0000e+00 +0.0000e+00 +0.0000e+00 +0.0000e+00
372 0 +7.754844327e+01 +2.665984433e+02 +2.665984433e+02 +3.4218e-04 -4.2038e-02 +5.6467e-02 +1.2997e-01 -6.8225e-02 -3.9649e-03 -2.6475e-01 -1.4104e-02 +3.1186e-02 +5.2609e-02 +7.9212e-02 +9.1088e-02 -1.5962e-01 +1.9723e-02 -1.1615e-02 -1.0505e-01 +8.9423e-03 -4.2912e-02 +7.5304e-02 +1.8665e-01
437 0 +7.578958750e+01 +2.648395875e+02 +2.648395875e+02 +2.9024e-04 -1.2581e-01 +1.6557e-01 +3.8613e-01 -2.0603e-01 -1.4665e-02 -7.9114e-01 -4.7224e-02 +8.8504e-02 +1.5710e-01 +2.3810e-01 +2.7844e-01 -4.8061e-01 +6.7273e-02 -3.6862e-02 -3.1170e-01 +3.2127e-02 -1.3251e-01 +2.2515e-01 +5.6225e-01
474 0 +7.382596222e+01 +2.628759622e+02 +2.628759622e+02 -1.2135e-03 -2.3257e-01 +2.9821e-01 +7.1151e-01 -3.7929e-01 -2.9103e-02 -1.4537e+00 -8.4638e-02 +1.6034e-01 +2.8981e-01 +4.3740e-01 +5.1598e-01 -8.8198e-01 +1.2586e-01 -7.0315e-02 -5.7302e-01 +5.8458e-02 -2.4313e-01 +4.1561e-01 +1.0377e+00
501 0 +7.199231352e+01 +2.610423135e+02 +2.610423135e+02 -4.0745e-03 -3.6688e-01 +4.6725e-01 +1.1209e+00 -5.9879e-01 -4.6839e-02 -2.2886e+00 -1.3157e-01 +2.4956e-01 +4.5568e-01 +6.8860e-01 +8.1541e-01 -1.3878e+00 +2.0229e-01 -1.1068e-01 -9.0146e-01 +9.2060e-02 -3.8198e-01 +6.5500e-01 +1.6333e+00
787 0 +7.079006480e+01 +2.598400648e+02 +2.598400648e+02 -3.2006e-02 -5.6432e-01 +6.2171e-01 +1.6507e+00 -8.6797e-01 -7.4645e-02 -3.3390e+00 -1.1957e-01 +3.6129e-01 +6.8064e-01 +1.0018e+00 +1.2059e+00 -2.0468e+00 +2.8973e-01 -1.6218e-01 -1.3241e+00 +1.3630e-01 -5.1580e-01 +9.7624e-01 +2.3849e+00
925 0 +6.904322868e+01 +2.580932287e+02 +2.580932287e+02 -2.9246e-01 -8.6887e-01 +3.8468e-02 +1.8618e+00 -8.0324e-01 -1.1962e-01 -3.4151e+00 +6.6584e-01 +3.8468e-01 +8.4603e-01 +9.8173e-01 +1.3706e+00 -2.3248e+00 +1.8906e-01 -1.5053e-01 -1.4687e+00 +1.3235e-01 -8.4147e-02 +1.2093e+00 +2.4270e+00
1308 0 +6.760258713e+01 +2.566525871e+02 +2.566525871e+02 -7.4333e-01 -1.3012e+00 -9.6069e-01 +2.0388e+00 -6.8911e-01 -2.6649e-01 -3.2372e+00 +1.7181e+00 +2.3370e-01 +9.9042e-01 +9.2643e-01 +1.6523e+00 -2.5231e+00 +3.1585e-01 -1.4225e-01 -1.4693e+00 +1.7259e-01 +5.0681e-01 +1.4584e+00 +2.2819e+00
1934 0 +6.606806787e+01 +2.551180679e+02 +2.551180679e+02 -8.9704e-01 -1.3374e+00 -1.0548e+00 +1.9661e+00 -7.9700e-01 -4.8089e-01 -3.0371e+00 +1.3959e+00 -1.8736e-01 +8.3418e-01 +1.0655e+00 +2.0012e+00 -2.4955e+00 +1.1998e+00 -1.4561e-01 -1.2472e+00 +3.5652e-01 +2.7683e-01 +1.4045e+00 +1.9230e+00
2033 0 +6.442839050e+01 +2.534783905e+02 +2.534783905e+02 -6.9647e-01 -1.2704e+00 -4.3787e-01 +2.0333e+00 -7.0762e-01 -3.1635e-01 -3.0510e+00 +1.6269e+00 +1.3737e-01 +8.6627e-01 +1.1353e+00 +2.0017e+00 -3.3682e+00 +1.1424e+00 +5.3964e-02 -1.9044e+00 +4.2495e-01 +3.4758e-01 +1.6029e+00 +1.1282e+00
2576 0 +6.306430619e+01 +2.521143062e+02 +2.521143062e+02 -8.8481e-01 -1.4197e+00 -6.1330e-01 +2.3902e+00 -6.8636e-01 -4.5425e-01 -2.9178e+00 +1.9790e+00 +7.4469e-02 +7.7712e-01 +1.2128e+00 +2.4379e+00 -3.6683e+00 +1.6334e+00 +1.2088e-01 -2.1572e+00 +3.0612e-01 +4.4337e-01 +1.8058e+00 +5.4604e-01
3116 0 +6.165438578e+01 +2.507043858e+02 +2.507043858e+02 -9.6451e-01 -1.3362e+00 -6.7755e-01 +3.2531e+00 -6.7685e-01 -6.2845e-01 -2.7778e+00 +1.8938e+00 +2.1707e-01 +4.2027e-01 +1.1544e+00 +2.8886e+00 -2.9750e+00 +1.7854e+00 +5.0321e-02 -2.2639e+00 -5.5607e-01 +2.5168e-01 +1.8656e+00 +3.9707e-01
3345 0 +6.023843669e+01 +2.492884367e+02 +2.492884367e+02 -7.7386e-01 -1.2970e+00 +6.3244e-02 +3.4490e+00 -6.4819e-01 -6.3509e-01 -2.7881e+00 +1.4648e+00 +5.3770e-01 +1.5409e-01 +1.3895e+00 +2.9478e+00 -3.4367e+00 +1.5474e+00 +2.2158e-01 -2.3961e+00 -6.4104e-01 +1.9482e-01 +1.9297e+00 -1.7371e-01
3418 0 +5.886871147e+01 +2.479187115e+02 +2.479187115e+02 -7.7186e-01 -1.3434e+00 +9.6967e-02 +3.3390e+00 -6.4067e-01 -6.7774e-01 -2.7443e+00 +1.2341e+00 +5.4496e-01 +6.9700e-02 +1.4598e+00 +2.8554e+00 -3.3651e+00 +1.3343e+00 +2.3443e-01 -2.1079e+00 -5.6919e-01 +2.4136e-01 +1.8560e+00 -9.3355e-02
3448 0 +5.727918733e+01 +2.463291873e+02 +2.463291873e+02 -9.1418e-01 -1.4666e+00 -1.9078e-01 +3.3908e+00 -6.1411e-01 -8.1752e-01 -2.5747e+00 +1.1540e+00 +4.7035e-01 -7.1766e-02 +1.4920e+00 +2.9117e+00 -3.0535e+00 +1.2388e+00 +2.0767e-01 -1.7200e+00 -6.5024e-01 +3.5302e-01 +1.8006e+00 -1.4895e-02
3476 0 +5.617866808e+01 +2.452286681e+02 +2.452286681e+02 -1.0467e+00 -1.6249e+00 -3.3621e-01 +3.5492e+00 -6.6361e-01 -9.6453e-01 -2.6497e+00 +1.0491e+00 +4.0134e-01 -1.6839e-01 +1.6360e+00 +3.1091e+00 -3.0545e+00 +1.3080e+00 +2.0043e-01 -1.5115e+00 -6.5828e-01 +3.9443e-01 +1.8431e+00 +7.3851e-02
3525 0 +5.492272306e+01 +2.439727231e+02 +2.439727231e+02 -1.2052e+00 -1.9280e+00 -4.8188e-01 +3.6123e+00 -6.8966e-01 -1.1710e+00 -2.7430e+00 +7.3514e-01 +4.1159e-01 -3.5637e-01 +1.9118e+00 +3.1816e+00 -3.0755e+00 +9.2228e-01 +2.2670e-01 -9.1639e-01 -5.6009e-01 +6.1201e-01 +1.8407e+00 +3.3154e-01
% f evaluations | g evaluations | best noise-free fitness - Fopt (-2.680000000000e+01) + sum g_i+ | measured fitness | best measured fitness or single-digit g-values | x1 | x2...
1 0 +7.773183373e+01 +5.093183373e+01 +5.093183373e+01 +0.0000e+00 +0.0000e+00 +0.0000e+00 +0.0000e+00 +0.0000e+00 +0.0000e+00 +0.0000e+00 +0.0000e+00 +0.0000e+00 +0.0000e+00 +0.0000e+00 +0.0000e+00 +0.0000e+00 +0.0000e+00 +0.0000e+00 +0.0000e+00 +0.0000e+00 +0.0000e+00 +0.0000e+00 +0.0000e+00
3 0 +7.773164430e+01 +5.093164430e+01 +5.093164430e+01 +0.0000e+00 +2.5000e-04 +0.0000e+00 +0.0000e+00 +0.0000e+00 +0.0000e+00 +0.0000e+00 +0.0000e+00 +0.0000e+00 +0.0000e+00 +0.0000e+00 +0.0000e+00 +0.0000e+00 +0.0000e+00 +0.0000e+00 +0.0000e+00 +0.0000e+00 +0.0000e+00 +0.0000e+00 +0.0000e+00
256 0 +7.760922054e+01 +5.080922054e+01 +5.080922054e+01 -5.4367e-03 +9.5523e-03 +2.6497e-03 +1.7622e-02 -4.8117e-03 -3.2678e-02 -3.9814e-03 +1.8225e-02 +2.1501e-03 +5.8058e-03 +2.4976e-02 -4.5597e-03 +1.0385e-02 +7.5590e-03 +1.4188e-03 -7.7228e-03 +7.7464e-04 -1.0398e-03 -1.1668e-02 -1.0257e-02
425 0 +7.565521283e+01 +4.885521283e+01 +4.885521283e+01 -8.7405e-02 +1.6366e-01 +5.4793e-02 +2.9715e-01 -7.3859e-02 -5.6655e-01 -6.5585e-02 +3.0353e-01 +4.9232e-02 +9.5182e-02 +4.3894e-01 -6.8021e-02 +1.7842e-01 +1.3304e-01 +2.2030e-02 -1.4821e-01 +1.9223e-02 -3.0147e-02 -2.0377e-01 -1.8622e-01
460 0 +7.405306985e+01 +4.725306985e+01 +4.725306985e+01 -1.5795e-01 +2.9879e-01 +1.0034e-01 +5.4079e-01 -1.3439e-01 -1.0301e+00 -1.1978e-01 +5.5010e-01 +9.0517e-02 +1.7278e-01 +8.0046e-01 -1.2408e-01 +3.2434e-01 +2.4149e-01 +3.9497e-02 -2.7169e-01 +3.5758e-02 -5.4852e-02 -3.6957e-01 -3.3845e-01
487 0 +7.229109495e+01 +4.549109495e+01 +4.549109495e+01 -2.4604e-01 +4.6644e-01 +1.5645e-01 +8.4300e-01 -2.0994e-01 -1.6022e+00 -1.8814e-01 +8.5764e-01 +1.4035e-01 +2.6939e-01 +1.2457e+00 -1.9373e-01 +5.0525e-01 +3.7569e-01 +6.1557e-02 -4.2427e-01 +5.7533e-02 -8.6896e-02 -5.7630e-01 -5.2593e-01
513 0 +7.015867008e+01 +4.335867008e+01 +4.335867008e+01 -3.8705e-01 +7.3050e-01 +2.4558e-01 +1.3198e+00 -3.2836e-01 -2.5106e+00 -2.9479e-01 +1.3445e+00 +2.1952e-01 +4.2313e-01 +1.9513e+00 -3.0246e-01 +7.9237e-01 +5.8932e-01 +9.6913e-02 -6.6377e-01 +8.8918e-02 -1.3671e-01 -9.0465e-01 -8.2410e-01
531 0 +6.908544571e+01 +4.228544571e+01 +4.228544571e+01 -5.2268e-01 +9.8684e-01 +3.3286e-01 +1.7817e+00 -4.4475e-01 -3.3909e+00 -3.9850e-01 +1.8157e+00 +2.9604e-01 +5.7076e-01 +2.6369e+00 -4.0961e-01 +1.0693e+00 +7.9600e-01 +1.3034e-01 -8.9501e-01 +1.2088e-01 -1.8460e-01 -1.2197e+00 -1.1121e+00
1120 0 +6.750255004e+01 +4.070255004e+01 +4.070255004e+01 -6.5838e-01 +1.1384e+00 +8.4278e-02 +2.1811e+00 -7.1036e-01 -3.2022e+00 -5.2266e-01 +2.2376e+00 -2.1759e-01 +3.8564e-01 +2.6451e+00 -6.6199e-01 +9.8074e-01 +9.3148e-01 +5.2494e-02 -2.4037e-01 +1.1062e-01 -2.9610e-01 -1.2137e+00 -7.7388e-01
1649 0 +6.606777129e+01 +3.926777129e+01 +3.926777129e+01 -9.3800e-01 +1.3973e+00 -1.9626e-01 +2.8528e+00 -1.1070e+00 -3.4312e+00 -7.1821e-01 +2.9680e+00 -7.4020e-01 +1.6581e-01 +2.8349e+00 -1.0750e+00 +9.9182e-01 +1.1830e+00 +8.1006e-02 +8.1806e-01 +8.5871e-02 -4.7442e-01 -1.2880e+00 -5.2825e-01
1822 0 +6.456342769e+01 +3.776342769e+01 +3.776342769e+01 -1.1158e+00 +1.1603e+00 -5.2710e-02 +2.5943e+00 -1.0561e+00 -4.1310e+00 -6.4177e-01 +2.8161e+00 +1.0914e-02 +7.3828e-02 +2.4717e+00 -1.1975e+00 +1.0996e+00 +1.1082e+00 +6.3707e-01 +1.9143e+00 -1.4552e-02 -5.0753e-01 -1.0941e+00 -1.0354e+00
2225 0 +6.305871663e+01 +3.625871663e+01 +3.625871663e+01 -1.3887e+00 +1.2059e+00 -2.1314e-01 +2.8664e+00 -1.5290e+00 -3.9958e+00 -6.8413e-01 +2.9875e+00 +1.1324e-01 +3.2033e-01 +2.8910e+00 -1.3818e+00 +1.0816e+00 +1.3198e+00 +4.7435e-01 +2.1608e+00 -3.9314e-02 -8.4066e-01 -1.0324e+00 -1.1557e+00
2296 0 +6.152222404e+01 +3.472222404e+01 +3.472222404e+01 -1.5753e+00 +1.0423e+00 -3.8272e-01 +2.7490e+00 -1.9845e+00 -3.1982e+00 -6.1581e-01 +2.6971e+00 +3.7630e-01 +6.6777e-01 +3.0571e+00 -1.4264e+00 +8.8732e-01 +1.4064e+00 +1.8587e-01 +2.1700e+00 -7.5407e-02 -1.2036e+00 -7.4562e-01 -1.2240e+00
2728 0 +6.017859433e+01 +3.337859433e+01 +3.337859433e+01 -1.6883e+00 +8.7073e-01 -3.3165e-01 +2.5590e+00 -1.9255e+00 -3.2815e+00 -5.6328e-01 +2.4498e+00 +9.5738e-01 +9.2773e-01 +2.9386e+00 -1.2394e+00 +1.0350e+00 +1.4575e+00 +2.6435e-01 +2.1323e+00 -7.3176e-02 -1.4130e+00 -8.0874e-01 -1.7087e+00
2791 0 +5.886783215e+01 +3.206783215e+01 +3.206783215e+01 -1.7968e+00 +8.7198e-01 -4.7114e-01 +2.7182e+00 -1.7470e+00 -3.2810e+00 -6.6020e-01 +2.6057e+00 +9.3478e-01 +9.5436e-01 +2.5614e+00 -1.0388e+00 +1.2459e+00 +1.6191e+00 +2.8894e-01 +2.3550e+00 -1.5800e-02 -1.6348e+00 -1.1442e+00 -1.9029e+00
3671 0 +5.752033625e+01 +3.072033625e+01 +3.072033625e+01 -2.0363e+00 +8.8720e-01 -5.9966e-01 +2.9551e+00 -1.8670e+00 -2.9561e+00 -8.2460e-01 +2.6501e+00 +1.1618e+00 +1.4838e+00 +2.6036e+00 -8.1056e-01 +1.5534e+00 +1.9140e+00 +4.0412e-03 +1.8795e+00 +1.4987e-01 -2.0444e+00 -1.6254e+00 -2.2758e+00
3838 0 +5.610814778e+01 +2.930814778e+01 +2.930814778e+01 -2.1062e+00 +1.0011e+00 -6.1699e-01 +3.1871e+00 -2.0590e+00 -2.5912e+00 -1.0773e+00 +2.7876e+00 +8.9103e-01 +1.6408e+00 +2.5352e+00 -9.7872e-01 +1.6631e+00 +1.9635e+00 -1.6582e-01 +1.7202e+00 +3.5223e-01 -1.9437e+00 -1.9003e+00 -1.9984e+00
3918 0 +5.477040602e+01 +2.797040602e+01 +2.797040602e+01 -2.0929e+00 +9.8307e-01 -5.6270e-01 +3.1438e+00 -2.1560e+00 -2.1603e+00 -1.2721e+00 +2.7121e+00 +6.9406e-01 +1.6138e+00 +2.1177e+00 -1.2083e+00 +1.6569e+00 +1.8333e+00 -1.5330e-01 +1.9173e+00 +5.1895e-01 -1.6680e+00 -1.9581e+00 -1.6110e+00
3984 0 +5.366547814e+01 +2.686547814e+01 +2.686547814e+01 -2.1535e+00 +8.1377e-01 -3.5762e-01 +2.8703e+00 -2.2404e+00 -2.0512e+00 -1.3616e+00 +2.3712e+00 +1.1631e+00 +1.8330e+00 +1.8344e+00 -1.3341e+00 +1.7560e+00 +1.6985e+00 -1.4351e-02 +1.9754e+00 +6.4861e-01 -1.5010e+00 -1.9624e+00 -1.7223e+00
% f evaluations | g evaluations | best noise-free fitness - Fopt (1.986000000000e+01) + sum g_i+ | measured fitness | best measured fitness or single-digit g-values | x1 | x2...
1 0 +7.818940778e+01 +9.804940778e+01 +9.804940778e+01 +0.0000e+00 +0.0000e+00 +0.0000e+00 +0.0000e+00 +0.0000e+00 +0.0000e+00 +0.0000e+00 +0.0000e+00 +0.0000e+00 +0.0000e+00 +0.0000e+00 +0.0000e+00 +0.0000e+00 +0.0000e+00 +0.0000e+00 +0.0000e+00 +0.0000e+00 +0.0000e+00 +0.0000e+00 +0.0000e+00
9 0 +7.818930554e+01 +9.804930554e+01 +9.804930554e+01 +0.0000e+00 +0.0000e+00 +0.0000e+00 +0.0000e+00 +0.0000e+00 +0.0000e+00 +0.0000e+00 +2.5000e-04 +0.0000e+00 +0.0000e+00 +0.0000e+00 +0.0000e+00 +0.0000e+00 +0.0000e+00 +0.0000e+00 +0.0000e+00 +0.0000e+00 +0.0000e+00 +0.0000e+00 +0.0000e+00
334 0 +7.761384165e+01 +9.747384165e+01 +9.747384165e+01 +7.3422e-02 +1.2436e-02 -1.7972e-02 +1.8316e-02 -3.3461e-02 -1.4567e-02 -1.8934e-02 +9.6837e-02 +4.2186e-02 +1.0385e-02 -2.4921e-02 +4.0197e-03 -2.5868e-02 +1.5717e-02 +3.9454e-02 -1.4686e-03 -1.4738e-01 -1.0713e-02 -5.8967e-02 +3.4317e-02
422 0 +7.563180172e+01 +9.549180172e+01 +9.549180172e+01 +3.2577e-01 +5.3281e-02 -7.9969e-02 +7.9566e-02 -1.4900e-01 -6.6594e-02 -8.5743e-02 +4.4348e-01 +1.9037e-01 +4.9180e-02 -1.0982e-01 +1.5933e-02 -1.1257e-01 +6.7375e-02 +1.7615e-01 -1.0539e-02 -6.5853e-01 -4.7166e-02 -2.6459e-01 +1.5242e-01
458 0 +7.369525641e+01 +9.355525641e+01 +9.355525641e+01 +5.8866e-01 +9.5931e-02 -1.4482e-01 +1.4313e-01 -2.7069e-01 -1.2244e-01 -1.5619e-01 +8.0381e-01 +3.4525e-01 +9.2638e-02 -1.9781e-01 +2.8051e-02 -2.0275e-01 +1.2108e-01 +3.1808e-01 -1.9501e-02 -1.1894e+00 -8.4122e-02 -4.8072e-01 +2.7576e-01
475 0 +7.235731143e+01 +9.221731143e+01 +9.221731143e+01 +7.8966e-01 +1.2883e-01 -1.9428e-01 +1.9113e-01 -3.6308e-01 -1.6461e-01 -2.1022e-01 +1.0858e+00 +4.6393e-01 +1.2391e-01 -2.6550e-01 +3.6816e-02 -2.7260e-01 +1.6307e-01 +4.2718e-01 -2.8250e-02 -1.5969e+00 -1.1410e-01 -6.4674e-01 +3.7033e-01
493 0 +7.077401458e+01 +9.063401458e+01 +9.063401458e+01 +1.0690e+00 +1.7509e-01 -2.6326e-01 +2.5996e-01 -4.9266e-01 -2.2328e-01 -2.8590e-01 +1.4723e+00 +6.2707e-01 +1.6869e-01 -3.5933e-01 +5.1368e-02 -3.7062e-01 +2.1961e-01 +5.7795e-01 -3.7924e-02 -2.1625e+00 -1.5339e-01 -8.7679e-01 +5.0148e-01
520 0 +6.874003710e+01 +8.860003710e+01 +8.860003710e+01 +1.6627e+00 +2.7219e-01 -4.0915e-01 +4.0468e-01 -7.6681e-01 -3.4788e-01 -4.4519e-01 +2.3000e+00 +9.7656e-01 +2.6369e-01 -5.5848e-01 +7.8887e-02 -5.7787e-01 +3.4167e-01 +8.9928e-01 -6.0744e-02 -3.3680e+00 -2.4105e-01 -1.3631e+00 +7.7796e-01
889 0 +6.750841680e+01 +8.736841680e+01 +8.736841680e+01 +1.9872e+00 +1.7889e-01 -3.8563e-01 +4.7107e-01 -8.9016e-01 -4.7251e-01 -4.4287e-01 +2.4518e+00 +1.1168e+00 +2.3785e-01 -7.0068e-01 +4.2734e-02 -5.8460e-01 +4.9890e-01 +1.0132e+00 -8.5345e-02 -3.8668e+00 -2.9911e-01 -1.4058e+00 +9.5300e-01
944 0 +6.576190209e+01 +8.562190209e+01 +8.562190209e+01 +2.1761e+00 -2.1844e-02 -2.6930e-01 +4.9554e-01 -9.3409e-01 -6.0118e-01 -3.5046e-01 +2.2516e+00 +1.1532e+00 +1.4325e-01 -8.1870e-01 -2.9979e-02 -4.8439e-01 +6.8103e-01 +1.0211e+00 -1.1480e-01 -4.0040e+00 -3.4561e-01 -1.2069e+00 +1.0772e+00
974 0 +6.408612198e+01 +8.394612198e+01 +8.394612198e+01 +2.2869e+00 -2.2303e-01 -1.4222e-01 +5.0424e-01 -9.4504e-01 -7.0890e-01 -2.4534e-01 +1.9638e+00 +1.1453e+00 +4.3332e-02 -9.0764e-01 -1.0152e-01 -3.6769e-01 +8.3974e-01 +9.9091e-01 -1.3815e-01 -3.9943e+00 -3.7945e-01 -9.6270e-01 +1.1633e+00
992 0 +6.255172629e+01 +8.241172629e+01 +8.241172629e+01 +2.6147e+00 -4.1354e-01 -5.0645e-02 +5.6415e-01 -1.0521e+00 -8.7139e-01 -1.8308e-01 +1.9390e+00 +1.2591e+00 -3.7866e-02 -1.0769e+00 -1.7048e-01 -3.0895e-01 +1.0597e+00 +1.0694e+00 -1.7232e-01 -4.4075e+00 -4.4981e-01 -8.5948e-01 +1.3557e+00
1009 0 +6.164104075e+01 +8.150104075e+01 +8.150104075e+01 +2.6349e+00 -5.4073e-01 +3.6320e-02 +5.5845e-01 -1.0376e+00 -9.2549e-01 -1.0791e-01 +1.7061e+00 +1.2282e+00 -1.0523e-01 -1.1147e+00 -2.1538e-01 -2.2343e-01 +1.1455e+00 +1.0269e+00 -1.8489e-01 -4.3110e+00 -4.6403e-01 -6.7662e-01 +1.3856e+00
1028 0 +6.025072240e+01 +8.011072240e+01 +8.011072240e+01 +2.9870e+00 -1.0170e+00 +3.2493e-01 +5.9975e-01 -1.1020e+00 -1.2035e+00 +1.2678e-01 +1.1377e+00 +1.2627e+00 -3.3835e-01 -1.3608e+00 -3.8468e-01 +3.2214e-02 +1.5497e+00 +1.0009e+00 -2.4705e-01 -4.4683e+00 -5.6337e-01 -1.5022e-01 +1.6334e+00
1477 0 +5.884572760e+01 +7.870572760e+01 +7.870572760e+01 +2.5634e+00 -1.0698e+00 +3.4204e-01 +7.8318e-01 -9.1573e-01 -9.0260e-01 +2.3176e-01 +1.6001e+00 +1.0988e+00 -7.1189e-01 -1.3558e+00 -3.0285e-01 +7.2324e-02 +1.6239e+00 +8.5207e-01 -2.4509e-01 -4.6002e+00 -7.9132e-01 +6.4608e-02 +1.4726e+00
1997 0 +5.753333676e+01 +7.739333676e+01 +7.739333676e+01 +2.1204e+00 -1.1264e+00 +5.2785e-01 +7.7830e-01 -8.9484e-01 -1.0097e+00 +4.0066e-01 +1.7378e+00 +8.2447e-01 -9.1105e-01 -1.5039e+00 -2.7044e-01 -7.3836e-02 +1.8756e+00 +6.8017e-01 -1.4638e-01 -4.3339e+00 -8.6881e-01 +2.3298e-01 +1.5889e+00
2401 0 +5.623210597e+01 +7.609210597e+01 +7.609210597e+01 +1.9335e+00 -9.3633e-01 +6.6751e-01 +5.4911e-01 -1.1420e+00 -1.4923e+00 +4.2015e-01 +1.8416e+00 +6.6570e-01 -6.6179e-01 -1.7223e+00 -2.4792e-01 -5.3156e-01 +2.0814e+00 +6.8667e-01 +3.0974e-02 -3.9989e+00 -6.8907e-01 -9.5029e-02 +1.9655e+00
2574 0 +5.494947727e+01 +7.480947727e+01 +7.480947727e+01 +1.8252e+00 -9.4333e-01 +7.0612e-01 +5.4406e-01 -1.1164e+00 -1.4959e+00 +5.0704e-01 +1.9179e+00 +6.7196e-01 -8.0187e-01 -1.8619e+00 -2.4153e-01 -5.9925e-01 +2.1957e+00 +7.0317e-01 +4.8803e-02 -4.0872e+00 -6.7193e-01 -1.6697e-02 +1.9901e+00
2619 0 +5.369510064e+01 +7.355510064e+01 +7.355510064e+01 +1.8454e+00 -9.0424e-01 +7.0881e-01 +4.6765e-01 -1.1319e+00 -1.5571e+00 +5.2986e-01 +1.8161e+00 +7.3269e-01 -7.7950e-01 -1.9412e+00 -2.5660e-01 -6.5898e-01 +2.2147e+00 +7.6254e-01 +5.7358e-02 -4.0641e+00 -5.6855e-01 -3.3750e-02 +2.0176e+00
2639 0 +5.221271671e+01 +7.207271671e+01 +7.207271671e+01 +1.6984e+00 -8.8149e-01 +7.5045e-01 +4.1956e-01 -1.1039e+00 -1.5817e+00 +6.2144e-01 +1.8297e+00 +7.3231e-01 -8.9300e-01 -2.0869e+00 -2.5110e-01 -7.5535e-01 +2.3157e+00 +7.8049e-01 +8.6095e-02 -4.0540e+00 -5.0391e-01 +3.3935e-02 +2.0393e+00
2658 0 +5.065094155e+01 +7.051094155e+01 +7.051094155e+01 +1.6534e+00 -8.5540e-01 +7.4882e-01 +3.6586e-01 -1.0679e+00 -1.5713e+00 +6.6918e-01 +1.7394e+00 +7.8480e-01 -9.4441e-01 -2.1650e+00 -2.5896e-01 -7.8589e-01 +2.3312e+00 +8.2265e-01 +8.5711e-02 -4.0341e+00 -4.1768e-01 +8.3661e-02 +2.0114e+00
2668 0 +4.984158205e+01 +6.970158205e+01 +6.970158205e+01 +1.5523e+00 -7.8452e-01 +7.7360e-01 +2.7678e-01 -1.0892e+00 -1.6578e+00 +6.9833e-01 +1.6978e+00 +7.6606e-01 -9.1347e-01 -2.2420e+00 -2.5364e-01 -9.0638e-01 +2.3660e+00 +8.3774e-01 +1.2780e-01 -3.8970e+00 -3.2056e-01 +3.8718e-02 +2.0595e+00
2678 0 +4.892533017e+01 +6.878533017e+01 +6.878533017e+01 +1.4728e+00 -8.2976e-01 +8.0913e-01 +2.5205e-01 -1.0194e+00 -1.6223e+00 +7.8360e-01 +1.5466e+00 +7.7845e-01 -1.0329e+00 -2.3114e+00 -2.7214e-01 -8.7264e-01 +2.4123e+00 +8.3313e-01 +1.1709e-01 -3.8356e+00 -2.8045e-01 +2.0186e-01 +2.0127e+00
2697 0 +4.757031420e+01 +6.743031420e+01 +6.743031420e+01 +1.3981e+00 -7.4776e-01 +8.2310e-01 +1.4917e-01 -1.0374e+00 -1.7063e+00 +8.2576e-01 +1.5006e+00 +8.1162e-01 -1.0231e+00 -2.4343e+00 -2.7170e-01 -1.0081e+00 +2.4592e+00 +8.8909e-01 +1.5305e-01 -3.7692e+00 -1.4958e-01 +1.5956e-01 +2.0595e+00
2698 0 +4.655077824e+01 +6.641077824e+01 +6.641077824e+01 +1.3072e+00 -6.9256e-01 +8.3868e-01 +6.3069e-02 -1.0258e+00 -1.7499e+00 +8.7256e-01 +1.4115e+00 +8.2819e-01 -1.0354e+00 -2.5223e+00 -2.7413e-01 -1.0935e+00 +2.4868e+00 +9.1926e-01 +1.7715e-01 -3.6626e+00 -4.0664e-02 +1.6865e-01 +2.0680e+00
2708 0 +4.515655157e+01 +6.501655157e+01 +6.501655157e+01 +1.2971e+00 -6.5371e-01 +8.0105e-01 +3.6498e-02 -9.8608e-01 -1.6948e+00 +8.8096e-01 +1.3741e+00 +8.9155e-01 -1.0602e+00 -2.5445e+00 -2.7310e-01 -1.0967e+00 +2.4497e+00 +9.6315e-01 +1.6423e-01 -3.6849e+00 +1.9589e-02 +1.7811e-01 +2.0089e+00
2719 0 +4.400280550e+01 +6.386280550e+01 +6.386280550e+01 +1.0903e+00 -5.6759e-01 +8.3916e-01 -1.2263e-01 -9.3974e-01 -1.7543e+00 +9.7739e-01 +1.1504e+00 +8.9511e-01 -1.0960e+00 -2.6830e+00 -2.7977e-01 -1.2254e+00 +2.4880e+00 +9.9067e-01 +2.0629e-01 -3.4072e+00 +2.1533e-01 +2.3982e-01 +1.9967e+00
2730 0 +4.351595196e+01 +6.337595196e+01 +6.337595196e+01 +1.1452e+00 -5.8346e-01 +8.2606e-01 -9.6077e-02 -9.3920e-01 -1.7333e+00 +9.8048e-01 +1.2033e+00 +9.3975e-01 -1.1308e+00 -2.7080e+00 -2.8218e-01 -1.2103e+00 +2.5043e+00 +1.0198e+00 +1.9173e-01 -3.5440e+00 +1.9915e-01 +2.4727e-01 +1.9967e+00
2731 0 +4.215694762e+01 +6.201694762e+01 +6.201694762e+01 +1.1520e+00 -5.2886e-01 +7.9329e-01 -1.5799e-01 -9.1680e-01 -1.7201e+00 +9.9029e-01 +1.1113e+00 +1.0180e+00 -1.1238e+00 -2.7514e+00 -2.8886e-01 -1.2388e+00 +2.4710e+00 +1.0820e+00 +1.8532e-01 -3.5315e+00 +3.0104e-01 +2.3747e-01 +1.9595e+00
2744 0 +4.109036069e+01 +6.095036069e+01 +6.095036069e+01 +7.9975e-01 -3.2965e-01 +8.3580e-01 -4.0506e-01 -8.8233e-01 -1.8387e+00 +1.1203e+00 +9.5063e-01 +1.0212e+00 -1.1588e+00 -3.0005e+00 -2.7268e-01 -1.5362e+00 +2.5494e+00 +1.1474e+00 +2.7701e-01 -3.1859e+00 +6.0631e-01 +2.2254e-01 +1.9850e+00
2754 0 +3.970879380e+01 +5.956879380e+01 +5.956879380e+01 +7.9196e-01 -2.2958e-01 +7.8185e-01 -5.1463e-01 -8.4765e-01 -1.8206e+00 +1.1218e+00 +7.8247e-01 +1.1238e+00 -1.1152e+00 -3.0376e+00 -2.8067e-01 -1.5827e+00 +2.4707e+00 +1.2306e+00 +2.7125e-01 -3.0936e+00 +7.7259e-01 +1.8954e-01 +1.9186e+00
2765 0 +3.829368008e+01 +5.815368008e+01 +5.815368008e+01 +7.5142e-01 -8.1151e-02 +7.0748e-01 -6.2641e-01 -8.2488e-01 -1.8009e+00 +1.0986e+00 +6.9932e-01 +1.2119e+00 -1.0397e+00 -3.0611e+00 -2.6967e-01 -1.6735e+00 +2.3699e+00 +1.3143e+00 +2.8036e-01 -2.9963e+00 +9.4230e-01 +8.5183e-02 +1.8549e+00
2774 0 +3.708570354e+01 +5.694570354e+01 +5.694570354e+01 +6.0249e-01 +4.8848e-02 +7.0421e-01 -7.5461e-01 -8.0650e-01 -1.8453e+00 +1.1803e+00 +7.0465e-01 +1.2935e+00 -1.1057e+00 -3.2675e+00 -2.5752e-01 -1.8677e+00 +2.4383e+00 +1.4149e+00 +3.2126e-01 -2.9956e+00 +1.1299e+00 +5.6947e-02 +1.8722e+00
2783 0 +3.552423932e+01 +5.538423932e+01 +5.538423932e+01 +7.7786e-01 +2.6287e-02 +6.1910e-01 -6.9517e-01 -7.7393e-01 -1.7210e+00 +1.1106e+00 +6.7571e-01 +1.3895e+00 -1.0766e+00 -3.1558e+00 -2.6747e-01 -1.7287e+00 +2.3147e+00 +1.4522e+00 +2.5824e-01 -3.1404e+00 +1.0945e+00 +5.0318e-02 +1.7702e+00
2793 0 +3.543776282e+01 +5.529776282e+01 +5.529776282e+01 +6.7522e-01 +9.5749e-02 +6.1033e-01 -7.7142e-01 -7.4169e-01 -1.7183e+00 +1.1388e+00 +5.9474e-01 +1.4049e+00 -1.0814e+00 -3.2019e+00 -2.6224e-01 -1.7929e+00 +2.2969e+00 +1.4752e+00 +2.7486e-01 -3.0163e+00 +1.1968e+00 +5.0784e-02 +1.7368e+00
2794 0 +3.409025300e+01 +5.395025300e+01 +5.395025300e+01 +6.3096e-01 +2.1166e-01 +5.3901e-01 -8.4670e-01 -6.9618e-01 -1.6566e+00 +1.1341e+00 +5.5484e-01 +1.4993e+00 -1.0708e+00 -3.2362e+00 -2.5043e-01 -1.8534e+00 +2.2177e+00 +1.5542e+00 +2.7176e-01 -2.9986e+00 +1.3292e+00 -2.7350e-03 +1.6553e+00
2804 0 +3.249190764e+01 +5.235190764e+01 +5.235190764e+01 +6.1530e-01 +3.9600e-01 +4.4420e-01 -9.3717e-01 -7.0793e-01 -1.6486e+00 +1.0944e+00 +6.4969e-01 +1.6157e+00 -9.9720e-01 -3.3009e+00 -2.2196e-01 -2.0074e+00 +2.1441e+00 +1.6751e+00 +2.9118e-01 -3.0648e+00 +1.4855e+00 -1.9067e-01 +1.6315e+00
2817 0 +3.117149846e+01 +5.103149846e+01 +5.103149846e+01 +4.9578e-01 +5.1115e-01 +3.9706e-01 -1.0890e+00 -5.9066e-01 -1.5723e+00 +1.2147e+00 +4.5774e-01 +1.8119e+00 -1.1482e+00 -3.5257e+00 -2.3317e-01 -2.1075e+00 +2.1543e+00 +1.8310e+00 +2.8182e-01 -3.0867e+00 +1.7492e+00 -8.8281e-02 +1.5180e+00
2825 0 +2.947946706e+01 +4.933946706e+01 +4.933946706e+01 +5.4213e-01 +5.8434e-01 +2.4903e-01 -1.0112e+00 -5.2199e-01 -1.3444e+00 +1.0845e+00 +5.8364e-01 +1.8519e+00 -1.0796e+00 -3.3067e+00 -1.9519e-01 -1.9974e+00 +1.9179e+00 +1.8302e+00 +2.3139e-01 -3.1463e+00 +1.6928e+00 -1.9372e-01 +1.3305e+00
2840 0 +2.882402019e+01 +4.868402019e+01 +4.868402019e+01 +6.9864e-01 +7.0510e-01 +1.4489e-01 -1.0718e+00 -5.5059e-01 -1.3362e+00 +1.0261e+00 +6.1543e-01 +2.0353e+00 -9.9249e-01 -3.3512e+00 -1.9481e-01 -2.0649e+00 +1.8371e+00 +1.9825e+00 +2.1289e-01 -3.3403e+00 +1.8213e+00 -3.5656e-01 +1.3133e+00
2841 0 +2.798771135e+01 +4.784771135e+01 +4.784771135e+01 +7.4031e-01 +8.5965e-01 -4.7674e-03 -1.1392e+00 -4.7192e-01 -1.1800e+00 +9.9200e-01 +5.9830e-01 +2.2451e+00 -9.9013e-01 -3.3764e+00 -1.8123e-01 -2.0936e+00 +1.6836e+00 +2.1361e+00 +1.7374e-01 -3.4781e+00 +1.9892e+00 -4.3950e-01 +1.1542e+00
2849 0 +2.686894296e+01 +4.672894296e+01 +4.672894296e+01 +3.5283e-01 +8.2429e-01 +7.7352e-02 -1.0896e+00 -3.6251e-01 -1.0875e+00 +1.1193e+00 +7.4587e-01 +2.0692e+00 -1.2344e+00 -3.4431e+00 -1.3854e-01 -2.1336e+00 +1.8017e+00 +2.0054e+00 +2.1646e-01 -3.3442e+00 +1.9068e+00 -2.4804e-01 +1.1056e+00
2862 0 +2.593920680e+01 +4.579920680e+01 +4.579920680e+01 +3.4902e-01 +1.1498e+00 -2.1749e-01 -1.2147e+00 -1.9141e-01 -7.5554e-01 +1.0571e+00 +7.8116e-01 +2.4439e+00 -1.2509e+00 -3.4867e+00 -9.4127e-02 -2.2154e+00 +1.4987e+00 +2.2837e+00 +1.5202e-01 -3.5820e+00 +2.2238e+00 -4.1686e-01 +7.7727e-01
2872 0 +2.559183858e+01 +4.545183858e+01 +4.545183858e+01 +1.5706e-02 +1.2074e+00 -1.7094e-01 -1.2533e+00 -1.1575e-01 -7.2565e-01 +1.1783e+00 +8.7878e-01 +2.3708e+00 -1.4328e+00 -3.6418e+00 -5.6738e-02 -2.3559e+00 +1.6072e+00 +2.2544e+00 +2.0753e-01 -3.4849e+00 +2.2794e+00 -3.2330e-01 +7.5750e-01
3292 0 +2.511866893e+01 +4.497866893e+01 +4.497866893e+01 +1.2684e-01 +1.1792e+00 -1.9333e-01 -1.1396e+00 -1.6199e-01 -7.1776e-01 +1.1718e+00 +1.1166e+00 +2.4204e+00 -1.5083e+00 -3.7258e+00 -3.8777e-02 -2.3772e+00 +1.6918e+00 +2.3024e+00 +2.1250e-01 -3.8536e+00 +2.2026e+00 -3.6501e-01 +8.1703e-01
3390 0 +2.452464503e+01 +4.438464503e+01 +4.438464503e+01 +2.9730e-02 +1.3012e+00 -2.5911e-01 -1.0993e+00 -1.7838e-01 -7.2270e-01 +1.1652e+00 +1.0586e+00 +2.3950e+00 -1.5107e+00 -3.8437e+00 +1.7058e-02 -2.5177e+00 +1.6918e+00 +2.3325e+00 +3.0806e-01 -3.8080e+00 +2.3273e+00 -4.5343e-01 +8.0264e-01
3432 0 +2.398787791e+01 +4.384787791e+01 +4.384787791e+01 -9.2240e-02 +1.3472e+00 -2.9687e-01 -9.5991e-01 -1.9132e-01 -7.0751e-01 +1.1687e+00 +1.0113e+00 +2.2806e+00 -1.5710e+00 -3.9405e+00 +8.3345e-02 -2.6025e+00 +1.7328e+00 +2.2888e+00 +4.1888e-01 -3.7622e+00 +2.3571e+00 -4.6909e-01 +7.9224e-01
3465 0 +2.335208998e+01 +4.321208998e+01 +4.321208998e+01 -3.1419e-02 +1.2931e+00 -3.2624e-01 -7.5582e-01 -2.3931e-01 -7.0870e-01 +1.1311e+00 +8.8423e-01 +2.1685e+00 -1.5827e+00 -3.9555e+00 +1.2187e-01 -2.5628e+00 +1.7586e+00 +2.2235e+00 +4.9751e-01 -3.7766e+00 +2.3032e+00 -4.5740e-01 +8.0335e-01
3496 0 +2.279230786e+01 +4.265230786e+01 +4.265230786e+01 +1.5587e-02 +1.2632e+00 -3.9504e-01 -4.9356e-01 -2.8094e-01 -6.8125e-01 +1.0862e+00 +6.6535e-01 +2.0400e+00 -1.6110e+00 -4.0044e+00 +1.8372e-01 -2.5342e+00 +1.7698e+00 +2.1586e+00 +6.1440e-01 -3.7720e+00 +2.2890e+00 -4.4566e-01 +7.7953e-01
3529 0 +2.236772321e+01 +4.222772321e+01 +4.222772321e+01 +2.2640e-01 +1.1545e+00 -4.8218e-01 -2.0674e-01 -3.0519e-01 -5.9366e-01 +9.8814e-01 +3.5882e-01 +1.9514e+00 -1.5833e+00 -3.9036e+00 +2.1122e-01 -2.3380e+00 +1.6871e+00 +2.0800e+00 +6.5964e-01 -3.7866e+00 +2.2027e+00 -3.9407e-01 +6.9931e-01
% f evaluations | g evaluations | best noise-free fitness - Fopt (-1.607900000000e+02) + sum g_i+ | measured fitness | best measured fitness or single-digit g-values | x1 | x2...
1 0 +8.148414153e+01 -7.930585847e+01 -7.930585847e+01 +0.0000e+00 +0.0000e+00 +0.0000e+00 +0.0000e+00 +0.0000e+00 +0.0000e+00 +0.0000e+00 +0.0000e+00 +0.0000e+00 +0.0000e+00 +0.0000e+00 +0.0000e+00 +0.0000e+00 +0.0000e+00 +0.0000e+00 +0.0000e+00 +0.0000e+00 +0.0000e+00 +0.0000e+00 +0.0000e+00
3 0 +8.148408497e+01 -7.930591503e+01 -7.930591503e+01 +0.0000e+00 +2.5000e-04 +0.0000e+00 +0.0000e+00 +0.0000e+00 +0.0000e+00 +0.0000e+00 +0.0000e+00 +0.0000e+00 +0.0000e+00 +0.0000e+00 +0.0000e+00 +0.0000e+00 +0.0000e+00 +0.0000e+00 +0.0000e+00 +0.0000e+00 +0.0000e+00 +0.0000e+00 +0.0000e+00
308 0 +8.127337205e+01 -7.951662795e+01 -7.951662795e+01 -8.8701e-02 -4.6404e-02 +2.2534e-02 -3.0712e-03 -2.5729e-03 +4.4422e-02 +3.2405e-03 +1.7124e-02 -3.4348e-02 -5.6436e-03 -1.2165e-02 +1.6523e-02 -3.8101e-02 +5.1868e-03 +2.9184e-02 +2.1400e-02 -4.7970e-04 -1.7028e-02 +1.7936e-02 +2.5921e-02
443 0 +7.941472408e+01 -8.137527592e+01 -8.137527592e+01 -8.5134e-01 -4.3058e-01 +2.3244e-01 -3.7999e-02 -3.2423e-02 +4.2829e-01 +3.6518e-02 +1.7484e-01 -3.3628e-01 -6.3658e-02 -1.4335e-01 +1.5712e-01 -3.6380e-01 +5.9893e-02 +2.9072e-01 +2.0909e-01 -1.8182e-02 -1.7953e-01 +1.6507e-01 +2.5922e-01
487 0 +7.736806180e+01 -8.342193820e+01 -8.342193820e+01 -1.7606e+00 -8.8850e-01 +4.8188e-01 -8.1070e-02 -6.7609e-02 +8.8933e-01 +7.5051e-02 +3.6050e-01 -6.9657e-01 -1.3263e-01 -3.0082e-01 +3.2496e-01 -7.5220e-01 +1.2578e-01 +6.0232e-01 +4.3145e-01 -3.8623e-02 -3.7455e-01 +3.4213e-01 +5.3884e-01
514 0 +7.579484519e+01 -8.499515481e+01 -8.499515481e+01 -2.7560e+00 -1.3926e+00 +7.5440e-01 -1.2693e-01 -1.0615e-01 +1.3927e+00 +1.1646e-01 +5.6421e-01 -1.0910e+00 -2.0874e-01 -4.7212e-01 +5.1025e-01 -1.1790e+00 +1.9852e-01 +9.4376e-01 +6.7577e-01 -6.0189e-02 -5.8738e-01 +5.3635e-01 +8.4564e-01
921 0 +7.408395240e+01 -8.670604760e+01 -8.670604760e+01 -3.5444e+00 -2.1757e+00 +8.4391e-01 -1.5002e-01 -2.0059e-01 +1.6591e+00 +3.8202e-02 +6.0203e-01 -1.4156e+00 -3.3032e-01 -7.0941e-01 +9.6588e-01 -1.7164e+00 +3.8377e-01 +1.4832e+00 +1.0664e+00 +4.3370e-02 -8.0534e-01 +7.5411e-01 +1.2903e+00
984 0 +7.236431503e+01 -8.842568497e+01 -8.842568497e+01 -3.0928e+00 -2.6900e+00 +4.7586e-01 -1.0058e-01 -3.0428e-01 +1.1840e+00 -1.9773e-01 +2.5953e-01 -1.2606e+00 -4.0842e-01 -8.2037e-01 +1.4757e+00 -1.9104e+00 +6.0178e-01 +1.8409e+00 +1.3323e+00 +2.9389e-01 -8.0552e-01 +7.8614e-01 +1.5410e+00
1474 0 +7.078206544e+01 -9.000793456e+01 -9.000793456e+01 -3.0011e+00 -3.8047e+00 +2.9581e-02 -6.1410e-02 -4.8447e-01 +8.6932e-01 -5.4163e-01 -3.7550e-01 -1.3158e+00 -5.1706e-01 -1.1346e+00 +2.3261e+00 -2.4360e+00 +1.0785e+00 +2.5844e+00 +1.9110e+00 +7.8267e-01 -9.4397e-01 +9.2097e-01 +2.1295e+00
2060 0 +6.917919828e+01 -9.161080172e+01 -9.161080172e+01 -3.3212e+00 -4.0293e+00 -5.6685e-01 +1.4374e-02 -5.2103e-01 +1.5889e+00 -5.6064e-01 -1.9891e+00 -1.7891e+00 +1.2957e-01 -1.4768e+00 +1.8902e+00 -2.0975e+00 +1.6380e+00 +2.4847e+00 +2.2437e+00 +1.8091e+00 -8.1814e-01 +7.6023e-01 +2.0346e+00
% f evaluations | g evaluations | best noise-free fitness - Fopt (1.420200000000e+02) + sum g_i+ | measured fitness | best measured fitness or single-digit g-values | x1 | x2...
1 0 +8.144056002e+01 +2.234605600e+02 +2.234605600e+02 +0.0000e+00 +0.0000e+00 +0.0000e+00 +0.0000e+00 +0.0000e+00 +0.0000e+00 +0.0000e+00 +0.0000e+00 +0.0000e+00 +0.0000e+00 +0.0000e+00 +0.0000e+00 +0.0000e+00 +0.0000e+00 +0.0000e+00 +0.0000e+00 +0.0000e+00 +0.0000e+00 +0.0000e+00 +0.0000e+00
4 0 +8.144052169e+01 +2.234605217e+02 +2.234605217e+02 +0.0000e+00 +0.0000e+00 +2.5000e-04 +0.0000e+00 +0.0000e+00 +0.0000e+00 +0.0000e+00 +0.0000e+00 +0.0000e+00 +0.0000e+00 +0.0000e+00 +0.0000e+00 +0.0000e+00 +0.0000e+00 +0.0000e+00 +0.0000e+00 +0.0000e+00 +0.0000e+00 +0.0000e+00 +0.0000e+00
301 0 +8.127730608e+01 +2.232973061e+02 +2.232973061e+02 +1.2907e-02 -1.6200e-02 +1.7629e-02 +2.3444e-02 -3.2036e-02 +3.2179e-02 +4.1837e-02 -8.8907e-03 -2.5348e-02 -5.0561e-02 -1.5229e-02 -2.3180e-02 +1.4292e-02 -1.0514e-03 +6.3020e-03 -2.4221e-02 +3.3381e-02 +2.2200e-02 -2.4095e-03 +1.5235e-03
449 0 +7.927793443e+01 +2.212979344e+02 +2.212979344e+02 +1.4293e-01 -2.0833e-01 +2.2472e-01 +2.8861e-01 -4.0360e-01 +4.0035e-01 +5.4420e-01 -1.1806e-01 -3.2908e-01 -6.3753e-01 -1.9122e-01 -2.9533e-01 +1.7851e-01 +1.2765e-03 +8.6819e-02 -3.0573e-01 +4.1939e-01 +2.8698e-01 -3.2468e-02 +2.5356e-02
486 0 +7.741458690e+01 +2.194345869e+02 +2.194345869e+02 +2.6853e-01 -3.9318e-01 +4.2052e-01 +5.4087e-01 -7.6104e-01 +7.5025e-01 +1.0252e+00 -2.2035e-01 -6.1829e-01 -1.1958e+00 -3.5961e-01 -5.5261e-01 +3.3481e-01 +4.7889e-03 +1.6377e-01 -5.7534e-01 +7.8510e-01 +5.4171e-01 -6.1739e-02 +4.7830e-02
513 0 +7.557714989e+01 +2.175971499e+02 +2.175971499e+02 +4.2038e-01 -6.1340e-01 +6.5310e-01 +8.4198e-01 -1.1909e+00 +1.1684e+00 +1.5995e+00 -3.4229e-01 -9.6299e-01 -1.8632e+00 -5.6202e-01 -8.5957e-01 +5.2060e-01 +8.6102e-03 +2.5594e-01 -8.9905e-01 +1.2224e+00 +8.4610e-01 -9.4969e-02 +7.5010e-02
551 0 +7.411394328e+01 +2.161339433e+02 +2.161339433e+02 +6.8023e-01 -9.8956e-01 +1.0526e+00 +1.3562e+00 -1.9219e+00 +1.8819e+00 +2.5832e+00 -5.5150e-01 -1.5516e+00 -3.0041e+00 -9.0662e-01 -1.3846e+00 +8.3993e-01 +1.5490e-02 +4.1288e-01 -1.4524e+00 +1.9692e+00 +1.3673e+00 -1.5296e-01 +1.2065e-01
1508 0 +7.243852367e+01 +2.144585237e+02 +2.144585237e+02 -7.1046e-01 -1.0213e+00 +2.0608e+00 +1.7771e+00 -2.1381e+00 +2.1418e+00 +2.1810e+00 -8.0505e-01 -2.1734e+00 -2.4605e+00 -6.4343e-01 -1.8960e+00 +1.5061e+00 -1.8144e-01 +2.8197e-01 -6.2923e-01 +2.5529e+00 +1.1798e+00 -5.9017e-01 -7.2194e-02
1706 0 +7.077582696e+01 +2.127958270e+02 +2.127958270e+02 -9.0650e-01 -1.8251e+00 +2.0232e+00 +1.9341e+00 -7.6506e-01 +1.5185e+00 +2.2645e+00 -1.9086e-01 -2.2434e+00 -2.7351e+00 -3.9054e-01 -2.3965e+00 +1.3484e+00 -4.3573e-01 +4.3049e-01 -1.0374e-01 +2.5167e+00 +1.8269e+00 -8.5846e-01 -9.5533e-02
2971 0 +6.917653853e+01 +2.111965385e+02 +2.111965385e+02 -2.2715e-01 -1.5464e+00 +1.2969e+00 +2.1719e+00 -8.0125e-01 +9.6602e-01 +1.6404e+00 +4.2460e-01 -1.6187e+00 -2.5047e+00 -8.0650e-01 -2.4633e+00 +1.4235e+00 -8.7983e-01 +9.3752e-01 -1.1452e-01 +2.7404e+00 +3.0237e+00 -1.4609e+00 -5.4768e-01
% f evaluations | g evaluations | best noise-free fitness - Fopt (6.289000000000e+01) + sum g_i+ | measured fitness | best measured fitness or single-digit g-values | x1 | x2...
1 0 +8.194139725e+01 +1.448313972e+02 +1.448313972e+02 +0.0000e+00 +0.0000e+00 +0.0000e+00 +0.0000e+00 +0.0000e+00 +0.0000e+00 +0.0000e+00 +0.0000e+00 +0.0000e+00 +0.0000e+00 +0.0000e+00 +0.0000e+00 +0.0000e+00 +0.0000e+00 +0.0000e+00 +0.0000e+00 +0.0000e+00 +0.0000e+00 +0.0000e+00 +0.0000e+00
2 0 +8.194132594e+01 +1.448313259e+02 +1.448313259e+02 +2.5000e-04 +0.0000e+00 +0.0000e+00 +0.0000e+00 +0.0000e+00 +0.0000e+00 +0.0000e+00 +0.0000e+00 +0.0000e+00 +0.0000e+00 +0.0000e+00 +0.0000e+00 +0.0000e+00 +0.0000e+00 +0.0000e+00 +0.0000e+00 +0.0000e+00 +0.0000e+00 +0.0000e+00 +0.0000e+00
381 0 +8.128118886e+01 +1.441711889e+02 +1.441711889e+02 -5.0164e-02 +8.8931e-02 -3.2413e-01 +1.5566e-02 +6.3631e-02 -4.3223e-02 -9.0562e-03 -4.1045e-02 -4.3651e-02 +2.4795e-02 +7.0910e-02 -3.3199e-02 -6.9066e-04 +4.1390e-02 +1.3998e-02 -1.0629e-01 +2.5919e-01 -3.1089e-02 +5.9415e-02 +2.4368e-02
462 0 +7.909946568e+01 +1.419894657e+02 +1.419894657e+02 -2.1923e-01 +3.8448e-01 -1.4252e+00 +6.8916e-02 +2.7402e-01 -1.8825e-01 -4.2392e-02 -1.7824e-01 -1.8483e-01 +1.0367e-01 +3.1368e-01 -1.4149e-01 -3.5958e-03 +1.6906e-01 +5.6776e-02 -4.5036e-01 +1.1383e+00 -1.3332e-01 +2.5777e-01 +1.0718e-01
498 0 +7.739540709e+01 +1.402854071e+02 +1.402854071e+02 -3.8975e-01 +6.8321e-01 -2.5361e+00 +1.2363e-01 +4.8695e-01 -3.3180e-01 -7.7899e-02 -3.1898e-01 -3.2850e-01 +1.8486e-01 +5.5949e-01 -2.5149e-01 -6.4475e-03 +2.9992e-01 +1.0115e-01 -8.0131e-01 +2.0230e+00 -2.3761e-01 +4.5943e-01 +1.9261e-01
907 0 +7.579497086e+01 +1.386849709e+02 +1.386849709e+02 -6.7196e-01 +1.1781e+00 -3.6683e+00 +3.5360e-01 +1.0318e+00 -4.2745e-01 -1.8417e-01 -9.2478e-01 -6.4133e-01 +4.2725e-01 +8.1718e-01 -5.0711e-01 +1.2151e-01 +8.1825e-01 +3.8572e-01 -1.8354e+00 +2.7760e+00 -6.4611e-01 +1.0058e+00 +3.9337e-01
2909 0 +7.412217955e+01 +1.370121796e+02 +1.370121796e+02 -2.2978e+00 +1.9535e+00 -3.2598e+00 +3.6056e-01 +1.6262e+00 +9.4596e-02 -3.4178e-01 -1.1055e+00 -1.1220e+00 +1.4403e+00 +1.2050e+00 -1.3990e+00 -8.1492e-01 +9.7115e-01 +4.0873e-01 -2.0937e+00 +2.2289e+00 -1.0674e+00 +1.2633e+00 +1.4178e+00
% f evaluations | g evaluations | best noise-free fitness - Fopt (-1.316100000000e+02) + sum g_i+ | measured fitness | best measured fitness or single-digit g-values | x1 | x2...
1 0 +8.362065492e+01 -4.798934508e+01 -4.798934508e+01 +0.0000e+00 +0.0000e+00 +0.0000e+00 +0.0000e+00 +0.0000e+00 +0.0000e+00 +0.0000e+00 +0.0000e+00 +0.0000e+00 +0.0000e+00 +0.0000e+00 +0.0000e+00 +0.0000e+00 +0.0000e+00 +0.0000e+00 +0.0000e+00 +0.0000e+00 +0.0000e+00 +0.0000e+00 +0.0000e+00
2 0 +8.362051724e+01 -4.798948276e+01 -4.798948276e+01 +2.5000e-04 +0.0000e+00 +0.0000e+00 +0.0000e+00 +0.0000e+00 +0.0000e+00 +0.0000e+00 +0.0000e+00 +0.0000e+00 +0.0000e+00 +0.0000e+00 +0.0000e+00 +0.0000e+00 +0.0000e+00 +0.0000e+00 +0.0000e+00 +0.0000e+00 +0.0000e+00 +0.0000e+00 +0.0000e+00
389 0 +8.314371515e+01 -4.846628485e+01 -4.846628485e+01 +4.4558e-02 -2.0000e-02 +1.3221e-01 +2.3036e-02 -1.3299e-01 -2.7632e-01 +7.3639e-02 +8.7070e-03 -3.1018e-02 +4.3231e-02 +1.7887e-01 +5.4010e-02 +4.6136e-02 +1.0953e-01 -5.9132e-02 -1.0955e-01 +1.2459e-01 -1.1625e-03 -1.9586e-01 -3.9600e-02
486 0 +8.107233957e+01 -5.053766043e+01 -5.053766043e+01 +2.2438e-01 -1.0654e-01 +6.5609e-01 +1.1943e-01 -6.6362e-01 -1.3885e+00 +3.7109e-01 +5.0430e-02 -1.5896e-01 +2.1069e-01 +9.0261e-01 +2.7256e-01 +2.3294e-01 +5.4727e-01 -3.0121e-01 -5.5010e-01 +6.3446e-01 -1.1023e-02 -9.7625e-01 -2.0207e-01
521 0 +7.930443895e+01 -5.230556105e+01 -5.230556105e+01 +4.0344e-01 -1.9367e-01 +1.1745e+00 +2.1366e-01 -1.1916e+00 -2.4966e+00 +6.6630e-01 +9.1559e-02 -2.8467e-01 +3.7949e-01 +1.6215e+00 +4.8973e-01 +4.2223e-01 +9.8255e-01 -5.4462e-01 -9.8850e-01 +1.1406e+00 -1.5626e-02 -1.7505e+00 -3.6379e-01
1504 0 +7.761356935e+01 -5.399643065e+01 -5.399643065e+01 +1.5402e+00 -1.8945e-01 +1.5429e+00 -2.5170e-01 -1.3431e+00 -4.4329e+00 +1.2517e+00 -2.5401e-01 -2.0238e-01 +1.0146e+00 +1.9548e+00 +7.2259e-01 +1.0080e+00 +4.2152e-01 -5.4356e-01 -1.7278e+00 +1.6464e+00 +3.0885e-01 -2.6124e+00 -9.2552e-01
% f evaluations | g evaluations | best noise-free fitness - Fopt (1.153900000000e+02) + sum g_i+ | measured fitness | best measured fitness or single-digit g-values | x1 | x2...
1 0 +7.938424689e+01 +1.947742469e+02 +1.947742469e+02 +0.0000e+00 +0.0000e+00 +0.0000e+00 +0.0000e+00 +0.0000e+00 +0.0000e+00 +0.0000e+00 +0.0000e+00 +0.0000e+00 +0.0000e+00 +0.0000e+00 +0.0000e+00 +0.0000e+00 +0.0000e+00 +0.0000e+00 +0.0000e+00 +0.0000e+00 +0.0000e+00 +0.0000e+00 +0.0000e+00
3 0 +7.938420930e+01 +1.947742093e+02 +1.947742093e+02 +0.0000e+00 +2.5000e-04 +0.0000e+00 +0.0000e+00 +0.0000e+00 +0.0000e+00 +0.0000e+00 +0.0000e+00 +0.0000e+00 +0.0000e+00 +0.0000e+00 +0.0000e+00 +0.0000e+00 +0.0000e+00 +0.0000e+00 +0.0000e+00 +0.0000e+00 +0.0000e+00 +0.0000e+00 +0.0000e+00
418 0 +7.747499661e+01 +1.928649966e+02 +1.928649966e+02 -5.4372e-02 +3.3954e-01 +3.6215e-02 +8.7765e-02 -6.3477e-03 +1.4059e-01 +2.0489e-01 -6.6675e-03 -6.7440e-01 +1.5564e-01 +1.4508e-01 -5.7109e-02 -1.1965e-01 +2.3336e-01 +1.1019e-01 -5.5894e-01 -5.0381e-02 +1.9520e-01 +4.3985e-02 -2.2523e-01
462 0 +7.568446536e+01 +1.910744654e+02 +1.910744654e+02 -1.1138e-01 +7.0540e-01 +7.5546e-02 +1.8114e-01 -1.2543e-02 +2.9165e-01 +4.2688e-01 -1.3443e-02 -1.3983e+00 +3.2567e-01 +3.0051e-01 -1.1962e-01 -2.4628e-01 +4.8277e-01 +2.2913e-01 -1.1617e+00 -1.0572e-01 +4.0431e-01 +9.0325e-02 -4.6931e-01
497 0 +7.393151872e+01 +1.893215187e+02 +1.893215187e+02 -2.0075e-01 +1.2657e+00 +1.3354e-01 +3.2557e-01 -2.2280e-02 +5.2428e-01 +7.6777e-01 -2.3729e-02 -2.5075e+00 +5.8541e-01 +5.3867e-01 -2.1777e-01 -4.4126e-01 +8.6823e-01 +4.0988e-01 -2.0837e+00 -1.9177e-01 +7.2644e-01 +1.6231e-01 -8.4302e-01
1472 0 +7.243442738e+01 +1.878244274e+02 +1.878244274e+02 -1.0588e-01 +2.4546e+00 +6.8184e-01 +7.9099e-01 +1.8938e-01 -2.0321e-01 +9.5271e-01 -6.8291e-01 -2.9665e+00 +8.1354e-01 +9.2738e-01 +1.4883e-01 -7.2390e-01 +7.4969e-01 +1.1660e+00 -3.2808e+00 -6.2054e-01 +8.8511e-01 +4.8889e-01 -1.9089e+00
1622 0 +7.069554468e+01 +1.860855447e+02 +1.860855447e+02 -2.4329e-01 +2.1347e+00 +5.2404e-01 +8.9673e-01 +1.3179e-01 -3.3561e-01 +1.0348e+00 -5.0584e-01 -3.2580e+00 +6.6248e-01 +1.4112e+00 -3.2147e-02 -6.3534e-01 +7.3992e-01 +1.3463e+00 -3.2900e+00 -7.2911e-01 +1.4652e+00 +3.6875e-01 -1.8991e+00
1667 0 +6.907789924e+01 +1.844678992e+02 +1.844678992e+02 -3.2452e-01 +1.8094e+00 +4.6573e-01 +1.0815e+00 +1.3105e-01 -8.2238e-01 +1.0016e+00 -4.8926e-01 -3.1228e+00 +4.1947e-01 +1.9536e+00 -7.9529e-02 -5.1305e-01 +4.8972e-01 +1.6743e+00 -3.1594e+00 -9.3212e-01 +1.9937e+00 +2.8886e-01 -1.9943e+00
2203 0 +6.760731904e+01 +1.829973190e+02 +1.829973190e+02 -1.2009e-01 +1.1020e+00 +3.1488e-01 +1.2258e+00 +1.5363e-02 -1.4511e+00 +1.2675e+00 -7.2151e-01 -2.4167e+00 -1.2344e-02 +2.7118e+00 -2.7946e-01 -2.2525e-01 +3.1498e-02 +1.7624e+00 -2.5609e+00 -1.4779e+00 +2.6901e+00 +3.4735e-01 -2.1654e+00
3485 0 +6.606783031e+01 +1.814578303e+02 +1.814578303e+02 +6.2397e-01 +8.9764e-01 +3.3203e-01 +1.3757e+00 -1.4400e-01 -8.1959e-01 +9.4639e-01 -9.6203e-01 -2.6123e+00 +2.0582e-01 +3.2924e+00 -1.9873e-01 +2.2382e-01 +5.3718e-02 +1.9852e+00 -3.6532e+00 -1.4388e+00 +2.5822e+00 +1.8324e-01 -2.7242e+00
