% f evaluations | g evaluations | best noise-free fitness - Fopt (1.000000000000e+03) + sum g_i+ | measured fitness | best measured fitness or single-digit g-values | x1 | x2...
1 0 +6.423771670e+02 +1.642377167e+03 +1.642377167e+03 +0.0000e+00 +0.0000e+00 +0.0000e+00 +0.0000e+00 +0.0000e+00 +0.0000e+00 +0.0000e+00 +0.0000e+00 +0.0000e+00 +0.0000e+00 +0.0000e+00 +0.0000e+00 +0.0000e+00 +0.0000e+00 +0.0000e+00 +0.0000e+00 +0.0000e+00 +0.0000e+00 +0.0000e+00 +0.0000e+00
6 0 +6.321183853e+02 +1.632118385e+03 +1.632118385e+03 +0.0000e+00 +0.0000e+00 +0.0000e+00 +1.0000e+00 +0.0000e+00 +0.0000e+00 +0.0000e+00 +0.0000e+00 +0.0000e+00 +0.0000e+00 +0.0000e+00 +0.0000e+00 +0.0000e+00 +0.0000e+00 +0.0000e+00 +0.0000e+00 +0.0000e+00 +0.0000e+00 +0.0000e+00 +0.0000e+00
7 0 +6.070910396e+02 +1.607091040e+03 +1.607091040e+03 +0.0000e+00 +0.0000e+00 +0.0000e+00 +0.0000e+00 +1.0000e+00 +0.0000e+00 +0.0000e+00 +0.0000e+00 +0.0000e+00 +0.0000e+00 +0.0000e+00 +0.0000e+00 +0.0000e+00 +0.0000e+00 +0.0000e+00 +0.0000e+00 +0.0000e+00 +0.0000e+00 +0.0000e+00 +0.0000e+00
25 0 +5.849452904e+02 +1.584945290e+03 +1.584945290e+03 -2.7158e-02 -1.3093e-02 -6.8899e-02 +5.2554e-02 +1.1072e+00 -6.3174e-02 +1.3783e-02 -2.2063e-02 -2.1632e-01 +3.1754e-02 -6.1053e-02 +4.2322e-01 -4.2916e-02 +2.3944e-02 +7.3191e-02 +5.9978e-02 +5.6645e-02 -3.2190e-03 +7.3218e-02 -3.4365e-02
31 0 +5.750405651e+02 +1.575040565e+03 +1.575040565e+03 -1.1237e-01 -2.1898e-02 -8.6798e-02 +5.0653e-02 +1.1111e+00 -7.1860e-02 +7.8040e-03 -3.1811e-02 -2.5462e-01 +2.7665e-02 +2.4713e-03 +4.2507e-01 +1.5877e-02 +1.9034e-02 +7.3460e-02 +5.8857e-02 +5.5174e-02 -1.0986e-02 +7.3489e-02 +2.0862e-02
34 0 +5.462278928e+02 +1.546227893e+03 +1.546227893e+03 -1.3138e-01 +5.1047e-02 -9.8882e-02 +4.4249e-02 +1.1086e+00 -7.7724e-02 -1.3528e-03 +2.2106e-02 -2.8048e-01 +1.9785e-02 -1.6387e-03 +4.2631e-01 +1.9351e-02 +1.0599e-02 +6.8522e-02 +5.2980e-02 +4.9061e-02 -2.1350e-02 +6.8553e-02 +1.4662e-02
% f evaluations | g evaluations | best noise-free fitness - Fopt (7.003000000000e+01) + sum g_i+ | measured fitness | best measured fitness or single-digit g-values | x1 | x2...
1 0 +7.420924595e+02 +8.121224595e+02 +8.121224595e+02 +0.0000e+00 +0.0000e+00 +0.0000e+00 +0.0000e+00 +0.0000e+00 +0.0000e+00 +0.0000e+00 +0.0000e+00 +0.0000e+00 +0.0000e+00 +0.0000e+00 +0.0000e+00 +0.0000e+00 +0.0000e+00 +0.0000e+00 +0.0000e+00 +0.0000e+00 +0.0000e+00 +0.0000e+00 +0.0000e+00
3 0 +7.084280791e+02 +7.784580791e+02 +7.784580791e+02 +1.0000e+00 +0.0000e+00 +0.0000e+00 +0.0000e+00 +0.0000e+00 +0.0000e+00 +0.0000e+00 +0.0000e+00 +0.0000e+00 +0.0000e+00 +0.0000e+00 +0.0000e+00 +0.0000e+00 +0.0000e+00 +0.0000e+00 +0.0000e+00 +0.0000e+00 +0.0000e+00 +0.0000e+00 +0.0000e+00
6 0 +6.495800378e+02 +7.196100378e+02 +7.196100378e+02 +0.0000e+00 +0.0000e+00 +0.0000e+00 +1.0000e+00 +0.0000e+00 +0.0000e+00 +0.0000e+00 +0.0000e+00 +0.0000e+00 +0.0000e+00 +0.0000e+00 +0.0000e+00 +0.0000e+00 +0.0000e+00 +0.0000e+00 +0.0000e+00 +0.0000e+00 +0.0000e+00 +0.0000e+00 +0.0000e+00
17 0 +6.412967459e+02 +7.113267459e+02 +7.113267459e+02 +0.0000e+00 +0.0000e+00 +0.0000e+00 +0.0000e+00 +0.0000e+00 +0.0000e+00 +0.0000e+00 +0.0000e+00 +0.0000e+00 +0.0000e+00 +0.0000e+00 +0.0000e+00 +0.0000e+00 +0.0000e+00 +1.0000e+00 +0.0000e+00 +0.0000e+00 +0.0000e+00 +0.0000e+00 +0.0000e+00
20 0 +5.977928852e+02 +6.678228852e+02 +6.678228852e+02 +0.0000e+00 +0.0000e+00 +0.0000e+00 +0.0000e+00 +0.0000e+00 +0.0000e+00 +0.0000e+00 +0.0000e+00 +0.0000e+00 +0.0000e+00 +0.0000e+00 +0.0000e+00 +0.0000e+00 +0.0000e+00 +0.0000e+00 +0.0000e+00 +0.0000e+00 +1.0000e+00 +0.0000e+00 +0.0000e+00
24 0 +5.824570206e+02 +6.524870206e+02 +6.524870206e+02 -9.9221e-02 -1.6018e-01 -1.3067e-01 -3.9832e-02 -6.7540e-02 -1.7045e-01 -6.1848e-02 -8.2416e-02 -1.1675e-01 -1.3838e-01 -9.5223e-02 -1.5453e-01 -9.2150e-02 -1.5838e-01 -3.1473e-02 -8.9188e-02 -9.0782e-02 +1.0124e+00 -1.8384e-01 -3.4130e-02
30 0 +5.716810868e+02 +6.417110868e+02 +6.417110868e+02 -1.2322e-01 -1.2724e-01 -1.6627e-01 -4.1919e-02 -7.9850e-02 -1.4145e-01 -7.2058e-02 -1.0021e-01 -1.4722e-01 -1.0139e-01 -1.1775e-01 -1.2007e-01 -1.1354e-01 -9.1064e-02 -3.0475e-02 -1.0948e-01 -1.1167e-01 +1.0296e+00 -2.6776e-01 -3.4114e-02
33 0 +5.539683831e+02 +6.239983831e+02 +6.239983831e+02 -1.7337e-01 -1.4961e-01 -7.6675e-02 -4.9812e-02 -9.5834e-02 -1.1850e-01 -8.6380e-02 -1.2054e-01 -3.3611e-02 -9.2629e-02 -1.4182e-01 -1.3232e-01 -1.3671e-01 -8.4975e-02 -3.5927e-02 -1.3179e-01 -1.3444e-01 +1.0370e+00 -3.3418e-01 -4.0342e-02
35 0 +5.444472269e+02 +6.144772269e+02 +6.144772269e+02 -1.7337e-01 -1.4961e-01 -7.6675e-02 -4.9526e-02 -9.5548e-02 -1.1850e-01 -8.6094e-02 -1.2026e-01 -3.3611e-02 -9.2629e-02 -1.4182e-01 -1.3232e-01 -6.7158e-02 -8.4975e-02 -3.5641e-02 -1.3150e-01 -2.0628e-01 +1.0373e+00 -3.3418e-01 -4.0055e-02
38 0 +5.231431702e+02 +5.931731702e+02 +5.931731702e+02 -1.7076e-01 -1.7218e-01 -7.4675e-02 -7.7306e-02 -1.3149e-01 -9.5337e-02 -1.2036e-01 -6.2583e-02 -2.3721e-02 -8.3789e-02 -1.7037e-01 -1.4469e-01 +7.6965e-03 -7.8831e-02 -6.0957e-02 -1.2299e-01 -1.7361e-01 +1.0249e+00 -4.0122e-01 -6.6155e-02
39 0 +5.081547985e+02 +5.781847985e+02 +5.781847985e+02 -1.6993e-01 -1.7936e-01 -7.4039e-02 -9.3650e-02 -4.5751e-02 -8.7978e-02 -1.3877e-01 -4.4671e-02 -2.0579e-02 -8.0980e-02 -1.7944e-01 -1.4861e-01 +1.1950e-02 -7.6878e-02 -7.6519e-02 -1.4116e-01 -1.8199e-01 +1.0135e+00 -4.2252e-01 -8.1965e-02
40 0 +4.847264819e+02 +5.547564819e+02 +5.547564819e+02 -1.6903e-01 -1.8716e-01 -7.3348e-02 -1.1472e-01 -4.1673e-02 -7.9969e-02 -5.6414e-02 -2.5180e-02 -1.7160e-02 -7.7923e-02 -1.8932e-01 -1.5289e-01 +1.6577e-02 -7.4754e-02 -9.6742e-02 -1.6093e-01 -1.9110e-01 +9.9771e-01 -4.4570e-01 -1.0246e-01
41 0 +4.717766529e+02 +5.418066529e+02 +5.418066529e+02 -1.5888e-01 -2.0586e-01 -7.1657e-02 -9.0932e-02 -1.8555e-02 -7.7600e-02 -2.2156e-02 +1.7213e-02 -7.7716e-03 -7.4679e-02 -1.9430e-01 -1.6483e-01 +3.4149e-02 -7.8087e-02 -7.1670e-02 -1.7920e-01 -1.9379e-01 +1.0295e+00 -4.9358e-01 -7.7794e-02
% f evaluations | g evaluations | best noise-free fitness - Fopt (-4.822000000000e+01) + sum g_i+ | measured fitness | best measured fitness or single-digit g-values | x1 | x2...
1 0 +9.669989686e+02 +9.187789686e+02 +9.187789686e+02 +0.0000e+00 +0.0000e+00 +0.0000e+00 +0.0000e+00 +0.0000e+00 +0.0000e+00 +0.0000e+00 +0.0000e+00 +0.0000e+00 +0.0000e+00 +0.0000e+00 +0.0000e+00 +0.0000e+00 +0.0000e+00 +0.0000e+00 +0.0000e+00 +0.0000e+00 +0.0000e+00 +0.0000e+00 +0.0000e+00
5 0 +9.141159458e+02 +8.658959458e+02 +8.658959458e+02 +0.0000e+00 +0.0000e+00 +1.0000e+00 +0.0000e+00 +0.0000e+00 +0.0000e+00 +0.0000e+00 +0.0000e+00 +0.0000e+00 +0.0000e+00 +0.0000e+00 +0.0000e+00 +0.0000e+00 +0.0000e+00 +0.0000e+00 +0.0000e+00 +0.0000e+00 +0.0000e+00 +0.0000e+00 +0.0000e+00
8 0 +8.919352926e+02 +8.437152926e+02 +8.437152926e+02 +0.0000e+00 +0.0000e+00 +0.0000e+00 +0.0000e+00 +0.0000e+00 +1.0000e+00 +0.0000e+00 +0.0000e+00 +0.0000e+00 +0.0000e+00 +0.0000e+00 +0.0000e+00 +0.0000e+00 +0.0000e+00 +0.0000e+00 +0.0000e+00 +0.0000e+00 +0.0000e+00 +0.0000e+00 +0.0000e+00
12 0 +8.053348072e+02 +7.571148072e+02 +7.571148072e+02 +0.0000e+00 +0.0000e+00 +0.0000e+00 +0.0000e+00 +0.0000e+00 +0.0000e+00 +0.0000e+00 +0.0000e+00 +0.0000e+00 +1.0000e+00 +0.0000e+00 +0.0000e+00 +0.0000e+00 +0.0000e+00 +0.0000e+00 +0.0000e+00 +0.0000e+00 +0.0000e+00 +0.0000e+00 +0.0000e+00
23 0 +7.071594214e+02 +6.589394214e+02 +6.589394214e+02 -2.2687e-01 -1.3926e-01 +1.9965e-01 -8.8321e-02 -2.9152e-01 +2.8339e-01 -2.8367e-01 -1.1933e-01 -1.5871e-01 +1.6103e+00 +9.2479e-02 -2.9634e-02 +1.1124e-01 +1.1846e-01 +2.8712e-02 +2.1429e-02 -1.3059e-01 +1.5728e-01 -4.5990e-02 +3.7783e-01
25 0 +6.112600856e+02 +5.630400856e+02 +5.630400856e+02 -5.9512e-01 -3.6531e-01 +5.2372e-01 -2.3168e-01 +2.6304e-01 +7.4338e-01 -7.4413e-01 -3.1301e-01 -4.1633e-01 +2.1527e+00 +2.4259e-01 -7.7736e-02 +2.9180e-01 +3.1074e-01 +7.5316e-02 +5.6214e-02 -3.4257e-01 +4.1258e-01 -1.2064e-01 +9.9114e-01
31 0 +5.990427122e+02 +5.508227122e+02 +5.508227122e+02 -6.4000e-01 -3.0885e-01 +5.2396e-01 -2.4001e-01 +2.6877e-01 +7.4611e-01 -7.4986e-01 -3.2226e-01 -4.1434e-01 +2.1687e+00 +2.3964e-01 -8.4317e-02 +2.8941e-01 +3.0856e-01 +7.0470e-02 +5.1151e-02 -2.7841e-01 +4.1156e-01 -1.2771e-01 +9.9667e-01
32 0 +5.787645420e+02 +5.305445420e+02 +5.305445420e+02 -6.7380e-01 -3.1373e-01 +5.2364e-01 -2.4679e-01 +2.7315e-01 +7.4767e-01 -7.5413e-01 -2.3024e-01 -4.1280e-01 +2.1805e+00 +2.3692e-01 -8.9778e-02 +2.8711e-01 +3.0642e-01 +6.6318e-02 +4.6835e-02 -2.7555e-01 +4.1029e-01 -1.3354e-01 +1.0004e+00
35 0 +5.638931172e+02 +5.156731172e+02 +5.156731172e+02 -7.4845e-01 -3.2426e-01 +5.1781e-01 -1.6474e-01 +2.8357e-01 +7.4602e-01 -7.6296e-01 -2.1047e-01 -4.0902e-01 +2.2029e+00 +2.2574e-01 -2.6150e-02 +2.7686e-01 +2.9654e-01 +5.1957e-02 +3.2111e-02 -2.6888e-01 +4.0234e-01 -8.8643e-02 +1.0034e+00
40 0 +5.593979385e+02 +5.111779385e+02 +5.111779385e+02 -7.7394e-01 -3.2710e-01 +5.0003e-01 -1.7021e-01 +2.8938e-01 +7.2976e-01 -7.6418e-01 -2.0247e-01 -4.0654e-01 +2.1998e+00 +2.3001e-01 -1.7842e-02 +3.3352e-01 +3.6417e-01 +4.4926e-02 +2.3761e-02 -2.6555e-01 +3.8381e-01 -9.6397e-02 +9.8886e-01
% f evaluations | g evaluations | best noise-free fitness - Fopt (2.547000000000e+01) + sum g_i+ | measured fitness | best measured fitness or single-digit g-values | x1 | x2...
1 0 +1.228006449e+03 +1.253476449e+03 +1.253476449e+03 +0.0000e+00 +0.0000e+00 +0.0000e+00 +0.0000e+00 +0.0000e+00 +0.0000e+00 +0.0000e+00 +0.0000e+00 +0.0000e+00 +0.0000e+00 +0.0000e+00 +0.0000e+00 +0.0000e+00 +0.0000e+00 +0.0000e+00 +0.0000e+00 +0.0000e+00 +0.0000e+00 +0.0000e+00 +0.0000e+00
5 0 +1.204369655e+03 +1.229839655e+03 +1.229839655e+03 +0.0000e+00 +0.0000e+00 +1.0000e+00 +0.0000e+00 +0.0000e+00 +0.0000e+00 +0.0000e+00 +0.0000e+00 +0.0000e+00 +0.0000e+00 +0.0000e+00 +0.0000e+00 +0.0000e+00 +0.0000e+00 +0.0000e+00 +0.0000e+00 +0.0000e+00 +0.0000e+00 +0.0000e+00 +0.0000e+00
10 0 +1.154996782e+03 +1.180466782e+03 +1.180466782e+03 +0.0000e+00 +0.0000e+00 +0.0000e+00 +0.0000e+00 +0.0000e+00 +0.0000e+00 +0.0000e+00 +1.0000e+00 +0.0000e+00 +0.0000e+00 +0.0000e+00 +0.0000e+00 +0.0000e+00 +0.0000e+00 +0.0000e+00 +0.0000e+00 +0.0000e+00 +0.0000e+00 +0.0000e+00 +0.0000e+00
11 0 +1.119777236e+03 +1.145247236e+03 +1.145247236e+03 +0.0000e+00 +0.0000e+00 +0.0000e+00 +0.0000e+00 +0.0000e+00 +0.0000e+00 +0.0000e+00 +0.0000e+00 +1.0000e+00 +0.0000e+00 +0.0000e+00 +0.0000e+00 +0.0000e+00 +0.0000e+00 +0.0000e+00 +0.0000e+00 +0.0000e+00 +0.0000e+00 +0.0000e+00 +0.0000e+00
12 0 +1.090024367e+03 +1.115494367e+03 +1.115494367e+03 +0.0000e+00 +0.0000e+00 +0.0000e+00 +0.0000e+00 +0.0000e+00 +0.0000e+00 +0.0000e+00 +0.0000e+00 +0.0000e+00 +1.0000e+00 +0.0000e+00 +0.0000e+00 +0.0000e+00 +0.0000e+00 +0.0000e+00 +0.0000e+00 +0.0000e+00 +0.0000e+00 +0.0000e+00 +0.0000e+00
23 0 +9.205831638e+02 +9.460531638e+02 +9.460531638e+02 -5.2708e-01 -3.6681e-02 +5.8044e-02 -1.5413e-01 -9.8388e-02 -6.2170e-02 -1.5429e-01 +1.7929e-01 +2.6577e-01 +1.3388e+00 +5.3685e-02 -2.0917e-01 -9.8278e-03 -2.0267e-02 +2.6809e-01 -3.4367e-01 +5.0872e-02 +7.4292e-02 +2.1894e-01 -3.8159e-01
25 0 +9.079748621e+02 +9.334448621e+02 +9.334448621e+02 -6.7606e-01 -5.1147e-02 +8.0936e-02 -2.1491e-01 -1.3719e-01 -8.6689e-02 -2.1514e-01 +2.5000e-01 +3.7059e-01 +1.4725e+00 +7.4858e-02 -2.9166e-01 -1.3704e-02 -2.8261e-02 +3.7382e-01 -4.7921e-01 +7.0935e-02 +1.0359e-01 +3.0529e-01 -9.9378e-03
26 0 +8.906909478e+02 +9.161609478e+02 +9.161609478e+02 -6.7606e-01 -5.1147e-02 +8.0936e-02 -2.1491e-01 -1.3719e-01 -8.6689e-02 -2.1514e-01 +2.5000e-01 +3.7059e-01 +1.4725e+00 +7.4858e-02 -4.8469e-01 -1.3704e-02 -2.8261e-02 +3.7382e-01 -3.6173e-01 +7.0935e-02 +1.0359e-01 +3.0529e-01 -9.9378e-03
35 0 +8.695199888e+02 +8.949899888e+02 +8.949899888e+02 -6.9081e-01 -6.3281e-02 +5.8127e-02 -2.4644e-01 -1.4227e-01 -1.0952e-01 -3.1073e-01 +2.3192e-01 +3.5589e-01 +1.4606e+00 +5.1879e-02 -5.0343e-01 -3.9290e-02 +9.4677e-02 +3.5921e-01 -3.7841e-01 +4.7846e-02 +8.1417e-02 +2.8876e-01 -1.8230e-02
% f evaluations | g evaluations | best noise-free fitness - Fopt (-1.008100000000e+02) + sum g_i+ | measured fitness | best measured fitness or single-digit g-values | x1 | x2...
1 0 +6.498547399e+02 +5.490447399e+02 +5.490447399e+02 +0.0000e+00 +0.0000e+00 +0.0000e+00 +0.0000e+00 +0.0000e+00 +0.0000e+00 +0.0000e+00 +0.0000e+00 +0.0000e+00 +0.0000e+00 +0.0000e+00 +0.0000e+00 +0.0000e+00 +0.0000e+00 +0.0000e+00 +0.0000e+00 +0.0000e+00 +0.0000e+00 +0.0000e+00 +0.0000e+00
5 0 +5.840386084e+02 +4.832286084e+02 +4.832286084e+02 +0.0000e+00 +0.0000e+00 +1.0000e+00 +0.0000e+00 +0.0000e+00 +0.0000e+00 +0.0000e+00 +0.0000e+00 +0.0000e+00 +0.0000e+00 +0.0000e+00 +0.0000e+00 +0.0000e+00 +0.0000e+00 +0.0000e+00 +0.0000e+00 +0.0000e+00 +0.0000e+00 +0.0000e+00 +0.0000e+00
23 0 +5.113058774e+02 +4.104958774e+02 +4.104958774e+02 -2.1245e-01 -7.0165e-02 +1.2002e+00 -3.3310e-01 -9.1542e-02 -1.7589e-01 -9.2743e-02 -2.2989e-01 -4.1319e-01 -9.1986e-02 -3.3303e-01 -5.1836e-01 -7.6005e-02 -2.3474e-01 -1.2742e-01 +8.1970e-02 +6.0466e-02 -8.8817e-02 +1.2024e-01 +1.7183e-01
24 0 +4.613063620e+02 +3.604963620e+02 +3.604963620e+02 -1.2556e-01 +1.3465e-01 +1.6290e+00 -3.4621e-01 +9.5554e-02 -5.8696e-02 +9.3357e-02 -1.5745e-01 -4.9269e-01 +9.4740e-02 -3.4609e-01 -6.8502e-01 +1.2397e-01 -1.6634e-01 +2.9933e-02 +4.1288e-01 +3.7355e-01 +1.0054e-01 +4.8286e-01 +5.7722e-01
27 0 +4.463485755e+02 +3.455385755e+02 +3.455385755e+02 -1.2556e-01 +1.3465e-01 +1.6290e+00 -1.6946e-01 +9.5556e-02 -5.8694e-02 +9.3359e-02 -1.5745e-01 -4.9269e-01 +9.4743e-02 -5.2289e-01 -6.8502e-01 +1.2397e-01 -1.6633e-01 +2.9935e-02 +4.1288e-01 +3.7355e-01 +1.0054e-01 +4.8287e-01 +5.7723e-01
28 0 +4.023928716e+02 +3.015828716e+02 +3.015828716e+02 -1.6287e-01 +1.2308e-01 +1.6664e+00 -9.9286e-03 +8.0117e-02 -8.9387e-02 +7.7703e-02 -1.9791e-01 -5.9596e-01 +7.9224e-02 -4.0994e-01 -7.3863e-01 +1.1134e-01 -2.0767e-01 +8.0072e-03 +4.2882e-01 +3.8561e-01 +8.5593e-02 +5.0573e-01 +6.0942e-01
30 0 +3.947168459e+02 +2.939068459e+02 +2.939068459e+02 -2.3647e-01 +1.2354e-01 +1.6668e+00 -9.9286e-03 +8.0574e-02 -8.8930e-02 +7.8160e-02 -1.3024e-01 -5.9596e-01 +7.9681e-02 -4.0994e-01 -7.3863e-01 +1.1180e-01 -2.0767e-01 +8.4642e-03 +4.2928e-01 +3.8606e-01 +8.6050e-02 +5.0619e-01 +6.0988e-01
35 0 +3.833675093e+02 +2.825575093e+02 +2.825575093e+02 -2.1307e-01 +1.2058e-01 +1.6897e+00 +2.2476e-02 +7.5576e-02 -1.1643e-01 +1.3777e-01 -7.1937e-02 -6.5043e-01 +7.4640e-02 -4.0209e-01 -7.6691e-01 +1.0828e-01 -2.6744e-01 -1.8451e-03 +4.4083e-01 +3.9557e-01 +8.1312e-02 +5.2139e-01 +5.5944e-01
36 0 +3.669169536e+02 +2.661069536e+02 +2.661069536e+02 -2.2135e-01 +1.0938e-01 +1.6833e+00 +2.8614e-02 +6.3994e-02 -1.2410e-01 +1.4627e-01 -7.4904e-02 -6.6074e-01 +1.6724e-01 -4.0060e-01 -7.7227e-01 +9.6982e-02 -2.7877e-01 -1.8066e-03 +4.3239e-01 +3.8673e-01 +6.9778e-02 +5.1363e-01 +5.7140e-01
37 0 +3.620493889e+02 +2.612393889e+02 +2.612393889e+02 -2.3118e-01 +9.6045e-02 +1.6758e+00 +3.5896e-02 +1.5419e-01 -1.3320e-01 +1.5637e-01 -7.8425e-02 -6.7298e-01 +1.7354e-01 -3.9883e-01 -7.7862e-01 +8.3521e-02 -2.9220e-01 -1.7608e-03 +4.2231e-01 +3.7619e-01 +5.6043e-02 +5.0438e-01 +5.8558e-01
41 0 +3.505890534e+02 +2.497790534e+02 +2.497790534e+02 -2.4251e-01 +1.7837e-01 +1.6567e+00 +4.4291e-02 +1.5084e-01 -1.4370e-01 +1.6801e-01 -8.2484e-02 -6.8710e-01 +1.8080e-01 -3.9680e-01 -7.8595e-01 +7.4470e-02 -3.0768e-01 -1.7081e-03 +4.0032e-01 +3.9580e-01 +4.2747e-02 +4.8334e-01 +6.0194e-01
% f evaluations | g evaluations | best noise-free fitness - Fopt (1.000000000000e+03) + sum g_i+ | measured fitness | best measured fitness or single-digit g-values | x1 | x2...
1 0 +8.817608968e+02 +1.881760897e+03 +1.881760897e+03 +0.0000e+00 +0.0000e+00 +0.0000e+00 +0.0000e+00 +0.0000e+00 +0.0000e+00 +0.0000e+00 +0.0000e+00 +0.0000e+00 +0.0000e+00 +0.0000e+00 +0.0000e+00 +0.0000e+00 +0.0000e+00 +0.0000e+00 +0.0000e+00 +0.0000e+00 +0.0000e+00 +0.0000e+00 +0.0000e+00
5 0 +8.552440755e+02 +1.855244075e+03 +1.855244075e+03 +0.0000e+00 +0.0000e+00 +1.0000e+00 +0.0000e+00 +0.0000e+00 +0.0000e+00 +0.0000e+00 +0.0000e+00 +0.0000e+00 +0.0000e+00 +0.0000e+00 +0.0000e+00 +0.0000e+00 +0.0000e+00 +0.0000e+00 +0.0000e+00 +0.0000e+00 +0.0000e+00 +0.0000e+00 +0.0000e+00
14 0 +8.268405532e+02 +1.826840553e+03 +1.826840553e+03 +0.0000e+00 +0.0000e+00 +0.0000e+00 +0.0000e+00 +0.0000e+00 +0.0000e+00 +0.0000e+00 +0.0000e+00 +0.0000e+00 +0.0000e+00 +0.0000e+00 +1.0000e+00 +0.0000e+00 +0.0000e+00 +0.0000e+00 +0.0000e+00 +0.0000e+00 +0.0000e+00 +0.0000e+00 +0.0000e+00
23 0 +8.013108104e+02 +1.801310810e+03 +1.801310810e+03 -2.9842e-01 -1.2662e-01 +6.4551e-02 -5.4562e-02 -3.2281e-01 -2.5742e-01 -1.4245e-01 -1.1906e-01 +1.3539e-02 -9.4389e-02 -3.6426e-01 +1.1337e+00 -1.1679e-01 -9.4171e-02 -2.1006e-01 -3.9882e-01 -3.3366e-01 -1.4280e-01 -1.0066e-01 -3.9450e-01
24 0 +7.202730860e+02 +1.720273086e+03 +1.720273086e+03 -3.2174e-01 +5.7970e-02 +4.8050e-01 +2.1723e-01 -3.7565e-01 -2.3113e-01 +2.2993e-02 +7.4686e-02 +3.6775e-01 +1.2921e-01 -4.6727e-01 +1.6333e+00 +7.9691e-02 +1.2969e-01 -1.2645e-01 -5.4365e-01 -3.9963e-01 +2.2211e-02 +1.1536e-01 -5.3409e-01
30 0 +6.989080492e+02 +1.698908049e+03 +1.698908049e+03 -3.4633e-01 +5.3766e-02 +5.0022e-01 +2.2205e-01 -2.5218e-01 -2.5171e-01 +1.6808e-02 +7.1429e-02 +3.8109e-01 +1.2904e-01 -4.9924e-01 +1.6617e+00 +7.6718e-02 +1.2955e-01 -1.4109e-01 -5.7298e-01 -3.8785e-01 +1.5982e-02 +1.1440e-01 -5.4515e-01
31 0 +6.904426693e+02 +1.690442669e+03 +1.690442669e+03 -3.1137e-01 +4.6916e-02 +5.2183e-01 +2.2593e-01 -2.1231e-01 -2.0937e-01 +7.6025e-03 +6.5705e-02 +3.9511e-01 +1.2699e-01 -5.3725e-01 +1.6936e+00 +7.1331e-02 +1.2753e-01 -1.6037e-01 -6.0786e-01 -3.7383e-01 +6.7233e-03 +1.1142e-01 -5.5830e-01
32 0 +6.728054572e+02 +1.672805457e+03 +1.672805457e+03 -2.8897e-01 +4.0768e-02 +5.3392e-01 +2.2665e-01 -1.8676e-01 -2.4694e-01 -5.5664e-05 +6.0278e-02 +4.0233e-01 +1.2391e-01 -5.6161e-01 +1.7123e+00 +6.6120e-02 +1.2448e-01 -8.6900e-02 -6.3021e-01 -3.6485e-01 -9.6869e-04 +1.0775e-01 -5.6673e-01
33 0 +6.601451885e+02 +1.660145189e+03 +1.660145189e+03 -2.6444e-01 +4.7077e-02 +4.7751e-01 +2.4049e-01 -1.5879e-01 -2.8807e-01 +4.6016e-03 +6.7378e-02 +4.2327e-01 +1.3359e-01 -5.8828e-01 +1.7458e+00 +7.3456e-02 +1.3417e-01 -8.0288e-02 -6.5467e-01 -3.5503e-01 +3.6516e-03 +1.1677e-01 -5.7596e-01
% f evaluations | g evaluations | best noise-free fitness - Fopt (-3.578600000000e+02) + sum g_i+ | measured fitness | best measured fitness or single-digit g-values | x1 | x2...
1 0 +8.632638228e+02 +5.054038228e+02 +5.054038228e+02 +0.0000e+00 +0.0000e+00 +0.0000e+00 +0.0000e+00 +0.0000e+00 +0.0000e+00 +0.0000e+00 +0.0000e+00 +0.0000e+00 +0.0000e+00 +0.0000e+00 +0.0000e+00 +0.0000e+00 +0.0000e+00 +0.0000e+00 +0.0000e+00 +0.0000e+00 +0.0000e+00 +0.0000e+00 +0.0000e+00
3 0 +8.294219559e+02 +4.715619559e+02 +4.715619559e+02 +1.0000e+00 +0.0000e+00 +0.0000e+00 +0.0000e+00 +0.0000e+00 +0.0000e+00 +0.0000e+00 +0.0000e+00 +0.0000e+00 +0.0000e+00 +0.0000e+00 +0.0000e+00 +0.0000e+00 +0.0000e+00 +0.0000e+00 +0.0000e+00 +0.0000e+00 +0.0000e+00 +0.0000e+00 +0.0000e+00
8 0 +7.909722546e+02 +4.331122546e+02 +4.331122546e+02 +0.0000e+00 +0.0000e+00 +0.0000e+00 +0.0000e+00 +0.0000e+00 +1.0000e+00 +0.0000e+00 +0.0000e+00 +0.0000e+00 +0.0000e+00 +0.0000e+00 +0.0000e+00 +0.0000e+00 +0.0000e+00 +0.0000e+00 +0.0000e+00 +0.0000e+00 +0.0000e+00 +0.0000e+00 +0.0000e+00
23 0 +7.209914958e+02 +3.631314958e+02 +3.631314958e+02 +1.4032e-01 -2.3584e-01 -3.4318e-02 -2.4709e-01 -2.4098e-01 +1.2997e+00 -7.0537e-02 -3.8984e-01 -7.7593e-02 -3.0147e-01 -1.4119e-02 -5.8123e-02 +4.4881e-02 -1.6970e-01 -4.1911e-01 +8.5893e-02 -4.3157e-01 -1.6228e-01 -1.3826e-01 +1.0750e-01
24 0 +6.826687837e+02 +3.248087837e+02 +3.248087837e+02 +5.0988e-01 -1.7708e-01 +1.9095e-01 -1.9763e-01 -1.8647e-01 +1.8010e+00 +1.2481e-01 -4.5832e-01 +1.1192e-01 -2.9694e-01 +2.2784e-01 +1.4748e-01 +3.3559e-01 -5.6288e-02 -5.1177e-01 +4.1049e-01 -5.3454e-01 -4.2748e-02 +1.1307e-03 +4.4995e-01
25 0 +6.699785019e+02 +3.121185019e+02 +3.121185019e+02 +6.2236e-01 -3.2234e-01 +1.8377e-01 -3.5062e-01 -3.3527e-01 +2.0228e+00 +9.2804e-02 -7.0911e-01 +7.5083e-02 -4.8718e-01 +2.3449e-01 +1.2398e-01 +3.8267e-01 -1.5624e-01 -7.8262e-01 +4.8567e-01 +2.2558e-01 -1.3762e-01 -7.7275e-02 +5.3995e-01
26 0 +6.197757026e+02 +2.619157026e+02 +2.619157026e+02 +7.5872e-01 -5.0338e-01 +1.7277e-01 -5.4115e-01 -5.2065e-01 +2.2936e+00 +5.1242e-02 -1.0201e+00 +2.7569e-02 -7.2360e-01 +2.4054e-01 +9.2895e-02 +4.3850e-01 -2.8147e-01 -2.6917e-02 +5.7611e-01 +1.1113e-01 -2.5659e-01 -1.7598e-01 +6.4861e-01
27 0 +5.844148632e+02 +2.265548632e+02 +2.265548632e+02 +9.2970e-01 -7.4236e-01 +1.5342e-01 -7.9240e-01 -7.6524e-01 +2.6384e+00 -7.5810e-03 -3.5876e-01 -3.8944e-02 -1.0341e+00 +2.4320e-01 +4.7602e-02 +5.0547e-01 -4.4837e-01 -2.6437e-02 +6.8777e-01 -3.6705e-02 -4.1541e-01 -3.0861e-01 +7.8383e-01
28 0 +4.858612435e+02 +1.280012435e+02 +1.280012435e+02 +1.0771e+00 -9.8773e-01 +1.1845e-01 -1.0495e+00 -1.0160e+00 +2.9522e+00 -8.0360e-02 -4.7875e-01 -1.1909e-01 -3.1519e-01 +2.2933e-01 -1.2216e-02 +5.5319e-01 -6.2467e-01 -2.5978e-02 +7.7831e-01 -1.7832e-01 -5.8398e-01 -4.5209e-01 +8.9693e-01
35 0 +4.785078472e+02 +1.206478472e+02 +1.206478472e+02 +1.2727e+00 -1.3779e+00 +4.7564e-02 -9.4173e-01 -9.1511e-01 +3.3910e+00 -2.0651e-01 -6.5411e-01 -1.9574e-01 -4.8591e-02 +1.8926e-01 -1.1943e-01 +6.0315e-01 -9.1590e-01 -2.5306e-02 +8.9085e-01 -3.8529e-01 -8.5560e-01 -6.0051e-01 +1.0424e+00
38 0 +4.607752912e+02 +1.029152912e+02 +1.029152912e+02 +1.2744e+00 -1.3779e+00 +1.1362e-01 -9.4173e-01 -9.1511e-01 +3.3928e+00 -2.0651e-01 -6.5411e-01 -1.9574e-01 -4.8591e-02 +1.1429e-01 -1.1943e-01 +6.0493e-01 -9.1590e-01 -2.5306e-02 +8.9263e-01 -3.8529e-01 -8.5560e-01 -6.0051e-01 +1.0442e+00
% f evaluations | g evaluations | best noise-free fitness - Fopt (6.270000000000e+01) + sum g_i+ | measured fitness | best measured fitness or single-digit g-values | x1 | x2...
1 0 +5.276555101e+02 +5.903555101e+02 +5.903555101e+02 +0.0000e+00 +0.0000e+00 +0.0000e+00 +0.0000e+00 +0.0000e+00 +0.0000e+00 +0.0000e+00 +0.0000e+00 +0.0000e+00 +0.0000e+00 +0.0000e+00 +0.0000e+00 +0.0000e+00 +0.0000e+00 +0.0000e+00 +0.0000e+00 +0.0000e+00 +0.0000e+00 +0.0000e+00 +0.0000e+00
4 0 +5.256716723e+02 +5.883716723e+02 +5.883716723e+02 +0.0000e+00 +1.0000e+00 +0.0000e+00 +0.0000e+00 +0.0000e+00 +0.0000e+00 +0.0000e+00 +0.0000e+00 +0.0000e+00 +0.0000e+00 +0.0000e+00 +0.0000e+00 +0.0000e+00 +0.0000e+00 +0.0000e+00 +0.0000e+00 +0.0000e+00 +0.0000e+00 +0.0000e+00 +0.0000e+00
5 0 +4.713413275e+02 +5.340413275e+02 +5.340413275e+02 +0.0000e+00 +0.0000e+00 +1.0000e+00 +0.0000e+00 +0.0000e+00 +0.0000e+00 +0.0000e+00 +0.0000e+00 +0.0000e+00 +0.0000e+00 +0.0000e+00 +0.0000e+00 +0.0000e+00 +0.0000e+00 +0.0000e+00 +0.0000e+00 +0.0000e+00 +0.0000e+00 +0.0000e+00 +0.0000e+00
8 0 +4.219995439e+02 +4.846995439e+02 +4.846995439e+02 +0.0000e+00 +0.0000e+00 +0.0000e+00 +0.0000e+00 +0.0000e+00 +1.0000e+00 +0.0000e+00 +0.0000e+00 +0.0000e+00 +0.0000e+00 +0.0000e+00 +0.0000e+00 +0.0000e+00 +0.0000e+00 +0.0000e+00 +0.0000e+00 +0.0000e+00 +0.0000e+00 +0.0000e+00 +0.0000e+00
27 0 +4.104876753e+02 +4.731876753e+02 +4.731876753e+02 +4.7929e-01 +1.8447e-03 +4.1513e-02 +9.8196e-03 -1.0274e-01 +1.0775e+00 +3.9218e-02 +3.3859e-02 +1.1154e-02 +4.1787e-02 -1.8133e-02 +3.0043e-02 +3.9099e-02 -3.2487e-03 -2.6337e-02 +2.7463e-02 +2.7353e-02 +1.9974e-02 +1.8800e-02 -4.0218e-02
36 0 +4.028183649e+02 +4.655183649e+02 +4.655183649e+02 +4.8225e-01 +3.2218e-03 +2.9511e-02 +1.2857e-03 -1.1384e-01 +1.0722e+00 +2.6790e-02 +3.4903e-02 +2.1253e-02 +2.9836e-02 -1.5127e-02 +1.5914e-02 +2.6650e-02 -1.1792e-02 -3.6102e-02 +1.2856e-02 +1.2725e-02 +8.6151e-02 +8.0945e-02 -3.5789e-02
39 0 +3.884385919e+02 +4.511385919e+02 +4.511385919e+02 +4.8449e-01 +4.2661e-03 +1.1734e-02 -5.1859e-03 -1.2227e-01 +1.0595e+00 +8.6901e-03 +3.5694e-02 +2.8911e-02 +1.2098e-02 -1.2848e-02 +8.1077e-02 +8.5334e-03 -1.8271e-02 -4.3507e-02 +6.9514e-02 -1.3866e-02 +9.5440e-02 +8.4231e-02 -3.2431e-02
41 0 +3.777979936e+02 +4.404979936e+02 +4.404979936e+02 +4.6210e-01 +6.4743e-03 +4.0085e-02 -9.9040e-03 -1.4848e-01 +1.0951e+00 -3.4615e-02 +2.0459e-02 +4.5171e-02 +4.0504e-02 -1.8598e-02 +1.1997e-01 +1.0662e-01 -2.9368e-02 -6.7186e-02 +8.0420e-02 -3.8984e-02 +1.1834e-01 +9.7927e-02 -4.7198e-02
% f evaluations | g evaluations | best noise-free fitness - Fopt (5.688000000000e+01) + sum g_i+ | measured fitness | best measured fitness or single-digit g-values | x1 | x2...
1 0 +7.365541657e+02 +7.934341657e+02 +7.934341657e+02 +0.0000e+00 +0.0000e+00 +0.0000e+00 +0.0000e+00 +0.0000e+00 +0.0000e+00 +0.0000e+00 +0.0000e+00 +0.0000e+00 +0.0000e+00 +0.0000e+00 +0.0000e+00 +0.0000e+00 +0.0000e+00 +0.0000e+00 +0.0000e+00 +0.0000e+00 +0.0000e+00 +0.0000e+00 +0.0000e+00
4 0 +6.991810757e+02 +7.560610757e+02 +7.560610757e+02 +0.0000e+00 +1.0000e+00 +0.0000e+00 +0.0000e+00 +0.0000e+00 +0.0000e+00 +0.0000e+00 +0.0000e+00 +0.0000e+00 +0.0000e+00 +0.0000e+00 +0.0000e+00 +0.0000e+00 +0.0000e+00 +0.0000e+00 +0.0000e+00 +0.0000e+00 +0.0000e+00 +0.0000e+00 +0.0000e+00
13 0 +6.873588924e+02 +7.442388924e+02 +7.442388924e+02 +0.0000e+00 +0.0000e+00 +0.0000e+00 +0.0000e+00 +0.0000e+00 +0.0000e+00 +0.0000e+00 +0.0000e+00 +0.0000e+00 +0.0000e+00 +1.0000e+00 +0.0000e+00 +0.0000e+00 +0.0000e+00 +0.0000e+00 +0.0000e+00 +0.0000e+00 +0.0000e+00 +0.0000e+00 +0.0000e+00
16 0 +6.486380485e+02 +7.055180485e+02 +7.055180485e+02 +0.0000e+00 +0.0000e+00 +0.0000e+00 +0.0000e+00 +0.0000e+00 +0.0000e+00 +0.0000e+00 +0.0000e+00 +0.0000e+00 +0.0000e+00 +0.0000e+00 +0.0000e+00 +0.0000e+00 +1.0000e+00 +0.0000e+00 +0.0000e+00 +0.0000e+00 +0.0000e+00 +0.0000e+00 +0.0000e+00
33 0 +6.400530131e+02 +6.969330131e+02 +6.969330131e+02 +0.0000e+00 +0.0000e+00 +0.0000e+00 +0.0000e+00 -8.9522e-02 +0.0000e+00 +0.0000e+00 +4.7577e-03 +4.7577e-03 +4.7577e-03 +4.7577e-03 +4.7577e-03 +4.1945e-02 +1.0048e+00 +4.7577e-03 +4.7577e-03 +0.0000e+00 +4.7577e-03 +4.7577e-03 +0.0000e+00
38 0 +6.304914201e+02 +6.873714201e+02 +6.873714201e+02 +5.8136e-03 +9.8978e-03 +2.3334e-03 +1.1389e-03 -9.2773e-02 -9.3904e-03 -1.1000e-02 +2.5840e-03 +1.3732e-02 +4.8658e-02 -9.8509e-03 -9.8921e-03 +4.2140e-02 +9.9242e-01 -1.0211e-02 -1.0526e-02 -7.0886e-03 -1.0546e-02 +8.4138e-02 -2.3609e-03
% f evaluations | g evaluations | best noise-free fitness - Fopt (1.620800000000e+02) + sum g_i+ | measured fitness | best measured fitness or single-digit g-values | x1 | x2...
1 0 +6.112048645e+02 +7.732848645e+02 +7.732848645e+02 +0.0000e+00 +0.0000e+00 +0.0000e+00 +0.0000e+00 +0.0000e+00 +0.0000e+00 +0.0000e+00 +0.0000e+00 +0.0000e+00 +0.0000e+00 +0.0000e+00 +0.0000e+00 +0.0000e+00 +0.0000e+00 +0.0000e+00 +0.0000e+00 +0.0000e+00 +0.0000e+00 +0.0000e+00 +0.0000e+00
3 0 +5.949445899e+02 +7.570245899e+02 +7.570245899e+02 +1.0000e+00 +0.0000e+00 +0.0000e+00 +0.0000e+00 +0.0000e+00 +0.0000e+00 +0.0000e+00 +0.0000e+00 +0.0000e+00 +0.0000e+00 +0.0000e+00 +0.0000e+00 +0.0000e+00 +0.0000e+00 +0.0000e+00 +0.0000e+00 +0.0000e+00 +0.0000e+00 +0.0000e+00 +0.0000e+00
4 0 +5.158524128e+02 +6.779324128e+02 +6.779324128e+02 +0.0000e+00 +1.0000e+00 +0.0000e+00 +0.0000e+00 +0.0000e+00 +0.0000e+00 +0.0000e+00 +0.0000e+00 +0.0000e+00 +0.0000e+00 +0.0000e+00 +0.0000e+00 +0.0000e+00 +0.0000e+00 +0.0000e+00 +0.0000e+00 +0.0000e+00 +0.0000e+00 +0.0000e+00 +0.0000e+00
25 0 +5.096279911e+02 +6.717079911e+02 +6.717079911e+02 -1.3788e-01 +1.0000e+00 +0.0000e+00 +0.0000e+00 +0.0000e+00 +0.0000e+00 +0.0000e+00 +0.0000e+00 +0.0000e+00 +0.0000e+00 +0.0000e+00 +0.0000e+00 +0.0000e+00 +0.0000e+00 +0.0000e+00 +0.0000e+00 +0.0000e+00 +0.0000e+00 +3.1441e-02 +0.0000e+00
31 0 +4.947726987e+02 +6.568526987e+02 +6.568526987e+02 -1.3788e-01 +1.0000e+00 +0.0000e+00 -9.3461e-02 -9.0766e-02 +0.0000e+00 +0.0000e+00 +0.0000e+00 +0.0000e+00 +0.0000e+00 +0.0000e+00 +3.5568e-02 +0.0000e+00 +0.0000e+00 +0.0000e+00 +0.0000e+00 +4.1971e-02 +0.0000e+00 +3.1441e-02 +0.0000e+00
32 0 +4.748989397e+02 +6.369789397e+02 +6.369789397e+02 -1.4155e-01 +1.0104e+00 +7.3377e-03 -6.8565e-02 -9.2959e-02 +3.0027e-03 +1.7500e-03 -1.0866e-03 -1.1946e-03 -3.3357e-03 +7.3817e-04 +1.2934e-01 -1.2603e-02 +4.8756e-03 +2.3039e-03 -7.1986e-04 +5.1903e-02 -7.8176e-03 +3.6997e-02 -4.7685e-04
36 0 +4.648127188e+02 +6.268927188e+02 +6.268927188e+02 -1.4426e-01 +1.0118e+00 +1.2744e-02 -7.0339e-02 -9.4575e-02 -1.0784e-03 -3.2540e-03 -1.0049e-01 +3.8093e-02 +8.4677e-02 -5.0114e-03 +1.4557e-01 -2.1889e-02 +1.6917e-02 -2.2921e-03 -7.5436e-03 +5.9220e-02 -1.3577e-02 +4.1090e-02 -7.1216e-03
38 0 +4.567866538e+02 +6.188666538e+02 +6.188666538e+02 -1.5191e-01 +9.8189e-01 +2.8053e-02 -7.5364e-02 -9.9151e-02 -4.6492e-02 -5.1280e-02 -9.5212e-02 +5.7541e-02 +7.7572e-02 -5.5149e-02 +1.9152e-01 -4.8184e-02 +5.1015e-02 -4.9163e-02 +4.5797e-02 +7.9939e-02 -2.9887e-02 +5.2681e-02 -5.9794e-02
% f evaluations | g evaluations | best noise-free fitness - Fopt (-6.182100000000e+02) + sum g_i+ | measured fitness | best measured fitness or single-digit g-values | x1 | x2...
1 0 +8.157143111e+02 +1.975043111e+02 +1.975043111e+02 +0.0000e+00 +0.0000e+00 +0.0000e+00 +0.0000e+00 +0.0000e+00 +0.0000e+00 +0.0000e+00 +0.0000e+00 +0.0000e+00 +0.0000e+00 +0.0000e+00 +0.0000e+00 +0.0000e+00 +0.0000e+00 +0.0000e+00 +0.0000e+00 +0.0000e+00 +0.0000e+00 +0.0000e+00 +0.0000e+00
6 0 +7.707143106e+02 +1.525043106e+02 +1.525043106e+02 +0.0000e+00 +0.0000e+00 +0.0000e+00 +1.0000e+00 +0.0000e+00 +0.0000e+00 +0.0000e+00 +0.0000e+00 +0.0000e+00 +0.0000e+00 +0.0000e+00 +0.0000e+00 +0.0000e+00 +0.0000e+00 +0.0000e+00 +0.0000e+00 +0.0000e+00 +0.0000e+00 +0.0000e+00 +0.0000e+00
8 0 +7.330131121e+02 +1.148031121e+02 +1.148031121e+02 +0.0000e+00 +0.0000e+00 +0.0000e+00 +0.0000e+00 +0.0000e+00 +1.0000e+00 +0.0000e+00 +0.0000e+00 +0.0000e+00 +0.0000e+00 +0.0000e+00 +0.0000e+00 +0.0000e+00 +0.0000e+00 +0.0000e+00 +0.0000e+00 +0.0000e+00 +0.0000e+00 +0.0000e+00 +0.0000e+00
24 0 +7.062006695e+02 +8.799066947e+01 +8.799066947e+01 -1.4060e-01 +0.0000e+00 +0.0000e+00 +0.0000e+00 +0.0000e+00 +1.0000e+00 +0.0000e+00 +0.0000e+00 +0.0000e+00 +0.0000e+00 +0.0000e+00 +0.0000e+00 +0.0000e+00 +0.0000e+00 +0.0000e+00 +1.5232e-02 +0.0000e+00 +0.0000e+00 +0.0000e+00 +0.0000e+00
29 0 +6.881545219e+02 +6.994452186e+01 +6.994452186e+01 -1.5579e-01 +1.1594e-02 +2.3979e-02 +3.5916e-03 -3.8989e-03 +1.0066e+00 -5.0392e-03 -2.6065e-03 -6.3290e-03 -2.8771e-03 -2.0016e-03 +3.3760e-03 -6.2492e-03 -4.2668e-03 +7.6477e-02 +1.5542e-02 +2.6492e-03 -2.7823e-04 +1.2988e-03 -6.6846e-04
33 0 +6.667873956e+02 +4.857739563e+01 +4.857739563e+01 -2.1715e-01 +5.8442e-02 +5.0024e-02 +1.8104e-02 -1.9653e-02 +1.0333e+00 +4.2145e-02 -1.3138e-02 +6.4766e-02 -1.4503e-02 -1.0089e-02 +1.7017e-02 +5.4620e-02 +3.3298e-02 +1.3530e-01 +1.6794e-02 +1.3354e-02 -1.4025e-03 +6.5468e-03 -3.3695e-03
34 0 +6.487071124e+02 +3.049711239e+01 +3.049711239e+01 -2.1715e-01 +5.8442e-02 +5.0024e-02 +1.8104e-02 +6.2356e-02 +1.0333e+00 +4.2145e-02 -1.3581e-01 +6.4766e-02 -1.4503e-02 -1.0089e-02 +1.7017e-02 +5.4620e-02 +3.3298e-02 +1.3530e-01 +1.6794e-02 +1.3354e-02 -1.4025e-03 +6.5468e-03 -3.3695e-03
39 0 +6.433738885e+02 +2.516388847e+01 +2.516388847e+01 -2.1715e-01 +5.8442e-02 +5.0024e-02 +1.8104e-02 +2.8789e-02 +1.0333e+00 +4.2145e-02 -1.5825e-01 +6.4766e-02 -1.4503e-02 -2.7321e-02 +1.7017e-02 +5.4620e-02 +3.3298e-02 +1.3530e-01 +1.6794e-02 -1.1841e-01 -4.8450e-03 +2.2617e-02 -1.5802e-01
% f evaluations | g evaluations | best noise-free fitness - Fopt (5.232400000000e+02) + sum g_i+ | measured fitness | best measured fitness or single-digit g-values | x1 | x2...
1 0 +4.961895364e+02 +1.019429536e+03 +1.019429536e+03 +0.0000e+00 +0.0000e+00 +0.0000e+00 +0.0000e+00 +0.0000e+00 +0.0000e+00 +0.0000e+00 +0.0000e+00 +0.0000e+00 +0.0000e+00 +0.0000e+00 +0.0000e+00 +0.0000e+00 +0.0000e+00 +0.0000e+00 +0.0000e+00 +0.0000e+00 +0.0000e+00 +0.0000e+00 +0.0000e+00
8 0 +4.772346269e+02 +1.000474627e+03 +1.000474627e+03 +0.0000e+00 +0.0000e+00 +0.0000e+00 +0.0000e+00 +0.0000e+00 +1.0000e+00 +0.0000e+00 +0.0000e+00 +0.0000e+00 +0.0000e+00 +0.0000e+00 +0.0000e+00 +0.0000e+00 +0.0000e+00 +0.0000e+00 +0.0000e+00 +0.0000e+00 +0.0000e+00 +0.0000e+00 +0.0000e+00
23 0 +4.384893166e+02 +9.617293166e+02 +9.617293166e+02 -1.6569e-01 -3.7869e-01 -1.6108e-01 -3.3409e-01 -3.1408e-01 +1.1054e+00 -3.7294e-02 -1.7933e-01 +3.2247e-02 -5.5028e-02 -4.4845e-01 +6.2351e-02 -1.4759e-01 -3.8656e-01 -1.4072e-01 -1.5174e-01 +7.8815e-02 -3.3539e-01 -8.0073e-02 +7.6876e-03
30 0 +4.333634416e+02 +9.566034416e+02 +9.566034416e+02 -1.9587e-01 -1.7679e-01 -1.9055e-01 -3.9331e-01 -3.2665e-01 +1.1163e+00 -4.7993e-02 -3.0418e-01 +3.2094e-02 -6.8417e-02 -5.0775e-01 +6.6764e-02 -1.7502e-01 -3.6141e-01 -1.6710e-01 -1.7979e-01 +8.5725e-02 -3.9480e-01 -9.7260e-02 +3.8100e-03
31 0 +4.221259319e+02 +9.453659319e+02 +9.453659319e+02 -2.0476e-01 -1.7086e-01 -1.9932e-01 -4.0919e-01 -2.4675e-01 +1.1148e+00 -5.3376e-02 -2.7447e-01 +2.8610e-02 -7.4284e-02 -5.1843e-01 +6.4102e-02 -1.8341e-01 -3.8830e-01 -1.7531e-01 -1.8830e-01 +8.3513e-02 -4.2784e-01 -1.0381e-01 -3.4450e-04
% f evaluations | g evaluations | best noise-free fitness - Fopt (-5.157900000000e+02) + sum g_i+ | measured fitness | best measured fitness or single-digit g-values | x1 | x2...
1 0 +1.080183795e+03 +5.643937952e+02 +5.643937952e+02 +0.0000e+00 +0.0000e+00 +0.0000e+00 +0.0000e+00 +0.0000e+00 +0.0000e+00 +0.0000e+00 +0.0000e+00 +0.0000e+00 +0.0000e+00 +0.0000e+00 +0.0000e+00 +0.0000e+00 +0.0000e+00 +0.0000e+00 +0.0000e+00 +0.0000e+00 +0.0000e+00 +0.0000e+00 +0.0000e+00
3 0 +1.054230966e+03 +5.384409665e+02 +5.384409665e+02 +1.0000e+00 +0.0000e+00 +0.0000e+00 +0.0000e+00 +0.0000e+00 +0.0000e+00 +0.0000e+00 +0.0000e+00 +0.0000e+00 +0.0000e+00 +0.0000e+00 +0.0000e+00 +0.0000e+00 +0.0000e+00 +0.0000e+00 +0.0000e+00 +0.0000e+00 +0.0000e+00 +0.0000e+00 +0.0000e+00
5 0 +9.484911895e+02 +4.327011895e+02 +4.327011895e+02 +0.0000e+00 +0.0000e+00 +1.0000e+00 +0.0000e+00 +0.0000e+00 +0.0000e+00 +0.0000e+00 +0.0000e+00 +0.0000e+00 +0.0000e+00 +0.0000e+00 +0.0000e+00 +0.0000e+00 +0.0000e+00 +0.0000e+00 +0.0000e+00 +0.0000e+00 +0.0000e+00 +0.0000e+00 +0.0000e+00
23 0 +8.489192099e+02 +3.331292099e+02 +3.331292099e+02 +7.3341e-02 +8.9819e-02 +3.7215e-01 +3.0641e-01 +2.3882e-02 +1.4246e-01 +2.7098e-01 +7.4024e-02 -2.3132e-02 +1.2757e-01 +3.1438e-01 +1.0520e-01 -3.6073e-01 +3.7835e-01 +2.2631e-01 +1.2934e-01 +8.5751e-02 -1.0072e-01 +1.3952e+00 -1.1308e-01
24 0 +7.300478786e+02 +2.142578786e+02 +2.142578786e+02 -9.2964e-02 -6.4101e-02 +4.3044e-01 +3.1528e-01 -1.7960e-01 +2.8110e-02 +2.5323e-01 -9.1767e-02 -2.6195e-01 +2.0309e-03 +3.2924e-01 -3.7166e-02 -8.5329e-01 +4.4129e-01 +1.7497e-01 +5.1210e-03 -7.1226e-02 -3.9785e-01 +1.4708e+00 -4.1951e-01
25 0 +6.923177804e+02 +1.765277804e+02 +1.765277804e+02 -2.4097e-01 -1.9177e-01 +6.5127e-01 +4.5496e-01 -3.8866e-01 -3.4580e-02 +3.4918e-01 -2.3893e-01 -5.2904e-01 -7.9037e-02 +4.7875e-01 -1.4586e-01 -6.6399e-01 +6.6976e-01 +2.1578e-01 -7.3769e-02 -2.0392e-01 -7.6070e-01 +1.7201e+00 -7.9763e-01
27 0 +6.740331258e+02 +1.582431258e+02 +1.582431258e+02 -2.3768e-01 -1.8847e-01 +6.5457e-01 +4.5825e-01 -3.8536e-01 -3.1281e-02 +3.5248e-01 -2.3564e-01 -7.2997e-01 -7.5739e-02 +4.8205e-01 -1.4256e-01 -6.6399e-01 +6.7306e-01 +2.1908e-01 -7.0471e-02 -2.0062e-01 -6.1254e-01 +1.7234e+00 -7.9763e-01
30 0 +6.587222444e+02 +1.429322444e+02 +1.429322444e+02 -2.7931e-01 -1.9701e-01 +6.5847e-01 +4.5926e-01 -2.4810e-01 -3.7497e-02 +3.5193e-01 -2.4487e-01 -7.5029e-01 -8.2611e-02 +4.8340e-01 -1.5042e-01 -6.8241e-01 +6.7724e-01 +2.1655e-01 -7.7265e-02 -2.0933e-01 -6.2593e-01 +1.7283e+00 -8.2741e-01
40 0 +6.422786408e+02 +1.264886408e+02 +1.264886408e+02 -3.0043e-01 -1.4884e-01 +6.2307e-01 +4.2093e-01 -2.4799e-01 -6.2133e-02 +3.6252e-01 -2.9197e-01 -7.6912e-01 -3.2002e-02 +4.4543e-01 -2.4445e-01 -6.7371e-01 +6.4212e-01 +1.9446e-01 -1.8305e-02 -2.2570e-01 -6.3185e-01 +1.7502e+00 -8.4902e-01
% f evaluations | g evaluations | best noise-free fitness - Fopt (-1.000000000000e+03) + sum g_i+ | measured fitness | best measured fitness or single-digit g-values | x1 | x2...
1 0 +9.128026682e+02 -8.719733180e+01 -8.719733180e+01 +0.0000e+00 +0.0000e+00 +0.0000e+00 +0.0000e+00 +0.0000e+00 +0.0000e+00 +0.0000e+00 +0.0000e+00 +0.0000e+00 +0.0000e+00 +0.0000e+00 +0.0000e+00 +0.0000e+00 +0.0000e+00 +0.0000e+00 +0.0000e+00 +0.0000e+00 +0.0000e+00 +0.0000e+00 +0.0000e+00
4 0 +8.558790615e+02 -1.441209385e+02 -1.441209385e+02 +0.0000e+00 +1.0000e+00 +0.0000e+00 +0.0000e+00 +0.0000e+00 +0.0000e+00 +0.0000e+00 +0.0000e+00 +0.0000e+00 +0.0000e+00 +0.0000e+00 +0.0000e+00 +0.0000e+00 +0.0000e+00 +0.0000e+00 +0.0000e+00 +0.0000e+00 +0.0000e+00 +0.0000e+00 +0.0000e+00
12 0 +8.405430322e+02 -1.594569678e+02 -1.594569678e+02 +0.0000e+00 +0.0000e+00 +0.0000e+00 +0.0000e+00 +0.0000e+00 +0.0000e+00 +0.0000e+00 +0.0000e+00 +0.0000e+00 +1.0000e+00 +0.0000e+00 +0.0000e+00 +0.0000e+00 +0.0000e+00 +0.0000e+00 +0.0000e+00 +0.0000e+00 +0.0000e+00 +0.0000e+00 +0.0000e+00
13 0 +8.222120148e+02 -1.777879852e+02 -1.777879852e+02 +0.0000e+00 +0.0000e+00 +0.0000e+00 +0.0000e+00 +0.0000e+00 +0.0000e+00 +0.0000e+00 +0.0000e+00 +0.0000e+00 +0.0000e+00 +1.0000e+00 +0.0000e+00 +0.0000e+00 +0.0000e+00 +0.0000e+00 +0.0000e+00 +0.0000e+00 +0.0000e+00 +0.0000e+00 +0.0000e+00
14 0 +8.095637880e+02 -1.904362120e+02 -1.904362120e+02 +0.0000e+00 +0.0000e+00 +0.0000e+00 +0.0000e+00 +0.0000e+00 +0.0000e+00 +0.0000e+00 +0.0000e+00 +0.0000e+00 +0.0000e+00 +0.0000e+00 +1.0000e+00 +0.0000e+00 +0.0000e+00 +0.0000e+00 +0.0000e+00 +0.0000e+00 +0.0000e+00 +0.0000e+00 +0.0000e+00
% f evaluations | g evaluations | best noise-free fitness - Fopt (-2.675600000000e+02) + sum g_i+ | measured fitness | best measured fitness or single-digit g-values | x1 | x2...
1 0 +9.315645752e+02 +6.640045752e+02 +6.640045752e+02 +0.0000e+00 +0.0000e+00 +0.0000e+00 +0.0000e+00 +0.0000e+00 +0.0000e+00 +0.0000e+00 +0.0000e+00 +0.0000e+00 +0.0000e+00 +0.0000e+00 +0.0000e+00 +0.0000e+00 +0.0000e+00 +0.0000e+00 +0.0000e+00 +0.0000e+00 +0.0000e+00 +0.0000e+00 +0.0000e+00
8 0 +9.284665741e+02 +6.609065741e+02 +6.609065741e+02 +0.0000e+00 +0.0000e+00 +0.0000e+00 +0.0000e+00 +0.0000e+00 +1.0000e+00 +0.0000e+00 +0.0000e+00 +0.0000e+00 +0.0000e+00 +0.0000e+00 +0.0000e+00 +0.0000e+00 +0.0000e+00 +0.0000e+00 +0.0000e+00 +0.0000e+00 +0.0000e+00 +0.0000e+00 +0.0000e+00
10 0 +8.641915181e+02 +5.966315181e+02 +5.966315181e+02 +0.0000e+00 +0.0000e+00 +0.0000e+00 +0.0000e+00 +0.0000e+00 +0.0000e+00 +0.0000e+00 +1.0000e+00 +0.0000e+00 +0.0000e+00 +0.0000e+00 +0.0000e+00 +0.0000e+00 +0.0000e+00 +0.0000e+00 +0.0000e+00 +0.0000e+00 +0.0000e+00 +0.0000e+00 +0.0000e+00
23 0 +8.016955994e+02 +5.341355994e+02 +5.341355994e+02 -2.6442e-01 -2.9100e-01 -2.0816e-01 -3.2023e-01 -1.8751e-01 +1.2014e-02 -1.9771e-01 +1.2613e+00 -7.0922e-02 -2.1815e-01 -1.2214e-02 +1.5067e-01 -3.9359e-01 +2.2215e-01 -2.1069e-01 -3.4624e-01 -1.1109e-01 +1.5958e-01 -1.8598e-01 -2.0117e-01
24 0 +7.637576148e+02 +4.961976148e+02 +4.961976148e+02 -2.2339e-01 -2.7200e-01 -1.2049e-01 -3.2544e-01 -8.2722e-02 +2.8216e-01 -1.0139e-01 +1.7380e+00 +1.3049e-01 -1.3876e-01 +2.3785e-01 +5.3573e-01 -4.5960e-01 +6.6646e-01 -1.2512e-01 -3.7301e-01 +5.7034e-02 +5.5203e-01 -7.9938e-02 -1.0772e-01
25 0 +7.457177048e+02 +4.781577048e+02 +4.781577048e+02 -3.6907e-01 -4.3355e-01 -2.3259e-01 -5.0443e-01 -1.8250e-01 +3.0146e-01 -2.0726e-01 +1.9060e+00 +1.0029e-01 -2.5682e-01 +2.4269e-01 +6.3778e-01 +3.9212e-01 +8.1118e-01 -2.3874e-01 -5.6753e-01 +2.8648e-03 +6.5940e-01 -1.7881e-01 -2.1565e-01
29 0 +7.194980846e+02 +4.519380846e+02 +4.519380846e+02 -4.2643e-01 -1.1323e-01 -2.7491e-01 -5.5361e-01 -2.2099e-01 +3.0000e-01 -2.4764e-01 +1.9509e+00 +8.3438e-02 -3.0100e-01 +2.3674e-01 +6.6206e-01 +3.7965e-01 +8.4873e-01 -2.8154e-01 -6.0377e-01 -2.1441e-02 +6.8534e-01 -2.1702e-01 -2.5668e-01
30 0 +7.006649932e+02 +4.331049932e+02 +4.331049932e+02 -4.0554e-01 -8.4147e-02 -3.1609e-01 -5.9478e-01 -2.5896e-01 +2.9303e-01 -2.8720e-01 +1.9826e+00 +6.3582e-02 -8.7325e-02 +2.2601e-01 +6.7664e-01 +3.6921e-01 +8.7441e-01 -3.2311e-01 -6.3412e-01 -4.7538e-02 +7.0130e-01 -2.5475e-01 -2.9677e-01
34 0 +6.820689090e+02 +4.145089090e+02 +4.145089090e+02 -4.0554e-01 -8.4147e-02 -2.4658e-01 -5.9478e-01 -3.3094e-01 +2.9358e-01 -2.1780e-01 +1.9832e+00 +6.4131e-02 -8.7325e-02 +2.2655e-01 +6.7719e-01 +3.6921e-01 +8.7496e-01 -3.2311e-01 -6.3412e-01 -4.6988e-02 +7.0185e-01 -2.5420e-01 -3.6866e-01
