% f evaluations | g evaluations | best noise-free fitness - Fopt (-5.235000000000e+01) + sum g_i+ | measured fitness | best measured fitness or single-digit g-values | x1 | x2...
1 0 +3.680316576e+01 -1.554683424e+01 -1.554683424e+01 +0.0000e+00 +0.0000e+00 +0.0000e+00 +0.0000e+00 +0.0000e+00 +0.0000e+00 +0.0000e+00 +0.0000e+00 +0.0000e+00 +0.0000e+00 +0.0000e+00 +0.0000e+00 +0.0000e+00 +0.0000e+00 +0.0000e+00 +0.0000e+00 +0.0000e+00 +0.0000e+00 +0.0000e+00 +0.0000e+00
3 0 +3.679589232e+01 -1.555410768e+01 -1.555410768e+01 +1.0000e-01 +0.0000e+00 +0.0000e+00 +0.0000e+00 +0.0000e+00 +0.0000e+00 +0.0000e+00 +0.0000e+00 +0.0000e+00 +0.0000e+00 +0.0000e+00 +0.0000e+00 +0.0000e+00 +0.0000e+00 +0.0000e+00 +0.0000e+00 +0.0000e+00 +0.0000e+00 +0.0000e+00 +0.0000e+00
11 0 +3.625867662e+01 -1.609132338e+01 -1.609132338e+01 +0.0000e+00 +0.0000e+00 +0.0000e+00 +0.0000e+00 +0.0000e+00 +0.0000e+00 +0.0000e+00 +0.0000e+00 +1.0000e-01 +0.0000e+00 +0.0000e+00 +0.0000e+00 +0.0000e+00 +0.0000e+00 +0.0000e+00 +0.0000e+00 +0.0000e+00 +0.0000e+00 +0.0000e+00 +0.0000e+00
% f evaluations | g evaluations | best noise-free fitness - Fopt (-1.795400000000e+02) + sum g_i+ | measured fitness | best measured fitness or single-digit g-values | x1 | x2...
1 0 +5.080463025e+01 -1.287353697e+02 -1.287353697e+02 +0.0000e+00 +0.0000e+00 +0.0000e+00 +0.0000e+00 +0.0000e+00 +0.0000e+00 +0.0000e+00 +0.0000e+00 +0.0000e+00 +0.0000e+00 +0.0000e+00 +0.0000e+00 +0.0000e+00 +0.0000e+00 +0.0000e+00 +0.0000e+00 +0.0000e+00 +0.0000e+00 +0.0000e+00 +0.0000e+00
4 0 +5.065340960e+01 -1.288865904e+02 -1.288865904e+02 +0.0000e+00 +1.0000e-01 +0.0000e+00 +0.0000e+00 +0.0000e+00 +0.0000e+00 +0.0000e+00 +0.0000e+00 +0.0000e+00 +0.0000e+00 +0.0000e+00 +0.0000e+00 +0.0000e+00 +0.0000e+00 +0.0000e+00 +0.0000e+00 +0.0000e+00 +0.0000e+00 +0.0000e+00 +0.0000e+00
6 0 +4.933015732e+01 -1.302098427e+02 -1.302098427e+02 +0.0000e+00 +0.0000e+00 +0.0000e+00 +1.0000e-01 +0.0000e+00 +0.0000e+00 +0.0000e+00 +0.0000e+00 +0.0000e+00 +0.0000e+00 +0.0000e+00 +0.0000e+00 +0.0000e+00 +0.0000e+00 +0.0000e+00 +0.0000e+00 +0.0000e+00 +0.0000e+00 +0.0000e+00 +0.0000e+00
% f evaluations | g evaluations | best noise-free fitness - Fopt (7.731000000000e+01) + sum g_i+ | measured fitness | best measured fitness or single-digit g-values | x1 | x2...
1 0 +2.420831801e+01 +1.015183180e+02 +1.015183180e+02 +0.0000e+00 +0.0000e+00 +0.0000e+00 +0.0000e+00 +0.0000e+00 +0.0000e+00 +0.0000e+00 +0.0000e+00 +0.0000e+00 +0.0000e+00 +0.0000e+00 +0.0000e+00 +0.0000e+00 +0.0000e+00 +0.0000e+00 +0.0000e+00 +0.0000e+00 +0.0000e+00 +0.0000e+00 +0.0000e+00
3 0 +2.397656206e+01 +1.012865621e+02 +1.012865621e+02 +1.0000e-01 +0.0000e+00 +0.0000e+00 +0.0000e+00 +0.0000e+00 +0.0000e+00 +0.0000e+00 +0.0000e+00 +0.0000e+00 +0.0000e+00 +0.0000e+00 +0.0000e+00 +0.0000e+00 +0.0000e+00 +0.0000e+00 +0.0000e+00 +0.0000e+00 +0.0000e+00 +0.0000e+00 +0.0000e+00
23 0 +2.238699699e+01 +9.969699699e+01 +9.969699699e+01 +1.7320e-02 -2.0115e-03 -1.2100e-02 +8.0805e-03 +1.0754e-02 -8.0442e-03 -1.4491e-02 +2.8160e-02 -3.4248e-03 +4.0202e-02 +1.4496e-01 +1.6320e-02 -2.7830e-02 +1.3010e-02 +1.2928e-02 +2.4591e-02 -2.0329e-02 +2.6208e-02 +3.9284e-02 +5.1185e-03
24 0 +1.886525063e+01 +9.617525063e+01 +9.617525063e+01 +7.2735e-02 -2.9849e-02 -8.3381e-02 +2.3705e-02 +3.7894e-02 -6.1862e-02 -9.6070e-02 +1.3026e-01 -3.7349e-02 +1.9416e-01 +3.1942e-01 +6.7427e-02 -1.6686e-01 +4.9866e-02 +4.9427e-02 +1.1132e-01 -1.2705e-01 +1.1990e-01 +1.8929e-01 +7.9868e-03
25 0 +1.834164294e+01 +9.565164294e+01 +9.565164294e+01 +2.1045e-02 -3.8631e-01 -5.9888e-01 -1.7365e-01 -1.1730e-01 -5.1343e-01 -6.4926e-01 +2.4945e-01 -4.1609e-01 +5.0321e-01 +7.0350e-01 -2.9515e-05 -9.3036e-01 -6.9765e-02 -7.1508e-02 +1.7426e-01 -7.7229e-01 +2.0833e-01 +4.8387e-01 -2.3606e-01
27 0 +1.526996767e+01 +9.257996767e+01 +9.257996767e+01 +1.8432e-01 -3.5027e-01 -6.2924e-01 -7.1187e-02 +2.7576e-03 -5.1709e-01 -6.9536e-01 +4.8407e-01 -3.8935e-01 +8.1708e-01 +9.1317e-01 +1.5666e-01 -5.8039e-01 +6.5144e-02 +6.2857e-02 +3.8539e-01 -8.5682e-01 +4.3010e-01 +7.9170e-01 -1.5310e-01
29 0 +1.500352360e+01 +9.231352360e+01 +9.231352360e+01 +1.8524e-01 -3.4935e-01 -8.0028e-01 -7.0266e-02 +3.6784e-03 -5.1617e-01 -5.3748e-01 +4.8499e-01 -3.8843e-01 +8.1800e-01 +9.1349e-01 +1.5758e-01 -5.8056e-01 +6.6065e-02 +6.3777e-02 +3.8631e-01 -8.5694e-01 +4.3102e-01 +7.9262e-01 -1.5218e-01
30 0 +1.470130072e+01 +9.201130072e+01 +9.201130072e+01 +1.8594e-01 -3.8095e-01 -5.9197e-01 -8.5006e-02 -6.5932e-03 -5.5785e-01 -2.9100e-01 +5.0380e-01 -4.2239e-01 +8.5693e-01 +1.1072e+00 +1.5661e-01 -6.3207e-01 +5.9563e-02 +5.7137e-02 +3.9915e-01 -9.4252e-01 +4.4657e-01 +8.3002e-01 -1.7186e-01
36 0 +1.430675997e+01 +9.161675997e+01 +9.161675997e+01 +1.8377e-01 -4.2179e-01 -6.3388e-01 -2.2003e-01 -2.6234e-02 -4.5305e-01 -3.0393e-01 +5.3049e-01 -2.9932e-01 +9.1568e-01 +1.1792e+00 +1.5178e-01 -6.0350e-01 +4.5928e-02 +4.3282e-02 +4.1635e-01 -9.9609e-01 +4.6807e-01 +8.8632e-01 -1.8696e-01
38 0 +1.409426198e+01 +9.140426198e+01 +9.140426198e+01 +2.1610e-01 -4.4728e-01 -6.6358e-01 -2.4665e-01 -6.3144e-03 -4.8616e-01 -3.1300e-01 +5.8330e-01 -2.9974e-01 +8.6046e-01 +1.2280e+00 +1.8222e-01 -5.8275e-01 +7.0111e-02 +6.7308e-02 +4.6241e-01 -1.0338e+00 +5.1719e-01 +8.5486e-01 -1.8694e-01
40 0 +1.370973684e+01 +9.101973684e+01 +9.101973684e+01 +2.4337e-01 -4.5654e-01 -6.7444e-01 -2.5620e-01 -1.2121e-02 -4.9819e-01 -3.1655e-01 +4.6174e-01 -3.0010e-01 +8.7116e-01 +1.2456e+00 +2.0882e-01 -5.7583e-01 +9.4487e-02 +9.1628e-02 +4.9457e-01 -1.0477e+00 +5.5044e-01 +8.7255e-01 -1.8706e-01
47 0 +1.308973247e+01 +9.039973247e+01 +9.039973247e+01 +3.4214e-01 -4.6868e-01 -6.7573e-01 -2.8828e-01 +2.1329e-02 -5.1256e-01 -2.7837e-01 +4.3232e-01 -2.6694e-01 +8.7724e-01 +1.2761e+00 +3.0661e-01 -4.5260e-01 +1.7486e-01 +9.0403e-02 +4.4045e-01 -1.0480e+00 +4.8283e-01 +9.1383e-01 -1.6841e-01
48 0 +1.265563290e+01 +8.996563290e+01 +8.996563290e+01 +3.6712e-01 -4.8358e-01 -6.8176e-01 -3.2016e-01 +4.8019e-02 -5.2991e-01 -2.4944e-01 +4.0437e-01 -2.4161e-01 +8.8185e-01 +1.2742e+00 +3.3706e-01 -4.2520e-01 +1.8367e-01 +9.3984e-02 +4.7615e-01 -1.0538e+00 +4.9921e-01 +9.4971e-01 -1.5534e-01
49 0 +1.104407307e+01 +8.835407307e+01 +8.835407307e+01 +4.6332e-01 -5.4972e-01 -7.1141e-01 -4.5594e-01 +1.5200e-01 -6.0599e-01 -1.3589e-01 +2.8440e-01 -1.4301e-01 +8.9499e-01 +1.2737e+00 +4.5640e-01 -3.1875e-01 +2.1439e-01 +1.0332e-01 +6.1681e-01 -1.0825e+00 +5.6074e-01 +1.0909e+00 -1.0704e-01
50 0 +6.513642745e+00 +8.382364275e+01 +8.382364275e+01 +7.9357e-01 -8.9063e-01 -8.9700e-01 -1.0917e+00 +5.2484e-01 -9.8769e-01 +2.8158e-01 -2.8837e-01 +2.0966e-01 +8.8037e-01 +1.3589e+00 +8.9287e-01 +5.9135e-02 +2.7851e-01 +7.7415e-02 +1.1416e+00 -1.2626e+00 +7.5220e-01 +1.6155e+00 +3.2431e-02
51 0 +6.415189753e+00 +8.372518975e+01 +8.372518975e+01 +1.2779e+00 -8.5881e-01 -7.9986e-01 -1.1831e+00 +2.7184e-01 -9.7228e-01 +6.2917e-01 +3.1917e-01 +5.2942e-01 +1.0440e+00 +1.1327e+00 +1.4168e+00 +3.9175e-01 +6.7573e-01 +4.3797e-01 +1.6328e+00 -1.1625e+00 +8.5365e-02 +2.0029e+00 +2.6299e-01
53 0 +5.825224664e+00 +8.313522466e+01 +8.313522466e+01 +1.3810e+00 -8.7067e-01 -8.1167e-01 -1.2114e+00 +4.7003e-01 -9.9974e-01 +6.8359e-01 +2.4300e-01 +5.9612e-01 +1.5979e+00 +1.1967e+00 +1.5286e+00 +4.8448e-01 +7.4353e-01 +4.9524e-01 +1.7559e+00 -1.0321e+00 +2.8903e-01 +1.6051e+00 +3.2009e-01
55 0 +5.691173332e+00 +8.300117333e+01 +8.300117333e+01 +1.3459e+00 -8.7660e-01 -8.0347e-01 -1.2241e+00 +5.6482e-01 -1.0149e+00 +6.9572e-01 +2.0427e-01 +6.3109e-01 +1.6210e+00 +1.2140e+00 +1.4976e+00 +5.5407e-01 +6.8784e-01 +9.5778e-01 +1.6046e+00 -1.0479e+00 +4.2000e-01 +1.7454e+00 +3.5153e-01
60 0 +5.603137695e+00 +8.291313769e+01 +8.291313769e+01 +1.3893e+00 -9.3185e-01 -8.4647e-01 -1.2517e+00 +5.5594e-01 -9.7431e-01 +7.1375e-01 +2.0102e-01 +6.3589e-01 +1.5876e+00 +1.1756e+00 +1.5463e+00 +6.5765e-01 +7.2186e-01 +8.9520e-01 +1.5137e+00 -1.0043e+00 +5.2076e-01 +1.7608e+00 +4.5204e-01
61 0 +5.463539603e+00 +8.277353960e+01 +8.277353960e+01 +1.4049e+00 -9.6206e-01 -8.8052e-01 -1.3013e+00 +5.7137e-01 -1.0080e+00 +7.1378e-01 +1.6543e-01 +6.4388e-01 +1.5988e+00 +1.1920e+00 +1.5714e+00 +6.4965e-01 +7.2177e-01 +8.9269e-01 +1.5371e+00 -1.0153e+00 +5.3373e-01 +1.7848e+00 +4.4924e-01
62 0 +5.361284657e+00 +8.267128466e+01 +8.267128466e+01 +1.3877e+00 -9.6786e-01 -8.8342e-01 -1.3104e+00 +5.8023e-01 -1.0154e+00 +7.3115e-01 +1.5513e-01 +6.5929e-01 +1.5950e+00 +1.1880e+00 +1.5122e+00 +6.5917e-01 +7.7939e-01 +8.9203e-01 +1.5717e+00 -1.0098e+00 +5.5352e-01 +1.7968e+00 +4.5855e-01
68 0 +5.181620949e+00 +8.249162095e+01 +8.249162095e+01 +1.3939e+00 -9.4111e-01 -8.8049e-01 -1.2394e+00 +6.1758e-01 -1.0207e+00 +7.8299e-01 +1.0313e-02 +7.0554e-01 +1.6119e+00 +1.1736e+00 +1.5330e+00 +6.5258e-01 +7.7241e-01 +8.7360e-01 +1.5963e+00 -9.7349e-01 +5.3134e-01 +1.8530e+00 +5.1101e-01
70 0 +5.086353618e+00 +8.239635362e+01 +8.239635362e+01 +1.3991e+00 -9.4065e-01 -8.7904e-01 -1.2534e+00 +6.0502e-01 -1.0267e+00 +8.0422e-01 +1.4707e-02 +7.2008e-01 +1.6052e+00 +1.1546e+00 +1.5155e+00 +6.6194e-01 +7.1156e-01 +8.7375e-01 +1.6476e+00 -9.5834e-01 +5.6826e-01 +1.8558e+00 +5.2348e-01
72 0 +4.892722005e+00 +8.220272200e+01 +8.220272200e+01 +1.4053e+00 -9.4136e-01 -9.1035e-01 -1.2748e+00 +6.2619e-01 -1.0668e+00 +8.0829e-01 -1.8351e-02 +7.2233e-01 +1.6338e+00 +1.1594e+00 +1.4883e+00 +6.7071e-01 +7.0448e-01 +8.6427e-01 +1.6767e+00 -9.4376e-01 +5.9983e-01 +1.8809e+00 +5.5292e-01
73 0 +4.352603259e+00 +8.166260326e+01 +8.166260326e+01 +1.4283e+00 -9.3644e-01 -9.8470e-01 -1.3551e+00 +7.1221e-01 -1.1795e+00 +8.6448e-01 -1.6518e-01 +7.5755e-01 +1.7232e+00 +1.0408e+00 +1.4095e+00 +7.4136e-01 +6.8101e-01 +8.3268e-01 +1.7654e+00 -1.1404e+00 +6.9465e-01 +1.8971e+00 +6.5701e-01
74 0 +3.809867068e+00 +8.111986707e+01 +8.111986707e+01 +1.4268e+00 -9.4665e-01 -1.1004e+00 -1.4449e+00 +7.4260e-01 -1.3288e+00 +8.7524e-01 -2.8814e-01 +7.5519e-01 +1.6468e+00 +1.0393e+00 +1.2860e+00 +7.5740e-01 +6.3027e-01 +7.7581e-01 +1.8451e+00 -1.1406e+00 +7.5808e-01 +2.1294e+00 +7.4903e-01
75 0 +3.319393791e+00 +8.062939379e+01 +8.062939379e+01 +1.4273e+00 -9.8416e-01 -1.1798e+00 -1.4565e+00 +8.1650e-01 -1.4297e+00 +8.8675e-01 -3.8252e-01 +7.5692e-01 +1.7622e+00 +1.0105e+00 +1.1350e+00 +7.9948e-01 +5.9637e-01 +7.4621e-01 +1.9262e+00 -1.0601e+00 +8.7323e-01 +2.1646e+00 +9.9229e-01
76 0 +3.073934453e+00 +8.038393445e+01 +8.038393445e+01 +1.5067e+00 -1.0700e+00 -1.3150e+00 -1.3858e+00 +9.1702e-01 -1.5407e+00 +9.0702e-01 -5.2493e-01 +8.3044e-01 +1.8823e+00 +1.0854e+00 +1.2083e+00 +8.3690e-01 +4.6367e-01 +7.0519e-01 +2.0216e+00 -1.0645e+00 +9.6257e-01 +2.2590e+00 +9.4325e-01
77 0 +2.811051042e+00 +8.012105104e+01 +8.012105104e+01 +1.5637e+00 -1.0120e+00 -1.3411e+00 -1.6438e+00 +1.0636e+00 -1.5786e+00 +9.4728e-01 -6.7995e-01 +8.5775e-01 +1.8715e+00 +1.0378e+00 +1.1908e+00 +7.6634e-01 +4.9913e-01 +7.2720e-01 +2.1190e+00 -9.5480e-01 +1.0352e+00 +2.2340e+00 +9.4199e-01
78 0 +2.656891280e+00 +7.996689128e+01 +7.996689128e+01 +1.5871e+00 -1.0952e+00 -1.3691e+00 -1.6587e+00 +1.1677e+00 -1.5868e+00 +1.0004e+00 -8.4504e-01 +9.1571e-01 +1.7600e+00 +8.7674e-01 +1.1210e+00 +7.7436e-01 +3.9418e-01 +6.9746e-01 +2.1635e+00 -1.0574e+00 +1.0734e+00 +2.2994e+00 +1.1257e+00
79 0 +2.555222784e+00 +7.986522278e+01 +7.986522278e+01 +1.5759e+00 -9.6112e-01 -1.4032e+00 -1.6934e+00 +1.2021e+00 -1.5865e+00 +1.0712e+00 -9.4124e-01 +8.4705e-01 +1.7543e+00 +9.1643e-01 +1.0057e+00 +1.0863e+00 +3.8566e-01 +6.5626e-01 +2.2102e+00 -1.0358e+00 +1.1156e+00 +2.3185e+00 +1.1005e+00
81 0 +2.453357555e+00 +7.976335756e+01 +7.976335756e+01 +1.6106e+00 -9.5430e-01 -1.4293e+00 -1.7321e+00 +1.2195e+00 -1.6596e+00 +1.0613e+00 -9.5004e-01 +8.5623e-01 +1.8253e+00 +9.0284e-01 +1.0153e+00 +1.1067e+00 +4.9419e-01 +6.4027e-01 +2.2400e+00 -1.0915e+00 +1.0724e+00 +2.3828e+00 +1.1545e+00
82 0 +2.337887277e+00 +7.964788728e+01 +7.964788728e+01 +1.5535e+00 -9.5408e-01 -1.4551e+00 -1.7640e+00 +1.1493e+00 -1.7079e+00 +1.0684e+00 -9.2329e-01 +8.6516e-01 +1.8046e+00 +8.9690e-01 +1.0611e+00 +1.1220e+00 +4.9662e-01 +6.7101e-01 +2.3561e+00 -1.1176e+00 +1.1607e+00 +2.3691e+00 +1.1874e+00
86 0 +2.288397284e+00 +7.959839728e+01 +7.959839728e+01 +1.5663e+00 -9.1955e-01 -1.4827e+00 -1.7678e+00 +1.1050e+00 -1.6516e+00 +1.1067e+00 -9.4037e-01 +8.2267e-01 +1.8651e+00 +8.5709e-01 +1.0408e+00 +1.0715e+00 +5.0483e-01 +6.2233e-01 +2.3735e+00 -1.1257e+00 +1.2337e+00 +2.4331e+00 +1.1825e+00
88 0 +2.229532377e+00 +7.953953238e+01 +7.953953238e+01 +1.5472e+00 -8.8094e-01 -1.4827e+00 -1.7549e+00 +1.1112e+00 -1.6974e+00 +1.0996e+00 -9.4555e-01 +8.4335e-01 +1.8808e+00 +8.4606e-01 +9.9010e-01 +1.0450e+00 +4.8913e-01 +6.2332e-01 +2.4086e+00 -1.1319e+00 +1.2287e+00 +2.4355e+00 +1.1706e+00
93 0 +2.152914405e+00 +7.946291441e+01 +7.946291441e+01 +1.5105e+00 -8.9190e-01 -1.5477e+00 -1.8268e+00 +1.1362e+00 -1.7563e+00 +1.0368e+00 -9.4445e-01 +7.8818e-01 +1.9039e+00 +8.6833e-01 +9.5673e-01 +1.0321e+00 +4.5193e-01 +5.8565e-01 +2.3991e+00 -1.1640e+00 +1.2710e+00 +2.4330e+00 +1.1956e+00
94 0 +2.055511588e+00 +7.936551159e+01 +7.936551159e+01 +1.4861e+00 -8.8978e-01 -1.5715e+00 -1.8312e+00 +1.1380e+00 -1.7736e+00 +1.0339e+00 -9.6415e-01 +7.9245e-01 +1.9012e+00 +8.8951e-01 +9.4761e-01 +1.0214e+00 +4.5692e-01 +5.7172e-01 +2.4430e+00 -1.1160e+00 +1.2676e+00 +2.4728e+00 +1.2329e+00
95 0 +1.948433082e+00 +7.925843308e+01 +7.925843308e+01 +1.4575e+00 -8.8357e-01 -1.5880e+00 -1.8294e+00 +1.1583e+00 -1.7811e+00 +1.0357e+00 -9.9745e-01 +8.0231e-01 +1.9469e+00 +8.9264e-01 +9.4518e-01 +1.0169e+00 +4.6660e-01 +5.5905e-01 +2.4892e+00 -1.1015e+00 +1.2812e+00 +2.4496e+00 +1.2746e+00
96 0 +1.838862528e+00 +7.914886253e+01 +7.914886253e+01 +1.4206e+00 -8.6884e-01 -1.6150e+00 -1.8438e+00 +1.1729e+00 -1.7989e+00 +1.0376e+00 -1.0440e+00 +8.1395e-01 +1.9608e+00 +9.0326e-01 +9.5154e-01 +1.0045e+00 +4.7606e-01 +5.3764e-01 +2.5459e+00 -1.1024e+00 +1.2847e+00 +2.4620e+00 +1.2891e+00
97 0 +1.508573081e+00 +7.881857308e+01 +7.881857308e+01 +1.2302e+00 -7.6361e-01 -1.6274e+00 -1.9559e+00 +1.1699e+00 -1.8088e+00 +1.0320e+00 -1.1223e+00 +7.9313e-01 +1.9559e+00 +8.6515e-01 +8.4991e-01 +9.4914e-01 +6.0378e-01 +4.8701e-01 +2.6923e+00 -1.0686e+00 +1.2701e+00 +2.4404e+00 +1.4796e+00
98 0 +1.162622893e+00 +7.847262289e+01 +7.847262289e+01 +1.0476e+00 -7.6304e-01 -1.7294e+00 -1.8264e+00 +1.1376e+00 -1.8799e+00 +1.0121e+00 -1.2042e+00 +8.0930e-01 +2.0549e+00 +9.1995e-01 +8.1286e-01 +9.7260e-01 +6.0768e-01 +3.8355e-01 +2.8525e+00 -1.1180e+00 +1.2717e+00 +2.5116e+00 +1.6450e+00
99 0 +9.037287845e-01 +7.821372878e+01 +7.821372878e+01 +9.1434e-01 -6.5076e-01 -1.7970e+00 -1.8555e+00 +1.0950e+00 -1.9489e+00 +9.6838e-01 -1.1974e+00 +7.8191e-01 +2.2327e+00 +1.0900e+00 +8.4077e-01 +9.4378e-01 +7.3079e-01 +3.4339e-01 +2.9897e+00 -9.9725e-01 +1.2771e+00 +2.4908e+00 +1.5983e+00
100 0 +6.368273466e-01 +7.794682735e+01 +7.794682735e+01 +9.4855e-01 -6.1718e-01 -1.9226e+00 -1.8803e+00 +1.1029e+00 -2.0280e+00 +9.4233e-01 -1.3516e+00 +8.0593e-01 +2.2815e+00 +1.1651e+00 +7.6184e-01 +8.9192e-01 +7.7382e-01 +3.0394e-01 +3.2433e+00 -9.6154e-01 +1.3360e+00 +2.4744e+00 +1.7407e+00
101 0 +5.084093918e-01 +7.781840939e+01 +7.781840939e+01 +8.0125e-01 -6.6886e-01 -1.9704e+00 -2.0096e+00 +1.1970e+00 -2.0323e+00 +9.9783e-01 -1.2921e+00 +8.9617e-01 +2.4311e+00 +1.1006e+00 +7.3416e-01 +9.2884e-01 +7.1366e-01 +2.2731e-01 +3.4479e+00 -9.0293e-01 +1.3027e+00 +2.5556e+00 +1.7834e+00
% f evaluations | g evaluations | best noise-free fitness - Fopt (3.992000000000e+01) + sum g_i+ | measured fitness | best measured fitness or single-digit g-values | x1 | x2...
1 0 +7.115444340e+01 +1.110744434e+02 +1.110744434e+02 +0.0000e+00 +0.0000e+00 +0.0000e+00 +0.0000e+00 +0.0000e+00 +0.0000e+00 +0.0000e+00 +0.0000e+00 +0.0000e+00 +0.0000e+00 +0.0000e+00 +0.0000e+00 +0.0000e+00 +0.0000e+00 +0.0000e+00 +0.0000e+00 +0.0000e+00 +0.0000e+00 +0.0000e+00 +0.0000e+00
3 0 +7.021976676e+01 +1.101397668e+02 +1.101397668e+02 +1.0000e-01 +0.0000e+00 +0.0000e+00 +0.0000e+00 +0.0000e+00 +0.0000e+00 +0.0000e+00 +0.0000e+00 +0.0000e+00 +0.0000e+00 +0.0000e+00 +0.0000e+00 +0.0000e+00 +0.0000e+00 +0.0000e+00 +0.0000e+00 +0.0000e+00 +0.0000e+00 +0.0000e+00 +0.0000e+00
23 0 +6.693074761e+01 +1.068507476e+02 +1.068507476e+02 +2.8143e-02 +6.1690e-03 +1.2992e-01 -4.0448e-02 -2.9707e-02 -1.8456e-02 +2.1839e-02 -3.1979e-03 +2.1287e-02 +3.1335e-03 +6.0219e-03 +2.5836e-02 -2.2845e-02 +2.5593e-02 -2.0979e-02 -4.2622e-03 -2.3395e-02 -9.7609e-04 -2.1754e-02 -3.3243e-02
24 0 +5.511533765e+01 +9.503533765e+01 +9.503533765e+01 +1.4141e-01 +3.0997e-02 +2.4182e-01 -2.0324e-01 -1.4926e-01 -9.2732e-02 +1.0973e-01 -1.6068e-02 +1.0696e-01 +1.5744e-02 +3.0258e-02 +1.2982e-01 -1.1479e-01 +1.2860e-01 -1.0541e-01 -2.1416e-02 -1.1755e-01 -4.9045e-03 -1.0931e-01 -1.6703e-01
25 0 +2.560685539e+01 +6.552685539e+01 +6.552685539e+01 +6.1046e-01 +1.3382e-01 +4.1718e-01 -8.7738e-01 -6.4438e-01 -4.0033e-01 +4.7372e-01 -6.9368e-02 +4.6175e-01 +6.7970e-02 +1.3063e-01 +5.6043e-01 -4.9554e-01 +5.5516e-01 -4.5506e-01 -9.2453e-02 -5.0748e-01 -2.1173e-02 -4.7189e-01 -7.2110e-01
26 0 +2.318044823e+01 +6.310044823e+01 +6.310044823e+01 +7.9105e-01 +2.7212e-01 +7.0313e-01 -8.2879e-01 -5.7512e-01 -3.0941e-01 +6.4218e-01 +5.0912e-02 +6.2915e-01 +2.0043e-01 +2.6865e-01 +7.3659e-01 -4.1307e-01 +7.3084e-01 -3.6900e-01 +2.5779e-02 -4.2607e-01 +1.0338e-01 -3.8732e-01 -6.5864e-01
28 0 +2.122618588e+01 +6.114618588e+01 +6.114618588e+01 +8.3496e-01 +2.2972e-01 +1.1150e+00 -5.4124e-01 -7.5844e-01 -4.4854e-01 +6.6133e-01 -2.8285e-02 +6.4614e-01 +1.4611e-01 +2.2567e-01 +7.7144e-01 -5.6944e-01 +7.6474e-01 -5.1804e-01 -5.7598e-02 -5.8460e-01 +3.2914e-02 -5.3941e-01 -7.4097e-01
30 0 +2.071035575e+01 +6.063035575e+01 +6.063035575e+01 +8.4041e-01 +2.1117e-01 +1.2259e+00 -6.6413e-01 -5.9677e-01 -4.9399e-01 +6.5989e-01 -5.7067e-02 +6.4409e-01 +1.2424e-01 +2.0695e-01 +7.7436e-01 -6.1968e-01 +7.6740e-01 -5.6624e-01 -8.7542e-02 -4.5039e-01 +6.5581e-03 -5.8845e-01 -8.4296e-01
32 0 +2.007889520e+01 +5.999889520e+01 +5.999889520e+01 +8.4061e-01 +2.0176e-01 +1.2693e+00 -7.1246e-01 -6.3305e-01 -5.1416e-01 +6.5734e-01 -7.0571e-02 +6.4130e-01 +1.1350e-01 +1.9748e-01 +7.7356e-01 -5.3505e-01 +7.6649e-01 -5.8752e-01 -1.0151e-01 -4.7732e-01 -5.9748e-03 -5.0482e-01 -8.8308e-01
34 0 +1.963830098e+01 +5.955830098e+01 +5.955830098e+01 +8.7683e-01 +2.0770e-01 +1.2537e+00 -7.4898e-01 -6.6235e-01 -5.4216e-01 +6.8487e-01 -7.7538e-02 +6.6807e-01 +1.1526e-01 +2.0322e-01 +8.0660e-01 -5.4973e-01 +7.9920e-01 -5.9440e-01 -1.0995e-01 -4.9524e-01 -9.8796e-03 -5.1292e-01 -9.1435e-01
35 0 +1.923063157e+01 +5.915063157e+01 +5.915063157e+01 +8.8092e-01 +2.0380e-01 +1.2687e+00 -7.7307e-01 -6.8068e-01 -4.5478e-01 +6.8667e-01 -8.4841e-02 +6.6967e-01 +1.1026e-01 +1.9927e-01 +8.0985e-01 -5.6177e-01 +8.0236e-01 -6.0675e-01 -1.1764e-01 -5.0832e-01 -1.6375e-02 -5.2283e-01 -9.3448e-01
39 0 +1.900804251e+01 +5.892804251e+01 +5.892804251e+01 +8.7052e-01 +1.8063e-01 +1.2921e+00 -8.1054e-01 -7.0924e-01 -4.6700e-01 +6.7260e-01 -2.5419e-02 +6.5528e-01 +1.5545e-01 +1.7601e-01 +7.9811e-01 -5.8042e-01 +7.9047e-01 -6.2597e-01 -5.5219e-02 -5.2864e-01 +4.2083e-02 -5.3811e-01 -9.6580e-01
43 0 +1.860954955e+01 +5.852954955e+01 +5.852954955e+01 +8.2519e-01 +2.4415e-01 +1.3057e+00 -8.3181e-01 -7.2552e-01 -4.7363e-01 +6.3811e-01 -2.7749e-02 +7.6864e-01 +1.5848e-01 +2.4002e-01 +7.5194e-01 -5.9086e-01 +7.4422e-01 -6.3687e-01 -5.8326e-02 -5.4010e-01 +4.2044e-02 -5.4650e-01 -9.8362e-01
47 0 +1.760552180e+01 +5.752552180e+01 +5.752552180e+01 +8.8758e-01 +2.7804e-01 +1.3992e+00 -8.5262e-01 -7.4298e-01 -4.3970e-01 +6.6254e-01 -1.9284e-02 +8.1474e-01 +1.9520e-01 +2.7321e-01 +7.0364e-01 -5.7741e-01 +8.5258e-01 -6.3722e-01 -5.3251e-02 -5.3505e-01 +6.4857e-02 -5.1587e-01 -1.0010e+00
48 0 +1.515513665e+01 +5.507513665e+01 +5.507513665e+01 +1.0204e+00 +3.1699e-01 +1.5812e+00 -1.0105e+00 -8.9328e-01 -3.8642e-01 +6.5384e-01 -7.8856e-02 +8.9495e-01 +2.4747e-01 +3.0940e-01 +6.8732e-01 -6.0530e-01 +8.9882e-01 -7.2262e-01 -1.2607e-01 -5.9699e-01 +6.2655e-02 -4.7418e-01 -1.1490e+00
49 0 +1.198679145e+01 +5.190679145e+01 +5.190679145e+01 +1.4568e+00 +4.7438e-01 +2.2850e+00 -1.4551e+00 -1.3157e+00 -8.7854e-01 +6.4295e-01 -2.2508e-01 +1.1732e+00 +4.5072e-01 +4.5797e-01 +6.4824e-01 -6.3172e-01 +1.0631e+00 -9.3614e-01 +7.4747e-01 -7.3384e-01 +9.2590e-02 -2.7492e-01 -1.5632e+00
50 0 +1.014272084e+01 +5.006272084e+01 +5.006272084e+01 +1.6326e+00 +3.8657e-01 +2.4177e+00 -2.1085e+00 -1.9573e+00 -7.2252e-01 +3.9297e-01 -6.1142e-01 +1.1992e+00 +4.0700e-01 +3.6176e-01 +3.7094e-01 -9.0166e-01 +9.7980e-01 -1.3863e+00 +5.9736e-02 -1.1087e+00 -1.1607e-01 -3.3051e-01 -2.1939e+00
53 0 +9.890054587e+00 +4.981005459e+01 +4.981005459e+01 +1.7990e+00 +4.5015e-01 +2.4764e+00 -1.9846e+00 -1.7446e+00 -6.3601e-01 +4.3456e-01 -5.9228e-01 +1.2810e+00 +4.7669e-01 +4.2410e-01 +3.2514e-01 -1.6495e+00 +1.0671e+00 -1.3783e+00 +4.9629e-02 -9.0832e-01 -7.0881e-02 -2.5482e-01 -2.3778e+00
55 0 +8.982360302e+00 +4.890236030e+01 +4.890236030e+01 +1.8802e+00 +4.9863e-01 +2.4311e+00 -2.1314e+00 -1.6932e+00 -4.9440e-01 +4.1681e-01 -5.5834e-01 +1.3026e+00 +5.3973e-01 +4.7183e-01 +2.1363e-01 -1.5369e+00 +1.0814e+00 -1.2371e+00 +5.9164e-02 -8.3184e-01 -1.8923e-02 -9.6618e-02 -2.5106e+00
57 0 +8.840155297e+00 +4.876015530e+01 +4.876015530e+01 +1.9784e+00 +5.3030e-01 +2.5734e+00 -2.1475e+00 -1.7337e+00 -4.1232e-01 +4.0971e-01 -5.5561e-01 +1.3326e+00 +5.8058e-01 +5.0256e-01 +1.2262e-01 -1.4509e+00 +1.1111e+00 -1.2341e+00 +3.6708e-02 -5.9753e-01 +4.7055e-03 -3.8525e-01 -2.5430e+00
58 0 +8.709040789e+00 +4.862904079e+01 +4.862904079e+01 +1.9948e+00 +5.4099e-01 +2.6304e+00 -2.1260e+00 -1.6599e+00 -3.6139e-01 +3.9230e-01 -5.4754e-01 +1.3294e+00 +5.9734e-01 +5.1302e-01 +7.0472e-02 -1.4112e+00 +1.1042e+00 -1.3730e+00 +3.6322e-02 -6.0878e-01 +1.8627e-02 -3.3061e-01 -2.5317e+00
62 0 +8.424382457e+00 +4.834438246e+01 +4.834438246e+01 +2.0379e+00 +5.8328e-01 +2.6338e+00 -2.1081e+00 -1.7589e+00 -3.1291e-01 +3.6335e-01 -5.3417e-01 +1.3541e+00 +7.3125e-01 +5.5411e-01 +1.2181e-02 -1.4158e+00 +1.1005e+00 -1.3634e+00 +9.1846e-02 -6.5316e-01 -6.9357e-04 -2.9513e-01 -2.5352e+00
65 0 +8.309993702e+00 +4.822999370e+01 +4.822999370e+01 +2.0735e+00 +6.0092e-01 +2.6467e+00 -2.1169e+00 -1.7695e+00 -3.0745e-01 +3.7186e-01 -5.2622e-01 +1.3811e+00 +7.5385e-01 +4.2898e-01 +1.0141e-02 -1.4071e+00 +1.1188e+00 -1.3635e+00 +1.0230e-01 -6.4822e-01 +1.4580e-02 -2.7237e-01 -2.5490e+00
67 0 +8.093631595e+00 +4.801363159e+01 +4.801363159e+01 +2.1140e+00 +4.8083e-01 +2.6586e+00 -2.1226e+00 -1.7781e+00 -3.0019e-01 +3.6787e-01 -5.3390e-01 +1.4258e+00 +7.7323e-01 +4.4130e-01 +9.3540e-03 -1.3957e+00 +1.1404e+00 -1.3616e+00 +1.1446e-01 -6.4071e-01 +2.4167e-02 -2.4581e-01 -2.5610e+00
70 0 +7.865177543e+00 +4.778517754e+01 +4.778517754e+01 +2.1491e+00 +4.5986e-01 +2.6456e+00 -2.1340e+00 -1.7901e+00 -2.6401e-01 +3.7975e-01 -5.4508e-01 +1.4326e+00 +8.1094e-01 +4.4147e-01 -2.0767e-02 -1.3815e+00 +1.1301e+00 -1.3556e+00 +8.3501e-02 -6.2811e-01 +4.6720e-02 -2.0904e-01 -2.5859e+00
71 0 +7.663842454e+00 +4.758384245e+01 +4.758384245e+01 +2.1811e+00 +4.4984e-01 +2.6419e+00 -2.1172e+00 -1.7739e+00 -2.4711e-01 +4.0420e-01 -5.3641e-01 +1.4433e+00 +8.5103e-01 +4.5032e-01 -3.2933e-02 -1.3547e+00 +1.1289e+00 -1.3298e+00 +1.0700e-01 -5.9910e-01 +7.8966e-02 -1.6940e-01 -2.5815e+00
72 0 +7.457601572e+00 +4.737760157e+01 +4.737760157e+01 +2.2356e+00 +4.3396e-01 +2.6207e+00 -2.1166e+00 -1.7841e+00 -2.3404e-01 +4.3470e-01 -5.4374e-01 +1.4653e+00 +8.9780e-01 +4.5775e-01 -4.3282e-02 -1.3576e+00 +1.1337e+00 -1.3510e+00 +1.0705e-01 -5.8379e-01 +1.0825e-01 -1.4655e-01 -2.5931e+00
73 0 +7.249107970e+00 +4.716910797e+01 +4.716910797e+01 +2.2770e+00 +4.0761e-01 +2.6449e+00 -2.1097e+00 -1.7956e+00 -2.1643e-01 +4.5103e-01 -5.5684e-01 +1.4732e+00 +9.4143e-01 +4.5692e-01 -7.4783e-02 -1.3613e+00 +1.1209e+00 -1.3399e+00 +1.0208e-01 -5.6764e-01 +1.3443e-01 -1.0434e-01 -2.6015e+00
74 0 +7.015076410e+00 +4.693507641e+01 +4.693507641e+01 +2.3745e+00 +3.6337e-01 +2.6102e+00 -2.3478e+00 -1.8275e+00 -2.0114e-01 +4.7358e-01 -5.7534e-01 +1.4786e+00 +1.0042e+00 +4.5199e-01 -1.8459e-01 -1.2786e+00 +1.1105e+00 -1.3328e+00 +1.0996e-01 -5.5706e-01 +1.7329e-01 -4.8270e-02 -2.3553e+00
76 0 +6.627575379e+00 +4.654757538e+01 +4.654757538e+01 +2.4282e+00 +3.2202e-01 +2.6166e+00 -2.3283e+00 -1.8829e+00 -1.7211e-01 +5.1453e-01 -5.9456e-01 +1.5023e+00 +1.0844e+00 +4.5551e-01 -1.8525e-01 -1.1608e+00 +1.0900e+00 -1.3409e+00 +1.0058e-01 -5.5720e-01 +2.2258e-01 +8.0644e-03 -2.3998e+00
77 0 +6.283864809e+00 +4.620386481e+01 +4.620386481e+01 +2.4663e+00 +2.7145e-01 +2.6010e+00 -2.3582e+00 -1.8914e+00 -4.9125e-02 +5.4585e-01 -6.1889e-01 +1.5129e+00 +1.1500e+00 +4.4819e-01 -1.9468e-01 -1.1470e+00 +1.0601e+00 -1.3418e+00 +1.6612e-01 -5.2760e-01 +2.6086e-01 +5.6869e-02 -2.4584e+00
78 0 +5.985266271e+00 +4.590526627e+01 +4.590526627e+01 +2.5489e+00 +2.2512e-01 +2.6077e+00 -2.3425e+00 -1.9024e+00 +2.4167e-02 +6.1414e-01 -5.3557e-01 +1.5384e+00 +1.1861e+00 +3.8872e-01 -1.9905e-01 -1.1188e+00 +1.0757e+00 -1.3361e+00 +1.2119e-01 -4.9704e-01 +2.5663e-01 +1.1922e-01 -2.4725e+00
79 0 +5.705090569e+00 +4.562509057e+01 +4.562509057e+01 +2.6085e+00 +1.9984e-01 +2.5859e+00 -2.3208e+00 -1.9052e+00 +8.4277e-02 +5.7231e-01 -5.4453e-01 +1.6352e+00 +1.2725e+00 +3.9536e-01 -2.1417e-01 -1.0876e+00 +1.0604e+00 -1.3218e+00 +9.0275e-02 -4.5825e-01 +3.1689e-01 +1.8666e-01 -2.4883e+00
80 0 +5.494721586e+00 +4.541472159e+01 +4.541472159e+01 +2.7006e+00 +1.7066e-01 +2.5658e+00 -2.3456e+00 -1.9663e+00 +9.2868e-02 +6.4186e-01 -5.8187e-01 +1.6585e+00 +1.3415e+00 +4.0613e-01 -2.1063e-01 -1.1294e+00 +1.0713e+00 -1.4127e+00 +6.0491e-02 -4.6479e-01 +3.4842e-01 +1.9587e-01 -2.5333e+00
81 0 +5.292762346e+00 +4.521276235e+01 +4.521276235e+01 +2.7650e+00 +1.5482e-01 +2.5964e+00 -2.2941e+00 -1.9523e+00 +7.9086e-02 +7.1593e-01 -5.6226e-01 +1.6872e+00 +1.4108e+00 +4.2129e-01 -1.8168e-01 -1.1054e+00 +1.0839e+00 -1.4112e+00 +1.6829e-01 -4.2612e-01 +3.9960e-01 +2.3527e-01 -2.5011e+00
82 0 +5.091971773e+00 +4.501197177e+01 +4.501197177e+01 +2.8031e+00 +1.0117e-01 +2.7111e+00 -2.2867e+00 -1.9931e+00 +1.0816e-01 +7.4437e-01 -5.9796e-01 +1.6648e+00 +1.4683e+00 +4.1017e-01 -2.3401e-01 -1.1135e+00 +1.0418e+00 -1.3727e+00 +1.5028e-01 -4.1665e-01 +4.2733e-01 +3.1381e-01 -2.5241e+00
85 0 +4.951603996e+00 +4.487160400e+01 +4.487160400e+01 +2.7907e+00 +1.4102e-01 +2.6835e+00 -2.3209e+00 -2.0057e+00 +1.6477e-01 +8.0778e-01 -6.0368e-01 +1.6292e+00 +1.5544e+00 +4.2598e-01 -2.8738e-01 -1.0556e+00 +1.1541e+00 -1.3572e+00 +1.3412e-01 -3.8515e-01 +4.8759e-01 +3.9296e-01 -2.5481e+00
88 0 +4.827566882e+00 +4.474756688e+01 +4.474756688e+01 +2.8239e+00 +9.8345e-02 +2.6768e+00 -2.3785e+00 -1.9468e+00 +1.3219e-01 +8.3670e-01 -6.1067e-01 +1.6424e+00 +1.5767e+00 +4.1211e-01 -2.6602e-01 -1.0154e+00 +1.1245e+00 -1.3485e+00 +1.2562e-01 -3.5392e-01 +4.9490e-01 +4.2805e-01 -2.6040e+00
91 0 +4.728357575e+00 +4.464835757e+01 +4.464835757e+01 +2.8274e+00 +2.7030e-02 +2.6422e+00 -2.3288e+00 -1.9148e+00 +1.8343e-01 +8.9375e-01 -6.9058e-01 +1.6223e+00 +1.5870e+00 +3.9604e-01 -2.2800e-01 -9.9479e-01 +1.1147e+00 -1.3336e+00 +7.7523e-02 -3.3870e-01 +5.2257e-01 +4.1579e-01 -2.5508e+00
92 0 +4.672422460e+00 +4.459242246e+01 +4.459242246e+01 +2.8243e+00 -1.6193e-02 +2.6304e+00 -2.3314e+00 -1.9228e+00 +1.9654e-01 +9.0190e-01 -6.4077e-01 +1.6052e+00 +1.6133e+00 +4.4451e-01 -2.2896e-01 -9.8865e-01 +1.0855e+00 -1.3363e+00 +6.7429e-02 -3.3860e-01 +5.5176e-01 +4.1338e-01 -2.5529e+00
95 0 +4.451078405e+00 +4.437107841e+01 +4.437107841e+01 +2.8324e+00 +2.3135e-02 +2.6128e+00 -2.2935e+00 -1.9476e+00 +2.4896e-01 +9.9470e-01 -6.3424e-01 +1.6553e+00 +1.6602e+00 +4.1216e-01 -2.3248e-01 -9.5148e-01 +9.8495e-01 -1.3366e+00 +6.4432e-02 -3.2521e-01 +5.8164e-01 +4.3922e-01 -2.6098e+00
96 0 +4.329223766e+00 +4.424922377e+01 +4.424922377e+01 +2.8517e+00 +4.3713e-03 +2.6241e+00 -2.3130e+00 -1.9513e+00 +2.9891e-01 +1.0217e+00 -6.2666e-01 +1.6882e+00 +1.6916e+00 +4.0355e-01 -1.9996e-01 -9.7004e-01 +9.7587e-01 -1.3299e+00 +6.6132e-02 -3.0320e-01 +6.0017e-01 +4.6919e-01 -2.6185e+00
97 0 +4.199889790e+00 +4.411988979e+01 +4.411988979e+01 +2.8935e+00 -3.4309e-02 +2.5979e+00 -2.3026e+00 -1.9529e+00 +3.2543e-01 +1.0437e+00 -6.2361e-01 +1.7039e+00 +1.7165e+00 +3.8068e-01 -2.3442e-01 -9.7572e-01 +9.6202e-01 -1.3231e+00 +8.4657e-02 -2.8283e-01 +6.1515e-01 +4.9242e-01 -2.6381e+00
98 0 +4.074597515e+00 +4.399459752e+01 +4.399459752e+01 +2.9344e+00 -6.3044e-02 +2.5986e+00 -2.2888e+00 -1.9735e+00 +3.3122e-01 +1.0760e+00 -6.1391e-01 +1.7385e+00 +1.7534e+00 +3.6621e-01 -2.3031e-01 -9.5215e-01 +9.5312e-01 -1.3176e+00 +6.5113e-02 -2.6957e-01 +6.3803e-01 +5.2560e-01 -2.6470e+00
99 0 +3.968478813e+00 +4.388847881e+01 +4.388847881e+01 +2.9496e+00 -8.8159e-02 +2.5903e+00 -2.2947e+00 -1.9907e+00 +3.5144e-01 +1.0870e+00 -6.5161e-01 +1.7628e+00 +1.7964e+00 +3.7670e-01 -2.2827e-01 -9.3793e-01 +9.2648e-01 -1.3154e+00 +9.2714e-02 -2.5964e-01 +6.7559e-01 +5.4693e-01 -2.6715e+00
100 0 +3.840522770e+00 +4.376052277e+01 +4.376052277e+01 +2.9743e+00 -1.2305e-01 +2.5962e+00 -2.3043e+00 -2.0121e+00 +3.7648e-01 +1.1524e+00 -6.4554e-01 +1.7503e+00 +1.8133e+00 +3.5550e-01 -2.2056e-01 -9.2582e-01 +9.1461e-01 -1.3178e+00 +1.1510e-01 -2.5469e-01 +6.8108e-01 +5.6411e-01 -2.6951e+00
101 0 +3.723020131e+00 +4.364302013e+01 +4.364302013e+01 +2.9768e+00 -1.5124e-01 +2.6033e+00 -2.2955e+00 -2.0065e+00 +4.1570e-01 +1.1698e+00 -6.2662e-01 +1.7600e+00 +1.8274e+00 +3.3318e-01 -2.1980e-01 -8.8624e-01 +8.9385e-01 -1.2759e+00 +1.3887e-01 -2.3463e-01 +6.9213e-01 +5.9810e-01 -2.7029e+00
% f evaluations | g evaluations | best noise-free fitness - Fopt (-5.661000000000e+01) + sum g_i+ | measured fitness | best measured fitness or single-digit g-values | x1 | x2...
1 0 +3.349009678e+01 -2.311990322e+01 -2.311990322e+01 +0.0000e+00 +0.0000e+00 +0.0000e+00 +0.0000e+00 +0.0000e+00 +0.0000e+00 +0.0000e+00 +0.0000e+00 +0.0000e+00 +0.0000e+00 +0.0000e+00 +0.0000e+00 +0.0000e+00 +0.0000e+00 +0.0000e+00 +0.0000e+00 +0.0000e+00 +0.0000e+00 +0.0000e+00 +0.0000e+00
4 0 +3.338200758e+01 -2.322799242e+01 -2.322799242e+01 +0.0000e+00 +1.0000e-01 +0.0000e+00 +0.0000e+00 +0.0000e+00 +0.0000e+00 +0.0000e+00 +0.0000e+00 +0.0000e+00 +0.0000e+00 +0.0000e+00 +0.0000e+00 +0.0000e+00 +0.0000e+00 +0.0000e+00 +0.0000e+00 +0.0000e+00 +0.0000e+00 +0.0000e+00 +0.0000e+00
9 0 +3.310952012e+01 -2.350047988e+01 -2.350047988e+01 +0.0000e+00 +0.0000e+00 +0.0000e+00 +0.0000e+00 +0.0000e+00 +0.0000e+00 +1.0000e-01 +0.0000e+00 +0.0000e+00 +0.0000e+00 +0.0000e+00 +0.0000e+00 +0.0000e+00 +0.0000e+00 +0.0000e+00 +0.0000e+00 +0.0000e+00 +0.0000e+00 +0.0000e+00 +0.0000e+00
% f evaluations | g evaluations | best noise-free fitness - Fopt (-8.901000000000e+01) + sum g_i+ | measured fitness | best measured fitness or single-digit g-values | x1 | x2...
1 0 +1.154219789e+02 +2.641197886e+01 +2.641197886e+01 +0.0000e+00 +0.0000e+00 +0.0000e+00 +0.0000e+00 +0.0000e+00 +0.0000e+00 +0.0000e+00 +0.0000e+00 +0.0000e+00 +0.0000e+00 +0.0000e+00 +0.0000e+00 +0.0000e+00 +0.0000e+00 +0.0000e+00 +0.0000e+00 +0.0000e+00 +0.0000e+00 +0.0000e+00 +0.0000e+00
8 0 +1.153730530e+02 +2.636305303e+01 +2.636305303e+01 +0.0000e+00 +0.0000e+00 +0.0000e+00 +0.0000e+00 +0.0000e+00 +1.0000e-01 +0.0000e+00 +0.0000e+00 +0.0000e+00 +0.0000e+00 +0.0000e+00 +0.0000e+00 +0.0000e+00 +0.0000e+00 +0.0000e+00 +0.0000e+00 +0.0000e+00 +0.0000e+00 +0.0000e+00 +0.0000e+00
11 0 +1.126808992e+02 +2.367089918e+01 +2.367089918e+01 +0.0000e+00 +0.0000e+00 +0.0000e+00 +0.0000e+00 +0.0000e+00 +0.0000e+00 +0.0000e+00 +0.0000e+00 +1.0000e-01 +0.0000e+00 +0.0000e+00 +0.0000e+00 +0.0000e+00 +0.0000e+00 +0.0000e+00 +0.0000e+00 +0.0000e+00 +0.0000e+00 +0.0000e+00 +0.0000e+00
12 0 +1.121632836e+02 +2.315328359e+01 +2.315328359e+01 +0.0000e+00 +0.0000e+00 +0.0000e+00 +0.0000e+00 +0.0000e+00 +0.0000e+00 +0.0000e+00 +0.0000e+00 +0.0000e+00 +1.0000e-01 +0.0000e+00 +0.0000e+00 +0.0000e+00 +0.0000e+00 +0.0000e+00 +0.0000e+00 +0.0000e+00 +0.0000e+00 +0.0000e+00 +0.0000e+00
23 0 +1.072769834e+02 +1.826698337e+01 +1.826698337e+01 -1.5857e-02 -4.1844e-05 -1.0819e-02 -3.2192e-05 -1.0752e-03 +9.7122e-04 -5.0564e-04 -8.0646e-03 +5.4413e-02 +1.6469e-01 -9.3292e-03 -2.8556e-02 +1.8841e-02 -2.1558e-02 -1.4034e-02 -1.2287e-02 -6.8493e-03 +2.4627e-03 +9.5214e-03 -1.4322e-02
24 0 +9.067800248e+01 +1.668002485e+00 +1.668002485e+00 -7.4724e-02 -1.9719e-04 -5.0983e-02 -1.5170e-04 -5.0666e-03 +4.5769e-03 -2.3828e-03 -3.8004e-02 +2.5642e-01 +3.9807e-01 -4.3964e-02 -1.3457e-01 +8.8789e-02 -1.0159e-01 -6.6135e-02 -5.7904e-02 -3.2277e-02 +1.1605e-02 +4.4869e-02 -6.7492e-02
29 0 +8.905398393e+01 +4.398393428e-02 +4.398393428e-02 -9.5522e-02 -2.1451e-04 -5.5462e-02 -1.6503e-04 -5.5117e-03 +4.9789e-03 -2.5921e-03 -4.1343e-02 +2.7475e-01 +4.2186e-01 -4.7826e-02 -1.4416e-01 +9.6589e-02 -1.0885e-01 -7.1944e-02 -6.2991e-02 -3.5113e-02 +1.2625e-02 +4.8811e-02 -7.3421e-02
% f evaluations | g evaluations | best noise-free fitness - Fopt (-3.352100000000e+02) + sum g_i+ | measured fitness | best measured fitness or single-digit g-values | x1 | x2...
1 0 +5.136489268e+01 -2.838451073e+02 -2.838451073e+02 +0.0000e+00 +0.0000e+00 +0.0000e+00 +0.0000e+00 +0.0000e+00 +0.0000e+00 +0.0000e+00 +0.0000e+00 +0.0000e+00 +0.0000e+00 +0.0000e+00 +0.0000e+00 +0.0000e+00 +0.0000e+00 +0.0000e+00 +0.0000e+00 +0.0000e+00 +0.0000e+00 +0.0000e+00 +0.0000e+00
3 0 +5.123808494e+01 -2.839719151e+02 -2.839719151e+02 +1.0000e-01 +0.0000e+00 +0.0000e+00 +0.0000e+00 +0.0000e+00 +0.0000e+00 +0.0000e+00 +0.0000e+00 +0.0000e+00 +0.0000e+00 +0.0000e+00 +0.0000e+00 +0.0000e+00 +0.0000e+00 +0.0000e+00 +0.0000e+00 +0.0000e+00 +0.0000e+00 +0.0000e+00 +0.0000e+00
7 0 +5.005155930e+01 -2.851584407e+02 -2.851584407e+02 +0.0000e+00 +0.0000e+00 +0.0000e+00 +0.0000e+00 +1.0000e-01 +0.0000e+00 +0.0000e+00 +0.0000e+00 +0.0000e+00 +0.0000e+00 +0.0000e+00 +0.0000e+00 +0.0000e+00 +0.0000e+00 +0.0000e+00 +0.0000e+00 +0.0000e+00 +0.0000e+00 +0.0000e+00 +0.0000e+00
% f evaluations | g evaluations | best noise-free fitness - Fopt (-1.172200000000e+02) + sum g_i+ | measured fitness | best measured fitness or single-digit g-values | x1 | x2...
1 0 +4.927502589e+01 -6.794497411e+01 -6.794497411e+01 +0.0000e+00 +0.0000e+00 +0.0000e+00 +0.0000e+00 +0.0000e+00 +0.0000e+00 +0.0000e+00 +0.0000e+00 +0.0000e+00 +0.0000e+00 +0.0000e+00 +0.0000e+00 +0.0000e+00 +0.0000e+00 +0.0000e+00 +0.0000e+00 +0.0000e+00 +0.0000e+00 +0.0000e+00 +0.0000e+00
3 0 +4.904704502e+01 -6.817295498e+01 -6.817295498e+01 +1.0000e-01 +0.0000e+00 +0.0000e+00 +0.0000e+00 +0.0000e+00 +0.0000e+00 +0.0000e+00 +0.0000e+00 +0.0000e+00 +0.0000e+00 +0.0000e+00 +0.0000e+00 +0.0000e+00 +0.0000e+00 +0.0000e+00 +0.0000e+00 +0.0000e+00 +0.0000e+00 +0.0000e+00 +0.0000e+00
9 0 +4.856267577e+01 -6.865732423e+01 -6.865732423e+01 +0.0000e+00 +0.0000e+00 +0.0000e+00 +0.0000e+00 +0.0000e+00 +0.0000e+00 +1.0000e-01 +0.0000e+00 +0.0000e+00 +0.0000e+00 +0.0000e+00 +0.0000e+00 +0.0000e+00 +0.0000e+00 +0.0000e+00 +0.0000e+00 +0.0000e+00 +0.0000e+00 +0.0000e+00 +0.0000e+00
% f evaluations | g evaluations | best noise-free fitness - Fopt (5.460000000000e+00) + sum g_i+ | measured fitness | best measured fitness or single-digit g-values | x1 | x2...
1 0 +8.602660267e+01 +9.148660267e+01 +9.148660267e+01 +0.0000e+00 +0.0000e+00 +0.0000e+00 +0.0000e+00 +0.0000e+00 +0.0000e+00 +0.0000e+00 +0.0000e+00 +0.0000e+00 +0.0000e+00 +0.0000e+00 +0.0000e+00 +0.0000e+00 +0.0000e+00 +0.0000e+00 +0.0000e+00 +0.0000e+00 +0.0000e+00 +0.0000e+00 +0.0000e+00
4 0 +8.288835221e+01 +8.834835221e+01 +8.834835221e+01 +0.0000e+00 +1.0000e-01 +0.0000e+00 +0.0000e+00 +0.0000e+00 +0.0000e+00 +0.0000e+00 +0.0000e+00 +0.0000e+00 +0.0000e+00 +0.0000e+00 +0.0000e+00 +0.0000e+00 +0.0000e+00 +0.0000e+00 +0.0000e+00 +0.0000e+00 +0.0000e+00 +0.0000e+00 +0.0000e+00
23 0 +7.755156644e+01 +8.301156644e+01 +8.301156644e+01 -4.5066e-03 +1.5601e-01 +3.7099e-03 -2.1245e-02 -1.2699e-02 +3.4803e-02 +9.5889e-04 -6.0945e-03 -2.5860e-02 +3.3836e-02 +1.7355e-02 -5.0270e-04 -1.1633e-02 -1.8402e-02 -1.7593e-02 +5.0010e-03 -2.2952e-02 +9.7336e-04 -6.0941e-04 -3.8923e-02
24 0 +5.883052484e+01 +6.429052484e+01 +6.429052484e+01 -2.2839e-02 +3.7149e-01 +1.8802e-02 -1.0767e-01 -6.4357e-02 +1.7638e-01 +4.8597e-03 -3.0887e-02 -1.3106e-01 +1.7148e-01 +8.7955e-02 -2.5477e-03 -5.8954e-02 -9.3259e-02 -8.9163e-02 +2.5345e-02 -1.1632e-01 +4.9330e-03 -3.0885e-03 -1.9726e-01
25 0 +2.514094672e+01 +3.060094672e+01 +3.060094672e+01 -8.5638e-02 +8.8765e-01 +7.0499e-02 -4.0371e-01 -2.4131e-01 +6.6135e-01 +1.8222e-02 -1.1581e-01 -4.9140e-01 +6.4298e-01 +3.2979e-01 -9.5526e-03 -2.2105e-01 -3.4968e-01 -3.3432e-01 +9.5033e-02 -4.3616e-01 +1.8497e-02 -1.1581e-02 -7.3964e-01
26 0 +2.474835670e+01 +3.020835670e+01 +3.020835670e+01 -6.5368e-02 +9.2385e-01 +9.2170e-02 -3.8630e-01 -2.2244e-01 +6.8832e-01 +3.9424e-02 -9.5813e-02 -4.7478e-01 +6.6979e-01 +3.5379e-01 +1.1400e-02 -2.0200e-01 -3.3178e-01 -3.1628e-01 +1.1692e-01 -4.1903e-01 +3.9701e-02 +9.3539e-03 -7.2524e-01
28 0 +2.417770133e+01 +2.963770133e+01 +2.963770133e+01 -7.5336e-02 +9.8770e-01 +8.6059e-02 -4.0412e-01 -2.3625e-01 +6.9680e-01 +3.2021e-02 -1.0653e-01 -5.2810e-01 +6.7782e-01 +3.5408e-01 +3.3113e-03 -2.1531e-01 -3.4827e-01 -3.3239e-01 +1.1142e-01 -4.3766e-01 +3.2305e-02 +1.2151e-03 -6.2070e-01
30 0 +2.384992152e+01 +2.930992152e+01 +2.930992152e+01 -7.6679e-02 +1.0390e+00 +8.7609e-02 -4.1136e-01 -2.4048e-01 +6.3674e-01 +3.2602e-02 -1.0843e-01 -5.4865e-01 +6.8998e-01 +3.6044e-01 +3.3780e-03 -2.1916e-01 -3.5451e-01 -3.3835e-01 +1.1342e-01 -3.9241e-01 +3.2892e-02 +1.2441e-03 -6.5130e-01
32 0 +2.339511141e+01 +2.885511141e+01 +2.885511141e+01 -6.7898e-02 +1.0858e+00 +9.8735e-02 -4.4362e-01 -2.3404e-01 +6.6270e-01 +4.2943e-02 -1.0010e-01 -5.6720e-01 +5.7305e-01 +3.7546e-01 +1.3302e-02 -2.1242e-01 -3.4969e-01 -3.3330e-01 +1.2492e-01 -4.0839e-01 +4.3237e-02 +1.1138e-02 -6.7893e-01
34 0 +2.225428400e+01 +2.771428400e+01 +2.771428400e+01 -6.3644e-02 +1.1012e+00 +1.1608e-01 -4.6491e-01 -2.4283e-01 +7.0006e-01 +5.5905e-02 -9.8377e-02 -5.9082e-01 +6.0359e-01 +4.1454e-01 +2.3935e-02 -2.1951e-01 -4.5866e-01 -3.4989e-01 +1.4432e-01 -4.2664e-01 +5.6221e-02 +2.1600e-02 -7.1293e-01
42 0 +2.179207084e+01 +2.725207084e+01 +2.725207084e+01 -2.5489e-02 +1.1252e+00 +1.0012e-01 -4.7505e-01 -1.9842e-01 +7.1727e-01 -4.5115e-02 -2.0048e-01 -6.0263e-01 +6.1896e-01 +4.2507e-01 +6.2065e-02 -1.8793e-01 -4.6735e-01 -2.8266e-01 +1.2885e-01 -4.3648e-01 +3.9228e-02 +3.1990e-02 -7.3033e-01
46 0 +2.061878610e+01 +2.607878610e+01 +2.607878610e+01 -3.3576e-02 +1.1913e+00 +1.1673e-01 -4.9578e-01 -2.0459e-01 +7.5823e-01 -2.3669e-02 -2.1901e-01 -6.2142e-01 +6.4252e-01 +4.6850e-01 +1.0468e-01 -2.0975e-01 -4.8422e-01 -2.9934e-01 +5.9913e-02 -4.4556e-01 +5.9701e-02 +4.0537e-02 -7.5425e-01
47 0 +1.741385631e+01 +2.287385631e+01 +2.287385631e+01 -6.2903e-02 +1.4280e+00 +1.5355e-01 -5.6831e-01 -2.2441e-01 +9.0348e-01 -2.4442e-02 -2.8733e-01 -6.8538e-01 +7.2232e-01 +6.2788e-01 +1.4279e-01 -2.8903e-01 -5.4291e-01 -3.5758e-01 +1.5587e-01 -4.7359e-01 +9.9656e-03 +7.2991e-02 -8.3401e-01
48 0 +1.619363506e+01 +2.165363506e+01 +2.165363506e+01 -9.1322e-02 +1.7005e+00 +2.1384e-01 -6.2475e-01 -2.5705e-01 +1.0213e+00 -3.6577e-02 -3.4990e-01 -7.3076e-01 +7.7798e-01 +6.0040e-01 +1.7089e-01 -3.5087e-01 -6.0064e-01 -1.6454e-01 +9.4548e-02 -4.8632e-01 +3.8301e-02 +9.5886e-02 -8.8650e-01
51 0 +1.540233377e+01 +2.086233377e+01 +2.086233377e+01 -1.7699e-01 +1.7745e+00 +2.1913e-01 -7.3837e-01 -3.0952e-01 +1.0293e+00 -1.0357e-01 -4.6979e-01 -8.1924e-01 +7.2597e-01 +7.1417e-01 +1.4255e-01 -4.7281e-01 -8.3202e-01 -3.4794e-01 -1.8583e-02 -5.5567e-01 +1.0931e-02 +6.2400e-02 -9.8733e-01
54 0 +1.503964129e+01 +2.049964129e+01 +2.049964129e+01 -1.6831e-01 +1.7674e+00 +2.3834e-01 -7.3606e-01 -2.8828e-01 +1.1279e+00 -8.7135e-02 -4.7751e-01 -9.0342e-01 +7.4858e-01 +7.8855e-01 +1.7835e-01 -4.8010e-01 -8.4554e-01 -3.4023e-01 +7.3046e-02 -4.6515e-01 -1.9823e-02 +9.5698e-02 -1.1216e+00
56 0 +1.478511733e+01 +2.024511733e+01 +2.024511733e+01 -1.6327e-01 +1.7400e+00 +2.4998e-01 -7.8633e-01 -2.7951e-01 +1.2286e+00 -8.0854e-02 -4.7595e-01 -8.8373e-01 +7.1409e-01 +8.0744e-01 +1.8903e-01 -4.7797e-01 -8.3955e-01 -3.3632e-01 +8.0173e-02 -5.2571e-01 -1.3578e-02 +1.0583e-01 -1.0915e+00
62 0 +1.439385134e+01 +1.985385134e+01 +1.985385134e+01 -1.7955e-01 +1.7626e+00 +2.8631e-01 -8.0490e-01 -2.2260e-01 +1.2297e+00 -1.2917e-01 -4.9915e-01 -8.6719e-01 +7.2883e-01 +8.7813e-01 +2.4040e-01 -4.9693e-01 -7.8494e-01 -3.2769e-01 +3.2138e-02 -5.0983e-01 -9.4995e-02 +9.3991e-02 -1.0674e+00
68 0 +1.377672228e+01 +1.923672228e+01 +1.923672228e+01 -1.6988e-01 +1.8062e+00 +2.9544e-01 -8.1875e-01 -2.6730e-01 +1.2721e+00 -2.2685e-01 -5.3274e-01 -8.4256e-01 +7.1459e-01 +9.3884e-01 +3.4235e-01 -5.8643e-01 -8.0818e-01 -3.0737e-01 +3.5492e-02 -4.9387e-01 -6.2688e-02 +2.3190e-01 -1.0403e+00
69 0 +1.346219132e+01 +1.892219132e+01 +1.892219132e+01 -1.8474e-01 +1.8025e+00 +3.1643e-01 -8.2529e-01 -2.4388e-01 +1.2932e+00 -2.3382e-01 -5.5400e-01 -8.2457e-01 +7.0419e-01 +1.0052e+00 +3.5805e-01 -6.0843e-01 -8.1932e-01 -3.3916e-01 +5.2923e-02 -4.8579e-01 -6.2604e-02 +2.5174e-01 -1.0224e+00
71 0 +1.298136037e+01 +1.844136037e+01 +1.844136037e+01 -2.3668e-01 +1.8323e+00 +3.4996e-01 -8.6624e-01 -2.3094e-01 +1.3594e+00 -2.6560e-01 -6.2290e-01 -7.9678e-01 +6.9929e-01 +1.0856e+00 +3.7594e-01 -6.8127e-01 -8.0360e-01 -3.3820e-01 +6.8882e-02 -4.9376e-01 -7.6225e-02 +2.7762e-01 -1.0361e+00
72 0 +1.277994293e+01 +1.823994293e+01 +1.823994293e+01 -2.3528e-01 +1.8464e+00 +3.7473e-01 -8.5552e-01 -2.0304e-01 +1.3892e+00 -2.5926e-01 -6.2438e-01 -7.5907e-01 +7.0643e-01 +1.1201e+00 +3.9897e-01 -6.8278e-01 -7.7769e-01 -3.1018e-01 +9.9088e-02 -4.7389e-01 -6.6724e-02 +3.0456e-01 -1.0120e+00
73 0 +1.258499591e+01 +1.804499591e+01 +1.804499591e+01 -2.2514e-01 +1.8525e+00 +3.8901e-01 -8.5643e-01 -1.9100e-01 +1.4178e+00 -2.6429e-01 -6.2577e-01 -7.3849e-01 +6.8954e-01 +1.1812e+00 +4.2201e-01 -7.0204e-01 -8.2273e-01 -2.8786e-01 +8.3679e-02 -4.7287e-01 -8.8906e-02 +3.1245e-01 -1.0118e+00
76 0 +1.226066703e+01 +1.772066703e+01 +1.772066703e+01 -2.1338e-01 +1.8702e+00 +4.2726e-01 -8.7823e-01 -1.2408e-01 +1.4469e+00 -3.2901e-01 -6.6506e-01 -6.5428e-01 +6.6192e-01 +1.1786e+00 +4.5432e-01 -7.8408e-01 -8.4505e-01 -3.4035e-01 +1.1501e-01 -4.8782e-01 -1.3098e-01 +3.4074e-01 -9.3520e-01
79 0 +1.194488854e+01 +1.740488854e+01 +1.740488854e+01 -2.4856e-01 +1.8836e+00 +4.7183e-01 -8.2524e-01 -1.1589e-01 +1.4711e+00 -3.4995e-01 -7.0979e-01 -6.1028e-01 +6.9931e-01 +1.2351e+00 +4.5709e-01 -8.3084e-01 -8.4387e-01 -3.7407e-01 +2.0100e-02 -4.3727e-01 -6.6897e-02 +3.5394e-01 -9.0862e-01
83 0 +1.164208003e+01 +1.710208003e+01 +1.710208003e+01 -3.3391e-01 +1.9040e+00 +4.9628e-01 -8.2883e-01 -9.3716e-02 +1.4615e+00 -3.6317e-01 -7.3964e-01 -5.7435e-01 +6.3051e-01 +1.3043e+00 +5.0058e-01 -8.7491e-01 -8.8639e-01 -3.6817e-01 +6.8639e-02 -4.1202e-01 +7.3287e-03 +3.8642e-01 -9.1208e-01
86 0 +1.143874364e+01 +1.689874364e+01 +1.689874364e+01 -3.0955e-01 +1.9785e+00 +4.9572e-01 -8.5907e-01 -1.1639e-01 +1.5325e+00 -3.5650e-01 -7.3679e-01 -5.4691e-01 +6.5016e-01 +1.3311e+00 +5.0446e-01 -9.3680e-01 -9.0598e-01 -3.6587e-01 +7.7176e-02 -4.2184e-01 +6.1153e-02 +4.1196e-01 -9.0391e-01
88 0 +1.117445665e+01 +1.663445665e+01 +1.663445665e+01 -3.7013e-01 +1.9979e+00 +4.9849e-01 -8.7719e-01 -1.0342e-01 +1.5757e+00 -3.9489e-01 -7.4489e-01 -5.1125e-01 +6.6466e-01 +1.3781e+00 +5.0689e-01 -9.2748e-01 -9.0937e-01 -3.5731e-01 +4.9078e-02 -4.3518e-01 +4.1465e-02 +5.1841e-01 -8.9001e-01
90 0 +1.094000504e+01 +1.640000504e+01 +1.640000504e+01 -4.1883e-01 +2.0188e+00 +5.9177e-01 -8.9680e-01 -1.1502e-01 +1.6252e+00 -4.0186e-01 -7.6991e-01 -4.6392e-01 +6.7675e-01 +1.4377e+00 +5.2326e-01 -9.4095e-01 -9.1154e-01 -3.4908e-01 +5.2805e-02 -4.4664e-01 +2.9793e-02 +5.0750e-01 -8.6641e-01
92 0 +1.061964711e+01 +1.607964711e+01 +1.607964711e+01 -4.3322e-01 +2.0395e+00 +6.2176e-01 -8.8803e-01 -5.6843e-02 +1.6559e+00 -3.9394e-01 -7.6419e-01 -4.0831e-01 +6.8966e-01 +1.5046e+00 +5.6663e-01 -9.6172e-01 -9.6145e-01 -3.3879e-01 +3.3780e-02 -4.4124e-01 +6.2043e-02 +5.5841e-01 -7.9383e-01
93 0 +1.043569726e+01 +1.589569726e+01 +1.589569726e+01 -4.6159e-01 +2.0494e+00 +6.2830e-01 -9.0732e-01 -4.3795e-02 +1.6703e+00 -4.0642e-01 -7.8383e-01 -3.7941e-01 +6.8945e-01 +1.5402e+00 +5.7727e-01 -9.9856e-01 -1.0079e+00 -3.5752e-01 +5.1281e-04 -4.5950e-01 +6.7367e-02 +5.7279e-01 -7.9153e-01
95 0 +9.658845033e+00 +1.511884503e+01 +1.511884503e+01 -5.6673e-01 +2.0541e+00 +7.4582e-01 -9.3220e-01 +1.0352e-01 +1.8214e+00 -3.9737e-01 -8.3621e-01 -2.8253e-01 +7.8686e-01 +1.7520e+00 +6.9622e-01 -1.1145e+00 -1.0348e+00 -3.7133e-01 -4.7993e-02 -4.6195e-01 +2.0220e-01 +7.3855e-01 -8.8581e-01
96 0 +9.119988262e+00 +1.457998826e+01 +1.457998826e+01 -6.8669e-01 +2.0582e+00 +6.7063e-01 -9.5192e-01 +3.0086e-02 +1.8388e+00 -3.1805e-01 -9.0130e-01 -1.1715e-01 +8.1217e-01 +1.9935e+00 +6.9646e-01 -1.2078e+00 -1.0251e+00 -2.9311e-01 -1.0909e-01 -4.7690e-01 +2.6221e-01 +8.0102e-01 -7.8253e-01
97 0 +8.718804004e+00 +1.417880400e+01 +1.417880400e+01 -8.1047e-01 +2.0819e+00 +6.5983e-01 -1.0007e+00 +8.5642e-02 +2.0367e+00 -3.5935e-01 -9.5721e-01 +3.1345e-02 +8.0431e-01 +2.0286e+00 +7.1484e-01 -1.2869e+00 -1.1329e+00 -3.0205e-01 -1.2314e-01 -2.6215e-01 +2.4611e-01 +8.4524e-01 -7.1639e-01
98 0 +8.237684507e+00 +1.369768451e+01 +1.369768451e+01 -9.9769e-01 +2.2729e+00 +7.1388e-01 -1.0278e+00 +1.0989e-01 +2.0493e+00 -3.1294e-01 -9.4486e-01 +7.7953e-02 +8.7147e-01 +2.0621e+00 +7.0320e-01 -1.1571e+00 -1.2638e+00 -2.5495e-01 -2.3257e-01 -2.8860e-01 +4.0360e-01 +8.5807e-01 -7.1795e-01
99 0 +7.814036301e+00 +1.327403630e+01 +1.327403630e+01 -1.1109e+00 +2.4236e+00 +7.3219e-01 -1.0648e+00 +2.0918e-01 +2.0732e+00 -3.1328e-01 -9.8222e-01 +2.1707e-01 +9.3424e-01 +2.1868e+00 +7.7795e-01 -1.2172e+00 -1.3955e+00 -2.2993e-01 -1.0951e-01 -4.1905e-01 +3.6798e-01 +9.5965e-01 -6.8402e-01
100 0 +7.673239216e+00 +1.313323922e+01 +1.313323922e+01 -1.0715e+00 +2.4770e+00 +8.7007e-01 -9.7766e-01 +2.4292e-01 +2.1179e+00 -2.3647e-01 -1.1804e+00 +2.9442e-01 +8.0847e-01 +2.1944e+00 +6.3981e-01 -1.2428e+00 -1.4514e+00 -2.0541e-01 -1.8041e-01 -4.5898e-01 +4.2746e-01 +1.1166e+00 -6.6025e-01
% f evaluations | g evaluations | best noise-free fitness - Fopt (5.212000000000e+01) + sum g_i+ | measured fitness | best measured fitness or single-digit g-values | x1 | x2...
1 0 +7.072092587e+01 +1.228409259e+02 +1.228409259e+02 +0.0000e+00 +0.0000e+00 +0.0000e+00 +0.0000e+00 +0.0000e+00 +0.0000e+00 +0.0000e+00 +0.0000e+00 +0.0000e+00 +0.0000e+00 +0.0000e+00 +0.0000e+00 +0.0000e+00 +0.0000e+00 +0.0000e+00 +0.0000e+00 +0.0000e+00 +0.0000e+00 +0.0000e+00 +0.0000e+00
5 0 +6.952324926e+01 +1.216432493e+02 +1.216432493e+02 +0.0000e+00 +0.0000e+00 +1.0000e-01 +0.0000e+00 +0.0000e+00 +0.0000e+00 +0.0000e+00 +0.0000e+00 +0.0000e+00 +0.0000e+00 +0.0000e+00 +0.0000e+00 +0.0000e+00 +0.0000e+00 +0.0000e+00 +0.0000e+00 +0.0000e+00 +0.0000e+00 +0.0000e+00 +0.0000e+00
23 0 +6.639998524e+01 +1.185199852e+02 +1.185199852e+02 -1.8967e-02 -1.7619e-02 +1.3646e-01 +1.2154e-02 -2.5785e-02 -2.0998e-02 -2.0951e-02 -1.4877e-03 +2.4503e-02 -8.7162e-03 +1.3119e-02 -4.8187e-02 -2.4953e-02 -8.8061e-04 -3.9074e-02 +1.2297e-02 +1.0889e-02 -6.8342e-03 -2.5015e-02 -6.5307e-03
24 0 +5.561082446e+01 +1.077308245e+02 +1.077308245e+02 -8.4936e-02 -7.7972e-02 +3.0147e-01 +7.5860e-02 -1.2017e-01 -9.5434e-02 -9.5188e-02 +5.3756e-03 +1.3967e-01 -3.1973e-02 +8.0845e-02 -2.3592e-01 -1.1587e-01 +8.5124e-03 -1.8883e-01 +7.6601e-02 +6.9323e-02 -2.2249e-02 -1.1619e-01 -2.0681e-02
25 0 +3.976065548e+01 +9.188065548e+01 +9.188065548e+01 -1.7920e-01 -1.4996e-01 +1.1237e+00 +4.9611e-01 -3.2717e-01 -2.2329e-01 -2.2226e-01 +2.0009e-01 +7.6409e-01 +4.3232e-02 +5.1705e-01 -8.1329e-01 -3.0911e-01 +2.1327e-01 -6.1553e-01 +4.9923e-01 +4.6866e-01 +8.4072e-02 -3.1045e-01 +9.0657e-02
26 0 +2.878024572e+01 +8.090024572e+01 +8.090024572e+01 -5.6679e-01 -5.2383e-01 +7.0145e-01 +4.2525e-01 -7.8416e-01 -6.3156e-01 -6.3004e-01 -9.6073e-03 +8.1891e-01 -2.4003e-01 +4.5601e-01 -1.4983e+00 -7.5763e-01 +9.7452e-03 -1.2078e+00 +4.2982e-01 +3.8492e-01 -1.8004e-01 -7.5959e-01 -1.7037e-01
27 0 +2.760872312e+01 +7.972872312e+01 +7.972872312e+01 -7.0995e-01 -6.6251e-01 +1.1631e+00 +3.8554e-01 -9.4999e-01 -7.8148e-01 -7.7980e-01 -9.4666e-02 +8.2024e-01 -3.4912e-01 +4.1950e-01 -9.1275e-01 -9.2069e-01 -7.3295e-02 -1.4178e+00 +3.9059e-01 +3.4100e-01 -2.8287e-01 -9.2286e-01 -2.7219e-01
32 0 +2.752236436e+01 +7.964236436e+01 +7.964236436e+01 -6.8979e-01 -6.4234e-01 +1.1641e+00 +4.0570e-01 -9.5027e-01 -7.6131e-01 -7.5963e-01 -7.4501e-02 +7.1063e-01 -3.2896e-01 +4.3967e-01 -9.1345e-01 -1.0713e+00 -5.3130e-02 -1.4183e+00 +4.1075e-01 +3.6117e-01 -2.6271e-01 -9.2312e-01 -2.5202e-01
34 0 +2.655657428e+01 +7.867657428e+01 +7.867657428e+01 -7.0835e-01 -6.5874e-01 +1.2295e+00 +4.3699e-01 -9.8263e-01 -7.1251e-01 -8.5218e-01 -6.5064e-02 +5.9898e-01 -3.3110e-01 +4.7250e-01 -9.7811e-01 -9.8301e-01 -4.2721e-02 -1.4775e+00 +4.4227e-01 +3.9043e-01 -2.6183e-01 -9.5545e-01 -2.5066e-01
35 0 +2.615511644e+01 +7.827511644e+01 +7.827511644e+01 -7.2868e-01 -6.7822e-01 +1.2548e+00 +4.3644e-01 -9.9529e-01 -6.5237e-01 -8.0208e-01 -7.4284e-02 +6.1278e-01 -3.4491e-01 +4.7256e-01 -1.0033e+00 -9.9226e-01 -5.1556e-02 -1.5007e+00 +4.4181e-01 +3.8908e-01 -2.7445e-01 -9.6810e-01 -2.6309e-01
39 0 +2.569704993e+01 +7.781704993e+01 +7.781704993e+01 -6.8197e-01 -6.3049e-01 +1.3009e+00 +4.2495e-01 -1.0184e+00 -6.5235e-01 -8.2021e-01 -1.0172e-01 +6.3783e-01 -2.2841e-01 +4.6220e-01 -1.0493e+00 -1.0091e+00 -7.8286e-02 -1.5431e+00 +4.3049e-01 +3.7611e-01 -3.1375e-01 -9.9125e-01 -2.9643e-01
41 0 +2.496977921e+01 +7.708977921e+01 +7.708977921e+01 -6.8947e-01 -6.3567e-01 +1.3187e+00 +4.1394e-01 -1.0274e+00 -6.5228e-01 -8.2727e-01 -1.4128e-01 +6.4746e-01 -2.2719e-01 +4.5164e-01 -1.0672e+00 -1.0157e+00 -9.5273e-02 -1.5595e+00 +4.1955e-01 +3.6452e-01 -3.1799e-01 -1.0003e+00 -1.6579e-01
46 0 +2.424251943e+01 +7.636251943e+01 +7.636251943e+01 -7.1036e-01 -6.5633e-01 +1.2670e+00 +4.9194e-01 -1.0495e+00 -6.7353e-01 -8.4851e-01 -1.5909e-01 +6.3423e-01 -2.4627e-01 +4.6449e-01 -1.0932e+00 -1.0376e+00 -9.4935e-02 -1.5840e+00 +3.5619e-01 +2.5954e-01 -3.3674e-01 -1.0222e+00 -1.8449e-01
47 0 +2.326571688e+01 +7.538571688e+01 +7.538571688e+01 -7.3440e-01 -6.6820e-01 +1.2724e+00 +4.7899e-01 -1.0664e+00 -6.4164e-01 -8.6456e-01 -1.7313e-01 +6.1519e-01 -2.3770e-01 +4.9805e-01 -1.1128e+00 -1.0400e+00 -1.1727e-01 -1.6173e+00 +3.3516e-01 +2.2739e-01 -3.6953e-01 -1.0410e+00 -1.5508e-01
48 0 +1.979397870e+01 +7.191397870e+01 +7.191397870e+01 -8.2741e-01 -7.1158e-01 +1.3076e+00 +4.3011e-01 -1.1297e+00 -5.0609e-01 -9.2487e-01 -2.2595e-01 +5.4096e-01 -1.9787e-01 +6.3854e-01 -1.1864e+00 -1.0446e+00 -2.0400e-01 -1.7474e+00 +2.5326e-01 +1.0012e-01 -4.9876e-01 -1.1125e+00 -3.0222e-02
49 0 +1.152524024e+01 +6.364524024e+01 +6.364524024e+01 -1.1284e+00 -8.0486e-01 +1.6854e+00 +2.9403e-01 -1.3015e+00 +1.5481e-01 -1.0871e+00 -3.6955e-01 +2.9020e-01 +5.2653e-02 +1.2877e+00 -1.3865e+00 -9.6982e-01 -4.9055e-01 -2.1911e+00 -2.1668e-02 -3.6457e-01 -9.5999e-01 -1.3188e+00 +5.7619e-01
51 0 +1.139976118e+01 +6.351976118e+01 +6.351976118e+01 -1.0709e+00 -8.3707e-01 +1.8054e+00 +2.7621e-01 -1.3444e+00 +7.5279e-02 -1.1665e+00 -3.9475e-01 +2.8616e-01 +2.3546e-02 +1.2704e+00 -1.2214e+00 -1.0121e+00 -5.1542e-01 -2.2442e+00 -3.9410e-02 -3.8307e-01 -9.8807e-01 -1.3611e+00 +5.4827e-01
54 0 +1.107851200e+01 +6.319851200e+01 +6.319851200e+01 -6.6960e-01 -8.8934e-01 +1.6714e+00 +2.6887e-01 -1.4113e+00 -4.5304e-02 -1.4882e+00 -4.7134e-01 +2.1901e-01 +4.4636e-02 +1.3762e+00 -1.6078e+00 -1.0559e+00 -4.7223e-01 -2.3712e+00 -5.4725e-01 -3.5894e-01 -1.1417e+00 -1.4739e+00 +6.5626e-01
56 0 +1.080910689e+01 +6.292910689e+01 +6.292910689e+01 -6.9237e-01 -8.9281e-01 +1.6981e+00 +2.0903e-01 -1.4278e+00 -2.0279e-02 -1.4834e+00 -5.2068e-01 +1.8106e-01 +5.2604e-02 +1.3589e+00 -1.6292e+00 -1.0491e+00 -5.3638e-01 -2.3957e+00 -6.2577e-01 -4.4232e-01 -9.1688e-01 -1.5029e+00 +6.3090e-01
61 0 +1.062846250e+01 +6.274846250e+01 +6.274846250e+01 -6.9142e-01 -8.8518e-01 +1.6890e+00 +2.5667e-01 -1.4456e+00 -7.2513e-04 -1.4731e+00 -5.4814e-01 +1.1322e-01 +6.3098e-02 +1.3924e+00 -1.6244e+00 -1.1221e+00 -4.9120e-01 -2.3859e+00 -6.1851e-01 -4.7767e-01 -9.1776e-01 -1.5052e+00 +5.9358e-01
66 0 +1.023206337e+01 +6.235206337e+01 +6.235206337e+01 -7.0747e-01 -9.0179e-01 +1.7541e+00 +3.2797e-01 -1.4475e+00 +4.8355e-02 -1.4945e+00 -5.5480e-01 +9.4663e-02 +9.9887e-02 +1.3955e+00 -1.6342e+00 -1.1087e+00 -5.1238e-01 -2.3913e+00 -6.2762e-01 -5.2436e-01 -9.2473e-01 -1.5183e+00 +6.5473e-01
69 0 +9.905927213e+00 +6.202592721e+01 +6.202592721e+01 -7.2958e-01 -9.1716e-01 +1.7671e+00 +3.3702e-01 -1.4483e+00 +1.0642e-01 -1.5156e+00 -5.3920e-01 +4.0747e-02 +2.5033e-02 +1.4676e+00 -1.6269e+00 -1.0971e+00 -5.6783e-01 -2.3934e+00 -6.4345e-01 -5.1200e-01 -9.3381e-01 -1.5296e+00 +6.5337e-01
70 0 +9.529582360e+00 +6.164958236e+01 +6.164958236e+01 -7.4840e-01 -9.4512e-01 +1.8071e+00 +3.4988e-01 -1.4470e+00 +1.3459e-01 -1.5507e+00 -5.6231e-01 +7.7014e-04 +2.4775e-02 +1.5035e+00 -1.6311e+00 -1.0987e+00 -5.6360e-01 -2.3778e+00 -6.4512e-01 -5.2018e-01 -9.1953e-01 -1.5445e+00 +6.8298e-01
71 0 +8.935439821e+00 +6.105543982e+01 +6.105543982e+01 -8.5585e-01 -9.6710e-01 +1.7800e+00 +4.1983e-01 -1.3823e+00 +3.0755e-01 -1.5329e+00 -5.8166e-01 -8.7704e-02 +6.6236e-02 +1.6441e+00 -1.8310e+00 -1.0427e+00 -5.1591e-01 -2.2634e+00 -6.5663e-01 -5.1026e-01 -8.4096e-01 -1.5209e+00 +7.9603e-01
72 0 +7.781145096e+00 +5.990114510e+01 +5.990114510e+01 -9.0254e-01 -1.0618e+00 +1.9020e+00 +4.7314e-01 -1.4541e+00 +4.3903e-01 -1.6640e+00 -6.6496e-01 -2.4693e-01 +8.2421e-02 +1.7861e+00 -1.7443e+00 -1.0300e+00 -4.8636e-01 -2.3329e+00 -6.7660e-01 -5.3322e-01 -7.8435e-01 -1.5659e+00 +9.3457e-01
73 0 +6.978132100e+00 +5.909813210e+01 +5.909813210e+01 -8.8969e-01 -1.2123e+00 +2.1263e+00 +4.6874e-01 -1.4360e+00 +5.7914e-01 -1.6792e+00 -7.8552e-01 -2.7474e-01 +3.1766e-02 +1.8910e+00 -1.7746e+00 -1.1420e+00 -5.3228e-01 -2.2598e+00 -7.0159e-01 -6.0683e-01 -7.9932e-01 -1.6522e+00 +9.9132e-01
74 0 +6.555293589e+00 +5.867529359e+01 +5.867529359e+01 -8.7072e-01 -1.4311e+00 +2.1674e+00 +6.7907e-01 -1.4339e+00 +5.7204e-01 -1.7930e+00 -7.9678e-01 -4.2042e-01 -3.4519e-02 +1.8239e+00 -1.7922e+00 -1.0899e+00 -5.6135e-01 -2.1950e+00 -6.6819e-01 -5.6682e-01 -7.0090e-01 -1.6882e+00 +9.6291e-01
75 0 +5.992793870e+00 +5.811279387e+01 +5.811279387e+01 -9.5654e-01 -1.2347e+00 +2.3648e+00 +7.4276e-01 -1.4401e+00 +5.8114e-01 -1.9803e+00 -8.7123e-01 -5.3497e-01 -8.6166e-02 +1.8709e+00 -1.8565e+00 -1.0822e+00 -5.7366e-01 -2.1683e+00 -6.4202e-01 -5.7049e-01 -6.7761e-01 -1.7640e+00 +9.7721e-01
78 0 +5.657439681e+00 +5.777743968e+01 +5.777743968e+01 -1.0147e+00 -1.2384e+00 +2.4100e+00 +9.1909e-01 -1.5318e+00 +8.2839e-01 -2.0076e+00 -9.3075e-01 -6.4686e-01 -1.1679e-01 +2.0080e+00 -1.8316e+00 -1.1074e+00 -7.5903e-01 -2.2775e+00 -7.3084e-01 -5.8974e-01 -6.7420e-01 -1.8123e+00 +1.0262e+00
79 0 +5.494275526e+00 +5.761427553e+01 +5.761427553e+01 -1.0098e+00 -1.2424e+00 +2.3897e+00 +8.8302e-01 -1.5359e+00 +8.3289e-01 -2.0163e+00 -9.2985e-01 -7.6080e-01 -1.2571e-01 +2.0573e+00 -1.8244e+00 -1.2362e+00 -7.2345e-01 -2.2635e+00 -7.0804e-01 -5.4215e-01 -6.3587e-01 -1.8190e+00 +1.0109e+00
81 0 +5.327936154e+00 +5.744793615e+01 +5.744793615e+01 -1.0315e+00 -1.2541e+00 +2.4029e+00 +8.9790e-01 -1.5398e+00 +8.5044e-01 -2.0243e+00 -9.5845e-01 -7.7588e-01 -1.3172e-01 +2.0579e+00 -1.8343e+00 -1.2476e+00 -6.7748e-01 -2.2566e+00 -6.9819e-01 -5.6863e-01 -6.0925e-01 -1.8236e+00 +1.0710e+00
82 0 +5.215325854e+00 +5.733532585e+01 +5.733532585e+01 -1.0589e+00 -1.2828e+00 +2.4368e+00 +8.8753e-01 -1.5410e+00 +8.7044e-01 -2.0540e+00 -9.3563e-01 -8.0114e-01 -7.4508e-02 +2.0755e+00 -1.8482e+00 -1.2439e+00 -6.6002e-01 -2.2504e+00 -6.9540e-01 -5.8873e-01 -6.0431e-01 -1.8359e+00 +1.0701e+00
87 0 +5.125661136e+00 +5.724566114e+01 +5.724566114e+01 -1.0959e+00 -1.3239e+00 +2.4821e+00 +8.0872e-01 -1.5257e+00 +8.5406e-01 -2.0446e+00 -9.5913e-01 -8.7716e-01 -1.2012e-01 +2.1331e+00 -1.8777e+00 -1.1729e+00 -7.0605e-01 -2.2429e+00 -6.8162e-01 -5.7018e-01 -5.6637e-01 -1.7825e+00 +1.1339e+00
92 0 +4.955491630e+00 +5.707549163e+01 +5.707549163e+01 -1.0614e+00 -1.3388e+00 +2.5202e+00 +7.8760e-01 -1.5149e+00 +8.4799e-01 -2.0734e+00 -9.6103e-01 -9.2225e-01 -1.1546e-01 +2.1090e+00 -1.7787e+00 -1.1595e+00 -6.9326e-01 -2.2801e+00 -6.6548e-01 -5.4914e-01 -6.1668e-01 -1.8486e+00 +1.1999e+00
93 0 +4.767874121e+00 +5.688787412e+01 +5.688787412e+01 -1.0805e+00 -1.3606e+00 +2.5702e+00 +7.9773e-01 -1.5092e+00 +8.4278e-01 -2.0962e+00 -9.8201e-01 -9.4857e-01 -1.2133e-01 +2.1060e+00 -1.7706e+00 -1.1996e+00 -6.9984e-01 -2.2766e+00 -6.4577e-01 -5.8481e-01 -6.0646e-01 -1.8745e+00 +1.2251e+00
94 0 +4.586456246e+00 +5.670645625e+01 +5.670645625e+01 -1.1160e+00 -1.3574e+00 +2.5806e+00 +8.2441e-01 -1.5118e+00 +8.3067e-01 -2.1320e+00 -9.8205e-01 -9.9768e-01 -1.1158e-01 +2.1033e+00 -1.7547e+00 -1.2107e+00 -6.9215e-01 -2.2925e+00 -6.2155e-01 -6.0632e-01 -5.8118e-01 -1.8892e+00 +1.2621e+00
95 0 +4.450276211e+00 +5.657027621e+01 +5.657027621e+01 -1.1488e+00 -1.3240e+00 +2.6063e+00 +8.0036e-01 -1.5123e+00 +8.3816e-01 -2.1390e+00 -9.9354e-01 -1.0105e+00 -9.4624e-02 +2.1279e+00 -1.7408e+00 -1.2444e+00 -6.8456e-01 -2.3117e+00 -6.1126e-01 -6.4180e-01 -5.8310e-01 -1.9037e+00 +1.3062e+00
96 0 +4.293942560e+00 +5.641394256e+01 +5.641394256e+01 -1.1700e+00 -1.3710e+00 +2.6127e+00 +8.0941e-01 -1.5113e+00 +8.4427e-01 -2.1415e+00 -9.9723e-01 -1.0414e+00 -7.9779e-02 +2.1341e+00 -1.7156e+00 -1.2760e+00 -6.7975e-01 -2.3251e+00 -5.9482e-01 -6.7647e-01 -5.6579e-01 -1.9170e+00 +1.3527e+00
97 0 +4.194014642e+00 +5.631401464e+01 +5.631401464e+01 -1.1773e+00 -1.3801e+00 +2.6333e+00 +8.0085e-01 -1.5312e+00 +8.6920e-01 -2.1486e+00 -1.0115e+00 -1.0711e+00 -8.2883e-02 +2.1100e+00 -1.7448e+00 -1.2851e+00 -6.6806e-01 -2.3684e+00 -5.4148e-01 -6.8620e-01 -5.6235e-01 -1.9419e+00 +1.3633e+00
98 0 +4.062907016e+00 +5.618290702e+01 +5.618290702e+01 -1.1823e+00 -1.3816e+00 +2.6933e+00 +8.2657e-01 -1.5274e+00 +8.7511e-01 -2.1617e+00 -1.0170e+00 -1.1041e+00 -7.7377e-02 +2.1261e+00 -1.7266e+00 -1.3020e+00 -6.4153e-01 -2.3770e+00 -5.2625e-01 -6.9613e-01 -5.2794e-01 -1.9574e+00 +1.3940e+00
99 0 +3.968642918e+00 +5.608864292e+01 +5.608864292e+01 -1.2327e+00 -1.3868e+00 +2.7162e+00 +8.1881e-01 -1.5224e+00 +8.7476e-01 -2.1649e+00 -1.0052e+00 -1.1451e+00 -7.1950e-02 +2.1260e+00 -1.6882e+00 -1.3367e+00 -6.6583e-01 -2.3804e+00 -4.9412e-01 -6.8983e-01 -5.2465e-01 -1.9726e+00 +1.3749e+00
100 0 +3.839236066e+00 +5.595923607e+01 +5.595923607e+01 -1.2218e+00 -1.3959e+00 +2.7260e+00 +8.1658e-01 -1.5218e+00 +8.5530e-01 -2.2144e+00 -1.0090e+00 -1.1948e+00 -6.0579e-02 +2.1470e+00 -1.6956e+00 -1.3710e+00 -6.8378e-01 -2.3947e+00 -4.8613e-01 -7.1771e-01 -5.2392e-01 -1.9986e+00 +1.3979e+00
101 0 +3.730574420e+00 +5.585057442e+01 +5.585057442e+01 -1.2558e+00 -1.4050e+00 +2.7594e+00 +8.4623e-01 -1.5253e+00 +8.6797e-01 -2.2407e+00 -1.0183e+00 -1.2009e+00 -5.2268e-02 +2.1454e+00 -1.6836e+00 -1.3516e+00 -7.2235e-01 -2.4163e+00 -4.8011e-01 -7.5932e-01 -5.3141e-01 -2.0211e+00 +1.4279e+00
% f evaluations | g evaluations | best noise-free fitness - Fopt (4.120000000000e+00) + sum g_i+ | measured fitness | best measured fitness or single-digit g-values | x1 | x2...
1 0 +5.068979647e+01 +5.480979647e+01 +5.480979647e+01 +0.0000e+00 +0.0000e+00 +0.0000e+00 +0.0000e+00 +0.0000e+00 +0.0000e+00 +0.0000e+00 +0.0000e+00 +0.0000e+00 +0.0000e+00 +0.0000e+00 +0.0000e+00 +0.0000e+00 +0.0000e+00 +0.0000e+00 +0.0000e+00 +0.0000e+00 +0.0000e+00 +0.0000e+00 +0.0000e+00
3 0 +5.025995337e+01 +5.437995337e+01 +5.437995337e+01 +1.0000e-01 +0.0000e+00 +0.0000e+00 +0.0000e+00 +0.0000e+00 +0.0000e+00 +0.0000e+00 +0.0000e+00 +0.0000e+00 +0.0000e+00 +0.0000e+00 +0.0000e+00 +0.0000e+00 +0.0000e+00 +0.0000e+00 +0.0000e+00 +0.0000e+00 +0.0000e+00 +0.0000e+00 +0.0000e+00
16 0 +4.999466085e+01 +5.411466085e+01 +5.411466085e+01 +0.0000e+00 +0.0000e+00 +0.0000e+00 +0.0000e+00 +0.0000e+00 +0.0000e+00 +0.0000e+00 +0.0000e+00 +0.0000e+00 +0.0000e+00 +0.0000e+00 +0.0000e+00 +0.0000e+00 +1.0000e-01 +0.0000e+00 +0.0000e+00 +0.0000e+00 +0.0000e+00 +0.0000e+00 +0.0000e+00
23 0 +4.847704054e+01 +5.259704054e+01 +5.259704054e+01 +2.7637e-02 -4.7532e-03 -2.5843e-02 -2.0194e-02 +2.5216e-02 +9.3075e-03 -3.6052e-02 +6.4867e-03 -4.6938e-04 +3.1595e-03 +1.6987e-03 +8.0870e-03 +3.1602e-02 +1.4469e-01 -2.0537e-02 -1.8264e-02 +2.6641e-02 +4.9879e-03 +2.3907e-02 +3.0618e-02
24 0 +4.304649120e+01 +4.716649120e+01 +4.716649120e+01 +1.3901e-01 -2.3907e-02 -1.2998e-01 -1.0157e-01 +1.2683e-01 +4.6814e-02 -1.8133e-01 +3.2626e-02 -2.3608e-03 +1.5891e-02 +8.5441e-03 +4.0676e-02 +1.5895e-01 +3.1804e-01 -1.0330e-01 -9.1865e-02 +1.3400e-01 +2.5088e-02 +1.2025e-01 +1.5400e-01
25 0 +3.148051291e+01 +3.560051291e+01 +3.560051291e+01 +3.3249e-01 -3.1254e-01 -7.3253e-01 -6.2003e-01 +2.8428e-01 -3.2528e-02 -9.3585e-01 -8.8701e-02 -2.2723e-01 -1.5496e-01 -1.8405e-01 -5.6832e-02 +4.1145e-01 +9.1806e-01 -6.2687e-01 -5.8161e-01 +3.1266e-01 -1.1855e-01 +2.5822e-01 +3.9186e-01
26 0 +2.534774981e+01 +2.946774981e+01 +2.946774981e+01 +8.9384e-01 -2.0066e-01 -9.1330e-01 -7.2242e-01 +8.1204e-01 +2.7447e-01 -1.2583e+00 +1.7915e-01 -5.5901e-02 +6.6724e-02 +1.7361e-02 +2.3323e-01 +1.0278e+00 +1.1560e+00 -7.3401e-01 -6.5722e-01 +8.6019e-01 +1.2851e-01 +7.6782e-01 +9.9458e-01
27 0 +2.434519916e+01 +2.846519916e+01 +2.846519916e+01 +9.4219e-01 -2.5356e-01 -1.0321e+00 -8.2359e-01 +8.5282e-01 +2.6552e-01 -7.3560e-01 +1.6139e-01 -9.5414e-02 +3.8555e-02 -1.5374e-02 +2.2047e-01 +1.0886e+00 +1.6594e+00 -8.3625e-01 -7.5235e-01 +9.0541e-01 +1.0605e-01 +8.0450e-01 +1.0522e+00
29 0 +2.349576441e+01 +2.761576441e+01 +2.761576441e+01 +9.6133e-01 -3.0363e-01 -7.1267e-01 -9.0666e-01 +8.6679e-01 +2.4550e-01 -9.5457e-01 +1.3533e-01 -1.3633e-01 +5.3922e-03 -5.1658e-02 +1.9783e-01 +1.1162e+00 +1.9958e+00 -5.1468e-01 -8.3130e-01 +9.2243e-01 +7.6799e-02 +8.1568e-01 +1.0778e+00
30 0 +2.329155277e+01 +2.741155277e+01 +2.741155277e+01 +9.6237e-01 -3.0259e-01 -7.1290e-01 -6.5656e-01 +8.6783e-01 +2.4653e-01 -9.5490e-01 +1.3637e-01 -1.3529e-01 +6.4304e-03 -5.0620e-02 +1.9887e-01 +1.1172e+00 +1.9964e+00 -5.1487e-01 -1.0947e+00 +9.2347e-01 +7.7837e-02 +8.1672e-01 +1.0788e+00
31 0 +2.278844060e+01 +2.690844060e+01 +2.690844060e+01 +9.6794e-01 -3.3172e-01 -8.0334e-01 -4.3135e-01 +8.7081e-01 +2.3247e-01 -1.0634e+00 +1.1928e-01 -1.5984e-01 -1.4224e-02 -7.2839e-02 +1.8350e-01 +1.1270e+00 +2.1628e+00 -5.6494e-01 -8.8605e-01 +9.2797e-01 +5.9142e-02 +8.1829e-01 +1.0876e+00
33 0 +2.226527753e+01 +2.638527753e+01 +2.638527753e+01 +9.9758e-01 -3.1090e-01 -8.9553e-01 -4.7522e-01 +8.9365e-01 +2.1066e-01 -1.1420e+00 +8.9556e-02 -2.0909e-01 -5.3290e-02 -1.1601e-01 +1.5826e-01 +1.1678e+00 +2.2076e+00 -5.8297e-01 -9.4157e-01 +9.5482e-01 +2.5208e-02 +8.3746e-01 +1.1256e+00
34 0 +2.163048258e+01 +2.575048258e+01 +2.575048258e+01 +9.9422e-01 -3.1019e-01 -9.2297e-01 -4.9087e-01 +8.8893e-01 +1.9700e-01 -1.1705e+00 +7.4311e-02 -3.0002e-02 -7.0404e-02 -1.3394e-01 +1.4392e-01 +1.1667e+00 +2.2413e+00 -5.9358e-01 -9.5884e-01 +9.5090e-01 +9.1209e-03 +8.3201e-01 +1.1239e+00
38 0 +2.128624858e+01 +2.540624858e+01 +2.540624858e+01 +9.8225e-01 -3.0905e-01 -9.6230e-01 -5.1323e-01 +8.7499e-01 +1.7015e-01 -1.2114e+00 +1.2119e-01 -2.4225e-02 -1.2609e-02 -7.3655e-02 +1.1608e-01 +1.1579e+00 +2.2896e+00 -6.0865e-01 -9.8354e-01 +9.3812e-01 +5.7681e-02 +8.1701e-01 +1.1143e+00
45 0 +2.087143074e+01 +2.499143074e+01 +2.499143074e+01 +8.7025e-01 -3.0803e-01 -9.8939e-01 -5.2848e-01 +9.1402e-01 +1.5219e-01 -1.2394e+00 +1.2376e-01 -2.0009e-02 -1.3983e-02 -7.7689e-02 +2.4950e-01 +1.0575e+00 +2.3229e+00 -6.1879e-01 -1.0005e+00 +9.6630e-01 +5.4414e-02 +8.7253e-01 +1.1547e+00
46 0 +2.033454190e+01 +2.445454190e+01 +2.445454190e+01 +8.7913e-01 -2.7264e-01 -1.0278e+00 -5.2941e-01 +9.3227e-01 +1.4428e-01 -1.2613e+00 +1.4319e-01 +2.0013e-02 -4.1790e-03 -7.5932e-02 +2.6515e-01 +1.0668e+00 +2.3682e+00 -5.9797e-01 -1.0121e+00 +9.7863e-01 +5.2790e-02 +8.7508e-01 +1.1882e+00
47 0 +1.834026361e+01 +2.246026361e+01 +2.246026361e+01 +8.5803e-01 -1.4234e-01 -1.2086e+00 -5.4715e-01 +9.5575e-01 +6.5806e-02 -1.3578e+00 +1.9054e-01 +1.6691e-01 +3.1552e-03 -1.0336e-01 +2.9390e-01 +1.0421e+00 +2.5807e+00 -5.1754e-01 -1.0799e+00 +9.7400e-01 +6.8936e-03 +8.2918e-01 +1.2721e+00
48 0 +1.522797768e+01 +1.934797768e+01 +1.934797768e+01 +4.2763e-01 +7.3522e-02 -1.7973e+00 -6.8194e-01 +6.7316e-01 -4.2678e-01 -1.6334e+00 +9.1161e-02 +4.0684e-01 -1.9605e-01 -3.9780e-01 +1.2934e-01 +5.6570e-01 +3.2673e+00 -3.5662e-01 -1.3761e+00 +5.9883e-01 -3.6245e-01 +3.4688e-01 +1.1227e+00
49 0 +1.078650235e+01 +1.490650235e+01 +1.490650235e+01 +5.6787e-01 +6.3266e-01 -2.3990e+00 -6.9374e-01 +9.6111e-01 -5.5007e-01 -1.9750e+00 +3.9851e-01 +1.0387e+00 -4.0110e-02 -3.6850e-01 +3.7710e-01 +1.1827e+00 +3.9776e+00 -2.6051e-02 -1.5566e+00 +7.9332e-01 -3.8653e-01 +3.8758e-01 +1.1806e+00
50 0 +9.914879614e+00 +1.403487961e+01 +1.403487961e+01 +6.5520e-01 +9.7432e-01 -2.1899e+00 -8.1415e-01 +1.1556e+00 -6.9772e-01 -2.4623e+00 +5.7136e-01 +1.4437e+00 +1.1683e-02 -4.1539e-01 +5.0794e-01 +8.6595e-01 +4.6424e+00 -8.2147e-01 -1.8010e+00 +9.1978e-01 -4.6746e-01 +3.9235e-01 +1.9598e+00
51 0 +8.777944574e+00 +1.289794457e+01 +1.289794457e+01 +7.2416e-01 +2.5026e-01 -2.6760e+00 -8.5693e-01 +1.2772e+00 -7.3740e-01 -2.5884e+00 +6.8803e-01 +1.6751e+00 +7.0595e-02 -4.0393e-01 +6.0376e-01 +7.3766e-01 +4.7703e+00 -4.6416e-01 -1.9073e+00 +1.0080e+00 -4.7348e-01 +4.2234e-01 +2.3636e+00
52 0 +8.563621828e+00 +1.268362183e+01 +1.268362183e+01 +6.9592e-01 +3.3167e-01 -2.7152e+00 -8.3136e-01 +1.2515e+00 -9.1000e-01 -2.5661e+00 +7.0518e-01 +1.7234e+00 +8.0712e-02 -4.0120e-01 +4.4577e-01 +6.6533e-01 +4.7874e+00 -3.7965e-01 -1.8958e+00 +9.8497e-01 -4.7830e-01 +7.9096e-01 +2.3962e+00
53 0 +8.372261560e+00 +1.249226156e+01 +1.249226156e+01 +7.0890e-01 +3.9913e-01 -2.7609e+00 -9.1577e-01 +1.2600e+00 -9.3037e-01 -2.9102e+00 +6.7968e-01 +1.6852e+00 +4.9161e-02 -4.3541e-01 +4.2318e-01 +6.8553e-01 +4.5200e+00 -3.4454e-01 -1.9763e+00 +9.9614e-01 -5.0653e-01 +7.9716e-01 +2.4146e+00
54 0 +7.911511823e+00 +1.203151182e+01 +1.203151182e+01 +6.4642e-01 +4.9636e-01 -2.7342e+00 -7.0207e-01 +1.2293e+00 -9.0848e-01 -3.0403e+00 +7.5794e-01 +1.8412e+00 +1.2906e-01 -3.6176e-01 +4.9594e-01 +5.3720e-01 +4.5074e+00 -1.8390e-01 -1.7936e+00 +9.4568e-01 -4.5803e-01 +7.1951e-01 +2.4400e+00
60 0 +7.668979310e+00 +1.178897931e+01 +1.178897931e+01 +6.2146e-01 +5.9238e-01 -2.9193e+00 -5.9933e-01 +1.2429e+00 -9.3217e-01 -3.0463e+00 +8.1079e-01 +1.7505e+00 +1.6362e-01 -3.4503e-01 +5.3498e-01 +5.1820e-01 +4.5363e+00 -1.7124e-01 -1.8717e+00 +9.4215e-01 -4.5631e-01 +6.9786e-01 +2.4823e+00
63 0 +7.584066684e+00 +1.170406668e+01 +1.170406668e+01 +6.2188e-01 +6.1921e-01 -2.9410e+00 -5.8290e-01 +1.2526e+00 -9.3187e-01 -3.0443e+00 +7.9783e-01 +1.7910e+00 +1.0156e-01 -4.3887e-01 +5.5806e-01 +5.1512e-01 +4.5450e+00 -1.3933e-01 -1.8817e+00 +9.4488e-01 -4.0741e-01 +6.9653e-01 +2.4951e+00
65 0 +7.321472384e+00 +1.144147238e+01 +1.144147238e+01 +6.2841e-01 +6.4059e-01 -2.9508e+00 -5.6522e-01 +1.2669e+00 -9.5824e-01 -3.0346e+00 +7.2012e-01 +1.8225e+00 +1.0584e-01 -4.3712e-01 +6.1912e-01 +5.1817e-01 +4.5424e+00 -1.1061e-01 -1.8848e+00 +9.5345e-01 -5.0302e-01 +7.0226e-01 +2.5112e+00
67 0 +7.234784859e+00 +1.135478486e+01 +1.135478486e+01 +6.3349e-01 +6.5239e-01 -2.9529e+00 -5.5379e-01 +1.2519e+00 -1.0153e+00 -3.0255e+00 +7.1904e-01 +1.8389e+00 +1.0780e-01 -4.3634e-01 +5.7420e-01 +5.1298e-01 +4.5375e+00 -9.3344e-02 -1.8842e+00 +1.0589e+00 -5.0887e-01 +6.5402e-01 +2.5144e+00
70 0 +6.865437154e+00 +1.098543715e+01 +1.098543715e+01 +7.1044e-01 +6.9005e-01 -2.9829e+00 -5.2216e-01 +1.1965e+00 -1.0221e+00 -3.0364e+00 +7.2873e-01 +1.9172e+00 +1.4043e-01 -4.0580e-01 +6.4303e-01 +5.9473e-01 +4.5288e+00 -5.2715e-02 -1.9065e+00 +1.0952e+00 -5.0827e-01 +6.8589e-01 +2.5663e+00
71 0 +6.282117518e+00 +1.040211752e+01 +1.040211752e+01 +7.4023e-01 +6.8389e-01 -3.1277e+00 -4.3624e-01 +1.1498e+00 -1.0655e+00 -2.9741e+00 +6.6882e-01 +2.0032e+00 +1.6976e-01 -3.6095e-01 +7.4856e-01 +6.3413e-01 +4.3928e+00 +1.9871e-01 -1.9427e+00 +1.1288e+00 -5.4062e-01 +7.0615e-01 +2.4631e+00
72 0 +5.552472625e+00 +9.672472625e+00 +9.672472625e+00 +7.8959e-01 +9.1575e-01 -3.1669e+00 -3.4398e-01 +1.1140e+00 -1.1553e+00 -2.9948e+00 +6.1048e-01 +2.1799e+00 +2.1102e-01 -3.1547e-01 +9.0604e-01 +6.2871e-01 +4.3615e+00 +2.5091e-01 -2.0351e+00 +1.1898e+00 -6.0463e-01 +7.2854e-01 +2.4501e+00
73 0 +5.329338991e+00 +9.449338991e+00 +9.449338991e+00 +8.4927e-01 +8.8668e-01 -3.2291e+00 -3.1566e-01 +1.1299e+00 -1.0834e+00 -3.0415e+00 +5.8022e-01 +2.2792e+00 +2.3574e-01 -2.8947e-01 +1.1299e+00 +6.6175e-01 +4.3485e+00 +2.6835e-01 -2.1124e+00 +1.2551e+00 -6.3905e-01 +4.6869e-01 +2.4752e+00
74 0 +4.961401205e+00 +9.081401205e+00 +9.081401205e+00 +9.2348e-01 +9.2496e-01 -3.2353e+00 -1.8291e-01 +1.1373e+00 -1.0925e+00 -3.0068e+00 +5.1360e-01 +2.4088e+00 +2.5966e-01 -4.4878e-01 +1.2335e+00 +6.0828e-01 +4.2235e+00 +3.5575e-01 -2.1084e+00 +1.3592e+00 -6.5317e-01 +5.7846e-01 +2.6392e+00
75 0 +4.710614141e+00 +8.830614141e+00 +8.830614141e+00 +8.9929e-01 +9.3088e-01 -3.4240e+00 -2.4113e-01 +1.1265e+00 -1.2433e+00 -3.1204e+00 +5.2057e-01 +2.5995e+00 +2.9597e-01 -5.0106e-01 +1.3144e+00 +6.5714e-01 +4.3321e+00 +4.2037e-01 -2.0164e+00 +1.3892e+00 -7.2269e-01 +6.4905e-01 +2.6327e+00
76 0 +4.531039975e+00 +8.651039975e+00 +8.651039975e+00 +9.4105e-01 +9.9749e-01 -3.5442e+00 -1.8470e-01 +1.1178e+00 -1.1842e+00 -3.1579e+00 +5.0275e-01 +2.7657e+00 +1.5019e-01 -3.7784e-01 +1.2521e+00 +6.0615e-01 +4.3760e+00 +5.2822e-01 -2.1681e+00 +1.4268e+00 -5.9420e-01 +6.9487e-01 +2.6940e+00
80 0 +4.446768938e+00 +8.566768938e+00 +8.566768938e+00 +9.6834e-01 +1.0059e+00 -3.5613e+00 -1.9663e-01 +1.1208e+00 -1.2413e+00 -3.1360e+00 +4.9527e-01 +2.7670e+00 +1.5561e-01 -3.7565e-01 +1.2652e+00 +6.2820e-01 +4.3530e+00 +5.3094e-01 -2.2230e+00 +1.4505e+00 -6.0303e-01 +7.0277e-01 +2.6950e+00
83 0 +4.337598183e+00 +8.457598183e+00 +8.457598183e+00 +9.6144e-01 +1.0047e+00 -3.5327e+00 -1.7829e-01 +1.0910e+00 -1.2750e+00 -3.1674e+00 +4.5949e-01 +2.7593e+00 +1.6729e-01 -3.6423e-01 +1.2969e+00 +5.8294e-01 +4.3646e+00 +6.1811e-01 -2.2664e+00 +1.4410e+00 -6.5323e-01 +7.1087e-01 +2.6867e+00
87 0 +4.244486840e+00 +8.364486840e+00 +8.364486840e+00 +9.7617e-01 +1.0441e+00 -3.5366e+00 -1.8057e-01 +1.1030e+00 -1.2594e+00 -3.1617e+00 +4.3343e-01 +2.8043e+00 +2.3832e-01 -2.8823e-01 +1.2490e+00 +6.1115e-01 +4.3316e+00 +6.5269e-01 -2.2547e+00 +1.4843e+00 -7.3943e-01 +7.0854e-01 +2.7292e+00
90 0 +4.150911141e+00 +8.270911141e+00 +8.270911141e+00 +9.9625e-01 +1.0672e+00 -3.5507e+00 -1.7753e-01 +1.0860e+00 -1.2390e+00 -3.1788e+00 +4.4970e-01 +2.8318e+00 +3.2684e-01 -2.7590e-01 +1.3012e+00 +6.0991e-01 +4.3115e+00 +6.6313e-01 -2.2986e+00 +1.4671e+00 -7.1410e-01 +7.5885e-01 +2.7092e+00
93 0 +3.975128503e+00 +8.095128503e+00 +8.095128503e+00 +9.9555e-01 +1.1450e+00 -3.5296e+00 -1.7677e-01 +1.1741e+00 -1.2714e+00 -3.2047e+00 +4.4192e-01 +2.8940e+00 +3.3628e-01 -2.7950e-01 +1.3608e+00 +5.4690e-01 +4.3259e+00 +6.3954e-01 -2.3638e+00 +1.5035e+00 -7.6991e-01 +7.8647e-01 +2.7184e+00
94 0 +3.620923196e+00 +7.740923196e+00 +7.740923196e+00 +1.0174e+00 +1.2373e+00 -3.5100e+00 -1.8260e-01 +1.1852e+00 -1.3988e+00 -3.1753e+00 +4.5859e-01 +2.9466e+00 +3.4806e-01 -2.9499e-01 +1.2971e+00 +4.9776e-01 +4.3063e+00 +7.2360e-01 -2.4221e+00 +1.5010e+00 -8.5035e-01 +1.1108e+00 +2.7498e+00
95 0 +3.223785297e+00 +7.343785297e+00 +7.343785297e+00 +1.0699e+00 +1.3243e+00 -3.5476e+00 -2.5357e-01 +1.2166e+00 -1.5127e+00 -3.2080e+00 +4.9741e-01 +3.0557e+00 +3.7910e-01 -1.7526e-01 +1.3844e+00 +4.9583e-01 +4.3488e+00 +8.1712e-01 -2.6102e+00 +1.4995e+00 -1.0105e+00 +1.2482e+00 +2.7127e+00
96 0 +2.901724837e+00 +7.021724837e+00 +7.021724837e+00 +1.1745e+00 +1.4171e+00 -3.4371e+00 -2.0063e-01 +1.2567e+00 -1.5010e+00 -3.1300e+00 +4.9100e-01 +3.0725e+00 +3.9099e-01 -1.1311e-01 +1.4536e+00 +4.2770e-01 +4.2356e+00 +8.9598e-01 -2.8463e+00 +1.5301e+00 -1.1057e+00 +1.3732e+00 +2.7719e+00
97 0 +2.664690119e+00 +6.784690119e+00 +6.784690119e+00 +1.2407e+00 +1.4851e+00 -3.3915e+00 -1.1473e-01 +1.2921e+00 -1.7344e+00 -3.1801e+00 +6.1577e-01 +3.2162e+00 +4.6145e-01 -5.1014e-02 +1.5193e+00 +3.6093e-01 +4.1556e+00 +1.0215e+00 -2.8536e+00 +1.5695e+00 -1.0845e+00 +1.3967e+00 +2.8407e+00
98 0 +2.556938190e+00 +6.676938190e+00 +6.676938190e+00 +1.2457e+00 +1.4263e+00 -3.3682e+00 -8.5530e-02 +1.3329e+00 -1.6498e+00 -3.2495e+00 +6.7566e-01 +3.3465e+00 +5.0048e-01 +6.7861e-02 +1.5710e+00 +1.9268e-01 +4.2674e+00 +1.0773e+00 -2.8979e+00 +1.5396e+00 -1.1761e+00 +1.5687e+00 +2.9743e+00
99 0 +2.457204880e+00 +6.577204880e+00 +6.577204880e+00 +1.3207e+00 +1.4808e+00 -3.4007e+00 -1.2808e-01 +1.4352e+00 -1.7948e+00 -3.2532e+00 +4.4368e-01 +3.4334e+00 +6.0736e-01 +3.5364e-02 +1.6096e+00 +2.1939e-01 +4.2735e+00 +1.1528e+00 -3.0308e+00 +1.4802e+00 -1.1782e+00 +1.6542e+00 +3.0563e+00
100 0 +2.382556044e+00 +6.502556044e+00 +6.502556044e+00 +1.2756e+00 +1.5787e+00 -3.5394e+00 -2.6600e-01 +1.4541e+00 -1.7689e+00 -3.1103e+00 +5.4396e-01 +3.5740e+00 +6.9471e-01 +3.8964e-02 +1.5268e+00 +1.8151e-01 +4.1236e+00 +1.1125e+00 -3.0640e+00 +1.5083e+00 -1.2733e+00 +1.6397e+00 +3.1440e+00
% f evaluations | g evaluations | best noise-free fitness - Fopt (-2.150000000000e+01) + sum g_i+ | measured fitness | best measured fitness or single-digit g-values | x1 | x2...
1 0 +7.303954687e+01 +5.153954687e+01 +5.153954687e+01 +0.0000e+00 +0.0000e+00 +0.0000e+00 +0.0000e+00 +0.0000e+00 +0.0000e+00 +0.0000e+00 +0.0000e+00 +0.0000e+00 +0.0000e+00 +0.0000e+00 +0.0000e+00 +0.0000e+00 +0.0000e+00 +0.0000e+00 +0.0000e+00 +0.0000e+00 +0.0000e+00 +0.0000e+00 +0.0000e+00
4 0 +7.189946277e+01 +5.039946277e+01 +5.039946277e+01 +0.0000e+00 +1.0000e-01 +0.0000e+00 +0.0000e+00 +0.0000e+00 +0.0000e+00 +0.0000e+00 +0.0000e+00 +0.0000e+00 +0.0000e+00 +0.0000e+00 +0.0000e+00 +0.0000e+00 +0.0000e+00 +0.0000e+00 +0.0000e+00 +0.0000e+00 +0.0000e+00 +0.0000e+00 +0.0000e+00
21 0 +7.079010387e+01 +4.929010387e+01 +4.929010387e+01 +0.0000e+00 +0.0000e+00 +0.0000e+00 +0.0000e+00 +0.0000e+00 +0.0000e+00 +0.0000e+00 +0.0000e+00 +0.0000e+00 +0.0000e+00 +0.0000e+00 +0.0000e+00 +0.0000e+00 +0.0000e+00 +0.0000e+00 +0.0000e+00 +0.0000e+00 +0.0000e+00 +1.0000e-01 +0.0000e+00
23 0 +6.632660429e+01 +4.482660429e+01 +4.482660429e+01 -1.7507e-02 +2.4034e-02 +1.3054e-02 +1.6162e-02 +3.4487e-03 -3.8425e-02 +3.0815e-03 -6.9024e-03 +1.1531e-02 +8.8852e-03 +5.7863e-03 -1.4073e-02 -1.5558e-02 -3.8379e-02 +1.5160e-02 -1.4903e-02 -4.7344e-02 -4.7196e-04 +1.4742e-01 -6.1617e-03
24 0 +5.105805214e+01 +2.955805214e+01 +2.955805214e+01 -8.8846e-02 +1.2197e-01 +6.6248e-02 +8.2021e-02 +1.7502e-02 -1.9500e-01 +1.5638e-02 -3.5028e-02 +5.8516e-02 +4.5091e-02 +2.9365e-02 -7.1418e-02 -7.8955e-02 -1.9477e-01 +7.6937e-02 -7.5629e-02 -2.4026e-01 -2.3951e-03 +3.2433e-01 -3.1270e-02
25 0 +3.395645647e+01 +1.245645647e+01 +1.245645647e+01 -2.2160e-01 +3.0421e-01 +1.6523e-01 +2.0458e-01 +4.3652e-02 -4.8636e-01 +3.9004e-02 -8.7367e-02 +1.4595e-01 +1.1247e-01 +7.3241e-02 -1.7813e-01 -1.9693e-01 -4.8579e-01 +1.9189e-01 -1.8863e-01 -5.9926e-01 -5.9738e-03 +4.8804e-01 -7.7993e-02
26 0 +3.352768357e+01 +1.202768357e+01 +1.202768357e+01 -2.0788e-01 +3.3164e-01 +1.8904e-01 +2.2941e-01 +6.4290e-02 -4.7955e-01 +5.9521e-02 -7.0146e-02 +1.6926e-01 +1.3490e-01 +9.4650e-02 -1.6327e-01 -1.8256e-01 -4.7896e-01 +2.1640e-01 -1.7405e-01 -5.9539e-01 +1.3370e-02 +5.3126e-01 -6.0527e-02
28 0 +3.279366851e+01 +1.129366851e+01 +1.129366851e+01 -2.3065e-01 +3.4008e-01 +1.8923e-01 +2.3193e-01 +5.7263e-02 -5.4618e-01 +5.2217e-02 -8.4949e-02 +1.6830e-01 +1.3195e-01 +8.9379e-02 -1.8346e-01 -2.0387e-01 -5.1740e-01 +2.1817e-01 -1.9486e-01 -5.1677e-01 +3.3973e-03 +6.0447e-01 -7.4774e-02
31 0 +3.226037782e+01 +1.076037782e+01 +1.076037782e+01 -2.0395e-01 +3.4196e-01 +1.8494e-01 +2.2939e-01 +4.7578e-02 -5.8848e-01 +4.2326e-02 -1.0045e-01 +1.6315e-01 +1.2532e-01 +8.1007e-02 -2.0299e-01 -1.7927e-01 -4.6117e-01 +2.1506e-01 -2.1486e-01 -5.6888e-01 -8.4894e-03 +6.5714e-01 -8.9856e-02
43 0 +3.161518371e+01 +1.011518371e+01 +1.011518371e+01 -2.1611e-01 +3.2634e-01 +1.7512e-01 +2.1065e-01 +3.9973e-02 -6.1357e-01 +4.6225e-02 -7.7255e-03 +1.4807e-01 +1.2428e-01 +7.3722e-02 -1.6996e-01 -1.8902e-01 -4.8598e-01 +2.0563e-01 -1.8114e-01 -5.9978e-01 -2.4253e-03 +6.8639e-01 -1.3961e-01
47 0 +3.071274592e+01 +9.212745917e+00 +9.212745917e+00 -2.3251e-01 +3.3957e-01 +1.7605e-01 +2.1068e-01 +3.6255e-02 -6.3987e-01 +5.2832e-02 -1.3498e-02 +1.4990e-01 +1.2550e-01 +7.7835e-02 -1.7505e-01 -1.9953e-01 -5.1126e-01 +2.1234e-01 -1.8798e-01 -6.3154e-01 +2.8666e-03 +7.0357e-01 -1.4642e-01
48 0 +2.853084892e+01 +7.030848920e+00 +7.030848920e+00 -2.6736e-01 +3.8370e-01 +1.8784e-01 +2.1717e-01 +3.5669e-02 -7.0101e-01 +8.1986e-02 -1.8904e-02 +1.6440e-01 +1.3855e-01 +9.9528e-02 -1.7775e-01 -2.1765e-01 -5.6945e-01 +2.4050e-01 -1.9563e-01 -7.0744e-01 +2.8609e-02 +7.7919e-01 -1.5489e-01
49 0 +2.418812525e+01 +2.688125250e+00 +2.688125250e+00 -4.0534e-01 +4.3935e-01 +1.6204e-01 +1.6929e-01 -1.8813e-02 -8.9958e-01 +1.1325e-01 -7.9836e-02 +1.4751e-01 +1.1938e-01 +1.0741e-01 -2.2576e-01 -3.0893e-01 -7.5960e-01 +2.6027e-01 -2.5726e-01 -9.4207e-01 +5.2606e-02 +9.0579e-01 -2.2513e-01
50 0 +2.327735088e+01 +1.777350877e+00 +1.777350877e+00 -4.2186e-01 +4.8344e-01 +1.8187e-01 +1.7815e-01 -8.1896e-03 -9.3552e-01 +1.5280e-01 -7.0886e-02 +1.7042e-01 +1.4165e-01 +1.3895e-01 -2.1210e-01 -3.0979e-01 -7.9270e-01 +2.9537e-01 -2.4816e-01 -9.8975e-01 +8.9888e-02 +1.0144e+00 -2.1936e-01
51 0 +2.258101845e+01 +1.081018449e+00 +1.081018449e+00 -4.6288e-01 +4.7382e-01 +1.5849e-01 +1.3569e-01 -3.4784e-02 -9.8289e-01 +1.5686e-01 -9.2279e-02 +1.5130e-01 +1.2363e-01 +1.3276e-01 -2.2373e-01 -3.3568e-01 -8.3711e-01 +2.8662e-01 -2.6402e-01 -1.0434e+00 +9.3936e-02 +1.0695e+00 -2.4459e-01
71 0 +2.232226840e+01 +8.222684047e-01 +8.222684047e-01 -4.8053e-01 +4.9302e-01 +1.5604e-01 +1.5114e-01 -3.5212e-02 -1.0123e+00 +1.7191e-01 -9.9143e-02 +1.6172e-01 +1.2799e-01 +1.4042e-01 -2.2046e-01 -3.3654e-01 -8.5125e-01 +2.8874e-01 -2.7463e-01 -1.0456e+00 +1.0274e-01 +1.0674e+00 -2.5059e-01
73 0 +2.151014175e+01 +1.014174821e-02 +1.014174821e-02 -5.0395e-01 +5.1568e-01 +1.4438e-01 +1.2779e-01 -4.5463e-02 -1.0544e+00 +2.0937e-01 -1.0236e-01 +1.5693e-01 +1.2909e-01 +1.5916e-01 -2.0351e-01 -3.4481e-01 -8.8000e-01 +2.9880e-01 -2.6425e-01 -1.0922e+00 +1.4254e-01 +1.0628e+00 -2.5769e-01
% f evaluations | g evaluations | best noise-free fitness - Fopt (1.415000000000e+01) + sum g_i+ | measured fitness | best measured fitness or single-digit g-values | x1 | x2...
1 0 +1.140119717e+02 +1.281619717e+02 +1.281619717e+02 +0.0000e+00 +0.0000e+00 +0.0000e+00 +0.0000e+00 +0.0000e+00 +0.0000e+00 +0.0000e+00 +0.0000e+00 +0.0000e+00 +0.0000e+00 +0.0000e+00 +0.0000e+00 +0.0000e+00 +0.0000e+00 +0.0000e+00 +0.0000e+00 +0.0000e+00 +0.0000e+00 +0.0000e+00 +0.0000e+00
3 0 +1.123173958e+02 +1.264673958e+02 +1.264673958e+02 +1.0000e-01 +0.0000e+00 +0.0000e+00 +0.0000e+00 +0.0000e+00 +0.0000e+00 +0.0000e+00 +0.0000e+00 +0.0000e+00 +0.0000e+00 +0.0000e+00 +0.0000e+00 +0.0000e+00 +0.0000e+00 +0.0000e+00 +0.0000e+00 +0.0000e+00 +0.0000e+00 +0.0000e+00 +0.0000e+00
18 0 +1.121575560e+02 +1.263075560e+02 +1.263075560e+02 +0.0000e+00 +0.0000e+00 +0.0000e+00 +0.0000e+00 +0.0000e+00 +0.0000e+00 +0.0000e+00 +0.0000e+00 +0.0000e+00 +0.0000e+00 +0.0000e+00 +0.0000e+00 +0.0000e+00 +0.0000e+00 +0.0000e+00 +1.0000e-01 +0.0000e+00 +0.0000e+00 +0.0000e+00 +0.0000e+00
23 0 +1.061210666e+02 +1.202710666e+02 +1.202710666e+02 +2.9331e-02 +1.2224e-02 -1.3690e-02 -1.2315e-02 +2.0546e-03 -6.5075e-03 -1.5058e-02 +9.7485e-03 +2.4318e-02 -4.9998e-02 -1.3631e-02 +4.9678e-03 -2.4813e-03 +1.4550e-02 -3.2353e-02 +3.2097e-02 -3.0494e-03 +2.5286e-02 -2.0051e-02 +1.4044e-01
24 0 +8.629108448e+01 +1.004410845e+02 +1.004410845e+02 +1.4793e-01 +6.1656e-02 -6.9050e-02 -6.2113e-02 +1.0363e-02 -3.2822e-02 -7.5949e-02 +4.9169e-02 +1.2265e-01 -2.5217e-01 -6.8751e-02 +2.5056e-02 -1.2515e-02 +7.3387e-02 -1.6318e-01 +1.6189e-01 -1.5380e-02 +1.2753e-01 -1.0113e-01 +2.9286e-01
25 0 +4.225126496e+01 +5.640126496e+01 +5.640126496e+01 +6.4946e-01 +2.7068e-01 -3.0314e-01 -2.7269e-01 +4.5494e-02 -1.4409e-01 -3.3343e-01 +2.1586e-01 +5.3847e-01 -1.1071e+00 -3.0183e-01 +1.1000e-01 -5.4943e-02 +3.2218e-01 -7.1638e-01 +7.1072e-01 -6.7522e-02 +5.5990e-01 -4.4399e-01 +6.3113e-01
26 0 +3.742542412e+01 +5.157542412e+01 +5.157542412e+01 +7.4567e-01 +3.1078e-01 -3.4805e-01 -3.1308e-01 +5.2233e-02 -1.6544e-01 -3.8282e-01 +2.4783e-01 +6.1823e-01 -8.4344e-01 -3.4654e-01 +1.2630e-01 -6.3081e-02 +3.6991e-01 -8.2250e-01 +8.1600e-01 -7.7523e-02 +6.4284e-01 -5.0976e-01 +1.0643e+00
27 0 +3.687689374e+01 +5.102689374e+01 +5.102689374e+01 +7.1962e-01 +2.8114e-01 -3.8312e-01 -3.4787e-01 +2.0460e-02 -1.9901e-01 -4.1818e-01 +2.1768e-01 +5.9113e-01 -8.5601e-01 -3.8160e-01 +9.5135e-02 -9.5805e-02 +3.4076e-01 -8.6149e-01 +7.9053e-01 -1.1037e-01 +6.1594e-01 -5.4617e-01 +1.0753e+00
31 0 +3.580776943e+01 +4.995776943e+01 +4.995776943e+01 +7.2300e-01 +2.7390e-01 -4.1014e-01 -3.7036e-01 +6.9008e-03 -2.1789e-01 -2.9933e-01 +2.0890e-01 +5.9140e-01 -9.2914e-01 -4.0491e-01 +8.3385e-02 -1.1218e-01 +3.3496e-01 -8.2760e-01 +7.9564e-01 -1.2710e-01 +6.1682e-01 -5.1633e-01 +1.1496e+00
32 0 +3.546561024e+01 +4.961561024e+01 +4.961561024e+01 +7.2801e-01 +2.7890e-01 -4.0590e-01 -3.6535e-01 +1.1908e-02 -2.1288e-01 -2.9466e-01 +2.1390e-01 +5.9641e-01 -9.1366e-01 -4.9907e-01 +8.8393e-02 -1.0718e-01 +3.3997e-01 -8.1758e-01 +8.0064e-01 -1.2209e-01 +6.2182e-01 -5.1012e-01 +1.1299e+00
33 0 +3.435933618e+01 +4.850933618e+01 +4.850933618e+01 +7.6443e-01 +2.8949e-01 -4.1540e-01 -3.9181e-01 +7.1440e-03 -2.3057e-01 -2.9385e-01 +2.2076e-01 +6.2526e-01 -9.4792e-01 -5.1487e-01 +8.8027e-02 -1.1879e-01 +3.5407e-01 -8.6090e-01 +8.4124e-01 -1.3456e-01 +6.5213e-01 -5.2423e-01 +1.1287e+00
35 0 +3.388046575e+01 +4.803046575e+01 +4.803046575e+01 +7.7101e-01 +2.8858e-01 -4.2220e-01 -3.0326e-01 +1.7749e-03 -1.7643e-01 -2.9806e-01 +2.1876e-01 +6.2964e-01 -9.7263e-01 -5.2581e-01 +8.3934e-02 -1.2614e-01 +3.5418e-01 -8.8303e-01 +8.4903e-01 -2.1972e-01 +6.5694e-01 -5.3425e-01 +1.1472e+00
39 0 +3.307672999e+01 +4.722672999e+01 +4.722672999e+01 +7.7495e-01 +2.8515e-01 -4.2884e-01 -3.1041e-01 -2.1808e-02 -1.8241e-01 -3.0215e-01 +1.3115e-01 +6.3142e-01 -9.9677e-01 -5.3652e-01 +1.3379e-01 +6.0878e-03 +3.5175e-01 -9.0469e-01 +8.5417e-01 -2.2462e-01 +6.5914e-01 -5.4404e-01 +1.1652e+00
46 0 +3.120462534e+01 +4.535462534e+01 +4.535462534e+01 +8.5008e-01 +4.1846e-01 -4.4061e-01 -3.3242e-01 -1.7351e-02 -2.1547e-01 -2.8389e-01 +1.6363e-01 +6.0866e-01 -1.0385e+00 -5.8798e-01 +2.0941e-01 +7.5399e-03 +3.1687e-01 -9.9027e-01 +7.8248e-01 -2.6040e-01 +6.5568e-01 -5.6182e-01 +1.2304e+00
47 0 +2.679912717e+01 +4.094912717e+01 +4.094912717e+01 +9.1370e-01 +4.7202e-01 -4.4728e-01 -3.7694e-01 -7.2778e-03 -3.1120e-01 -1.8611e-01 +8.2848e-02 +6.2478e-01 -1.0588e+00 -7.2859e-01 +2.0658e-01 +1.8406e-02 +3.0998e-01 -1.2008e+00 +9.1198e-01 -3.7363e-01 +7.4619e-01 -5.7348e-01 +1.3816e+00
48 0 +2.465724059e+01 +3.880724059e+01 +3.880724059e+01 +1.0244e+00 +5.1324e-01 -4.4069e-01 -4.0911e-01 +7.0894e-04 -3.9965e-01 -7.4824e-02 -6.4951e-03 +6.1729e-01 -1.2756e+00 -8.5458e-01 +1.9899e-01 +3.1552e-02 +2.8914e-01 -1.3779e+00 +9.2897e-01 -4.8274e-01 +8.1137e-01 -5.6568e-01 +1.3092e+00
49 0 +2.323207874e+01 +3.738207874e+01 +3.738207874e+01 +1.1670e+00 +5.8672e-01 -4.3260e-01 -4.2011e-01 +3.7615e-02 -4.3155e-01 -1.1048e-02 -9.9273e-03 +6.8527e-01 -1.3920e+00 -9.2002e-01 +2.3244e-01 +6.3242e-02 +3.3230e-01 -1.2065e+00 +1.0244e+00 -5.1994e-01 +9.2142e-01 -6.3740e-01 +1.5192e+00
50 0 +2.188564027e+01 +3.603564027e+01 +3.603564027e+01 +1.1712e+00 +6.0309e-01 -3.9474e-01 -3.6847e-01 +6.6706e-02 -4.3796e-01 +1.0063e-01 -7.3119e-02 +6.2697e-01 -1.2845e+00 -1.2350e+00 +2.4095e-01 +1.1149e-01 +2.9875e-01 -1.2297e+00 +9.5575e-01 -5.5225e-01 +9.0884e-01 -5.8871e-01 +1.6275e+00
51 0 +2.114738387e+01 +3.529738387e+01 +3.529738387e+01 +1.2436e+00 +6.4467e-01 -7.6154e-01 -3.5994e-01 +9.3404e-02 -4.5261e-01 +1.4829e-01 -8.6714e-02 +6.4911e-01 -1.2218e+00 -1.2730e+00 +2.6135e-01 +1.3996e-01 +3.1440e-01 -1.2838e+00 +9.8888e-01 -5.7529e-01 +9.6165e-01 -5.7072e-01 +1.6341e+00
55 0 +2.083378822e+01 +3.498378822e+01 +3.498378822e+01 +1.2770e+00 +6.6151e-01 -7.4903e-01 -3.7516e-01 +1.0195e-01 -4.6436e-01 +9.9071e-02 -9.5717e-02 +6.5865e-01 -1.2001e+00 -1.3032e+00 +2.6739e-01 +1.4870e-01 +3.1959e-01 -1.3236e+00 +1.0046e+00 -5.9044e-01 +9.8550e-01 -6.0511e-01 +1.6423e+00
59 0 +2.032043598e+01 +3.447043598e+01 +3.447043598e+01 +1.2909e+00 +7.1585e-01 -7.4130e-01 -4.4330e-01 +1.5693e-02 -5.0576e-01 +1.5350e-01 -1.1427e-01 +5.8547e-01 -1.1811e+00 -1.3012e+00 +2.8040e-01 +1.5457e-01 +3.4504e-01 -1.3619e+00 +1.0415e+00 -5.8828e-01 +1.0076e+00 -6.0319e-01 +1.6884e+00
67 0 +1.974375916e+01 +3.389375916e+01 +3.389375916e+01 +1.2389e+00 +7.4563e-01 -7.4102e-01 -4.7744e-01 +4.5331e-02 -5.3431e-01 +2.1032e-01 -9.2862e-02 +6.6336e-01 -1.1932e+00 -1.3727e+00 +2.4169e-01 +8.6508e-02 +3.7610e-01 -1.4260e+00 +1.1440e+00 -6.0725e-01 +9.8840e-01 -6.1576e-01 +1.7269e+00
68 0 +1.927675557e+01 +3.342675557e+01 +3.342675557e+01 +1.2864e+00 +7.6059e-01 -7.4114e-01 -5.0669e-01 +6.0924e-02 -5.5409e-01 +2.4652e-01 -1.1986e-01 +6.6770e-01 -1.2099e+00 -1.4189e+00 +2.3437e-01 +1.0424e-01 +3.9350e-01 -1.4476e+00 +1.1536e+00 -6.0834e-01 +9.9618e-01 -6.3041e-01 +1.7345e+00
69 0 +1.877397424e+01 +3.292397424e+01 +3.292397424e+01 +1.3157e+00 +7.7257e-01 -7.4400e-01 -5.3537e-01 +7.6913e-02 -5.6388e-01 +2.6801e-01 -1.3519e-01 +6.7663e-01 -1.1707e+00 -1.4528e+00 +2.2819e-01 +1.2122e-01 +4.1714e-01 -1.4502e+00 +1.1766e+00 -5.9457e-01 +9.9872e-01 -6.4997e-01 +1.7831e+00
70 0 +1.709596328e+01 +3.124596328e+01 +3.124596328e+01 +1.4021e+00 +7.9687e-01 -7.5889e-01 -6.6849e-01 +1.2792e-01 -6.2379e-01 +3.6926e-01 -2.3762e-01 +6.7081e-01 -1.0151e+00 -1.6140e+00 +1.7699e-01 +1.8196e-01 +4.8615e-01 -1.6411e+00 +1.2261e+00 -5.5571e-01 +9.6857e-01 -6.8861e-01 +1.8374e+00
71 0 +1.565046705e+01 +2.980046705e+01 +2.980046705e+01 +1.5724e+00 +8.5532e-01 -7.9324e-01 -8.4076e-01 +1.8229e-01 -6.9862e-01 +4.3647e-01 -3.0048e-01 +7.4434e-01 -1.0015e+00 -1.6102e+00 +1.4112e-01 +2.3040e-01 +6.0276e-01 -1.7107e+00 +1.3780e+00 -5.1899e-01 +1.0141e+00 -8.0233e-01 +1.9496e+00
72 0 +1.475299464e+01 +2.890299464e+01 +2.890299464e+01 +1.7051e+00 +9.1987e-01 -7.9968e-01 -8.1159e-01 +4.6855e-02 -7.3834e-01 +5.0485e-01 -3.2643e-01 +8.0886e-01 -9.2049e-01 -1.8659e+00 +1.3952e-01 +2.6579e-01 +7.1403e-01 -1.6963e+00 +1.4960e+00 -4.7197e-01 +1.0521e+00 -8.6374e-01 +1.9775e+00
73 0 +1.391229103e+01 +2.806229103e+01 +2.806229103e+01 +1.7823e+00 +8.7506e-01 -8.0053e-01 -9.1311e-01 +1.5316e-01 -8.1074e-01 +6.0853e-01 -1.3769e-01 +7.2919e-01 -8.8587e-01 -2.0027e+00 +1.4664e-01 +2.4828e-01 +6.9535e-01 -1.7607e+00 +1.4613e+00 -4.9300e-01 +1.2151e+00 -9.0652e-01 +2.1102e+00
74 0 +1.341216340e+01 +2.756216340e+01 +2.756216340e+01 +1.8881e+00 +8.7974e-01 -8.2854e-01 -1.0425e+00 +1.4442e-01 -9.0849e-01 +6.9384e-01 -1.7410e-01 +7.1805e-01 -8.9879e-01 -2.0922e+00 +9.6861e-02 +2.5778e-01 +7.4475e-01 -2.0456e+00 +1.5144e+00 -4.9672e-01 +1.2474e+00 -9.4342e-01 +1.9950e+00
75 0 +1.270769579e+01 +2.685769579e+01 +2.685769579e+01 +1.8449e+00 +8.6157e-01 -8.6169e-01 -1.1247e+00 +1.4352e-01 -9.1551e-01 +6.6646e-01 -1.3870e-01 +7.2947e-01 -5.9041e-01 -2.0805e+00 +6.7787e-02 +2.5910e-01 +8.0556e-01 -2.1442e+00 +1.6151e+00 -4.1781e-01 +1.2303e+00 -9.8732e-01 +2.1353e+00
76 0 +1.239251827e+01 +2.654251827e+01 +2.654251827e+01 +1.8168e+00 +9.7828e-01 -8.7912e-01 -1.1287e+00 +3.1388e-01 -8.3443e-01 +6.6258e-01 -1.8023e-01 +5.0910e-01 -5.8732e-01 -2.1771e+00 +4.9813e-02 +3.1568e-01 +9.2623e-01 -2.1329e+00 +1.7744e+00 -4.7618e-01 +1.2182e+00 -1.0371e+00 +2.1559e+00
77 0 +1.227636511e+01 +2.642636511e+01 +2.642636511e+01 +1.8006e+00 +9.8993e-01 -1.0131e+00 -1.1431e+00 +2.6710e-01 -8.1969e-01 +7.7701e-01 -1.7842e-01 +4.7755e-01 -5.8468e-01 -2.1443e+00 +5.5052e-02 +3.1555e-01 +9.3401e-01 -2.1078e+00 +1.7758e+00 -4.8340e-01 +1.2113e+00 -9.8247e-01 +2.1633e+00
78 0 +1.194604417e+01 +2.609604417e+01 +2.609604417e+01 +1.8015e+00 +9.9285e-01 -9.0860e-01 -1.2158e+00 +2.4626e-01 -8.3075e-01 +8.9019e-01 -2.1676e-01 +4.6074e-01 -5.7661e-01 -2.1594e+00 +3.4726e-02 +3.2846e-01 +9.5440e-01 -2.0984e+00 +1.7841e+00 -4.6858e-01 +1.1800e+00 -9.7289e-01 +2.2403e+00
82 0 +1.169409480e+01 +2.584409480e+01 +2.584409480e+01 +1.8228e+00 +9.7998e-01 -9.7057e-01 -1.3296e+00 +2.5551e-01 -8.9150e-01 +8.1470e-01 -2.5831e-01 +4.8157e-01 -5.9045e-01 -2.2566e+00 -3.2651e-04 +3.2072e-01 +9.5482e-01 -2.0754e+00 +1.7935e+00 -5.1414e-01 +1.1353e+00 -8.8519e-01 +2.3315e+00
86 0 +1.141716700e+01 +2.556716700e+01 +2.556716700e+01 +1.8158e+00 +9.6883e-01 -1.0006e+00 -1.3676e+00 +3.1240e-01 -8.7856e-01 +8.6142e-01 -3.3184e-01 +5.3839e-01 -5.4636e-01 -2.2981e+00 -5.6796e-03 +3.9164e-01 +9.7120e-01 -2.0629e+00 +1.7567e+00 -5.1036e-01 +1.2044e+00 -9.2069e-01 +2.3506e+00
91 0 +1.095439280e+01 +2.510439280e+01 +2.510439280e+01 +1.8965e+00 +1.0388e+00 -1.0241e+00 -1.4193e+00 +3.0462e-01 -9.1271e-01 +8.8031e-01 -2.9347e-01 +5.2380e-01 -5.1570e-01 -2.3016e+00 -8.7182e-02 +4.6835e-01 +9.7255e-01 -2.0413e+00 +1.7399e+00 -4.7188e-01 +1.1952e+00 -9.7074e-01 +2.3909e+00
92 0 +1.064997929e+01 +2.479997929e+01 +2.479997929e+01 +1.9186e+00 +1.0269e+00 -1.0356e+00 -1.4440e+00 +3.0302e-01 -9.4349e-01 +9.1333e-01 -2.8678e-01 +5.0382e-01 -4.7877e-01 -2.3461e+00 -1.0841e-01 +4.8984e-01 +9.9249e-01 -2.0346e+00 +1.7396e+00 -4.5253e-01 +1.1934e+00 -9.9319e-01 +2.4146e+00
93 0 +9.549337450e+00 +2.369933745e+01 +2.369933745e+01 +1.9916e+00 +9.6019e-01 -1.0924e+00 -1.6327e+00 +4.0550e-01 -1.0737e+00 +1.0311e+00 -2.6788e-01 +4.0998e-01 -3.7449e-01 -2.3617e+00 -2.0850e-01 +5.7425e-01 +1.0489e+00 -2.0444e+00 +1.7229e+00 -3.8903e-01 +1.1799e+00 -1.0909e+00 +2.5383e+00
94 0 +7.332726061e+00 +2.148272606e+01 +2.148272606e+01 +2.1052e+00 +7.3663e-01 -1.1850e+00 -1.7628e+00 +3.1020e-01 -1.4249e+00 +1.5306e+00 -2.1213e-01 -1.8251e-02 +3.4344e-01 -3.3623e+00 -4.8694e-01 +8.7418e-01 +1.1954e+00 -2.0499e+00 +1.4715e+00 -1.4120e-01 +1.0252e+00 -1.2152e+00 +2.7218e+00
95 0 +5.963552958e+00 +2.011355296e+01 +2.011355296e+01 +2.1030e+00 +1.0072e+00 -1.2790e+00 -2.4984e+00 -1.0229e-01 -1.8917e+00 +1.6715e+00 -9.8151e-03 -1.4326e-01 +5.0667e-01 -3.3566e+00 -4.4906e-01 +1.4269e+00 +1.6912e+00 -2.0895e+00 +1.5705e+00 -4.5006e-01 +1.4499e+00 -1.7384e+00 +3.2981e+00
96 0 +4.447663510e+00 +1.859766351e+01 +1.859766351e+01 +2.6031e+00 +9.8850e-01 -1.5278e+00 -2.7918e+00 -5.9962e-02 -2.1366e+00 +1.8760e+00 -6.9615e-01 +6.3891e-02 +7.6427e-01 -3.2200e+00 -9.0077e-01 +1.6846e+00 +2.1304e+00 -1.8765e+00 +2.0442e+00 +9.8427e-02 +8.8647e-01 -2.0649e+00 +3.3284e+00
99 0 +4.267066363e+00 +1.841706636e+01 +1.841706636e+01 +2.8444e+00 +4.8519e-01 -1.6534e+00 -3.6967e+00 +6.3367e-01 -1.8533e+00 +2.1871e+00 -8.4639e-01 -4.9212e-01 +1.2584e+00 -2.8458e+00 -1.3677e+00 +1.8103e+00 +1.9026e+00 -2.2251e+00 +1.5753e+00 -1.0742e-01 +6.3116e-01 -2.2204e+00 +3.8054e+00
100 0 +3.876686773e+00 +1.802668677e+01 +1.802668677e+01 +2.7084e+00 +3.4113e-01 -1.6677e+00 -3.7160e+00 +6.8630e-01 -1.9208e+00 +2.2254e+00 -7.9480e-01 -4.3640e-01 +1.3527e+00 -2.8366e+00 -1.4153e+00 +1.6802e+00 +1.8677e+00 -2.2879e+00 +1.8162e+00 -7.6620e-02 +7.4368e-01 -2.2205e+00 +3.8318e+00
101 0 +3.405550788e+00 +1.755555079e+01 +1.755555079e+01 +2.8032e+00 +2.7890e-01 -1.6797e+00 -3.7635e+00 +8.1327e-01 -2.0881e+00 +2.3850e+00 -7.7319e-01 -4.6028e-01 +1.1346e+00 -2.9310e+00 -1.4622e+00 +1.6749e+00 +1.8560e+00 -2.2331e+00 +1.8479e+00 -5.3084e-02 +8.3636e-01 -2.2547e+00 +3.8014e+00
% f evaluations | g evaluations | best noise-free fitness - Fopt (-1.348000000000e+01) + sum g_i+ | measured fitness | best measured fitness or single-digit g-values | x1 | x2...
1 0 +6.379502194e+01 +5.031502194e+01 +5.031502194e+01 +0.0000e+00 +0.0000e+00 +0.0000e+00 +0.0000e+00 +0.0000e+00 +0.0000e+00 +0.0000e+00 +0.0000e+00 +0.0000e+00 +0.0000e+00 +0.0000e+00 +0.0000e+00 +0.0000e+00 +0.0000e+00 +0.0000e+00 +0.0000e+00 +0.0000e+00 +0.0000e+00 +0.0000e+00 +0.0000e+00
5 0 +6.361477984e+01 +5.013477984e+01 +5.013477984e+01 +0.0000e+00 +0.0000e+00 +1.0000e-01 +0.0000e+00 +0.0000e+00 +0.0000e+00 +0.0000e+00 +0.0000e+00 +0.0000e+00 +0.0000e+00 +0.0000e+00 +0.0000e+00 +0.0000e+00 +0.0000e+00 +0.0000e+00 +0.0000e+00 +0.0000e+00 +0.0000e+00 +0.0000e+00 +0.0000e+00
23 0 +6.140517694e+01 +4.792517694e+01 +4.792517694e+01 -1.0918e-03 -1.7185e-02 +1.0086e-02 +7.7413e-03 +5.5612e-03 +2.7294e-03 +1.4353e-02 +9.5405e-03 -4.1309e-02 +1.3522e-01 -4.1876e-02 +2.8032e-02 -3.2528e-02 +3.3182e-02 -5.4753e-03 +1.0322e-02 +1.8458e-02 -1.8783e-03 -3.2771e-02 +2.5017e-03
24 0 +5.471359008e+01 +4.123359008e+01 +4.123359008e+01 -5.4757e-03 -8.6187e-02 +5.0586e-02 +3.8825e-02 +2.7891e-02 +1.3689e-02 +7.1984e-02 +4.7849e-02 -2.0718e-01 +2.7223e-01 -2.1002e-01 +1.4059e-01 -1.6314e-01 +1.6642e-01 -2.7461e-02 +5.1770e-02 +9.2573e-02 -9.4204e-03 -1.6436e-01 +1.2547e-02
25 0 +3.349556295e+01 +2.001556295e+01 +2.001556295e+01 -2.3494e-02 -3.6979e-01 +2.1704e-01 +1.6658e-01 +1.1967e-01 +5.8733e-02 +3.0885e-01 +2.0530e-01 -8.8890e-01 +6.8978e-01 -9.0111e-01 +6.0321e-01 -6.9995e-01 +7.1402e-01 -1.1782e-01 +2.2212e-01 +3.9719e-01 -4.0419e-02 -7.0518e-01 +5.3833e-02
26 0 +2.990974036e+01 +1.642974036e+01 +1.642974036e+01 -2.9458e-02 -4.6366e-01 +2.7214e-01 +2.0887e-01 +1.5005e-01 +7.3642e-02 +3.8725e-01 +2.5741e-01 -1.1145e+00 +1.2436e+00 -5.9114e-01 +7.5633e-01 -8.7763e-01 +8.9528e-01 -1.4773e-01 +2.7850e-01 +4.9801e-01 -5.0679e-02 -8.8418e-01 +6.7498e-02
27 0 +2.384468429e+01 +1.036468429e+01 +1.036468429e+01 -4.1604e-02 -6.5484e-01 +3.8435e-01 +2.9499e-01 +2.1192e-01 +1.0401e-01 +5.4693e-01 +3.6355e-01 -1.5741e+00 +1.0786e+00 -9.4959e-01 +1.0682e+00 -1.2395e+00 +1.2644e+00 -2.0864e-01 +3.9335e-01 +7.0336e-01 -7.1576e-02 -1.2488e+00 +9.5331e-02
28 0 +2.245018242e+01 +8.970182417e+00 +8.970182417e+00 -4.3533e-02 -6.8520e-01 +4.0217e-01 +3.0867e-01 +2.2174e-01 +1.0883e-01 +5.7228e-01 +3.8041e-01 -1.3917e+00 +1.2239e+00 -1.1271e+00 +1.1177e+00 -1.2970e+00 +1.3231e+00 -2.1832e-01 +4.1158e-01 +7.3597e-01 -7.4894e-02 -1.3067e+00 +9.9750e-02
29 0 +2.229970460e+01 +8.819704599e+00 +8.819704599e+00 -6.4149e-02 -7.0816e-01 +3.8318e-01 +2.8934e-01 +2.0210e-01 +8.8770e-02 +5.5392e-01 +3.6134e-01 -1.4032e+00 +1.2343e+00 -1.1397e+00 +1.1013e+00 -1.3222e+00 +1.3074e+00 -2.3957e-01 +3.9263e-01 +7.1820e-01 -9.5625e-02 -1.3319e+00 +7.9658e-02
31 0 +2.187452968e+01 +8.394529676e+00 +8.394529676e+00 -7.0368e-02 -7.2269e-01 +3.8274e-01 +2.8768e-01 +1.9931e-01 +8.4524e-02 +5.5568e-01 +3.6061e-01 -1.4509e+00 +1.2764e+00 -1.1910e+00 +1.1102e+00 -1.3580e+00 +1.3189e+00 -2.4805e-01 +3.9230e-01 +7.2208e-01 -1.0225e-01 -1.2232e+00 +7.5294e-02
33 0 +2.137809626e+01 +7.898096264e+00 +7.898096264e+00 -6.4418e-02 -6.3311e-01 +3.9103e-01 +2.9549e-01 +2.0666e-01 +9.1277e-02 +5.6487e-01 +3.6879e-01 -1.4710e+00 +1.2941e+00 -1.2127e+00 +1.1222e+00 -1.3752e+00 +1.2692e+00 -3.3052e-01 +4.0065e-01 +7.3213e-01 -9.6465e-02 -1.2393e+00 +8.1999e-02
45 0 +2.089059974e+01 +7.410599737e+00 +7.410599737e+00 +4.5510e-02 -6.4419e-01 +4.1511e-01 +3.1600e-01 +2.3752e-01 +1.2596e-01 +5.8056e-01 +3.8838e-01 -1.5067e+00 +1.3256e+00 -1.2511e+00 +1.0384e+00 -1.4055e+00 +1.2185e+00 -2.8229e-01 +4.1042e-01 +7.3524e-01 -1.3382e-01 -1.2677e+00 +4.3640e-02
48 0 +2.025457396e+01 +6.774573960e+00 +6.774573960e+00 +4.0474e-02 -6.3431e-01 +4.2959e-01 +3.2605e-01 +2.5733e-01 +1.3091e-01 +5.8068e-01 +3.9862e-01 -1.5269e+00 +1.3479e+00 -1.3150e+00 +1.0513e+00 -1.4323e+00 +1.2168e+00 -2.9173e-01 +4.0588e-01 +7.2945e-01 -1.4357e-01 -1.2842e+00 +4.0932e-02
49 0 +1.911589560e+01 +5.635895600e+00 +5.635895600e+00 +3.0381e-02 -6.1387e-01 +4.5836e-01 +3.4601e-01 +2.9700e-01 +1.4079e-01 +5.8029e-01 +4.1892e-01 -1.5994e+00 +1.4025e+00 -1.4048e+00 +1.0763e+00 -1.4849e+00 +1.2121e+00 -3.1054e-01 +3.9642e-01 +7.1708e-01 -1.6313e-01 -1.3162e+00 +3.5401e-02
50 0 +1.544188969e+01 +1.961889695e+00 +1.961889695e+00 -8.9265e-03 -5.0034e-01 +5.5824e-01 +4.1399e-01 +4.4926e-01 +1.7633e-01 +5.9830e-01 +4.8509e-01 -1.7340e+00 +1.6587e+00 -1.8482e+00 +1.1293e+00 -1.6431e+00 +1.1352e+00 -3.7776e-01 +3.3973e-01 +5.8443e-01 -2.3970e-01 -1.3898e+00 +8.4352e-03
51 0 +1.489748103e+01 +1.417481027e+00 +1.417481027e+00 -1.7320e-02 -4.7946e-01 +5.8077e-01 +4.2947e-01 +4.8199e-01 +1.8420e-01 +6.1058e-01 +5.0050e-01 -1.8876e+00 +1.6229e+00 -1.9026e+00 +1.1450e+00 -1.6815e+00 +1.1246e+00 -3.9271e-01 +3.2958e-01 +5.5291e-01 -2.5601e-01 -1.4106e+00 +3.2137e-03
52 0 +1.463745739e+01 +1.157457389e+00 +1.157457389e+00 -2.0242e-02 -4.7942e-01 +5.9122e-01 +4.3694e-01 +4.9386e-01 +1.8756e-01 +6.0322e-01 +5.0860e-01 -1.9163e+00 +1.6885e+00 -1.8818e+00 +1.1600e+00 -1.7049e+00 +1.1335e+00 -3.9920e-01 +3.3028e-01 +5.6827e-01 -2.6160e-01 -1.4288e+00 +2.5522e-03
59 0 +1.441987375e+01 +9.398737531e-01 +9.398737531e-01 -1.9872e-02 -4.7165e-01 +6.0221e-01 +4.3406e-01 +5.0866e-01 +1.9540e-01 +5.7555e-01 +5.1850e-01 -1.9185e+00 +1.6896e+00 -1.9167e+00 +1.1699e+00 -1.7201e+00 +1.1360e+00 -4.0115e-01 +3.3158e-01 +6.0417e-01 -2.6365e-01 -1.4434e+00 +4.1642e-03
72 0 +1.405440252e+01 +5.744025230e-01 +5.744025230e-01 -1.4490e-02 -4.6581e-01 +6.2128e-01 +4.4528e-01 +5.1443e-01 +1.9954e-01 +5.8087e-01 +5.2558e-01 -1.9346e+00 +1.7214e+00 -1.9608e+00 +1.1814e+00 -1.7397e+00 +1.1568e+00 -4.0997e-01 +3.4033e-01 +6.0814e-01 -2.6351e-01 -1.4648e+00 -1.6293e-02
73 0 +1.356602464e+01 +8.602464225e-02 +8.602464225e-02 -1.2722e-02 -4.5543e-01 +6.4796e-01 +4.6112e-01 +5.3929e-01 +2.0961e-01 +5.7939e-01 +5.4319e-01 -1.9249e+00 +1.7817e+00 -2.0158e+00 +1.2039e+00 -1.7633e+00 +1.1739e+00 -4.1854e-01 +3.3933e-01 +6.1826e-01 -2.6701e-01 -1.4968e+00 -3.0870e-02
74 0 +1.348628463e+01 +6.284626560e-03 +6.284626560e-03 -1.2931e-02 -4.5405e-01 +6.5205e-01 +4.6397e-01 +5.4356e-01 +2.1120e-01 +5.7967e-01 +5.4629e-01 -1.9303e+00 +1.7875e+00 -2.0240e+00 +1.2082e+00 -1.7680e+00 +1.1772e+00 -4.2025e-01 +3.4017e-01 +6.1951e-01 -2.6784e-01 -1.5025e+00 -3.3103e-02
% f evaluations | g evaluations | best noise-free fitness - Fopt (-4.813000000000e+01) + sum g_i+ | measured fitness | best measured fitness or single-digit g-values | x1 | x2...
1 0 +3.581673558e+01 -1.231326442e+01 -1.231326442e+01 +0.0000e+00 +0.0000e+00 +0.0000e+00 +0.0000e+00 +0.0000e+00 +0.0000e+00 +0.0000e+00 +0.0000e+00 +0.0000e+00 +0.0000e+00 +0.0000e+00 +0.0000e+00 +0.0000e+00 +0.0000e+00 +0.0000e+00 +0.0000e+00 +0.0000e+00 +0.0000e+00 +0.0000e+00 +0.0000e+00
5 0 +3.552908134e+01 -1.260091866e+01 -1.260091866e+01 +0.0000e+00 +0.0000e+00 +1.0000e-01 +0.0000e+00 +0.0000e+00 +0.0000e+00 +0.0000e+00 +0.0000e+00 +0.0000e+00 +0.0000e+00 +0.0000e+00 +0.0000e+00 +0.0000e+00 +0.0000e+00 +0.0000e+00 +0.0000e+00 +0.0000e+00 +0.0000e+00 +0.0000e+00 +0.0000e+00
11 0 +3.540771495e+01 -1.272228505e+01 -1.272228505e+01 +0.0000e+00 +0.0000e+00 +0.0000e+00 +0.0000e+00 +0.0000e+00 +0.0000e+00 +0.0000e+00 +0.0000e+00 +1.0000e-01 +0.0000e+00 +0.0000e+00 +0.0000e+00 +0.0000e+00 +0.0000e+00 +0.0000e+00 +0.0000e+00 +0.0000e+00 +0.0000e+00 +0.0000e+00 +0.0000e+00
