% f evaluations | g evaluations | best noise-free fitness - Fopt (-1.000000000000e+03) + sum g_i+ | measured fitness | best measured fitness or single-digit g-values | x1 | x2...
1 0 +7.527861790e+01 -9.247213821e+02 -9.247213821e+02 +0.0000e+00 +0.0000e+00 +0.0000e+00 +0.0000e+00 +0.0000e+00 +0.0000e+00 +0.0000e+00 +0.0000e+00 +0.0000e+00 +0.0000e+00
3 0 +7.517532557e+01 -9.248246744e+02 -9.248246744e+02 +5.0000e-01 +0.0000e+00 +0.0000e+00 +0.0000e+00 +0.0000e+00 +0.0000e+00 +0.0000e+00 +0.0000e+00 +0.0000e+00 +0.0000e+00
6 0 +7.376221817e+01 -9.262377818e+02 -9.262377818e+02 +0.0000e+00 +0.0000e+00 +0.0000e+00 +5.0000e-01 +0.0000e+00 +0.0000e+00 +0.0000e+00 +0.0000e+00 +0.0000e+00 +0.0000e+00
% f evaluations | g evaluations | best noise-free fitness - Fopt (1.000000000000e+03) + sum g_i+ | measured fitness | best measured fitness or single-digit g-values | x1 | x2...
1 0 +8.066044435e+01 +1.080660444e+03 +1.080660444e+03 +0.0000e+00 +0.0000e+00 +0.0000e+00 +0.0000e+00 +0.0000e+00 +0.0000e+00 +0.0000e+00 +0.0000e+00 +0.0000e+00 +0.0000e+00
4 0 +8.052244078e+01 +1.080522441e+03 +1.080522441e+03 +0.0000e+00 +5.0000e-01 +0.0000e+00 +0.0000e+00 +0.0000e+00 +0.0000e+00 +0.0000e+00 +0.0000e+00 +0.0000e+00 +0.0000e+00
13 0 +7.778453409e+01 +1.077784534e+03 +1.077784534e+03 -2.4930e-01 +3.7422e-02 +2.9921e-02 -2.3522e-01 -1.6661e-01 -7.4313e-02 +1.0676e-01 -4.4382e-03 -2.1022e-01 +7.0331e-01
14 0 +6.783602998e+01 +1.067836030e+03 +1.067836030e+03 -1.2000e+00 +1.8012e-01 +1.4402e-01 -1.1322e+00 -8.0192e-01 -3.5769e-01 +5.1386e-01 -2.1362e-02 -1.0119e+00 +1.6861e+00
15 0 +6.006438740e+01 +1.060064387e+03 +1.060064387e+03 -5.0000e+00 +7.8734e-01 +6.2953e-01 -4.9490e+00 -3.5054e+00 -1.5635e+00 +2.2462e+00 -9.3379e-02 -4.4231e+00 +5.0000e+00
17 0 +5.710652870e+01 +1.057106529e+03 +1.057106529e+03 -3.9056e+00 +7.7732e-01 +6.1951e-01 -5.0000e+00 -3.5154e+00 -1.5736e+00 +2.2362e+00 -1.0340e-01 -4.4331e+00 +5.0000e+00
20 0 +5.455629925e+01 +1.054556299e+03 +1.054556299e+03 -3.4783e+00 +2.6081e-01 +9.3499e-02 -5.0000e+00 -2.3317e+00 -2.2316e+00 +1.8075e+00 -6.7292e-01 -3.4678e+00 +5.0000e+00
26 0 +4.791754657e+01 +1.047917547e+03 +1.047917547e+03 -3.4595e+00 +4.2546e-01 +2.1900e-01 -4.7914e+00 -2.1568e+00 -2.0725e+00 +1.8629e+00 -5.1571e-01 -3.3084e+00 +4.7672e+00
27 0 +4.493869578e+01 +1.044938696e+03 +1.044938696e+03 -3.3572e+00 +6.2535e-01 +3.4047e-01 -4.6628e+00 -1.9047e+00 -1.9472e+00 +2.0211e+00 -3.2770e-01 -3.1397e+00 +4.7540e+00
28 0 +4.118282864e+01 +1.041182829e+03 +1.041182829e+03 -3.7074e+00 +7.0565e-01 +3.2555e-01 -4.5517e+00 -1.7494e+00 -1.9099e+00 +1.9860e+00 -2.5790e-01 -3.0309e+00 +4.4993e+00
29 0 +3.955160735e+01 +1.039551607e+03 +1.039551607e+03 -3.7303e+00 +6.6956e-01 +2.8637e-01 -4.0677e+00 -1.7752e+00 -1.9593e+00 +1.9831e+00 -2.9342e-01 -3.0672e+00 +4.5815e+00
30 0 +3.680127974e+01 +1.036801280e+03 +1.036801280e+03 -3.6978e+00 +7.2706e-01 +2.8013e-01 -3.9608e+00 -2.0120e+00 -1.9322e+00 +1.9664e+00 -2.4320e-01 -2.6830e+00 +4.4173e+00
31 0 +3.304238875e+01 +1.033042389e+03 +1.033042389e+03 -3.6223e+00 +6.9841e-01 +1.7105e-01 -3.8271e+00 -1.9310e+00 -1.5459e+00 +1.8518e+00 -2.8501e-01 -2.6525e+00 +4.2120e+00
33 0 +3.136320956e+01 +1.031363210e+03 +1.031363210e+03 -3.5728e+00 +7.1485e-01 +2.3430e-01 -3.7232e+00 -1.8680e+00 -1.5123e+00 +1.9062e+00 -2.1836e-01 -2.6250e+00 +4.0339e+00
38 0 +3.064846854e+01 +1.030648469e+03 +1.030648469e+03 -3.5732e+00 +8.1735e-01 +8.3174e-02 -3.6757e+00 -1.9443e+00 -1.5463e+00 +1.8743e+00 -2.4464e-01 -2.6994e+00 +3.8511e+00
41 0 +2.994496665e+01 +1.029944967e+03 +1.029944967e+03 -3.5377e+00 +8.1345e-01 +1.1309e-01 -3.6853e+00 -1.9564e+00 -1.4823e+00 +1.8661e+00 -2.2231e-01 -2.7303e+00 +3.7906e+00
43 0 +2.872374548e+01 +1.028723745e+03 +1.028723745e+03 -3.5817e+00 +8.6036e-01 +1.4778e-01 -3.5953e+00 -1.9749e+00 -1.3343e+00 +1.8322e+00 -1.5432e-01 -2.6938e+00 +3.6908e+00
44 0 +2.770392173e+01 +1.027703922e+03 +1.027703922e+03 -3.5873e+00 +8.5108e-01 +2.1225e-01 -3.5714e+00 -2.0613e+00 -1.2445e+00 +1.7904e+00 -1.0884e-01 -2.7633e+00 +3.5860e+00
45 0 +2.715665388e+01 +1.027156654e+03 +1.027156654e+03 -3.5491e+00 +7.7501e-01 +2.3732e-01 -3.5164e+00 -2.0279e+00 -1.2055e+00 +1.8137e+00 -9.1067e-02 -2.7419e+00 +3.4274e+00
46 0 +2.691405732e+01 +1.026914057e+03 +1.026914057e+03 -3.5057e+00 +8.0698e-01 +2.0470e-01 -3.5058e+00 -2.0418e+00 -1.1566e+00 +1.8697e+00 +7.4457e-02 -2.7885e+00 +3.4024e+00
55 0 +2.621350323e+01 +1.026213503e+03 +1.026213503e+03 -3.5218e+00 +8.2944e-01 +3.4002e-01 -3.4500e+00 -2.1114e+00 -1.0480e+00 +1.8742e+00 +8.6662e-02 -2.8360e+00 +3.3010e+00
57 0 +2.563588265e+01 +1.025635883e+03 +1.025635883e+03 -3.5340e+00 +8.1343e-01 +5.4180e-01 -3.3745e+00 -2.1445e+00 -8.9405e-01 +1.8544e+00 +1.9686e-01 -2.8759e+00 +3.1380e+00
272 0 +2.444496775e+01 +1.024444968e+03 +1.024444968e+03 -2.2376e+00 +2.8343e+00 +2.1020e+00 -2.0937e+00 -3.0129e+00 -7.9581e-01 -2.4118e+00 +6.6077e-02 -6.0862e-02 +2.5046e+00
276 0 +2.397793099e+01 +1.023977931e+03 +1.023977931e+03 -2.2036e+00 +2.8215e+00 +2.0786e+00 -2.0515e+00 -3.0335e+00 -7.5890e-01 -2.3917e+00 +7.8751e-02 -4.7414e-02 +2.5665e+00
280 0 +2.322766736e+01 +1.023227667e+03 +1.023227667e+03 -2.1626e+00 +2.7963e+00 +2.1922e+00 -2.0166e+00 -3.0875e+00 -7.0195e-01 -2.3846e+00 +8.0049e-02 -2.7299e-02 +2.5914e+00
282 0 +2.277737115e+01 +1.022777371e+03 +1.022777371e+03 -2.1407e+00 +2.7872e+00 +2.1975e+00 -2.0007e+00 -3.1238e+00 -6.4156e-01 -2.4004e+00 +1.1041e-01 -2.2822e-03 +2.5972e+00
284 0 +2.225487261e+01 +1.022254873e+03 +1.022254873e+03 -2.1193e+00 +2.7686e+00 +2.2062e+00 -1.9756e+00 -3.1575e+00 -5.7274e-01 -2.3906e+00 +8.3924e-02 -5.4574e-04 +2.6117e+00
285 0 +2.142456223e+01 +1.021424562e+03 +1.021424562e+03 -2.0854e+00 +2.7420e+00 +2.2548e+00 -1.9524e+00 -3.2656e+00 -4.7372e-01 -2.4586e+00 +1.6523e-02 +4.1343e-02 +2.5586e+00
286 0 +2.062121197e+01 +1.020621212e+03 +1.020621212e+03 -2.0406e+00 +2.7215e+00 +2.2679e+00 -1.9082e+00 -3.3715e+00 -3.3348e-01 -2.4672e+00 +4.0583e-02 +5.5713e-02 +2.6195e+00
289 0 +2.022516620e+01 +1.020225166e+03 +1.020225166e+03 -1.9791e+00 +2.6507e+00 +2.3320e+00 -1.7907e+00 -3.4079e+00 -2.5678e-01 -2.3904e+00 +5.1864e-02 +6.4304e-03 +2.5223e+00
290 0 +1.990602402e+01 +1.019906024e+03 +1.019906024e+03 -1.9769e+00 +2.6986e+00 +2.3742e+00 -1.7671e+00 -3.3981e+00 -2.0792e-01 -2.3742e+00 +1.7094e-02 +4.1258e-02 +2.5362e+00
294 0 +1.941365425e+01 +1.019413654e+03 +1.019413654e+03 -2.0199e+00 +2.6927e+00 +2.3591e+00 -1.7172e+00 -3.4748e+00 -1.3804e-01 -2.3521e+00 -5.6410e-02 +7.0454e-02 +2.5523e+00
296 0 +1.846024151e+01 +1.018460242e+03 +1.018460242e+03 -2.0519e+00 +2.6678e+00 +2.4643e+00 -1.6929e+00 -3.5577e+00 -5.9753e-03 -2.2659e+00 -5.0500e-02 +1.2627e-01 +2.6479e+00
297 0 +1.779787119e+01 +1.017797871e+03 +1.017797871e+03 -2.0933e+00 +2.6382e+00 +2.5826e+00 -1.6916e+00 -3.6237e+00 +6.8333e-02 -2.2181e+00 -1.2489e-01 +2.0134e-01 +2.6396e+00
299 0 +1.777996110e+01 +1.017779961e+03 +1.017779961e+03 -2.0585e+00 +2.6301e+00 +2.5969e+00 -1.6577e+00 -3.6327e+00 +7.8666e-02 -2.2036e+00 -1.1639e-01 +1.7190e-01 +2.6088e+00
301 0 +1.735225446e+01 +1.017352254e+03 +1.017352254e+03 -2.0088e+00 +2.6531e+00 +2.6535e+00 -1.6604e+00 -3.7254e+00 +1.4872e-01 -2.2351e+00 -1.4265e-01 +1.9528e-01 +2.6735e+00
305 0 +1.693224201e+01 +1.016932242e+03 +1.016932242e+03 -2.0634e+00 +2.5699e+00 +2.6606e+00 -1.5900e+00 -3.8528e+00 +1.6912e-01 -2.2195e+00 -1.6101e-01 +2.2006e-01 +2.7198e+00
308 0 +1.652221397e+01 +1.016522214e+03 +1.016522214e+03 -2.0492e+00 +2.5107e+00 +2.6919e+00 -1.5873e+00 -3.9044e+00 +2.5413e-01 -2.2357e+00 -2.0440e-01 +2.6035e-01 +2.7335e+00
309 0 +1.619541934e+01 +1.016195419e+03 +1.016195419e+03 -1.9813e+00 +2.4239e+00 +2.7228e+00 -1.5404e+00 -3.9820e+00 +3.1711e-01 -2.1556e+00 -2.5644e-01 +2.6341e-01 +2.6588e+00
311 0 +1.568722996e+01 +1.015687230e+03 +1.015687230e+03 -1.9978e+00 +2.3477e+00 +2.8318e+00 -1.4950e+00 -4.0807e+00 +4.0929e-01 -2.1488e+00 -4.3472e-01 +4.2415e-01 +2.7407e+00
313 0 +1.544692117e+01 +1.015446921e+03 +1.015446921e+03 -2.0011e+00 +2.2742e+00 +2.8136e+00 -1.4892e+00 -4.2561e+00 +5.1440e-01 -2.1786e+00 -5.3702e-01 +2.8466e-01 +2.8313e+00
321 0 +1.512488727e+01 +1.015124887e+03 +1.015124887e+03 -2.1205e+00 +2.2509e+00 +2.8544e+00 -1.5042e+00 -4.3738e+00 +5.6065e-01 -2.1909e+00 -4.8053e-01 +3.2536e-01 +2.7867e+00
338 0 +1.478899991e+01 +1.014789000e+03 +1.014789000e+03 -2.1169e+00 +2.1445e+00 +2.9569e+00 -1.4962e+00 -4.5071e+00 +6.3757e-01 -2.1221e+00 -4.6243e-01 +4.2185e-01 +2.7244e+00
% f evaluations | g evaluations | best noise-free fitness - Fopt (-4.913000000000e+01) + sum g_i+ | measured fitness | best measured fitness or single-digit g-values | x1 | x2...
1 0 +8.394616385e+01 +3.481616385e+01 +3.481616385e+01 +0.0000e+00 +0.0000e+00 +0.0000e+00 +0.0000e+00 +0.0000e+00 +0.0000e+00 +0.0000e+00 +0.0000e+00 +0.0000e+00 +0.0000e+00
3 0 +8.337125566e+01 +3.424125566e+01 +3.424125566e+01 +5.0000e-01 +0.0000e+00 +0.0000e+00 +0.0000e+00 +0.0000e+00 +0.0000e+00 +0.0000e+00 +0.0000e+00 +0.0000e+00 +0.0000e+00
15 0 +8.299688102e+01 +3.386688102e+01 +3.386688102e+01 +0.0000e+00 -6.8824e-02 +0.0000e+00 +0.0000e+00 +0.0000e+00 +0.0000e+00 +0.0000e+00 +5.0000e-01 +1.6224e-02 +0.0000e+00
18 0 +7.852959537e+01 +2.939959537e+01 +2.939959537e+01 +4.2525e-02 -6.4969e-01 -7.4511e-02 -3.4341e-03 -5.1592e-02 -7.8240e-02 +5.6804e-02 +6.9544e-01 -3.4805e-01 -1.2694e-01
19 0 +7.175340313e+01 +2.262340313e+01 +2.262340313e+01 +1.3800e-01 -2.0647e+00 -2.4180e-01 -1.1144e-02 -1.6743e-01 -2.5391e-01 +1.8434e-01 +1.1342e+00 -1.6361e+00 +9.3206e-02
22 0 +7.036979827e+01 +2.123979827e+01 +2.123979827e+01 +2.8654e-01 -1.8180e+00 -2.5189e-01 -1.1609e-02 -1.7442e-01 +7.1787e-03 +1.9203e-01 +1.2735e+00 -2.0336e+00 -2.1779e-01
25 0 +6.831003297e+01 +1.918003297e+01 +1.918003297e+01 +5.3318e-01 -1.7597e+00 -5.9678e-01 -1.2010e-02 -1.8044e-01 -1.9413e-02 +1.9866e-01 +1.4243e+00 -2.0374e+00 -6.4287e-02
26 0 +6.666078393e+01 +1.753078393e+01 +1.753078393e+01 +6.0632e-01 -1.7647e+00 -6.1921e-01 -1.8355e-01 -3.5498e-01 -7.1640e-03 +3.0887e-02 +1.3367e+00 -2.0943e+00 -2.7294e-02
27 0 +6.540598420e+01 +1.627598420e+01 +1.627598420e+01 +6.6778e-01 -1.7858e+00 -6.3968e-01 -3.0873e-01 -1.0148e-01 +8.8287e-04 -9.1195e-02 +1.2827e+00 -2.1504e+00 -1.1354e-04
28 0 +6.441185631e+01 +1.528185631e+01 +1.528185631e+01 +7.5569e-01 -1.8018e+00 -6.6760e-01 -9.6238e-02 -1.0316e-01 +1.4286e-02 -2.8175e-01 +1.1889e+00 -2.2237e+00 +4.2057e-02
29 0 +6.018126475e+01 +1.105126475e+01 +1.105126475e+01 +9.1992e-01 -1.8079e+00 -7.1750e-01 -1.3993e-01 -1.0441e-01 +4.2459e-02 -1.8015e-01 +9.8638e-01 -2.3490e+00 +1.2628e-01
30 0 +4.625127012e+01 -2.878729879e+00 -2.878729879e+00 +1.4434e+00 -1.9129e+00 -8.8127e-01 -2.7858e-01 -1.1234e-01 +1.2568e-01 -1.0006e-02 +5.1586e-01 -2.6310e+00 +2.4773e-01
210 0 +4.461571374e+01 -4.514286263e+00 -4.514286263e+00 -3.5531e-01 -3.0718e-01 +4.3192e+00 +1.4699e+00 +4.5311e+00 +4.1998e+00 -6.0723e-01 -2.7625e-01 -3.0377e+00 +4.2538e+00
244 0 +4.296258975e+01 -6.167410245e+00 -6.167410245e+00 +3.8777e+00 +1.6708e+00 +2.6047e+00 -2.7301e+00 -4.2937e-01 +2.1023e+00 +2.1408e+00 +1.6815e+00 -2.8693e+00 -1.4970e+00
313 0 +4.159044562e+01 -7.539554382e+00 -7.539554382e+00 +1.5599e+00 -1.4440e+00 +1.4487e+00 +1.9350e+00 +2.0449e-01 +9.2783e-01 +4.3857e+00 -2.0294e+00 +1.8134e+00 +1.0872e+00
314 0 +3.904690063e+01 -1.008309937e+01 -1.008309937e+01 +1.4830e+00 -1.3680e+00 +1.4375e+00 +1.5728e+00 +2.7359e-01 +8.2051e-01 +4.4053e+00 -2.0499e+00 +1.6734e+00 +1.1167e+00
372 0 +3.877208363e+01 -1.035791637e+01 -1.035791637e+01 +1.8988e+00 +2.9342e+00 -4.5535e+00 -4.0860e+00 -1.5168e+00 -1.7301e+00 -1.8196e+00 -4.8405e+00 -2.2150e-01 -2.5219e+00
% f evaluations | g evaluations | best noise-free fitness - Fopt (2.977300000000e+02) + sum g_i+ | measured fitness | best measured fitness or single-digit g-values | x1 | x2...
1 0 +8.080596070e+01 +3.785359607e+02 +3.785359607e+02 +0.0000e+00 +0.0000e+00 +0.0000e+00 +0.0000e+00 +0.0000e+00 +0.0000e+00 +0.0000e+00 +0.0000e+00 +0.0000e+00 +0.0000e+00
3 0 +8.044106126e+01 +3.781710613e+02 +3.781710613e+02 +5.0000e-01 +0.0000e+00 +0.0000e+00 +0.0000e+00 +0.0000e+00 +0.0000e+00 +0.0000e+00 +0.0000e+00 +0.0000e+00 +0.0000e+00
10 0 +7.938124949e+01 +3.771112495e+02 +3.771112495e+02 +0.0000e+00 +0.0000e+00 +0.0000e+00 +0.0000e+00 +0.0000e+00 +0.0000e+00 +0.0000e+00 +5.0000e-01 +0.0000e+00 +0.0000e+00
13 0 +7.630918810e+01 +3.740391881e+02 +3.740391881e+02 +7.0985e-02 +1.2841e-01 -1.5438e-01 +1.6259e-01 -2.2721e-02 +9.8557e-02 +2.0166e-01 +7.7715e-01 +1.6502e-02 +2.2410e-01
14 0 +6.172388582e+01 +3.594538858e+02 +3.594538858e+02 +4.6372e-01 +7.0960e-01 -5.0132e-01 +8.5600e-01 +6.2452e-02 +5.8179e-01 +1.0233e+00 +1.8466e+00 +2.3041e-01 +1.1194e+00
17 0 +3.994601975e+01 +3.376760197e+02 +3.376760197e+02 +1.0503e+00 +1.4259e+00 -4.2406e-01 +1.6496e+00 +4.3725e-01 +1.2307e+00 +1.9052e+00 +2.1351e+00 +6.9385e-01 +2.0520e+00
19 0 +3.634898671e+01 +3.340789867e+02 +3.340789867e+02 +9.1594e-01 +1.2916e+00 -5.5841e-01 +1.5153e+00 +3.0290e-01 +1.0963e+00 +1.7708e+00 +1.9518e+00 +5.5950e-01 +2.7317e+00
24 0 +3.572256138e+01 +3.334525614e+02 +3.334525614e+02 +8.6660e-01 +1.2426e+00 -5.4974e-01 +1.4664e+00 +2.5303e-01 +1.0471e+00 +1.9872e+00 +1.9260e+00 +5.0985e-01 +2.7137e+00
25 0 +3.409185107e+01 +3.318218511e+02 +3.318218511e+02 +8.9495e-01 +1.2709e+00 -5.4868e-01 +1.4474e+00 +1.4362e-01 +1.0755e+00 +1.9825e+00 +1.9206e+00 +5.3821e-01 +2.7085e+00
30 0 +3.324377606e+01 +3.309737761e+02 +3.309737761e+02 +9.0819e-01 +1.2472e+00 -5.3484e-01 +1.4304e+00 +1.2666e-01 +1.0670e+00 +1.9754e+00 +1.8982e+00 +5.5696e-01 +2.7047e+00
31 0 +3.214341657e+01 +3.298734166e+02 +3.298734166e+02 +9.2739e-01 +1.2263e+00 -5.2686e-01 +1.4197e+00 +1.0478e-01 +1.0608e+00 +1.9795e+00 +1.9130e+00 +5.8152e-01 +2.7174e+00
32 0 +2.886725170e+01 +3.265972517e+02 +3.265972517e+02 +1.0250e+00 +1.1853e+00 -4.6492e-01 +1.4135e+00 +6.2296e-02 +1.0707e+00 +2.0235e+00 +1.9499e+00 +6.9825e-01 +2.6394e+00
33 0 +2.615281684e+01 +3.238828168e+02 +3.238828168e+02 +1.1108e+00 +1.1020e+00 -5.2969e-01 +1.3716e+00 -1.9774e-02 +1.0496e+00 +2.0416e+00 +1.9538e+00 +8.0836e-01 +2.6486e+00
34 0 +2.400932169e+01 +3.217393217e+02 +3.217393217e+02 +1.1545e+00 +1.0254e+00 -4.0913e-01 +1.3171e+00 -1.0697e-01 +1.0232e+00 +2.0333e+00 +1.9624e+00 +8.8162e-01 +2.6788e+00
35 0 +2.388029796e+01 +3.216102980e+02 +3.216102980e+02 +1.2073e+00 +9.9157e-01 -3.8365e-01 +1.2920e+00 -1.4339e-01 +1.0292e+00 +2.0390e+00 +1.8613e+00 +9.6517e-01 +2.5515e+00
37 0 +2.291918094e+01 +3.206491809e+02 +3.206491809e+02 +1.2445e+00 +9.9815e-01 -3.7051e-01 +1.3096e+00 -1.6292e-01 +1.0454e+00 +2.0789e+00 +1.9212e+00 +1.0128e+00 +2.5530e+00
38 0 +2.285637327e+01 +3.205863733e+02 +3.205863733e+02 +1.3231e+00 +9.9864e-01 -3.6828e-01 +1.2891e+00 -1.8269e-01 +1.0582e+00 +2.0825e+00 +1.9255e+00 +9.5983e-01 +2.5571e+00
43 0 +2.233308424e+01 +3.200630842e+02 +3.200630842e+02 +1.3581e+00 +9.7637e-01 -4.0207e-01 +1.2893e+00 -1.7633e-01 +1.0037e+00 +2.0771e+00 +1.9314e+00 +9.9463e-01 +2.5826e+00
44 0 +2.176962695e+01 +3.194996270e+02 +3.194996270e+02 +1.3755e+00 +9.6851e-01 -3.8406e-01 +1.2900e+00 -1.9151e-01 +1.0005e+00 +2.0796e+00 +1.9460e+00 +1.0245e+00 +2.6040e+00
45 0 +1.954750108e+01 +3.172775011e+02 +3.172775011e+02 +1.4657e+00 +9.5566e-01 -3.4194e-01 +1.3150e+00 -2.3236e-01 +9.9134e-01 +2.1028e+00 +2.0156e+00 +1.1557e+00 +2.6743e+00
46 0 +1.132517051e+01 +3.090551705e+02 +3.090551705e+02 +1.8502e+00 +9.3413e-01 -2.2345e-01 +1.4477e+00 -3.6140e-01 +9.6140e-01 +2.2148e+00 +2.3052e+00 +1.6877e+00 +2.9256e+00
49 0 +6.857810468e+00 +3.045878105e+02 +3.045878105e+02 +2.7620e+00 +8.9018e-01 -1.5885e-02 +1.6927e+00 -5.9835e-01 +8.7574e-01 +2.4052e+00 +2.8322e+00 +2.6704e+00 +3.4550e+00
54 0 +4.850386993e+00 +3.025803870e+02 +3.025803870e+02 +2.5176e+00 +8.7754e-01 +5.8434e-02 +1.7562e+00 -5.5524e-01 +8.2778e-01 +2.2897e+00 +2.7832e+00 +2.8880e+00 +3.6078e+00
58 0 +4.725254894e+00 +3.024552549e+02 +3.024552549e+02 +2.5113e+00 +8.5694e-01 +1.1071e-01 +1.7587e+00 -5.2992e-01 +9.0322e-01 +2.2931e+00 +2.8042e+00 +2.8898e+00 +3.6049e+00
59 0 +4.668794137e+00 +3.023987941e+02 +3.023987941e+02 +2.5384e+00 +8.6189e-01 +1.0709e-01 +1.7729e+00 -5.3015e-01 +9.0282e-01 +2.3034e+00 +2.8230e+00 +2.9214e+00 +3.6131e+00
60 0 +4.345726844e+00 +3.020757268e+02 +3.020757268e+02 +2.5189e+00 +8.9021e-01 +1.1237e-01 +1.7890e+00 -5.0345e-01 +8.9929e-01 +2.2964e+00 +2.8369e+00 +2.9294e+00 +3.6122e+00
61 0 +3.983486096e+00 +3.017134861e+02 +3.017134861e+02 +2.5142e+00 +9.1061e-01 +1.3825e-01 +1.7941e+00 -4.8591e-01 +8.8789e-01 +2.2773e+00 +2.8470e+00 +2.9350e+00 +3.6329e+00
62 0 +3.283185430e+00 +3.010131854e+02 +3.010131854e+02 +2.4324e+00 +9.3111e-01 +2.3091e-01 +1.7869e+00 -4.5612e-01 +8.0696e-01 +2.2730e+00 +2.9709e+00 +2.9716e+00 +3.6424e+00
63 0 +2.958965022e+00 +3.006889650e+02 +3.006889650e+02 +2.4163e+00 +1.0272e+00 +3.2596e-01 +1.8215e+00 -3.7568e-01 +7.8449e-01 +2.1947e+00 +2.9388e+00 +3.0500e+00 +3.6398e+00
65 0 +2.873263817e+00 +3.006032638e+02 +3.006032638e+02 +2.3788e+00 +1.0013e+00 +3.0275e-01 +1.8190e+00 -3.7720e-01 +7.9496e-01 +2.1777e+00 +2.9285e+00 +3.0878e+00 +3.6726e+00
66 0 +2.750067051e+00 +3.004800671e+02 +3.004800671e+02 +2.3778e+00 +1.0298e+00 +2.8116e-01 +1.8238e+00 -3.5313e-01 +8.0959e-01 +2.1307e+00 +2.9852e+00 +3.0629e+00 +3.7158e+00
68 0 +2.648094194e+00 +3.003780942e+02 +3.003780942e+02 +2.4183e+00 +1.0268e+00 +2.9613e-01 +1.7859e+00 -3.5964e-01 +8.0533e-01 +2.1312e+00 +2.9980e+00 +3.0937e+00 +3.7426e+00
70 0 +2.598210452e+00 +3.003282105e+02 +3.003282105e+02 +2.4216e+00 +1.0354e+00 +2.8424e-01 +1.7995e+00 -3.5263e-01 +8.1085e-01 +2.1434e+00 +3.0247e+00 +3.1260e+00 +3.7323e+00
72 0 +2.566089488e+00 +3.002960895e+02 +3.002960895e+02 +2.4044e+00 +1.0363e+00 +2.9935e-01 +1.7834e+00 -3.5054e-01 +7.9560e-01 +2.1251e+00 +3.0517e+00 +3.1462e+00 +3.7351e+00
73 0 +2.493796102e+00 +3.002237961e+02 +3.002237961e+02 +2.4204e+00 +1.0502e+00 +2.9020e-01 +1.7812e+00 -3.4193e-01 +8.0885e-01 +2.0972e+00 +3.0489e+00 +3.1745e+00 +3.7461e+00
74 0 +2.450015488e+00 +3.001800155e+02 +3.001800155e+02 +2.4335e+00 +1.0419e+00 +2.6395e-01 +1.7674e+00 -3.5084e-01 +8.2057e-01 +2.0854e+00 +3.0716e+00 +3.1911e+00 +3.7616e+00
76 0 +2.372905463e+00 +3.001029055e+02 +3.001029055e+02 +2.4668e+00 +1.0819e+00 +2.6931e-01 +1.7619e+00 -3.2261e-01 +8.2347e-01 +2.0832e+00 +3.0996e+00 +3.2194e+00 +3.8002e+00
77 0 +2.327764034e+00 +3.000577640e+02 +3.000577640e+02 +2.4809e+00 +1.0829e+00 +2.7031e-01 +1.7516e+00 -3.2354e-01 +8.2494e-01 +2.0802e+00 +3.0939e+00 +3.2656e+00 +3.8032e+00
79 0 +2.282190117e+00 +3.000121901e+02 +3.000121901e+02 +2.4738e+00 +1.1079e+00 +2.4420e-01 +1.7629e+00 -3.0248e-01 +8.4187e-01 +2.0430e+00 +3.1100e+00 +3.3144e+00 +3.8153e+00
82 0 +2.224242756e+00 +2.999542428e+02 +2.999542428e+02 +2.4894e+00 +1.1078e+00 +2.6810e-01 +1.7155e+00 -3.1118e-01 +8.2778e-01 +1.9980e+00 +3.1236e+00 +3.3475e+00 +3.8724e+00
85 0 +2.167740823e+00 +2.998977408e+02 +2.998977408e+02 +2.5468e+00 +1.1422e+00 +2.7130e-01 +1.7226e+00 -3.0420e-01 +8.2979e-01 +1.9991e+00 +3.1076e+00 +3.4081e+00 +3.9178e+00
88 0 +2.134070739e+00 +2.998640707e+02 +2.998640707e+02 +2.5704e+00 +1.1523e+00 +2.7420e-01 +1.7221e+00 -3.1643e-01 +8.3859e-01 +1.9359e+00 +3.1008e+00 +3.4703e+00 +3.9492e+00
97 0 +2.087188233e+00 +2.998171882e+02 +2.998171882e+02 +2.6315e+00 +1.2314e+00 +2.7771e-01 +1.6908e+00 -2.5792e-01 +8.6746e-01 +1.9023e+00 +3.1153e+00 +3.5153e+00 +3.9905e+00
111 0 +2.040802008e+00 +2.997708020e+02 +2.997708020e+02 +2.7744e+00 +1.3100e+00 +2.9637e-01 +1.6294e+00 -2.0872e-01 +8.9835e-01 +1.8376e+00 +3.1221e+00 +3.6202e+00 +4.0583e+00
149 0 +1.994990568e+00 +2.997249906e+02 +2.997249906e+02 +3.0507e+00 +1.4439e+00 +2.8092e-01 +1.5239e+00 -2.8057e-02 +9.7477e-01 +1.6385e+00 +3.0801e+00 +3.7913e+00 +4.1985e+00
% f evaluations | g evaluations | best noise-free fitness - Fopt (5.157000000000e+01) + sum g_i+ | measured fitness | best measured fitness or single-digit g-values | x1 | x2...
1 0 +7.649556673e+01 +1.280655667e+02 +1.280655667e+02 +0.0000e+00 +0.0000e+00 +0.0000e+00 +0.0000e+00 +0.0000e+00 +0.0000e+00 +0.0000e+00 +0.0000e+00 +0.0000e+00 +0.0000e+00
4 0 +7.609394659e+01 +1.276639466e+02 +1.276639466e+02 +0.0000e+00 +5.0000e-01 +0.0000e+00 +0.0000e+00 +0.0000e+00 +0.0000e+00 +0.0000e+00 +0.0000e+00 +0.0000e+00 +0.0000e+00
9 0 +7.474037142e+01 +1.263103714e+02 +1.263103714e+02 +0.0000e+00 +0.0000e+00 +0.0000e+00 +0.0000e+00 +0.0000e+00 +0.0000e+00 +5.0000e-01 +0.0000e+00 +0.0000e+00 +0.0000e+00
13 0 +7.145577048e+01 +1.230257705e+02 +1.230257705e+02 -1.6945e-01 +6.3753e-02 -1.9018e-01 +6.8821e-02 -1.5074e-01 -3.8209e-03 +7.7862e-01 +4.9218e-02 -2.6250e-01 +6.8005e-02
14 0 +4.797068875e+01 +9.954068875e+01 +9.954068875e+01 -8.3686e-01 +3.1485e-01 -9.3924e-01 +3.3988e-01 -7.4446e-01 -1.8870e-02 +1.9301e+00 +2.4307e-01 -1.2964e+00 +3.3585e-01
17 0 +3.164288403e+01 +8.321288403e+01 +8.321288403e+01 -1.2728e+00 +1.3189e-01 -1.3977e+00 +1.6242e-01 -1.1601e+00 -2.7514e-01 +2.3190e+00 +4.4342e-02 -1.8333e+00 +1.5750e-01
18 0 +2.836656435e+01 +7.993656435e+01 +7.993656435e+01 -3.0148e+00 -6.7259e-01 -3.2231e+00 -6.2169e-01 -2.8269e+00 -1.3513e+00 +3.7417e+00 -8.1857e-01 -3.9494e+00 -6.2988e-01
19 0 +2.246697251e+01 +7.403697251e+01 +7.403697251e+01 -2.9823e+00 -6.4001e-01 -3.8837e+00 -5.8911e-01 -2.7943e+00 -1.3187e+00 +3.7341e+00 -7.8599e-01 -3.5036e+00 -5.9731e-01
26 0 +2.069356643e+01 +7.226356643e+01 +7.226356643e+01 -2.9779e+00 -7.8483e-01 -3.8911e+00 -4.3886e-01 -2.7954e+00 -1.3199e+00 +3.7292e+00 -6.6793e-01 -3.4992e+00 -7.4207e-01
28 0 +1.353604369e+01 +6.510604369e+01 +6.510604369e+01 -2.8679e+00 -8.5143e-01 -4.0463e+00 -6.6429e-01 -2.8087e+00 -1.3436e+00 +3.5992e+00 -5.2862e-01 -3.3835e+00 -1.0709e+00
29 0 +1.187367475e+01 +6.344367475e+01 +6.344367475e+01 -2.6171e+00 -1.0117e+00 -4.6379e+00 -4.9447e-01 -3.1446e+00 -1.4435e+00 +3.1145e+00 +6.1721e-01 -3.2249e+00 -2.4261e+00
30 0 +1.157357994e+01 +6.314357994e+01 +6.314357994e+01 -2.5244e+00 -9.7316e-01 -4.5530e+00 -4.7059e-01 -3.0591e+00 -1.3887e+00 +3.0433e+00 +6.6271e-01 -3.1134e+00 -2.3968e+00
32 0 +1.129375752e+01 +6.286375752e+01 +6.286375752e+01 -2.4963e+00 -9.8609e-01 -4.5328e+00 -5.8416e-01 -3.0487e+00 -1.3902e+00 +3.0318e+00 +6.4943e-01 -3.1141e+00 -2.4275e+00
34 0 +1.110280999e+01 +6.267280999e+01 +6.267280999e+01 -2.4832e+00 -9.8294e-01 -4.5377e+00 -5.7664e-01 -3.0356e+00 -1.3808e+00 +3.0554e+00 +6.2595e-01 -3.1032e+00 -2.4549e+00
36 0 +1.088478116e+01 +6.245478116e+01 +6.245478116e+01 -2.5074e+00 -9.4269e-01 -4.5366e+00 -5.8244e-01 -3.0344e+00 -1.3781e+00 +3.0462e+00 +6.2418e-01 -3.1006e+00 -2.4675e+00
39 0 +1.057448686e+01 +6.214448686e+01 +6.214448686e+01 -2.5426e+00 -9.5220e-01 -4.5305e+00 -5.8886e-01 -2.9828e+00 -1.3986e+00 +3.0557e+00 +6.3325e-01 -3.0853e+00 -2.4856e+00
40 0 +1.007032961e+01 +6.164032961e+01 +6.164032961e+01 -2.5501e+00 -9.3213e-01 -4.5177e+00 -6.0071e-01 -2.9569e+00 -1.3939e+00 +3.0742e+00 +6.1160e-01 -3.0889e+00 -2.4707e+00
41 0 +8.712388510e+00 +6.028238851e+01 +6.028238851e+01 -2.5969e+00 -8.1101e-01 -4.4769e+00 -6.6237e-01 -2.8475e+00 -1.3780e+00 +3.1238e+00 +5.7177e-01 -3.1119e+00 -2.4412e+00
42 0 +8.346352931e+00 +5.991635293e+01 +5.991635293e+01 -2.6542e+00 -6.6597e-01 -4.4713e+00 -7.2442e-01 -2.7727e+00 -1.3746e+00 +3.1094e+00 +6.3296e-01 -3.1411e+00 -2.4784e+00
43 0 +7.824939211e+00 +5.939493921e+01 +5.939493921e+01 -2.6721e+00 -6.3534e-01 -4.4159e+00 -7.2942e-01 -2.6643e+00 -1.3876e+00 +3.0935e+00 +4.8116e-01 -3.1539e+00 -2.4948e+00
44 0 +7.723791671e+00 +5.929379167e+01 +5.929379167e+01 -2.7328e+00 -7.0305e-01 -4.3921e+00 -7.7508e-01 -2.5428e+00 -1.3409e+00 +3.1896e+00 +5.1148e-01 -3.1347e+00 -2.4543e+00
48 0 +7.565712864e+00 +5.913571286e+01 +5.913571286e+01 -2.7149e+00 -6.5754e-01 -4.3612e+00 -7.8664e-01 -2.5666e+00 -1.3712e+00 +3.2842e+00 +4.8752e-01 -3.1162e+00 -2.4774e+00
52 0 +7.373172843e+00 +5.894317284e+01 +5.894317284e+01 -2.7089e+00 -6.2710e-01 -4.3492e+00 -7.7869e-01 -2.5462e+00 -1.3910e+00 +3.2932e+00 +4.7748e-01 -3.1412e+00 -2.4328e+00
53 0 +7.158575288e+00 +5.872857529e+01 +5.872857529e+01 -2.6949e+00 -6.2810e-01 -4.3274e+00 -7.4917e-01 -2.5198e+00 -1.4214e+00 +3.3211e+00 +4.1317e-01 -3.1494e+00 -2.3898e+00
54 0 +6.905574662e+00 +5.847557466e+01 +5.847557466e+01 -2.6946e+00 -5.7747e-01 -4.3116e+00 -7.3341e-01 -2.4843e+00 -1.4578e+00 +3.3578e+00 +3.9581e-01 -3.1693e+00 -2.3417e+00
55 0 +6.662971196e+00 +5.823297120e+01 +5.823297120e+01 -2.6312e+00 -5.2247e-01 -4.2721e+00 -6.2113e-01 -2.4572e+00 -1.5870e+00 +3.5637e+00 +3.2975e-01 -3.2129e+00 -2.0721e+00
58 0 +6.392808375e+00 +5.796280837e+01 +5.796280837e+01 -2.5365e+00 -5.0778e-01 -4.2420e+00 -7.7168e-01 -2.4558e+00 -1.6743e+00 +3.5194e+00 +3.3145e-01 -3.2692e+00 -2.0458e+00
60 0 +6.243439091e+00 +5.781343909e+01 +5.781343909e+01 -2.4959e+00 -4.7782e-01 -4.2849e+00 -7.7645e-01 -2.4202e+00 -1.6990e+00 +3.5527e+00 +3.5111e-01 -3.2348e+00 -2.0780e+00
65 0 +6.135436244e+00 +5.770543624e+01 +5.770543624e+01 -2.4864e+00 -4.6751e-01 -4.2819e+00 -7.6870e-01 -2.3771e+00 -1.7360e+00 +3.5297e+00 +3.9024e-01 -3.2346e+00 -2.0654e+00
66 0 +6.006201903e+00 +5.757620190e+01 +5.757620190e+01 -2.4693e+00 -4.5492e-01 -4.2977e+00 -8.0926e-01 -2.3551e+00 -1.7303e+00 +3.4703e+00 +4.1812e-01 -3.1986e+00 -2.1045e+00
67 0 +5.804886409e+00 +5.737488641e+01 +5.737488641e+01 -2.4673e+00 -3.9892e-01 -4.2780e+00 -8.2234e-01 -2.2963e+00 -1.7377e+00 +3.4582e+00 +3.6781e-01 -3.1884e+00 -2.1065e+00
68 0 +5.630007026e+00 +5.720000703e+01 +5.720000703e+01 -2.4416e+00 -3.4795e-01 -4.2978e+00 -8.5526e-01 -2.2370e+00 -1.7665e+00 +3.4376e+00 +3.5451e-01 -3.1724e+00 -2.0979e+00
69 0 +5.601874965e+00 +5.717187497e+01 +5.717187497e+01 -2.4249e+00 -2.9198e-01 -4.3082e+00 -7.9812e-01 -2.2641e+00 -1.7851e+00 +3.3980e+00 +3.4419e-01 -3.1532e+00 -2.1073e+00
75 0 +5.487834634e+00 +5.705783463e+01 +5.705783463e+01 -2.4434e+00 -2.4986e-01 -4.2915e+00 -7.9713e-01 -2.1872e+00 -1.7745e+00 +3.3898e+00 +3.5898e-01 -3.1064e+00 -2.1339e+00
81 0 +5.349469816e+00 +5.691946982e+01 +5.691946982e+01 -2.4183e+00 -1.7956e-01 -4.3175e+00 -7.8103e-01 -2.1303e+00 -1.8094e+00 +3.4195e+00 +3.6279e-01 -3.0892e+00 -2.1067e+00
85 0 +5.234971753e+00 +5.680497175e+01 +5.680497175e+01 -2.3894e+00 -1.1158e-01 -4.3121e+00 -8.0336e-01 -2.0645e+00 -1.8512e+00 +3.4207e+00 +3.9905e-01 -3.0368e+00 -2.0701e+00
96 0 +5.125179675e+00 +5.669517967e+01 +5.669517967e+01 -2.2847e+00 -7.1306e-02 -4.3320e+00 -7.9999e-01 -1.9973e+00 -1.9358e+00 +3.4618e+00 +4.0846e-01 -3.0143e+00 -2.0366e+00
% f evaluations | g evaluations | best noise-free fitness - Fopt (8.200000000000e+00) + sum g_i+ | measured fitness | best measured fitness or single-digit g-values | x1 | x2...
1 0 +7.713079637e+01 +8.533079637e+01 +8.533079637e+01 +0.0000e+00 +0.0000e+00 +0.0000e+00 +0.0000e+00 +0.0000e+00 +0.0000e+00 +0.0000e+00 +0.0000e+00 +0.0000e+00 +0.0000e+00
4 0 +7.662918959e+01 +8.482918959e+01 +8.482918959e+01 +0.0000e+00 +5.0000e-01 +0.0000e+00 +0.0000e+00 +0.0000e+00 +0.0000e+00 +0.0000e+00 +0.0000e+00 +0.0000e+00 +0.0000e+00
13 0 +7.400421283e+01 +8.220421283e+01 +8.220421283e+01 -5.5097e-03 +1.1459e-01 +8.4296e-03 -1.8868e-01 -1.8727e-01 -1.5755e-01 -2.4614e-01 -2.3463e-01 -5.8763e-03 +6.6000e-01
14 0 +6.422825975e+01 +7.242825975e+01 +7.242825975e+01 -1.5471e-01 +3.9161e-01 -9.1306e-02 -9.8794e-01 -9.8153e-01 -8.4632e-01 -1.2493e+00 -1.1969e+00 -1.5638e-01 +1.0982e+00
17 0 +6.296099093e+01 +7.116099093e+01 +7.116099093e+01 -3.4421e-01 +1.0727e+00 -1.7976e-01 -2.5053e+00 -2.4886e+00 -2.1380e+00 -3.1831e+00 -3.0473e+00 -3.4854e-01 +2.5300e+00
18 0 +5.949330841e+01 +6.769330841e+01 +6.769330841e+01 -1.9033e-01 +1.2266e+00 -2.5874e-02 -2.3514e+00 -2.3347e+00 -1.9841e+00 -3.7183e+00 -2.8934e+00 -1.9465e-01 +2.4940e+00
25 0 +5.695124474e+01 +6.515124474e+01 +6.515124474e+01 +1.0795e-01 +1.0041e+00 -2.5512e-01 -2.3323e+00 -2.3822e+00 -1.9853e+00 -3.7682e+00 -2.9479e+00 +3.0630e-02 +2.4818e+00
26 0 +5.490959440e+01 +6.310959440e+01 +6.310959440e+01 +1.0702e-01 +6.5568e-01 +9.5360e-02 -2.3565e+00 -2.4062e+00 -2.0056e+00 -3.7997e+00 -2.9779e+00 +2.9647e-02 +2.5296e+00
27 0 +4.737080757e+01 +5.557080757e+01 +5.557080757e+01 +4.0016e-01 +5.9013e-01 +2.4011e-01 -2.1831e+00 -2.5382e+00 -1.9391e+00 -3.9161e+00 -3.1205e+00 -1.4097e-02 +2.3035e+00
28 0 +2.889174542e+01 +3.709174542e+01 +3.709174542e+01 +1.5692e+00 +3.3689e-01 +8.2395e-01 -1.4893e+00 -3.0684e+00 -1.6717e+00 -4.3801e+00 -3.6894e+00 -1.9291e-01 +1.3960e+00
32 0 +2.818861773e+01 +3.638861773e+01 +3.638861773e+01 +1.5660e+00 +6.2886e-01 +8.5620e-01 -1.4185e+00 -3.1379e+00 -1.6256e+00 -4.3944e+00 -3.7179e+00 -3.2473e-01 +1.2488e+00
33 0 +2.684460476e+01 +3.504460476e+01 +3.504460476e+01 +1.8670e+00 +5.3234e-01 +8.8535e-01 -1.1452e+00 -3.1044e+00 -1.4729e+00 -4.3513e+00 -3.7003e+00 -3.0744e-01 +1.0304e+00
37 0 +2.576922040e+01 +3.396922040e+01 +3.396922040e+01 +1.8613e+00 +4.9771e-01 +8.6431e-01 -1.1694e+00 -3.1927e+00 -1.4812e+00 -4.2162e+00 -3.7321e+00 -3.3835e-01 +9.9925e-01
40 0 +2.529021259e+01 +3.349021259e+01 +3.349021259e+01 +1.8706e+00 +5.0925e-01 +8.5751e-01 -1.1793e+00 -3.1661e+00 -1.4406e+00 -4.1739e+00 -3.7540e+00 -3.5070e-01 +1.0107e+00
41 0 +2.485695282e+01 +3.305695282e+01 +3.305695282e+01 +1.8908e+00 +5.1298e-01 +8.4748e-01 -1.1692e+00 -3.1803e+00 -1.4297e+00 -4.1503e+00 -3.7702e+00 -3.7094e-01 +1.0287e+00
42 0 +2.393431485e+01 +3.213431485e+01 +3.213431485e+01 +1.8832e+00 +4.7947e-01 +9.7400e-01 -1.1263e+00 -3.1931e+00 -1.3896e+00 -4.0737e+00 -3.7902e+00 -4.7671e-01 +1.0705e+00
43 0 +2.319932177e+01 +3.139932177e+01 +3.139932177e+01 +1.9317e+00 +3.4296e-01 +9.4058e-01 -1.1214e+00 -3.1744e+00 -1.3732e+00 -3.9949e+00 -3.7915e+00 -4.5464e-01 +1.1732e+00
44 0 +2.185543656e+01 +3.005543656e+01 +3.005543656e+01 +1.9613e+00 +3.7521e-01 +9.1701e-01 -1.0583e+00 -3.2325e+00 -1.2928e+00 -3.8553e+00 -3.8242e+00 -4.7461e-01 +1.2258e+00
45 0 +2.116536407e+01 +2.936536407e+01 +2.936536407e+01 +1.9858e+00 +3.5343e-01 +8.3624e-01 -1.0191e+00 -3.2158e+00 -1.2703e+00 -3.7586e+00 -3.8600e+00 -6.1405e-01 +1.2268e+00
46 0 +2.061188512e+01 +2.881188512e+01 +2.881188512e+01 +2.0587e+00 +3.3206e-01 +8.6326e-01 -1.0483e+00 -3.2741e+00 -1.2091e+00 -3.7140e+00 -4.0122e+00 -6.2076e-01 +1.2442e+00
49 0 +2.004733836e+01 +2.824733836e+01 +2.824733836e+01 +1.9760e+00 +2.8455e-01 +9.2127e-01 -1.0009e+00 -3.3160e+00 -1.1368e+00 -3.5441e+00 -4.0320e+00 -6.3752e-01 +1.2780e+00
50 0 +1.977526232e+01 +2.797526232e+01 +2.797526232e+01 +1.9839e+00 +3.0920e-01 +9.2534e-01 -9.4728e-01 -3.2822e+00 -1.1180e+00 -3.5463e+00 -4.0612e+00 -6.4317e-01 +1.3417e+00
51 0 +1.938989564e+01 +2.758989564e+01 +2.758989564e+01 +2.0337e+00 +3.2827e-01 +9.3699e-01 -9.6656e-01 -3.2919e+00 -1.0719e+00 -3.5186e+00 -4.0258e+00 -6.7064e-01 +1.3824e+00
54 0 +1.899285028e+01 +2.719285028e+01 +2.719285028e+01 +2.0286e+00 +3.4442e-01 +8.6847e-01 -9.5121e-01 -3.3505e+00 -1.0098e+00 -3.5111e+00 -4.0313e+00 -6.7525e-01 +1.4258e+00
56 0 +1.795834188e+01 +2.615834188e+01 +2.615834188e+01 +2.0700e+00 +4.3687e-01 +9.0897e-01 -9.5258e-01 -3.4499e+00 -9.5053e-01 -3.4313e+00 -4.0543e+00 -6.4382e-01 +1.5759e+00
57 0 +1.733769438e+01 +2.553769438e+01 +2.553769438e+01 +2.0586e+00 +5.2331e-01 +8.8365e-01 -9.0664e-01 -3.4832e+00 -9.3306e-01 -3.3462e+00 -3.9695e+00 -6.7346e-01 +1.6896e+00
59 0 +1.665670331e+01 +2.485670331e+01 +2.485670331e+01 +2.1150e+00 +6.0623e-01 +8.7786e-01 -9.6083e-01 -3.5199e+00 -8.1434e-01 -3.2106e+00 -4.0615e+00 -7.4540e-01 +1.8694e+00
60 0 +1.633346445e+01 +2.453346445e+01 +2.453346445e+01 +2.2249e+00 +6.3837e-01 +8.7276e-01 -8.4335e-01 -3.5748e+00 -7.4841e-01 -3.1495e+00 -4.0558e+00 -7.1160e-01 +1.8412e+00
65 0 +1.617500534e+01 +2.437500534e+01 +2.437500534e+01 +2.2728e+00 +6.5301e-01 +8.2787e-01 -8.7617e-01 -3.6433e+00 -7.4774e-01 -3.1518e+00 -4.0170e+00 -6.7847e-01 +1.8943e+00
68 0 +1.584830338e+01 +2.404830338e+01 +2.404830338e+01 +2.3198e+00 +7.1110e-01 +8.6526e-01 -8.6990e-01 -3.6858e+00 -7.7910e-01 -3.0853e+00 -4.0331e+00 -6.8267e-01 +1.9321e+00
73 0 +1.545570328e+01 +2.365570328e+01 +2.365570328e+01 +2.3798e+00 +7.9896e-01 +9.0850e-01 -9.0277e-01 -3.7873e+00 -8.4503e-01 -3.0173e+00 -4.0437e+00 -6.4939e-01 +1.9523e+00
79 0 +1.511334168e+01 +2.331334168e+01 +2.331334168e+01 +2.4045e+00 +8.3961e-01 +1.0260e+00 -8.7065e-01 -3.8691e+00 -9.0601e-01 -2.9438e+00 -4.0650e+00 -5.9662e-01 +2.0091e+00
88 0 +1.478211310e+01 +2.298211310e+01 +2.298211310e+01 +2.5166e+00 +9.0653e-01 +1.1186e+00 -8.9756e-01 -4.0199e+00 -9.1438e-01 -2.8276e+00 -4.0854e+00 -5.1110e-01 +2.0821e+00
461 0 +8.300701378e+00 +1.650070138e+01 +1.650070138e+01 +2.2890e+00 +4.0658e+00 +2.0684e-01 +1.4035e-01 -1.1825e+00 -3.5682e+00 -4.7285e+00 -1.1072e-01 -1.1728e+00 -1.8819e+00
462 0 +7.550113233e+00 +1.575011323e+01 +1.575011323e+01 +2.2507e+00 +4.0362e+00 -2.3802e-01 +9.9130e-02 -1.0393e+00 -3.4495e+00 -4.7538e+00 -1.6158e-01 -1.0014e+00 -1.6094e+00
466 0 +7.265937892e+00 +1.546593789e+01 +1.546593789e+01 +2.0311e+00 +4.0448e+00 -1.0893e-01 +6.1014e-02 -1.0497e+00 -3.3322e+00 -4.8222e+00 -2.4776e-01 -1.0555e+00 -1.4404e+00
468 0 +7.146142612e+00 +1.534614261e+01 +1.534614261e+01 +2.0532e+00 +3.9579e+00 -8.2486e-02 +4.2857e-02 -1.0016e+00 -3.3761e+00 -4.8185e+00 -2.5439e-01 -1.0654e+00 -1.3969e+00
471 0 +6.901766263e+00 +1.510176626e+01 +1.510176626e+01 +2.0746e+00 +3.9675e+00 -6.6493e-02 +2.0853e-02 -9.5942e-01 -3.3342e+00 -4.8135e+00 -2.5442e-01 -1.0628e+00 -1.4086e+00
472 0 +6.678246690e+00 +1.487824669e+01 +1.487824669e+01 +2.0772e+00 +3.9587e+00 -6.8017e-02 +2.1141e-02 -9.2193e-01 -3.3055e+00 -4.8163e+00 -2.6572e-01 -1.0694e+00 -1.4113e+00
473 0 +5.661452806e+00 +1.386145281e+01 +1.386145281e+01 +2.0879e+00 +3.9233e+00 -7.2825e-02 +2.2378e-02 -7.7203e-01 -3.1909e+00 -4.8274e+00 -3.1089e-01 -1.0962e+00 -1.4228e+00
474 0 +3.239840380e+00 +1.143984038e+01 +1.143984038e+01 +2.1073e+00 +3.7939e+00 -3.1577e-01 +1.2103e-02 -2.0098e-01 -2.7469e+00 -4.8766e+00 -4.8660e-01 -1.1052e+00 -1.3387e+00
475 0 +2.728442372e+00 +1.092844237e+01 +1.092844237e+01 +2.1721e+00 +3.6855e+00 +5.6352e-02 +5.4464e-02 +2.2584e-01 -2.4158e+00 -4.8731e+00 -6.1467e-01 -1.3744e+00 -1.6598e+00
487 0 +2.672105490e+00 +1.087210549e+01 +1.087210549e+01 +2.1826e+00 +3.6981e+00 +5.5093e-02 +4.7029e-02 +1.7806e-01 -2.4418e+00 -4.8779e+00 -5.8346e-01 -1.3361e+00 -1.6870e+00
490 0 +2.624412061e+00 +1.082441206e+01 +1.082441206e+01 +2.2021e+00 +3.6769e+00 +2.7896e-02 +1.4163e-02 +1.2238e-01 -2.5046e+00 -4.8948e+00 -5.8617e-01 -1.3125e+00 -1.6711e+00
% f evaluations | g evaluations | best noise-free fitness - Fopt (-9.986000000000e+01) + sum g_i+ | measured fitness | best measured fitness or single-digit g-values | x1 | x2...
1 0 +7.820138189e+01 -2.165861811e+01 -2.165861811e+01 +0.0000e+00 +0.0000e+00 +0.0000e+00 +0.0000e+00 +0.0000e+00 +0.0000e+00 +0.0000e+00 +0.0000e+00 +0.0000e+00 +0.0000e+00
3 0 +7.789179764e+01 -2.196820236e+01 -2.196820236e+01 +5.0000e-01 +0.0000e+00 +0.0000e+00 +0.0000e+00 +0.0000e+00 +0.0000e+00 +0.0000e+00 +0.0000e+00 +0.0000e+00 +0.0000e+00
% f evaluations | g evaluations | best noise-free fitness - Fopt (1.890500000000e+02) + sum g_i+ | measured fitness | best measured fitness or single-digit g-values | x1 | x2...
1 0 +7.377404269e+01 +2.628240427e+02 +2.628240427e+02 +0.0000e+00 +0.0000e+00 +0.0000e+00 +0.0000e+00 +0.0000e+00 +0.0000e+00 +0.0000e+00 +0.0000e+00 +0.0000e+00 +0.0000e+00
4 0 +7.356347198e+01 +2.626134720e+02 +2.626134720e+02 +0.0000e+00 +5.0000e-01 +0.0000e+00 +0.0000e+00 +0.0000e+00 +0.0000e+00 +0.0000e+00 +0.0000e+00 +0.0000e+00 +0.0000e+00
7 0 +7.243071832e+01 +2.614807183e+02 +2.614807183e+02 +0.0000e+00 +0.0000e+00 +0.0000e+00 +0.0000e+00 +5.0000e-01 +0.0000e+00 +0.0000e+00 +0.0000e+00 +0.0000e+00 +0.0000e+00
13 0 +7.064334689e+01 +2.596933469e+02 +2.596933469e+02 -2.6402e-01 +4.5103e-02 +1.2841e-01 -1.4453e-01 +7.8773e-01 +7.0721e-02 +2.5349e-02 +6.8595e-02 -1.9971e-01 +8.8651e-02
14 0 +6.448778548e+01 +2.535377855e+02 +2.535377855e+02 -1.4088e+00 +2.4068e-01 +6.8521e-01 -7.7126e-01 +1.7129e+00 +3.7738e-01 +1.3527e-01 +3.6604e-01 -1.0657e+00 +4.7306e-01
19 0 +6.184016564e+01 +2.508901656e+02 +2.508901656e+02 -1.4803e+00 +5.7935e-02 +5.1367e-01 -9.7950e-01 +1.7772e+00 +1.9808e-01 -5.0129e-02 +1.8645e-01 -1.1330e+00 +2.9617e-01
20 0 +5.915226572e+01 +2.482022657e+02 +2.482022657e+02 -1.6580e+00 -5.4389e-02 +4.5163e-01 -1.2063e+00 +2.0602e+00 +1.0122e-01 -1.7438e-01 +8.8309e-02 -9.6400e-01 +2.1014e-01
21 0 +5.667468421e+01 +2.457246842e+02 +2.457246842e+02 -1.8663e+00 -1.8711e-01 +3.5383e-01 -9.8102e-01 +2.3115e+00 -2.0758e-02 -3.1538e-01 -3.4560e-02 -1.0148e+00 +9.5675e-02
22 0 +5.355815178e+01 +2.426081518e+02 +2.426081518e+02 -1.9579e+00 -3.2053e-01 +2.3890e-01 -1.0195e+00 +2.4219e+00 -1.4850e-01 +7.0250e-02 -1.6277e-01 -1.0276e+00 -2.8084e-02
24 0 +5.113585442e+01 +2.401858544e+02 +2.401858544e+02 -1.9793e+00 -4.3252e-01 +1.8122e-01 -1.0276e+00 +2.4477e+00 -2.1010e-01 +8.4804e-02 +3.1605e-02 -1.0265e+00 -8.8470e-02
27 0 +4.757779923e+01 +2.366277992e+02 +2.366277992e+02 -2.0223e+00 -6.7203e-01 +1.9276e-02 -1.0435e+00 +2.4992e+00 -1.1838e-01 +1.1558e-01 +7.2058e-02 -1.0220e+00 -3.0252e-02
28 0 +3.616914242e+01 +2.252191424e+02 +2.252191424e+02 -2.0186e+00 -1.0455e+00 +1.2230e-02 -1.0959e+00 +2.5117e+00 -3.9257e-01 +1.2113e-01 +8.9305e-02 -1.0689e+00 +1.4255e-01
29 0 +1.083674140e+01 +1.998867414e+02 +1.998867414e+02 -2.0158e+00 -2.5384e+00 -1.2637e-02 -1.2939e+00 +2.5708e+00 -1.4863e+00 +1.5409e-01 +1.6873e-01 -1.2361e+00 +8.4700e-01
30 0 +8.376971398e+00 +1.974269714e+02 +1.974269714e+02 -2.5891e+00 -3.2975e+00 +1.3423e-01 -8.3151e-01 +3.0632e+00 -1.9277e+00 +6.9185e-01 +7.1530e-01 -3.4333e-01 +1.8656e+00
32 0 +5.853402022e+00 +1.949034020e+02 +1.949034020e+02 -2.6688e+00 -4.1420e+00 +2.3923e-01 -1.0949e+00 +3.0724e+00 -2.0593e+00 +6.6392e-01 +7.4061e-01 -7.3156e-01 +1.6908e+00
39 0 +5.467803566e+00 +1.945178036e+02 +1.945178036e+02 -2.6390e+00 -4.1427e+00 +3.0511e-01 -1.1064e+00 +3.0355e+00 -2.0891e+00 +6.0385e-01 +7.4124e-01 -7.4360e-01 +1.7560e+00
41 0 +5.191653091e+00 +1.942416531e+02 +1.942416531e+02 -2.6377e+00 -4.1445e+00 +3.3186e-01 -1.1180e+00 +3.0261e+00 -2.0685e+00 +5.9380e-01 +7.5353e-01 -7.7322e-01 +1.7548e+00
42 0 +4.333862789e+00 +1.933838628e+02 +1.933838628e+02 -2.5605e+00 -4.1868e+00 +4.3115e-01 -1.1517e+00 +2.9666e+00 -2.0013e+00 +5.3220e-01 +7.8969e-01 -8.5816e-01 +1.7252e+00
43 0 +3.790284901e+00 +1.928402849e+02 +1.928402849e+02 -2.5397e+00 -4.0689e+00 +5.1863e-01 -1.1607e+00 +2.9256e+00 -1.9102e+00 +4.9410e-01 +8.3185e-01 -9.2082e-01 +1.7536e+00
44 0 +3.254996141e+00 +1.923049961e+02 +1.923049961e+02 -2.5371e+00 -4.0874e+00 +4.9798e-01 -1.2406e+00 +2.8999e+00 -1.9195e+00 +4.4858e-01 +8.8427e-01 -1.0789e+00 +1.8012e+00
45 0 +3.049969299e+00 +1.920999693e+02 +1.920999693e+02 -2.4061e+00 -4.1015e+00 +5.4334e-01 -1.2692e+00 +2.8244e+00 -1.8863e+00 +3.6612e-01 +9.1687e-01 -1.1497e+00 +1.7921e+00
46 0 +2.918004469e+00 +1.919680045e+02 +1.919680045e+02 -2.4680e+00 -4.1885e+00 +6.5629e-01 -1.2830e+00 +2.8404e+00 -1.8069e+00 +3.9374e-01 +9.9018e-01 -1.2039e+00 +1.7954e+00
52 0 +2.879379829e+00 +1.919293798e+02 +1.919293798e+02 -2.4960e+00 -4.1817e+00 +6.8316e-01 -1.3004e+00 +2.8193e+00 -1.7932e+00 +3.4434e-01 +9.4802e-01 -1.2246e+00 +1.8865e+00
54 0 +2.793723823e+00 +1.918437238e+02 +1.918437238e+02 -2.5036e+00 -4.1418e+00 +6.9751e-01 -1.3144e+00 +2.8023e+00 -1.8003e+00 +3.6184e-01 +9.5878e-01 -1.2765e+00 +1.8807e+00
55 0 +2.749586618e+00 +1.917995866e+02 +1.917995866e+02 -2.5016e+00 -4.1439e+00 +7.1734e-01 -1.3347e+00 +2.7774e+00 -1.7948e+00 +3.6297e-01 +9.5177e-01 -1.3050e+00 +1.8677e+00
57 0 +2.681002534e+00 +1.917310025e+02 +1.917310025e+02 -2.5334e+00 -4.1239e+00 +6.9799e-01 -1.3682e+00 +2.7589e+00 -1.8208e+00 +3.8023e-01 +9.2119e-01 -1.3412e+00 +1.8604e+00
61 0 +2.621785827e+00 +1.916717858e+02 +1.916717858e+02 -2.5570e+00 -4.0795e+00 +7.0407e-01 -1.4190e+00 +2.7369e+00 -1.8141e+00 +3.8508e-01 +9.3354e-01 -1.4373e+00 +1.8598e+00
% f evaluations | g evaluations | best noise-free fitness - Fopt (-2.680000000000e+01) + sum g_i+ | measured fitness | best measured fitness or single-digit g-values | x1 | x2...
1 0 +7.906038892e+01 +5.226038892e+01 +5.226038892e+01 +0.0000e+00 +0.0000e+00 +0.0000e+00 +0.0000e+00 +0.0000e+00 +0.0000e+00 +0.0000e+00 +0.0000e+00 +0.0000e+00 +0.0000e+00
8 0 +7.859151113e+01 +5.179151113e+01 +5.179151113e+01 +0.0000e+00 +0.0000e+00 +0.0000e+00 +0.0000e+00 +0.0000e+00 +5.0000e-01 +0.0000e+00 +0.0000e+00 +0.0000e+00 +0.0000e+00
13 0 +7.638366272e+01 +4.958366272e+01 +4.958366272e+01 -3.0076e-01 -1.1139e-01 -2.1006e-01 -1.8113e-01 -3.1307e-02 +1.1922e-01 +6.5803e-01 +2.2438e-02 -7.3131e-02 +1.5550e-01
14 0 +6.840166917e+01 +4.160166917e+01 +4.160166917e+01 -1.4903e+00 -5.5191e-01 -1.0409e+00 -8.9749e-01 -1.5513e-01 +5.9075e-01 +1.3509e+00 +1.1118e-01 -3.6237e-01 +7.7051e-01
17 0 +6.744277788e+01 +4.064277788e+01 +4.064277788e+01 -1.6391e+00 -6.0734e-01 -1.1450e+00 -9.8732e-01 -1.7106e-01 +6.4906e-01 +1.4373e+00 +1.2176e-01 -3.9893e-01 +8.4671e-01
18 0 +6.419667270e+01 +3.739667270e+01 +3.739667270e+01 -2.0191e+00 -8.9397e-01 -1.6241e+00 -1.4100e+00 -3.0147e-01 +8.1231e-01 +1.9077e+00 +9.6194e-02 -6.1093e-01 +1.0807e+00
20 0 +6.303829204e+01 +3.623829204e+01 +3.623829204e+01 -1.8416e+00 -8.2160e-01 -1.9474e+00 -1.3376e+00 -2.2910e-01 +8.8468e-01 +1.8858e+00 +1.6856e-01 -5.3856e-01 +1.1531e+00
25 0 +6.034720745e+01 +3.354720745e+01 +3.354720745e+01 -2.0793e+00 -7.3741e-01 -2.1466e+00 -1.4788e+00 -1.2861e-01 +1.0615e+00 +1.8065e+00 +2.9629e-01 -3.8117e-01 +1.3483e+00
26 0 +5.513460728e+01 +2.833460728e+01 +2.833460728e+01 -3.2255e+00 -6.0265e-01 -2.8448e+00 -1.9008e+00 +2.9175e-01 +1.8475e+00 +1.5939e+00 +8.4722e-01 -7.3109e-02 +2.2224e+00
29 0 +5.253435606e+01 +2.573435606e+01 +2.573435606e+01 -3.2291e+00 -6.0994e-01 -2.9043e+00 -1.9538e+00 +1.9966e-01 +2.0132e+00 +1.5388e+00 +1.0018e+00 -7.0632e-02 +1.9766e+00
30 0 +4.957373243e+01 +2.277373243e+01 +2.277373243e+01 -3.1697e+00 -6.0252e-01 -3.0045e+00 -2.0446e+00 -2.6844e-02 +2.1150e+00 +1.3274e+00 +1.0003e+00 -4.7952e-02 +2.0078e+00
31 0 +4.613974356e+01 +1.933974356e+01 +1.933974356e+01 -3.0904e+00 -4.6717e-01 -2.9819e+00 -2.0151e+00 -1.8050e-01 +2.3276e+00 +1.2829e+00 +1.1050e+00 +9.9750e-02 +2.0184e+00
32 0 +4.392885711e+01 +1.712885711e+01 +1.712885711e+01 -3.1831e+00 -4.3295e-01 -2.8639e+00 -2.1525e+00 -4.1995e-01 +2.4828e+00 +1.2776e+00 +1.1286e+00 +1.6596e-01 +1.9908e+00
33 0 +4.319659286e+01 +1.639659286e+01 +1.639659286e+01 -3.1831e+00 -6.1801e-01 -2.8916e+00 -2.0126e+00 -5.6617e-01 +2.6464e+00 +1.2071e+00 +1.1957e+00 +2.9814e-01 +1.9956e+00
34 0 +4.258754914e+01 +1.578754914e+01 +1.578754914e+01 -3.1081e+00 -5.4237e-01 -2.8161e+00 -2.0142e+00 -6.1639e-01 +2.8426e+00 +1.1050e+00 +1.3199e+00 +9.2558e-02 +2.0546e+00
36 0 +4.156250606e+01 +1.476250606e+01 +1.476250606e+01 -3.1000e+00 -4.8162e-01 -2.9254e+00 -2.0079e+00 -7.0894e-01 +2.8849e+00 +1.1818e+00 +1.3114e+00 +7.5587e-02 +2.0477e+00
37 0 +4.067099250e+01 +1.387099250e+01 +1.387099250e+01 -3.0389e+00 -4.2342e-01 -2.9801e+00 -2.0926e+00 -7.4509e-01 +2.9638e+00 +1.1614e+00 +1.3233e+00 +1.5419e-01 +2.0183e+00
41 0 +3.925088977e+01 +1.245088977e+01 +1.245088977e+01 -3.0471e+00 -3.5222e-01 -2.9890e+00 -2.1251e+00 -8.2630e-01 +2.9478e+00 +1.2276e+00 +1.4730e+00 +2.4147e-01 +2.1681e+00
42 0 +3.869814726e+01 +1.189814726e+01 +1.189814726e+01 -3.0552e+00 -3.4453e-01 -3.0018e+00 -2.1615e+00 -8.6458e-01 +2.9948e+00 +1.2720e+00 +1.4901e+00 +2.5588e-01 +2.1870e+00
44 0 +3.765904547e+01 +1.085904547e+01 +1.085904547e+01 -3.0386e+00 -2.7170e-01 -3.0597e+00 -2.1516e+00 -8.9776e-01 +3.0805e+00 +1.3316e+00 +1.5393e+00 +3.0937e-01 +2.2273e+00
46 0 +3.683610616e+01 +1.003610616e+01 +1.003610616e+01 -3.0068e+00 -1.9736e-01 -3.0549e+00 -2.2207e+00 -8.8093e-01 +3.1271e+00 +1.3882e+00 +1.5772e+00 +3.1588e-01 +2.2698e+00
48 0 +3.597201917e+01 +9.172019173e+00 +9.172019173e+00 -3.0033e+00 -1.5565e-01 -3.0893e+00 -2.2515e+00 -8.9215e-01 +3.1574e+00 +1.5093e+00 +1.6027e+00 +3.6951e-01 +2.3216e+00
51 0 +3.517328790e+01 +8.373287903e+00 +8.373287903e+00 -2.9928e+00 -1.0391e-01 -3.2059e+00 -2.3432e+00 -9.2610e-01 +3.1964e+00 +1.5278e+00 +1.6696e+00 +3.8348e-01 +2.3671e+00
53 0 +3.452951308e+01 +7.729513081e+00 +7.729513081e+00 -2.9485e+00 -1.4736e-02 -3.2456e+00 -2.3473e+00 -8.9820e-01 +3.2453e+00 +1.5799e+00 +1.7023e+00 +4.2529e-01 +2.3917e+00
55 0 +3.388083321e+01 +7.080833214e+00 +7.080833214e+00 -2.9215e+00 +2.8418e-02 -3.2599e+00 -2.4383e+00 -9.0065e-01 +3.3041e+00 +1.6728e+00 +1.7285e+00 +4.4787e-01 +2.4227e+00
58 0 +3.301044261e+01 +6.210442610e+00 +6.210442610e+00 -2.9083e+00 +1.0599e-01 -3.3645e+00 -2.4368e+00 -9.6531e-01 +3.4118e+00 +1.7727e+00 +1.7636e+00 +4.6116e-01 +2.4449e+00
61 0 +3.228475878e+01 +5.484758784e+00 +5.484758784e+00 -2.8919e+00 +2.2676e-01 -3.4244e+00 -2.4871e+00 -9.6940e-01 +3.4895e+00 +1.8686e+00 +1.8485e+00 +5.1641e-01 +2.4489e+00
68 0 +3.157955670e+01 +4.779556700e+00 +4.779556700e+00 -2.9061e+00 +3.4236e-01 -3.5242e+00 -2.5465e+00 -9.9667e-01 +3.6359e+00 +1.9418e+00 +1.8628e+00 +5.1522e-01 +2.4974e+00
77 0 +3.083612158e+01 +4.036121578e+00 +4.036121578e+00 -2.8720e+00 +5.0360e-01 -3.6217e+00 -2.6416e+00 -1.0712e+00 +3.8116e+00 +2.0517e+00 +1.9273e+00 +5.6241e-01 +2.5409e+00
92 0 +3.018397286e+01 +3.383972863e+00 +3.383972863e+00 -2.8487e+00 +7.6382e-01 -3.7852e+00 -2.7781e+00 -1.1373e+00 +4.0776e+00 +2.2610e+00 +2.1065e+00 +6.1219e-01 +2.5892e+00
% f evaluations | g evaluations | best noise-free fitness - Fopt (1.986000000000e+01) + sum g_i+ | measured fitness | best measured fitness or single-digit g-values | x1 | x2...
1 0 +6.176642867e+01 +8.162642867e+01 +8.162642867e+01 +0.0000e+00 +0.0000e+00 +0.0000e+00 +0.0000e+00 +0.0000e+00 +0.0000e+00 +0.0000e+00 +0.0000e+00 +0.0000e+00 +0.0000e+00
4 0 +5.335308706e+01 +7.321308706e+01 +7.321308706e+01 +0.0000e+00 +5.0000e-01 +0.0000e+00 +0.0000e+00 +0.0000e+00 +0.0000e+00 +0.0000e+00 +0.0000e+00 +0.0000e+00 +0.0000e+00
6 0 +4.138475269e+01 +6.124475269e+01 +6.124475269e+01 +0.0000e+00 +0.0000e+00 +0.0000e+00 +5.0000e-01 +0.0000e+00 +0.0000e+00 +0.0000e+00 +0.0000e+00 +0.0000e+00 +0.0000e+00
11 0 +3.948457326e+01 +5.934457326e+01 +5.934457326e+01 +0.0000e+00 +0.0000e+00 +0.0000e+00 +0.0000e+00 +0.0000e+00 +0.0000e+00 +0.0000e+00 +0.0000e+00 +5.0000e-01 +0.0000e+00
13 0 +2.128234554e+01 +4.114234554e+01 +4.114234554e+01 -4.7781e-02 +1.2625e-01 -7.6193e-02 +3.0583e-01 +6.6173e-03 +3.2915e-02 -6.6739e-02 -8.6343e-02 +8.3435e-01 -8.7258e-02
17 0 +1.784438915e+01 +3.770438915e+01 +3.770438915e+01 -8.7805e-02 +1.0230e-01 -1.1884e-01 +3.5022e-01 -2.8381e-02 +3.4494e-04 -1.0851e-01 -1.8828e-02 +8.2962e-01 -1.1964e-01
18 0 +1.679025551e+01 +3.665025551e+01 +3.665025551e+01 -1.1289e-01 +9.2977e-02 -1.6524e-02 +3.9375e-01 -4.8539e-02 -1.7430e-02 -1.3532e-01 -1.6558e-02 +8.3915e-01 -1.5140e-01
20 0 +1.582627834e+01 +3.568627834e+01 +3.568627834e+01 -9.2068e-02 +8.5673e-02 -2.3930e-02 +4.1978e-01 -6.2322e-02 -2.9789e-02 -1.1166e-01 -1.5200e-02 +8.4312e-01 -1.7039e-01
23 0 +1.503076753e+01 +3.489076753e+01 +3.489076753e+01 -9.8108e-02 +5.0019e-02 -3.6023e-02 +4.6228e-01 -2.5686e-02 +1.5161e-02 -1.1983e-01 -1.2984e-02 +8.3591e-01 -2.0141e-01
25 0 +1.324341563e+01 +3.310341563e+01 +3.310341563e+01 -1.0022e-01 +4.2740e-02 -4.3924e-02 +4.6498e-01 -4.1588e-02 +1.0330e-02 -1.2231e-01 +7.3622e-03 +8.4097e-01 -2.4204e-01
26 0 +8.858195692e+00 +2.871819569e+01 +2.871819569e+01 -1.1057e-01 +1.2186e-02 -8.0817e-02 +5.0547e-01 -1.1304e-01 -1.0842e-02 -1.3464e-01 +9.7423e-02 +8.6955e-01 -3.8807e-01
27 0 +7.381719356e+00 +2.724171936e+01 +2.724171936e+01 -1.2440e-01 -1.4303e-02 -1.2505e-01 +6.3653e-01 -1.9045e-01 -3.2120e-02 -1.5163e-01 +1.9082e-01 +9.1858e-01 -4.3404e-01
28 0 +7.135400278e+00 +2.699540028e+01 +2.699540028e+01 -5.4162e-02 +2.0777e-02 -6.7607e-02 +6.2033e-01 -1.6523e-01 +2.0914e-02 -8.0158e-02 +2.8741e-01 +9.6335e-01 -5.3593e-01
29 0 +6.953365708e+00 +2.681336571e+01 +2.681336571e+01 -6.4568e-02 +1.6142e-02 -1.4914e-02 +6.3627e-01 -1.7383e-01 +1.3184e-02 -9.1193e-02 +2.6934e-01 +9.6562e-01 -5.4755e-01
32 0 +6.875954383e+00 +2.673595438e+01 +2.673595438e+01 -9.3832e-02 +1.7409e-02 -1.3272e-02 +6.2153e-01 -1.7180e-01 +2.0408e-02 -1.1812e-01 +2.9100e-01 +9.6399e-01 -5.6054e-01
33 0 +6.695304356e+00 +2.655530436e+01 +2.655530436e+01 -9.5377e-02 -4.0846e-03 -1.6364e-02 +6.3240e-01 -1.3141e-01 +6.7235e-03 -1.2021e-01 +2.9157e-01 +9.6868e-01 -5.6848e-01
35 0 +6.425472073e+00 +2.628547207e+01 +2.628547207e+01 -9.7034e-02 -1.6676e-02 -1.6605e-02 +6.0511e-01 -1.4246e-01 -1.3329e-02 -1.2109e-01 +2.8695e-01 +1.0279e+00 -5.6235e-01
37 0 +6.138067896e+00 +2.599806790e+01 +2.599806790e+01 -1.0810e-01 -1.7924e-02 -1.4976e-02 +6.1927e-01 -1.4062e-01 -1.5398e-02 -1.1937e-01 +2.9169e-01 +1.0440e+00 -5.6480e-01
38 0 +5.085116299e+00 +2.494511630e+01 +2.494511630e+01 -1.5264e-01 -2.2828e-02 -8.1702e-03 +6.7549e-01 -1.3276e-01 -2.3628e-02 -1.1231e-01 +3.1033e-01 +1.1085e+00 -5.7470e-01
41 0 +3.451208740e+00 +2.331120874e+01 +2.331120874e+01 -2.2537e-01 -5.7508e-02 +1.2445e-03 +8.1219e-01 -1.4921e-01 -6.4758e-02 -9.4125e-02 +3.9299e-01 +1.1814e+00 -5.9162e-01
42 0 +3.344168903e+00 +2.320416890e+01 +2.320416890e+01 -3.2225e-01 -8.0104e-02 +2.8623e-02 +9.2342e-01 -1.2936e-01 -9.6533e-02 -6.8291e-02 +4.4492e-01 +1.2897e+00 -6.1409e-01
43 0 +2.843401856e+00 +2.270340186e+01 +2.270340186e+01 -2.9737e-01 -6.9762e-02 +3.6021e-02 +9.1219e-01 -1.2155e-01 -7.8330e-02 -6.0074e-02 +4.7994e-01 +1.3015e+00 -6.4952e-01
47 0 +2.806259703e+00 +2.266625970e+01 +2.266625970e+01 -3.0329e-01 -6.1128e-02 +4.2834e-02 +9.0730e-01 -1.2341e-01 -7.2252e-02 -6.5511e-02 +4.9216e-01 +1.3020e+00 -6.3450e-01
49 0 +2.711811454e+00 +2.257181145e+01 +2.257181145e+01 -3.0414e-01 -6.2577e-02 +4.3553e-02 +9.0368e-01 -1.4817e-01 -6.5907e-02 -5.9143e-02 +4.9058e-01 +1.3098e+00 -6.3721e-01
51 0 +2.656876739e+00 +2.251687674e+01 +2.251687674e+01 -3.0455e-01 -6.8336e-02 +4.3875e-02 +9.0888e-01 -1.4951e-01 -5.8768e-02 -5.7884e-02 +4.9481e-01 +1.3029e+00 -6.3788e-01
52 0 +2.598396587e+00 +2.245839659e+01 +2.245839659e+01 -3.0521e-01 -6.9907e-02 +4.4778e-02 +9.0660e-01 -1.5013e-01 -5.9200e-02 -5.6125e-02 +4.9791e-01 +1.3021e+00 -6.3939e-01
53 0 +2.568796382e+00 +2.242879638e+01 +2.242879638e+01 -2.9587e-01 -6.8560e-02 +4.2445e-02 +8.9441e-01 -1.5257e-01 -5.6122e-02 -5.7790e-02 +4.9448e-01 +1.2910e+00 -6.3796e-01
55 0 +2.479454299e+00 +2.233945430e+01 +2.233945430e+01 -2.9916e-01 -7.3435e-02 +4.2455e-02 +8.9026e-01 -1.5544e-01 -5.7903e-02 -5.5819e-02 +4.9950e-01 +1.2883e+00 -6.3887e-01
56 0 +2.413124438e+00 +2.227312444e+01 +2.227312444e+01 -2.9566e-01 -7.6359e-02 +4.3359e-02 +8.8799e-01 -1.5688e-01 -5.8215e-02 -5.1483e-02 +5.0668e-01 +1.2887e+00 -6.3959e-01
57 0 +2.386078340e+00 +2.224607834e+01 +2.224607834e+01 -2.9496e-01 -7.8943e-02 +5.0834e-02 +8.8666e-01 -1.5894e-01 -5.9200e-02 -5.4825e-02 +5.0857e-01 +1.2875e+00 -6.4331e-01
58 0 +2.340452401e+00 +2.220045240e+01 +2.220045240e+01 -2.9463e-01 -8.4938e-02 +5.0086e-02 +8.8423e-01 -1.6355e-01 -6.1101e-02 -5.4210e-02 +5.1285e-01 +1.2847e+00 -6.4087e-01
60 0 +2.274495337e+00 +2.213449534e+01 +2.213449534e+01 -2.9973e-01 -8.5310e-02 +5.0470e-02 +8.7795e-01 -1.6662e-01 -5.8509e-02 -4.8073e-02 +5.2089e-01 +1.2799e+00 -6.4717e-01
66 0 +2.226276254e+00 +2.208627625e+01 +2.208627625e+01 -2.9495e-01 -8.7553e-02 +5.1809e-02 +8.6954e-01 -1.7228e-01 -5.8604e-02 -4.6071e-02 +5.3160e-01 +1.2830e+00 -6.4846e-01
70 0 +2.178314413e+00 +2.203831441e+01 +2.203831441e+01 -2.9993e-01 -9.2214e-02 +5.0363e-02 +8.6423e-01 -1.7465e-01 -6.0224e-02 -3.9781e-02 +5.4230e-01 +1.2821e+00 -6.4985e-01
77 0 +2.131766449e+00 +2.199176645e+01 +2.199176645e+01 -3.0688e-01 -1.0048e-01 +5.2952e-02 +8.5472e-01 -1.7816e-01 -5.8723e-02 -3.2776e-02 +5.5587e-01 +1.2818e+00 -6.5025e-01
85 0 +2.089262994e+00 +2.194926299e+01 +2.194926299e+01 -3.1164e-01 -1.1072e-01 +5.3010e-02 +8.4799e-01 -1.7815e-01 -6.3279e-02 -2.1076e-02 +5.7671e-01 +1.2865e+00 -6.5068e-01
98 0 +2.040345773e+00 +2.190034577e+01 +2.190034577e+01 -3.3479e-01 -1.1849e-01 +6.0743e-02 +8.4640e-01 -1.7413e-01 -6.6262e-02 -1.4736e-03 +6.0265e-01 +1.3078e+00 -6.4869e-01
111 0 +1.939336462e+00 +2.179933646e+01 +2.179933646e+01 -4.0416e-01 -1.5369e-01 +6.8389e-02 +8.3953e-01 -1.7042e-01 -7.7149e-02 +4.5183e-02 +6.8185e-01 +1.3721e+00 -6.3694e-01
115 0 +1.862053802e+00 +2.172205380e+01 +2.172205380e+01 -4.8049e-01 -1.4419e-01 +3.6852e-02 +7.6277e-01 -2.6813e-01 -1.3570e-01 +1.0955e-01 +7.1331e-01 +1.4356e+00 -6.2182e-01
118 0 +1.630825779e+00 +2.149082578e+01 +2.149082578e+01 -5.6873e-01 -1.7753e-01 -3.0345e-02 +7.0757e-01 -2.0871e-01 -5.3249e-02 +1.6051e-01 +7.0062e-01 +1.4941e+00 -5.8117e-01
121 0 +1.598115161e+00 +2.145811516e+01 +2.145811516e+01 -5.6309e-01 -1.9253e-01 -4.4469e-02 +7.0717e-01 -1.9769e-01 -6.9412e-02 +1.7209e-01 +6.9661e-01 +1.4930e+00 -6.0276e-01
122 0 +1.429759322e+00 +2.128975932e+01 +2.128975932e+01 -6.0698e-01 -2.8151e-01 -1.0726e-01 +6.6304e-01 -1.4299e-01 -5.4991e-02 +2.2466e-01 +6.7765e-01 +1.5504e+00 -6.1871e-01
125 0 +1.200692589e+00 +2.106069259e+01 +2.106069259e+01 -5.9892e-01 -2.7270e-01 -1.4875e-01 +7.0483e-01 -1.6347e-01 -3.8474e-02 +2.0983e-01 +6.8405e-01 +1.5905e+00 -6.3364e-01
131 0 +1.151098245e+00 +2.101109824e+01 +2.101109824e+01 -6.1090e-01 -2.6126e-01 -1.5087e-01 +6.9093e-01 -1.8895e-01 -5.2776e-02 +2.2226e-01 +6.8555e-01 +1.6050e+00 -6.4181e-01
135 0 +1.142527864e+00 +2.100252786e+01 +2.100252786e+01 -6.1164e-01 -2.5867e-01 -1.5005e-01 +6.9295e-01 -1.9336e-01 -4.5722e-02 +2.2195e-01 +6.8997e-01 +1.6092e+00 -6.3618e-01
137 0 +1.061119671e+00 +2.092111967e+01 +2.092111967e+01 -6.1908e-01 -2.6713e-01 -1.5307e-01 +6.9571e-01 -1.9599e-01 -4.8140e-02 +2.2903e-01 +7.0783e-01 +1.6169e+00 -6.4199e-01
138 0 +9.339092190e-01 +2.079390922e+01 +2.079390922e+01 -6.5220e-01 -2.9984e-01 -1.8673e-01 +7.2132e-01 -2.2259e-01 -5.0392e-02 +2.4201e-01 +7.4043e-01 +1.6318e+00 -6.5871e-01
139 0 +8.160830691e-01 +2.067608307e+01 +2.067608307e+01 -6.6389e-01 -3.0482e-01 -1.5832e-01 +7.3107e-01 -2.1652e-01 -7.1948e-02 +2.7640e-01 +7.9551e-01 +1.6560e+00 -6.6436e-01
142 0 +7.916035808e-01 +2.065160358e+01 +2.065160358e+01 -6.4783e-01 -2.9703e-01 -1.5791e-01 +7.5856e-01 -2.2739e-01 -5.8559e-02 +2.7989e-01 +8.0776e-01 +1.6550e+00 -6.5631e-01
144 0 +7.618122928e-01 +2.062181229e+01 +2.062181229e+01 -6.5406e-01 -3.0251e-01 -1.6346e-01 +7.6953e-01 -2.2631e-01 -6.6975e-02 +2.8239e-01 +8.1291e-01 +1.6610e+00 -6.5002e-01
147 0 +7.542740125e-01 +2.061427401e+01 +2.061427401e+01 -6.5191e-01 -3.0347e-01 -1.6677e-01 +7.7221e-01 -2.2381e-01 -6.6772e-02 +2.8757e-01 +8.1145e-01 +1.6647e+00 -6.5528e-01
150 0 +7.395400333e-01 +2.059954003e+01 +2.059954003e+01 -6.5238e-01 -3.0126e-01 -1.6734e-01 +7.7620e-01 -2.1966e-01 -6.7201e-02 +2.8812e-01 +8.0992e-01 +1.6698e+00 -6.5150e-01
153 0 +7.222826667e-01 +2.058228267e+01 +2.058228267e+01 -6.5723e-01 -3.0037e-01 -1.6806e-01 +7.7349e-01 -2.1816e-01 -6.7748e-02 +2.9166e-01 +8.1287e-01 +1.6773e+00 -6.4999e-01
156 0 +7.052561139e-01 +2.056525611e+01 +2.056525611e+01 -6.5950e-01 -2.9996e-01 -1.6616e-01 +7.7615e-01 -2.1265e-01 -6.5753e-02 +2.9659e-01 +8.1598e-01 +1.6829e+00 -6.4711e-01
160 0 +6.865890892e-01 +2.054658909e+01 +2.054658909e+01 -6.6395e-01 -3.0032e-01 -1.7040e-01 +7.7641e-01 -2.0892e-01 -6.2433e-02 +3.0003e-01 +8.2083e-01 +1.6918e+00 -6.4176e-01
162 0 +6.731918050e-01 +2.053319180e+01 +2.053319180e+01 -6.6478e-01 -3.0036e-01 -1.6911e-01 +7.7529e-01 -2.0580e-01 -6.2978e-02 +3.0535e-01 +8.2590e-01 +1.6967e+00 -6.4118e-01
163 0 +6.563168612e-01 +2.051631686e+01 +2.051631686e+01 -6.6335e-01 -3.0850e-01 -1.6915e-01 +7.7444e-01 -1.9122e-01 -5.7197e-02 +3.0493e-01 +8.3478e-01 +1.6990e+00 -6.4076e-01
164 0 +6.430733813e-01 +2.050307338e+01 +2.050307338e+01 -6.5617e-01 -3.0569e-01 -1.6868e-01 +7.8171e-01 -1.9391e-01 -4.7908e-02 +3.1112e-01 +8.4617e-01 +1.7024e+00 -6.3699e-01
165 0 +6.297473913e-01 +2.048974739e+01 +2.048974739e+01 -6.6791e-01 -3.1475e-01 -1.6659e-01 +7.8789e-01 -1.9415e-01 -4.6957e-02 +3.2007e-01 +8.5354e-01 +1.7031e+00 -6.3564e-01
166 0 +6.113870563e-01 +2.047138706e+01 +2.047138706e+01 -6.6720e-01 -3.1945e-01 -1.7350e-01 +7.8208e-01 -1.9251e-01 -4.9909e-02 +3.2661e-01 +8.6616e-01 +1.7111e+00 -6.3129e-01
167 0 +5.965440618e-01 +2.045654406e+01 +2.045654406e+01 -6.7352e-01 -3.1736e-01 -1.7117e-01 +7.7851e-01 -1.8863e-01 -4.2984e-02 +3.2993e-01 +8.7535e-01 +1.7238e+00 -6.3537e-01
168 0 +5.849600746e-01 +2.044496007e+01 +2.044496007e+01 -6.7328e-01 -3.1671e-01 -1.7187e-01 +7.8465e-01 -1.7769e-01 -4.5750e-02 +3.3936e-01 +8.7853e-01 +1.7337e+00 -6.2930e-01
172 0 +5.740058199e-01 +2.043400582e+01 +2.043400582e+01 -6.6729e-01 -3.2361e-01 -1.5421e-01 +7.7969e-01 -1.7577e-01 -5.1174e-02 +3.4553e-01 +8.9259e-01 +1.7376e+00 -6.2870e-01
178 0 +5.518302320e-01 +2.041183023e+01 +2.041183023e+01 -6.6425e-01 -3.3073e-01 -1.5831e-01 +7.8308e-01 -1.6419e-01 -5.3872e-02 +3.5319e-01 +9.1592e-01 +1.7570e+00 -6.2895e-01
179 0 +5.284176376e-01 +2.038841764e+01 +2.038841764e+01 -6.6914e-01 -3.3319e-01 -1.4567e-01 +7.8034e-01 -1.2019e-01 -7.7618e-02 +3.7135e-01 +9.4273e-01 +1.8062e+00 -6.4417e-01
182 0 +5.198529655e-01 +2.037985297e+01 +2.037985297e+01 -6.4214e-01 -3.6253e-01 -1.9084e-01 +7.7187e-01 -1.1884e-01 -1.1838e-01 +3.9546e-01 +9.8766e-01 +1.8102e+00 -6.2623e-01
187 0 +5.124054832e-01 +2.037240548e+01 +2.037240548e+01 -6.1941e-01 -3.6750e-01 -1.8208e-01 +7.8792e-01 -9.5822e-02 -9.7189e-02 +4.0663e-01 +9.9668e-01 +1.8115e+00 -6.1405e-01
202 0 +4.995303859e-01 +2.035953039e+01 +2.035953039e+01 -6.1933e-01 -3.8484e-01 -1.7390e-01 +8.1797e-01 -1.0668e-01 -9.2574e-02 +4.2350e-01 +1.0376e+00 +1.8629e+00 -6.0357e-01
213 0 +4.867530697e-01 +2.034675307e+01 +2.034675307e+01 -6.1911e-01 -4.3153e-01 -1.9212e-01 +8.3416e-01 -1.1104e-01 -8.1136e-02 +4.6226e-01 +1.0987e+00 +1.9278e+00 -5.7328e-01
214 0 +4.634886383e-01 +2.032348864e+01 +2.032348864e+01 -6.1301e-01 -4.9911e-01 -1.9226e-01 +8.4789e-01 -6.0252e-02 -1.0679e-01 +5.1478e-01 +1.1808e+00 +2.0137e+00 -5.4695e-01
216 0 +4.568311091e-01 +2.031683111e+01 +2.031683111e+01 -5.8189e-01 -4.6808e-01 -1.9858e-01 +8.5074e-01 -4.8186e-02 -8.8579e-02 +5.0148e-01 +1.2081e+00 +2.0052e+00 -5.2152e-01
220 0 +4.457737253e-01 +2.030577373e+01 +2.030577373e+01 -5.8197e-01 -4.5155e-01 -1.6413e-01 +8.8752e-01 -4.7877e-02 -9.7943e-02 +5.0564e-01 +1.2771e+00 +2.0070e+00 -5.4384e-01
230 0 +4.346974975e-01 +2.029469750e+01 +2.029469750e+01 -5.8261e-01 -4.4897e-01 -1.6007e-01 +9.1368e-01 -6.5981e-02 -6.0214e-02 +5.2445e-01 +1.2706e+00 +2.0312e+00 -5.4108e-01
232 0 +4.212435031e-01 +2.028124350e+01 +2.028124350e+01 -5.7518e-01 -4.7806e-01 -1.6256e-01 +9.1746e-01 -6.4588e-02 -4.7443e-02 +5.3097e-01 +1.2760e+00 +2.0421e+00 -5.4149e-01
233 0 +3.942117127e-01 +2.025421171e+01 +2.025421171e+01 -5.6180e-01 -5.1604e-01 -1.5153e-01 +9.5065e-01 -6.4714e-02 -4.0558e-02 +5.4839e-01 +1.3264e+00 +2.0660e+00 -5.3222e-01
234 0 +3.812638694e-01 +2.024126387e+01 +2.024126387e+01 -5.4409e-01 -5.7522e-01 -1.5676e-01 +9.6992e-01 -7.1048e-02 -2.7450e-02 +5.7110e-01 +1.3417e+00 +2.0980e+00 -5.1797e-01
236 0 +3.797261712e-01 +2.023972617e+01 +2.023972617e+01 -5.5110e-01 -5.6968e-01 -1.6056e-01 +9.8141e-01 -6.6101e-02 -2.0276e-02 +5.6661e-01 +1.3367e+00 +2.1087e+00 -5.1920e-01
237 0 +3.664927241e-01 +2.022649272e+01 +2.022649272e+01 -5.4207e-01 -5.6193e-01 -1.5591e-01 +9.6050e-01 -5.1993e-02 -9.9847e-03 +5.7197e-01 +1.3486e+00 +2.1300e+00 -5.2772e-01
238 0 +3.574477741e-01 +2.021744777e+01 +2.021744777e+01 -5.1894e-01 -5.5560e-01 -1.6706e-01 +9.6376e-01 -4.3473e-02 +7.3647e-03 +5.6117e-01 +1.3550e+00 +2.1204e+00 -5.1134e-01
245 0 +3.538031585e-01 +2.021380316e+01 +2.021380316e+01 -5.1834e-01 -5.5865e-01 -1.6535e-01 +9.6635e-01 -3.8897e-02 +6.4133e-03 +5.6450e-01 +1.3581e+00 +2.1227e+00 -5.0703e-01
249 0 +3.446338597e-01 +2.020463386e+01 +2.020463386e+01 -5.1463e-01 -5.6741e-01 -1.6180e-01 +9.6511e-01 -3.4718e-02 +5.6875e-03 +5.6982e-01 +1.3657e+00 +2.1190e+00 -5.1008e-01
253 0 +3.384371796e-01 +2.019843718e+01 +2.019843718e+01 -5.0351e-01 -5.7189e-01 -1.6381e-01 +9.6432e-01 -2.7611e-02 +3.5290e-03 +5.7096e-01 +1.3721e+00 +2.1108e+00 -5.0624e-01
262 0 +3.241403574e-01 +2.018414036e+01 +2.018414036e+01 -4.8560e-01 -5.7735e-01 -1.6458e-01 +9.7750e-01 -1.5852e-02 +4.7902e-03 +5.7862e-01 +1.3767e+00 +2.1166e+00 -4.9563e-01
263 0 +3.218303392e-01 +2.018183034e+01 +2.018183034e+01 -4.8104e-01 -5.8302e-01 -1.6354e-01 +9.8893e-01 -3.6442e-03 +6.3861e-03 +5.8163e-01 +1.3754e+00 +2.1204e+00 -4.8943e-01
266 0 +3.160941275e-01 +2.017609413e+01 +2.017609413e+01 -4.6459e-01 -5.8480e-01 -1.5043e-01 +9.8786e-01 -6.4606e-03 +1.4954e-03 +5.8586e-01 +1.3690e+00 +2.1152e+00 -4.9200e-01
273 0 +3.088608463e-01 +2.016886085e+01 +2.016886085e+01 -4.5154e-01 -5.8954e-01 -1.5434e-01 +9.8416e-01 -7.9077e-03 +2.5714e-03 +5.9113e-01 +1.3770e+00 +2.1171e+00 -4.8941e-01
280 0 +2.999387067e-01 +2.015993871e+01 +2.015993871e+01 -4.4503e-01 -5.9672e-01 -1.5681e-01 +9.9390e-01 +5.4036e-04 +4.8290e-03 +5.9668e-01 +1.3838e+00 +2.1197e+00 -4.9037e-01
281 0 +2.912905437e-01 +2.015129054e+01 +2.015129054e+01 -4.3681e-01 -6.0314e-01 -1.5957e-01 +1.0037e+00 +4.4896e-03 +6.8031e-03 +6.0177e-01 +1.3948e+00 +2.1229e+00 -4.9398e-01
282 0 +2.720496215e-01 +2.013204962e+01 +2.013204962e+01 -4.1821e-01 -6.2809e-01 -1.5061e-01 +1.0484e+00 +5.1256e-02 +1.8725e-02 +6.1224e-01 +1.4204e+00 +2.1387e+00 -4.9244e-01
283 0 +2.606703779e-01 +2.012067038e+01 +2.012067038e+01 -3.8430e-01 -6.6136e-01 -1.8044e-01 +1.0544e+00 +3.6825e-02 +2.1004e-02 +6.2632e-01 +1.4704e+00 +2.1535e+00 -5.0171e-01
290 0 +2.547441003e-01 +2.011474410e+01 +2.011474410e+01 -3.9027e-01 -6.6369e-01 -1.8867e-01 +1.0683e+00 +3.1518e-02 +1.1458e-02 +6.2683e-01 +1.4666e+00 +2.1580e+00 -4.9437e-01
293 0 +2.490772096e-01 +2.010907721e+01 +2.010907721e+01 -3.8519e-01 -6.6778e-01 -1.8142e-01 +1.0721e+00 +3.2896e-02 +1.0231e-02 +6.2756e-01 +1.4652e+00 +2.1644e+00 -4.8984e-01
298 0 +2.450418601e-01 +2.010504186e+01 +2.010504186e+01 -3.8294e-01 -6.6539e-01 -1.8096e-01 +1.0766e+00 +3.7854e-02 +1.0402e-02 +6.3287e-01 +1.4609e+00 +2.1665e+00 -4.8450e-01
306 0 +2.384299172e-01 +2.009842992e+01 +2.009842992e+01 -3.7810e-01 -6.6648e-01 -1.7632e-01 +1.0746e+00 +4.0147e-02 +1.3261e-02 +6.3742e-01 +1.4653e+00 +2.1641e+00 -4.7505e-01
307 0 +2.323949667e-01 +2.009239497e+01 +2.009239497e+01 -3.6858e-01 -6.6223e-01 -1.7396e-01 +1.0750e+00 +3.7201e-02 +1.5998e-02 +6.4871e-01 +1.4676e+00 +2.1643e+00 -4.6335e-01
310 0 +2.286816559e-01 +2.008868166e+01 +2.008868166e+01 -3.5933e-01 -6.7034e-01 -1.5776e-01 +1.0751e+00 +3.8658e-02 +1.8038e-02 +6.5124e-01 +1.4738e+00 +2.1673e+00 -4.5752e-01
319 0 +2.233488655e-01 +2.008334887e+01 +2.008334887e+01 -3.5177e-01 -6.6929e-01 -1.6079e-01 +1.0762e+00 +4.6856e-02 +2.2610e-02 +6.5526e-01 +1.4820e+00 +2.1690e+00 -4.5460e-01
331 0 +2.182602444e-01 +2.007826024e+01 +2.007826024e+01 -3.4300e-01 -6.6912e-01 -1.6283e-01 +1.0824e+00 +5.2617e-02 +2.5714e-02 +6.6245e-01 +1.4874e+00 +2.1723e+00 -4.5648e-01
332 0 +2.128270571e-01 +2.007282706e+01 +2.007282706e+01 -3.3055e-01 -6.7021e-01 -1.6646e-01 +1.0887e+00 +5.5367e-02 +2.6392e-02 +6.7426e-01 +1.4938e+00 +2.1738e+00 -4.5578e-01
333 0 +1.996551625e-01 +2.005965516e+01 +2.005965516e+01 -3.0234e-01 -6.6042e-01 -1.5841e-01 +1.1360e+00 +8.3810e-02 +2.7768e-02 +7.1070e-01 +1.5109e+00 +2.1524e+00 -4.7376e-01
334 0 +1.909290463e-01 +2.005092905e+01 +2.005092905e+01 -2.8005e-01 -6.7921e-01 -1.6394e-01 +1.1682e+00 +9.2753e-02 +6.5520e-02 +6.9904e-01 +1.5572e+00 +2.1701e+00 -4.5416e-01
337 0 +1.856909618e-01 +2.004569096e+01 +2.004569096e+01 -2.6601e-01 -6.7511e-01 -1.4269e-01 +1.1683e+00 +9.3762e-02 +6.8875e-02 +7.1262e-01 +1.5497e+00 +2.1733e+00 -4.2823e-01
343 0 +1.816886483e-01 +2.004168865e+01 +2.004168865e+01 -2.7083e-01 -6.7725e-01 -1.4600e-01 +1.1667e+00 +9.4866e-02 +6.6581e-02 +7.1562e-01 +1.5600e+00 +2.1480e+00 -4.1702e-01
356 0 +1.774743272e-01 +2.003747433e+01 +2.003747433e+01 -2.5935e-01 -6.8573e-01 -1.4388e-01 +1.1718e+00 +9.2883e-02 +6.8345e-02 +7.2448e-01 +1.5691e+00 +2.1499e+00 -4.2260e-01
367 0 +1.734552236e-01 +2.003345522e+01 +2.003345522e+01 -2.4868e-01 -6.8897e-01 -1.4256e-01 +1.1865e+00 +9.5010e-02 +7.1433e-02 +7.2639e-01 +1.5728e+00 +2.1560e+00 -4.2616e-01
375 0 +1.682442557e-01 +2.002824426e+01 +2.002824426e+01 -2.2939e-01 -7.0245e-01 -1.3717e-01 +1.1980e+00 +9.6817e-02 +7.2148e-02 +7.3772e-01 +1.5788e+00 +2.1618e+00 -4.2121e-01
379 0 +1.630422712e-01 +2.002304227e+01 +2.002304227e+01 -2.1357e-01 -6.9595e-01 -1.2545e-01 +1.2244e+00 +1.1666e-01 +7.8110e-02 +7.6191e-01 +1.5878e+00 +2.1661e+00 -4.2618e-01
380 0 +1.561523695e-01 +2.001615237e+01 +2.001615237e+01 -1.8388e-01 -7.3444e-01 -8.4919e-02 +1.2509e+00 +1.2363e-01 +8.4386e-02 +7.7171e-01 +1.6220e+00 +2.1742e+00 -4.0961e-01
385 0 +1.540142486e-01 +2.001401425e+01 +2.001401425e+01 -1.7236e-01 -7.2588e-01 -9.0721e-02 +1.2523e+00 +1.2028e-01 +8.0104e-02 +7.6654e-01 +1.6394e+00 +2.1699e+00 -4.0647e-01
399 0 +1.512864512e-01 +2.001128645e+01 +2.001128645e+01 -1.5875e-01 -7.1758e-01 -8.4902e-02 +1.2597e+00 +1.2916e-01 +8.5035e-02 +7.5288e-01 +1.6399e+00 +2.1812e+00 -4.1737e-01
413 0 +1.478453026e-01 +2.000784530e+01 +2.000784530e+01 -1.3807e-01 -7.1566e-01 -7.9856e-02 +1.2617e+00 +1.3880e-01 +8.6607e-02 +7.7348e-01 +1.6482e+00 +2.1838e+00 -4.1354e-01
419 0 +1.442995697e-01 +2.000429957e+01 +2.000429957e+01 -1.2049e-01 -7.2174e-01 -6.2084e-02 +1.2818e+00 +1.5267e-01 +8.0611e-02 +7.9058e-01 +1.6537e+00 +2.1816e+00 -4.2224e-01
424 0 +1.406299935e-01 +2.000062999e+01 +2.000062999e+01 -1.1039e-01 -7.1961e-01 -5.9033e-02 +1.2989e+00 +1.6387e-01 +1.0096e-01 +8.2880e-01 +1.6651e+00 +2.1804e+00 -4.1881e-01
441 0 +1.380375472e-01 +1.999803755e+01 +1.999803755e+01 -7.1326e-02 -7.2926e-01 -3.7438e-02 +1.3121e+00 +1.4822e-01 +1.1020e-01 +8.4814e-01 +1.6840e+00 +2.1825e+00 -4.1222e-01
461 0 +1.348074010e-01 +1.999480740e+01 +1.999480740e+01 -6.0241e-02 -7.2634e-01 -3.4467e-02 +1.3343e+00 +1.6179e-01 +1.0172e-01 +8.5141e-01 +1.6886e+00 +2.1898e+00 -4.0654e-01
479 0 +1.318187583e-01 +1.999181876e+01 +1.999181876e+01 -3.5771e-02 -7.3125e-01 -2.8891e-02 +1.3549e+00 +1.7810e-01 +1.0219e-01 +8.6530e-01 +1.7143e+00 +2.1912e+00 -3.9956e-01
498 0 +1.287963119e-01 +1.998879631e+01 +1.998879631e+01 -1.6183e-02 -7.4251e-01 -2.7212e-03 +1.3741e+00 +1.8299e-01 +1.0253e-01 +8.8519e-01 +1.7223e+00 +2.2095e+00 -4.1268e-01
% f evaluations | g evaluations | best noise-free fitness - Fopt (-1.607900000000e+02) + sum g_i+ | measured fitness | best measured fitness or single-digit g-values | x1 | x2...
1 0 +5.343490295e+01 -1.073550971e+02 -1.073550971e+02 +0.0000e+00 +0.0000e+00 +0.0000e+00 +0.0000e+00 +0.0000e+00 +0.0000e+00 +0.0000e+00 +0.0000e+00 +0.0000e+00 +0.0000e+00
6 0 +5.256294734e+01 -1.082270527e+02 -1.082270527e+02 +0.0000e+00 +0.0000e+00 +0.0000e+00 +5.0000e-01 +0.0000e+00 +0.0000e+00 +0.0000e+00 +0.0000e+00 +0.0000e+00 +0.0000e+00
11 0 +5.212402710e+01 -1.086659729e+02 -1.086659729e+02 +0.0000e+00 +0.0000e+00 +0.0000e+00 +0.0000e+00 +0.0000e+00 +0.0000e+00 +0.0000e+00 +0.0000e+00 +5.0000e-01 +0.0000e+00
% f evaluations | g evaluations | best noise-free fitness - Fopt (1.420200000000e+02) + sum g_i+ | measured fitness | best measured fitness or single-digit g-values | x1 | x2...
1 0 +7.970804415e+01 +2.217280442e+02 +2.217280442e+02 +0.0000e+00 +0.0000e+00 +0.0000e+00 +0.0000e+00 +0.0000e+00 +0.0000e+00 +0.0000e+00 +0.0000e+00 +0.0000e+00 +0.0000e+00
3 0 +7.866447353e+01 +2.206844735e+02 +2.206844735e+02 +5.0000e-01 +0.0000e+00 +0.0000e+00 +0.0000e+00 +0.0000e+00 +0.0000e+00 +0.0000e+00 +0.0000e+00 +0.0000e+00 +0.0000e+00
13 0 +7.632877811e+01 +2.183487781e+02 +2.183487781e+02 +7.2146e-01 -2.3393e-02 +1.0955e-01 -3.9103e-02 -6.8350e-02 -2.1852e-01 -3.1756e-01 -1.5600e-01 +6.1655e-02 +7.3982e-02
14 0 +6.958243940e+01 +2.116024394e+02 +2.116024394e+02 +1.5976e+00 -1.1721e-01 +5.4893e-01 -1.9593e-01 -3.4248e-01 -1.0949e+00 -1.5912e+00 -7.8166e-01 +3.0893e-01 +3.7070e-01
17 0 +6.903789225e+01 +2.110578923e+02 +2.110578923e+02 +1.4289e+00 -5.4731e-01 +1.1962e+00 -7.5335e-01 -1.1369e+00 -3.1064e+00 -4.4053e+00 -2.2865e+00 +5.6807e-01 +7.2975e-01
20 0 +6.737469079e+01 +2.093946908e+02 +2.093946908e+02 +1.4437e+00 -5.0633e-01 +1.2372e+00 -7.1237e-01 -1.6844e+00 -3.1165e+00 -4.4200e+00 -1.9504e+00 +6.0905e-01 +7.7073e-01
22 0 +6.564440257e+01 +2.076644026e+02 +2.076644026e+02 +1.4254e+00 -3.8452e-01 +1.3590e+00 -1.1412e+00 -1.6621e+00 -3.0747e+00 -4.3653e+00 -1.9167e+00 +7.3087e-01 +8.9254e-01
23 0 +6.276112043e+01 +2.047811204e+02 +2.047811204e+02 +1.4779e+00 -2.0194e-01 +1.6255e+00 -1.1557e+00 -1.7533e+00 -3.0090e+00 -4.4670e+00 -1.8504e+00 +9.6710e-01 +1.1366e+00
24 0 +5.935411492e+01 +2.013741149e+02 +2.013741149e+02 +1.6466e+00 +1.7187e+00 +1.6441e+00 -1.2869e+00 -2.0381e+00 -3.0258e+00 -4.8920e+00 -1.8361e+00 +9.2041e-01 +1.1067e+00
25 0 +5.491850241e+01 +1.969385024e+02 +1.969385024e+02 +1.6162e+00 +1.8475e+00 +1.1480e+00 -1.3605e+00 -2.1886e+00 -2.9762e+00 -5.0000e+00 -1.7894e+00 +2.7692e+00 +5.8327e-01
26 0 +3.880843080e+01 +1.808284308e+02 +1.808284308e+02 +1.5205e+00 +2.0358e+00 +2.1005e-01 -1.4690e+00 -2.4069e+00 -2.8792e+00 -5.0000e+00 -1.7049e+00 +3.2271e+00 +2.2536e+00
28 0 +3.646500439e+01 +1.784850044e+02 +1.784850044e+02 +1.7090e+00 +2.1412e+00 +1.8702e-01 -1.3474e+00 -2.2551e+00 -2.5738e+00 -4.5930e+00 -1.4628e+00 +3.2379e+00 +2.2343e+00
35 0 +3.626213080e+01 +1.782821308e+02 +1.782821308e+02 +1.6967e+00 +2.1006e+00 +1.7535e-01 -1.3385e+00 -2.2416e+00 -2.5763e+00 -4.5777e+00 -1.4647e+00 +3.2433e+00 +2.2400e+00
38 0 +3.493455019e+01 +1.769545502e+02 +1.769545502e+02 +1.6405e+00 +2.0846e+00 +2.2022e-01 -1.3378e+00 -2.2469e+00 -2.5445e+00 -4.5575e+00 -1.4294e+00 +3.2354e+00 +2.2668e+00
39 0 +3.240805498e+01 +1.744280550e+02 +1.744280550e+02 +1.5543e+00 +2.0300e+00 +3.0165e-01 -1.3439e+00 -2.2705e+00 -2.4657e+00 -4.5076e+00 -1.3562e+00 +3.2162e+00 +2.3560e+00
40 0 +2.703979618e+01 +1.690597962e+02 +1.690597962e+02 +1.1719e+00 +1.7827e+00 +7.5733e-01 -1.3053e+00 -2.2503e+00 -2.2197e+00 -4.3217e+00 -1.0886e+00 +3.0139e+00 +2.2317e+00
41 0 +2.354448317e+01 +1.655644832e+02 +1.655644832e+02 +1.0064e+00 +1.5750e+00 +9.1501e-01 -1.3721e+00 -2.4073e+00 -1.9144e+00 -4.1426e+00 -8.5461e-01 +3.0052e+00 +2.8108e+00
46 0 +2.313975527e+01 +1.651597553e+02 +1.651597553e+02 +7.5266e-01 +1.2221e+00 +9.3675e-01 -1.3994e+00 -2.4308e+00 -1.9717e+00 -4.1826e+00 -8.9800e-01 +2.9278e+00 +2.8114e+00
49 0 +2.280614886e+01 +1.648261489e+02 +1.648261489e+02 +6.3206e-01 +1.2896e+00 +9.8898e-01 -1.3572e+00 -2.2639e+00 -1.9942e+00 -4.1390e+00 -8.5532e-01 +2.8873e+00 +2.8726e+00
55 0 +2.237274951e+01 +1.643927495e+02 +1.643927495e+02 +4.9355e-01 +1.3190e+00 +1.0050e+00 -1.3725e+00 -2.3037e+00 -1.9570e+00 -4.1413e+00 -8.0703e-01 +2.8597e+00 +2.9667e+00
66 0 +2.186047878e+01 +1.638804788e+02 +1.638804788e+02 +3.1272e-01 +1.5079e+00 +9.9300e-01 -1.4014e+00 -2.3943e+00 -1.8486e+00 -4.1825e+00 -7.3735e-01 +2.9357e+00 +3.0972e+00
478 0 +2.088501792e+01 +1.629050179e+02 +1.629050179e+02 -9.6930e-02 -8.1263e-01 -4.8877e+00 -3.1794e+00 -1.1062e+00 +1.6116e+00 +3.3181e+00 +7.7359e-01 -1.4256e-01 -3.6494e-02
479 0 +1.966264776e+01 +1.616826478e+02 +1.616826478e+02 -1.4443e-01 -7.7672e-01 -4.8866e+00 -3.1681e+00 -1.1091e+00 +1.5902e+00 +3.3318e+00 +7.6657e-01 -9.6657e-02 +2.2794e-02
480 0 +1.851890806e+01 +1.605389081e+02 +1.605389081e+02 -1.8627e-01 -7.6087e-01 -4.8598e+00 -3.1624e+00 -1.1548e+00 +1.5613e+00 +3.3467e+00 +7.6020e-01 -3.3134e-02 +1.8480e-02
481 0 +1.727159846e+01 +1.592915985e+02 +1.592915985e+02 -2.0270e-01 -7.1163e-01 -4.8579e+00 -3.1196e+00 -1.1672e+00 +1.5420e+00 +3.3498e+00 +7.9536e-01 +2.5920e-02 +3.2831e-02
482 0 +1.597025505e+01 +1.579902550e+02 +1.579902550e+02 -2.3340e-01 -6.8069e-01 -4.8507e+00 -3.1274e+00 -1.1632e+00 +1.4866e+00 +3.3367e+00 +8.1919e-01 +8.7475e-02 +5.2190e-02
483 0 +1.202869475e+01 +1.540486947e+02 +1.540486947e+02 -2.6189e-01 -4.7939e-01 -4.9502e+00 -3.1734e+00 -1.3485e+00 +1.3061e+00 +3.3997e+00 +8.8250e-01 +2.2703e-01 +1.6282e-01
484 0 +9.466211943e+00 +1.514862119e+02 +1.514862119e+02 -4.6434e-01 -2.2133e-01 -4.8717e+00 -3.2435e+00 -1.3276e+00 +1.2975e+00 +3.4580e+00 +9.8168e-01 +3.9311e-01 +1.6256e-01
485 0 +8.475460015e+00 +1.504954600e+02 +1.504954600e+02 -6.0174e-01 -1.6441e-01 -4.8020e+00 -3.0925e+00 -1.4387e+00 +1.0946e+00 +3.3542e+00 +1.0393e+00 +5.3445e-01 +3.1312e-01
486 0 +7.996362740e+00 +1.500163627e+02 +1.500163627e+02 -5.6949e-01 -2.0720e-01 -4.9162e+00 -3.1635e+00 -1.5435e+00 +1.1101e+00 +3.2351e+00 +1.2234e+00 +7.5033e-01 +1.3110e-01
488 0 +7.439807566e+00 +1.494598076e+02 +1.494598076e+02 -5.3721e-01 -2.6603e-01 -4.9048e+00 -3.1933e+00 -1.5235e+00 +1.1491e+00 +3.3232e+00 +1.2539e+00 +8.5881e-01 +2.4113e-01
490 0 +7.354480697e+00 +1.493744807e+02 +1.493744807e+02 -5.0752e-01 -2.4045e-01 -4.9079e+00 -3.1771e+00 -1.4964e+00 +1.1024e+00 +3.3581e+00 +1.2231e+00 +9.0550e-01 +2.1066e-01
494 0 +7.093828075e+00 +1.491138281e+02 +1.491138281e+02 -5.1449e-01 -1.8940e-01 -4.9215e+00 -3.2285e+00 -1.5176e+00 +1.0788e+00 +3.3795e+00 +1.2456e+00 +9.2493e-01 +2.4379e-01
495 0 +6.906227438e+00 +1.489262274e+02 +1.489262274e+02 -5.1422e-01 -1.8249e-01 -4.9099e+00 -3.2387e+00 -1.5235e+00 +1.0656e+00 +3.3845e+00 +1.2634e+00 +9.5927e-01 +2.6578e-01
496 0 +5.950227536e+00 +1.479702275e+02 +1.479702275e+02 -5.0263e-01 -1.4500e-01 -4.8667e+00 -3.3142e+00 -1.5282e+00 +1.0434e+00 +3.4285e+00 +1.3371e+00 +1.0945e+00 +3.3452e-01
498 0 +4.864032982e+00 +1.468840330e+02 +1.468840330e+02 -5.2983e-01 +1.9474e-02 -4.8031e+00 -3.5304e+00 -1.4515e+00 +1.1846e+00 +3.5911e+00 +1.4374e+00 +1.2295e+00 +3.0513e-01
499 0 +3.389604464e+00 +1.454096045e+02 +1.454096045e+02 -5.6970e-01 +1.3166e-01 -4.6961e+00 -3.6320e+00 -1.4820e+00 +1.1263e+00 +3.6587e+00 +1.5862e+00 +1.4980e+00 +4.4980e-01
500 0 +3.249595489e+00 +1.452695955e+02 +1.452695955e+02 -1.7773e-01 +6.8761e-01 -4.9402e+00 -4.2119e+00 -2.1947e+00 +9.9818e-01 +4.3186e+00 +1.9526e+00 +2.0583e+00 +9.9128e-01
501 0 +2.717898187e+00 +1.447378982e+02 +1.447378982e+02 -2.3893e-01 +7.8055e-01 -4.8664e+00 -4.1913e+00 -2.1448e+00 +9.6073e-01 +4.4047e+00 +1.8549e+00 +1.9419e+00 +1.1341e+00
% f evaluations | g evaluations | best noise-free fitness - Fopt (6.289000000000e+01) + sum g_i+ | measured fitness | best measured fitness or single-digit g-values | x1 | x2...
1 0 +7.432784522e+01 +1.372178452e+02 +1.372178452e+02 +0.0000e+00 +0.0000e+00 +0.0000e+00 +0.0000e+00 +0.0000e+00 +0.0000e+00 +0.0000e+00 +0.0000e+00 +0.0000e+00 +0.0000e+00
4 0 +7.346235223e+01 +1.363523522e+02 +1.363523522e+02 +0.0000e+00 +5.0000e-01 +0.0000e+00 +0.0000e+00 +0.0000e+00 +0.0000e+00 +0.0000e+00 +0.0000e+00 +0.0000e+00 +0.0000e+00
13 0 +7.001953905e+01 +1.329095391e+02 +1.329095391e+02 -1.6562e-01 +6.2439e-01 -2.0275e-01 -1.5066e-01 -3.3046e-01 -8.4714e-02 +5.5631e-02 -9.1135e-02 +1.0769e-01 +6.2578e-02
14 0 +4.753786958e+01 +1.104278696e+02 +1.104278696e+02 -8.1937e-01 +1.1426e+00 -1.0065e+00 -7.4396e-01 -1.6503e+00 -4.1150e-01 +2.9597e-01 -4.4387e-01 +5.5839e-01 +3.3099e-01
18 0 +4.647354601e+01 +1.093635460e+02 +1.093635460e+02 -7.9312e-01 +2.0808e+00 -1.0042e+00 -7.0806e-01 -1.7304e+00 -3.3304e-01 +4.6501e-01 -3.6955e-01 +7.6103e-01 +5.0451e-01
19 0 +4.147204845e+01 +1.043620484e+02 +1.043620484e+02 -6.8254e-01 +1.9558e+00 -8.9636e-01 -5.9637e-01 -2.0790e+00 -2.1649e-01 +5.9192e-01 -2.5347e-01 +8.9178e-01 +6.3194e-01
20 0 +3.823074457e+01 +1.011207446e+02 +1.011207446e+02 -7.1088e-01 +1.8756e+00 -9.2706e-01 -6.2376e-01 -1.9885e+00 -2.3969e-01 +5.7763e-01 -2.7708e-01 +1.3728e+00 +6.1809e-01
24 0 +3.629765676e+01 +9.918765676e+01 +9.918765676e+01 -6.8277e-01 +1.8665e+00 -1.0526e+00 -5.9424e-01 -2.0795e+00 -2.0392e-01 +5.6255e-01 -2.4191e-01 +1.4313e+00 +5.7362e-01
25 0 +3.531098085e+01 +9.820098085e+01 +9.820098085e+01 -8.0531e-01 +1.8495e+00 -1.0372e+00 -7.1577e-01 -2.1063e+00 +2.4629e-01 +5.5176e-01 -3.5946e-01 +1.4675e+00 +5.4137e-01
26 0 +3.331485916e+01 +9.620485916e+01 +9.620485916e+01 -9.8836e-01 +1.8423e+00 -1.0309e+00 -6.8349e-01 -2.0959e+00 +2.4887e-01 +5.4991e-01 -1.9295e-01 +1.4640e+00 +5.3929e-01
29 0 +3.142745621e+01 +9.431745621e+01 +9.431745621e+01 -1.0267e+00 +1.8005e+00 -1.0266e+00 -6.2002e-01 -2.1531e+00 +2.6259e-01 +5.3377e-01 -1.7083e-01 +1.5116e+00 +4.9568e-01
30 0 +2.602366134e+01 +8.891366134e+01 +8.891366134e+01 -1.3242e+00 +1.7220e+00 -1.1714e+00 -5.6147e-01 -2.3481e+00 +2.0287e-01 +4.1339e-01 -2.0002e-01 +1.6632e+00 +2.6985e-01
31 0 +2.424085320e+01 +8.713085320e+01 +8.713085320e+01 -1.4126e+00 +1.5616e+00 -1.2975e+00 -2.7912e-01 -2.3214e+00 +3.2263e-01 +3.1129e-01 -4.4196e-02 +1.8149e+00 +5.0702e-02
32 0 +2.076373919e+01 +8.365373919e+01 +8.365373919e+01 -1.5624e+00 +1.3931e+00 -1.3512e+00 -1.9775e-01 -2.6199e+00 +3.3297e-01 +2.9396e-01 -1.4666e-02 +1.9520e+00 +3.3440e-01
33 0 +1.787737361e+01 +8.076737361e+01 +8.076737361e+01 -1.7974e+00 +1.2935e+00 -9.8237e-01 -1.8794e-01 -2.7403e+00 +3.8841e-01 +2.4724e-01 -7.9854e-02 +2.0794e+00 +2.4221e-01
34 0 +1.685626868e+01 +7.974626868e+01 +7.974626868e+01 -2.1960e+00 +1.2038e+00 -1.1210e+00 -3.1044e-01 -2.7472e+00 +3.6565e-01 +8.5274e-02 -1.6997e-01 +2.1971e+00 +2.5219e-01
35 0 +1.391367125e+01 +7.680367125e+01 +7.680367125e+01 -2.2095e+00 +1.4005e+00 -1.1599e+00 -3.0714e-01 -3.1130e+00 +3.2073e-01 +8.3217e-02 -1.5135e-01 +2.4116e+00 +8.6596e-02
36 0 +1.359817922e+01 +7.648817922e+01 +7.648817922e+01 -2.3606e+00 +1.3437e+00 -1.1659e+00 -2.2485e-01 -3.4107e+00 +3.7680e-01 +6.4265e-02 -1.0782e-01 +2.0782e+00 -2.2971e-02
38 0 +1.238102345e+01 +7.527102345e+01 +7.527102345e+01 -2.4039e+00 +1.2842e+00 -1.1388e+00 -1.6468e-01 -3.4378e+00 +1.6548e-01 +1.2497e-01 -6.7085e-02 +2.1148e+00 -4.8471e-02
40 0 +1.218741206e+01 +7.507741206e+01 +7.507741206e+01 -2.4311e+00 +1.3383e+00 -1.1416e+00 -8.3482e-02 -3.4230e+00 +1.6344e-01 +1.3667e-01 -1.3435e-01 +2.1083e+00 -2.7984e-02
41 0 +1.104563399e+01 +7.393563399e+01 +7.393563399e+01 -2.4752e+00 +1.3641e+00 -1.1030e+00 -3.6880e-02 -3.4659e+00 +1.4315e-01 +1.1409e-01 -7.8147e-02 +2.1598e+00 -3.2262e-05
42 0 +1.060111320e+01 +7.349111320e+01 +7.349111320e+01 -2.5854e+00 +1.5533e+00 -8.9831e-01 -1.7790e-01 -3.6700e+00 -5.4157e-02 +1.2474e-01 -1.0119e-01 +2.1800e+00 +2.4211e-01
43 0 +1.034918605e+01 +7.323918605e+01 +7.323918605e+01 -2.6170e+00 +1.5648e+00 -7.8045e-01 -1.9436e-01 -3.6337e+00 -4.0799e-02 +1.1552e-01 -1.2676e-01 +2.1839e+00 +1.4869e-01
44 0 +9.115618697e+00 +7.200561870e+01 +7.200561870e+01 -2.6979e+00 +1.6453e+00 -7.7253e-01 -8.4715e-02 -3.6608e+00 -1.0678e-01 +4.6710e-02 -5.0290e-03 +2.2703e+00 +7.6109e-02
45 0 +8.724227436e+00 +7.161422744e+01 +7.161422744e+01 -2.8780e+00 +1.5364e+00 -7.5140e-01 -5.6601e-02 -3.5906e+00 -1.1276e-01 -2.9297e-02 +1.1984e-02 +2.2868e+00 +1.5161e-01
47 0 +8.414685247e+00 +7.130468525e+01 +7.130468525e+01 -2.8451e+00 +1.5215e+00 -6.8134e-01 +1.5817e-02 -3.5798e+00 -1.1615e-01 -1.8908e-02 +6.5357e-02 +2.2917e+00 +1.8423e-01
50 0 +8.270796188e+00 +7.116079619e+01 +7.116079619e+01 -2.8773e+00 +1.5239e+00 -6.7557e-01 +3.8852e-02 -3.5937e+00 -1.0615e-01 +2.6956e-02 +7.0562e-02 +2.3241e+00 +1.7716e-01
53 0 +8.058648657e+00 +7.094864866e+01 +7.094864866e+01 -2.8948e+00 +1.5220e+00 -6.5713e-01 +4.8979e-02 -3.5993e+00 -1.0831e-01 +1.1907e-02 +1.2651e-01 +2.3562e+00 +1.5672e-01
55 0 +7.857581748e+00 +7.074758175e+01 +7.074758175e+01 -2.9083e+00 +1.4987e+00 -6.1188e-01 +7.9688e-02 -3.6018e+00 -8.8119e-02 +2.4839e-03 +1.3857e-01 +2.3932e+00 +1.4124e-01
56 0 +7.457056174e+00 +7.034705617e+01 +7.034705617e+01 -2.9449e+00 +1.4407e+00 -5.2261e-01 +1.7915e-01 -3.6007e+00 -6.2469e-03 +5.6573e-03 +1.8622e-01 +2.4818e+00 +1.6569e-01
57 0 +7.090362663e+00 +6.998036266e+01 +6.998036266e+01 -2.8549e+00 +1.4922e+00 -5.0676e-01 +2.5932e-01 -3.6829e+00 +3.4361e-03 +1.9193e-02 +2.4804e-01 +2.5677e+00 +9.9944e-02
58 0 +6.613232845e+00 +6.950323285e+01 +6.950323285e+01 -2.8905e+00 +1.5007e+00 -5.4881e-01 +2.6130e-01 -3.6582e+00 -3.5212e-03 -2.7724e-02 +2.5442e-01 +2.7509e+00 +7.8875e-02
59 0 +6.231882305e+00 +6.912188231e+01 +6.912188231e+01 -2.8896e+00 +1.3889e+00 -5.4839e-01 +2.9997e-01 -3.6710e+00 -9.1441e-02 +5.4107e-03 +3.2704e-01 +2.8534e+00 +4.3989e-02
60 0 +6.034487564e+00 +6.892448756e+01 +6.892448756e+01 -2.8856e+00 +1.3743e+00 -4.8155e-01 +3.3043e-01 -3.6418e+00 -6.3341e-02 +4.0371e-02 +3.5236e-01 +3.0184e+00 -1.6171e-02
61 0 +5.207492132e+00 +6.809749213e+01 +6.809749213e+01 -2.9850e+00 +1.3500e+00 -5.2621e-01 +3.9480e-01 -3.7432e+00 -4.8782e-02 -2.9017e-02 +3.9757e-01 +3.0681e+00 -7.5906e-02
62 0 +4.619823837e+00 +6.750982384e+01 +6.750982384e+01 -3.0290e+00 +1.1082e+00 -6.1833e-01 +4.7370e-01 -4.0636e+00 +6.6627e-02 -5.6955e-01 +6.8804e-01 +3.3225e+00 -1.6283e-01
63 0 +3.743353909e+00 +6.663335391e+01 +6.663335391e+01 -3.3625e+00 +1.1983e+00 -9.4271e-01 +9.3736e-01 -4.2242e+00 +1.1741e-01 -3.2435e-01 +8.2202e-01 +3.5275e+00 +6.5172e-02
64 0 +2.179939579e+00 +6.506993958e+01 +6.506993958e+01 -3.5822e+00 +1.4086e+00 -5.5714e-01 +7.9878e-01 -4.6273e+00 -2.3710e-01 -3.5469e-01 +7.4152e-01 +3.6861e+00 +3.0789e-01
66 0 +2.040874584e+00 +6.493087458e+01 +6.493087458e+01 -3.8006e+00 +1.5398e+00 -4.5392e-01 +8.7808e-01 -4.6875e+00 -2.1180e-01 -3.7682e-01 +6.6639e-01 +3.7724e+00 +6.2388e-02
94 0 +1.994253689e+00 +6.488425369e+01 +6.488425369e+01 -3.8988e+00 +1.4824e+00 -3.9678e-01 +9.3868e-01 -4.6179e+00 -1.2565e-01 -5.6875e-01 +5.9758e-01 +3.8313e+00 +3.4035e-02
% f evaluations | g evaluations | best noise-free fitness - Fopt (-1.316100000000e+02) + sum g_i+ | measured fitness | best measured fitness or single-digit g-values | x1 | x2...
1 0 +8.182870738e+01 -4.978129262e+01 -4.978129262e+01 +0.0000e+00 +0.0000e+00 +0.0000e+00 +0.0000e+00 +0.0000e+00 +0.0000e+00 +0.0000e+00 +0.0000e+00 +0.0000e+00 +0.0000e+00
3 0 +8.138701239e+01 -5.022298761e+01 -5.022298761e+01 +5.0000e-01 +0.0000e+00 +0.0000e+00 +0.0000e+00 +0.0000e+00 +0.0000e+00 +0.0000e+00 +0.0000e+00 +0.0000e+00 +0.0000e+00
8 0 +7.928799868e+01 -5.232200132e+01 -5.232200132e+01 +0.0000e+00 +0.0000e+00 +0.0000e+00 +0.0000e+00 +0.0000e+00 +5.0000e-01 +0.0000e+00 +0.0000e+00 +0.0000e+00 +0.0000e+00
% f evaluations | g evaluations | best noise-free fitness - Fopt (1.153900000000e+02) + sum g_i+ | measured fitness | best measured fitness or single-digit g-values | x1 | x2...
1 0 +7.204720288e+01 +1.874372029e+02 +1.874372029e+02 +0.0000e+00 +0.0000e+00 +0.0000e+00 +0.0000e+00 +0.0000e+00 +0.0000e+00 +0.0000e+00 +0.0000e+00 +0.0000e+00 +0.0000e+00
4 0 +7.134074971e+01 +1.867307497e+02 +1.867307497e+02 +0.0000e+00 +5.0000e-01 +0.0000e+00 +0.0000e+00 +0.0000e+00 +0.0000e+00 +0.0000e+00 +0.0000e+00 +0.0000e+00 +0.0000e+00
13 0 +6.749950395e+01 +1.828895039e+02 +1.828895039e+02 -3.5994e-02 +1.1235e-01 -1.9829e-01 +6.7666e-01 +3.8725e-02 -2.6619e-01 +3.3736e-02 -4.8765e-02 -1.6821e-01 -2.4776e-01
14 0 +3.424982912e+01 +1.496398291e+02 +1.496398291e+02 -1.7628e-01 +5.5021e-01 -9.7108e-01 +1.4993e+00 +1.8965e-01 -1.3036e+00 +1.6522e-01 -2.3882e-01 -8.2380e-01 -1.2134e+00
15 0 +2.805868702e+01 +1.434486870e+02 +1.434486870e+02 -1.0120e+00 -1.7536e-01 -1.9274e+00 +1.2520e-01 -5.9060e-01 -2.3104e+00 -6.1874e-01 -1.0840e+00 -1.7577e+00 -2.2064e+00
18 0 +2.680995452e+01 +1.421999545e+02 +1.421999545e+02 -1.0486e+00 -2.2695e-01 -1.9748e+00 +5.8405e-02 -1.1152e-01 -2.3624e+00 -6.5058e-01 -1.1214e+00 -1.8032e+00 -2.2572e+00
19 0 +2.412862241e+01 +1.395186224e+02 +1.395186224e+02 -1.0888e+00 -2.8095e-01 -2.0265e+00 -1.1406e-02 -1.0881e-01 -2.4189e+00 -1.7357e-01 -1.1626e+00 -1.8527e+00 -2.3124e+00
20 0 +2.260805643e+01 +1.379980564e+02 +1.379980564e+02 -6.1884e-01 -3.2339e-01 -2.0968e+00 -6.4715e-02 -1.0626e-01 -2.4930e+00 -1.5841e-01 -1.2243e+00 -1.9213e+00 -2.3855e+00
21 0 +2.119289593e+01 +1.365828959e+02 +1.365828959e+02 -6.0571e-01 -3.6972e-01 -2.1816e+00 -1.2248e-01 -1.0335e-01 -2.5821e+00 -1.4167e-01 -7.6136e-01 -2.0042e+00 -2.4734e+00
22 0 +2.075805706e+01 +1.361480571e+02 +1.361480571e+02 -6.0407e-01 -3.7483e-01 -2.0474e+00 -1.3640e-01 -1.0512e-01 -3.0011e+00 -1.4320e-01 -7.5914e-01 -1.8089e+00 -2.3392e+00
24 0 +1.955153663e+01 +1.349415366e+02 +1.349415366e+02 -6.0308e-01 -3.7792e-01 -1.6865e+00 -1.4483e-01 -1.0618e-01 -2.9938e+00 -1.4413e-01 -7.5779e-01 -1.8043e+00 -2.6850e+00
26 0 +1.725161048e+01 +1.326416105e+02 +1.326416105e+02 -6.1153e-01 -4.0106e-01 -1.7434e+00 +4.7756e-02 -9.6210e-02 -3.0844e+00 -1.1817e-01 -7.7356e-01 -1.8698e+00 -2.7746e+00
27 0 +1.607181427e+01 +1.314618143e+02 +1.314618143e+02 -5.3362e-01 -3.6346e-01 -1.6764e+00 +1.9595e-01 -1.6618e-02 -3.0333e+00 -2.4028e-02 -6.9949e-01 -1.8157e+00 -2.7262e+00
28 0 +1.355413915e+01 +1.289441391e+02 +1.289441391e+02 -5.0632e-01 -1.9667e-01 -1.7085e+00 +2.6435e-01 +2.9348e-02 -3.1197e+00 +5.8695e-02 -6.8459e-01 -1.8755e+00 -2.8157e+00
29 0 +1.200800223e+01 +1.273980022e+02 +1.273980022e+02 -4.6055e-01 -1.1757e-01 -1.7084e+00 +3.7667e-01 -1.3330e-01 -3.1655e+00 +1.5126e-01 -6.4943e-01 -1.9020e+00 -2.8654e+00
30 0 +1.051670932e+01 +1.259067093e+02 +1.259067093e+02 -4.0028e-01 -1.0686e-02 -1.7230e+00 +5.3050e-01 -8.8145e-02 -3.2530e+00 +1.3679e-01 -6.0597e-01 -1.9575e+00 -2.9586e+00
31 0 +9.641761789e+00 +1.250317618e+02 +1.250317618e+02 -5.8766e-01 +5.2141e-02 -1.7125e+00 +6.1945e-01 -6.4286e-02 -3.2814e+00 +2.4293e-01 -5.6543e-01 -1.9693e+00 -2.9902e+00
32 0 +9.095396336e+00 +1.244853963e+02 +1.244853963e+02 -5.5694e-01 +1.1048e-01 -1.6944e+00 +7.0134e-01 -4.3570e-02 -3.2971e+00 +3.3495e-01 -7.6946e-01 -1.9709e+00 -3.0087e+00
36 0 +8.832330079e+00 +1.242223301e+02 +1.242223301e+02 -5.3752e-01 +2.0985e-01 -1.6613e+00 +6.8413e-01 -4.4511e-02 -3.2891e+00 +3.6671e-01 -7.4460e-01 -1.9285e+00 -3.0699e+00
38 0 +8.679322427e+00 +1.240693224e+02 +1.240693224e+02 -5.1890e-01 +2.2730e-01 -1.6742e+00 +7.3814e-01 -4.0999e-02 -3.2863e+00 +3.9589e-01 -7.2177e-01 -1.9150e+00 -3.0510e+00
41 0 +8.378509628e+00 +1.237685096e+02 +1.237685096e+02 -5.3662e-01 +2.3981e-01 -1.6842e+00 +7.8843e-01 -7.8442e-02 -3.3148e+00 +4.4212e-01 -7.2325e-01 -1.9175e+00 -3.1119e+00
42 0 +8.253134628e+00 +1.236431346e+02 +1.236431346e+02 -5.1238e-01 +2.4488e-01 -1.6876e+00 +8.0860e-01 -7.5240e-02 -3.3216e+00 +4.6557e-01 -7.2797e-01 -1.9106e+00 -3.1401e+00
44 0 +8.037424789e+00 +1.234274248e+02 +1.234274248e+02 -5.1299e-01 +2.6548e-01 -1.6746e+00 +8.4756e-01 -7.0502e-02 -3.3367e+00 +5.0806e-01 -6.8949e-01 -1.9235e+00 -3.1806e+00
46 0 +7.875340485e+00 +1.232653405e+02 +1.232653405e+02 -5.2352e-01 +2.9370e-01 -1.6726e+00 +9.0190e-01 -7.1318e-02 -3.3473e+00 +5.2925e-01 -6.9072e-01 -1.8921e+00 -3.2188e+00
48 0 +7.709863028e+00 +1.230998630e+02 +1.230998630e+02 -5.2995e-01 +2.8991e-01 -1.6985e+00 +9.3022e-01 -6.1026e-02 -3.3749e+00 +5.7852e-01 -6.9464e-01 -1.9111e+00 -3.2619e+00
50 0 +7.584230292e+00 +1.229742303e+02 +1.229742303e+02 -5.0257e-01 +3.0077e-01 -1.7012e+00 +9.6539e-01 -1.0498e-01 -3.3907e+00 +6.0722e-01 -6.7675e-01 -1.9200e+00 -3.2963e+00
53 0 +7.342877502e+00 +1.227328775e+02 +1.227328775e+02 -4.9218e-01 +3.2631e-01 -1.6964e+00 +1.0222e+00 -7.1450e-02 -3.3993e+00 +6.7887e-01 -6.3951e-01 -1.9177e+00 -3.3407e+00
54 0 +6.935702984e+00 +1.223257030e+02 +1.223257030e+02 -4.9543e-01 +3.5787e-01 -1.6549e+00 +1.1277e+00 -5.8619e-02 -3.4231e+00 +7.9774e-01 -6.7447e-01 -1.9321e+00 -3.4400e+00
55 0 +6.385296364e+00 +1.217752964e+02 +1.217752964e+02 -9.2318e-01 +5.1157e-01 -1.6239e+00 +1.4915e+00 -1.5868e-01 -3.5564e+00 +1.1713e+00 -4.2454e-01 -2.0461e+00 -3.6792e+00
56 0 +6.026354614e+00 +1.214163546e+02 +1.214163546e+02 -6.6892e-01 +3.6495e-01 -1.7016e+00 +1.7045e+00 -2.4740e-02 -3.5747e+00 +1.4877e+00 -4.5058e-01 -1.7502e+00 -4.2231e+00
60 0 +6.011772358e+00 +1.214017724e+02 +1.214017724e+02 -6.7580e-01 +4.7372e-01 -1.7106e+00 +1.6045e+00 -2.8229e-02 -3.5900e+00 +1.4957e+00 -4.5834e-01 -1.7414e+00 -4.2841e+00
61 0 +5.705943154e+00 +1.210959432e+02 +1.210959432e+02 -6.5208e-01 +5.3491e-01 -1.5650e+00 +1.6556e+00 -4.1383e-02 -3.5136e+00 +1.4543e+00 -4.1797e-01 -1.6980e+00 -4.3096e+00
66 0 +5.581635990e+00 +1.209716360e+02 +1.209716360e+02 -6.8015e-01 +4.9314e-01 -1.5147e+00 +1.6269e+00 -9.0473e-02 -3.4610e+00 +1.4553e+00 -4.5131e-01 -1.6864e+00 -4.3514e+00
68 0 +5.475610461e+00 +1.208656105e+02 +1.208656105e+02 -6.4343e-01 +4.8181e-01 -1.4470e+00 +1.6029e+00 -9.8146e-02 -3.4647e+00 +1.4855e+00 -4.3971e-01 -1.6772e+00 -4.3476e+00
70 0 +5.356590505e+00 +1.207465905e+02 +1.207465905e+02 -6.3869e-01 +4.9790e-01 -1.4264e+00 +1.5849e+00 -1.1107e-01 -3.4209e+00 +1.4829e+00 -4.3770e-01 -1.7205e+00 -4.3133e+00
77 0 +5.241971780e+00 +1.206319718e+02 +1.206319718e+02 -6.3873e-01 +4.7469e-01 -1.3533e+00 +1.5329e+00 -1.3470e-01 -3.3725e+00 +1.4763e+00 -3.9512e-01 -1.7706e+00 -4.3033e+00
86 0 +5.119821637e+00 +1.205098216e+02 +1.205098216e+02 -5.7803e-01 +5.1222e-01 -1.3152e+00 +1.5304e+00 -1.1720e-01 -3.3523e+00 +1.4215e+00 -3.2162e-01 -1.8285e+00 -4.2666e+00
