% f evaluations | g evaluations | best noise-free fitness - Fopt (1.238300000000e+02) + sum g_i+ | measured fitness | best measured fitness or single-digit g-values | x1 | x2...
1 0 +6.500000000e+00 +1.303300000e+02 +1.303300000e+02 +0.0000e+00 +0.0000e+00
4 0 +2.771143470e+00 +1.266011435e+02 +1.266011435e+02 +0.0000e+00 +5.0000e-01
7 0 +7.244890979e-01 +1.245544891e+02 +1.245544891e+02 -1.2482e-01 +5.0677e-01
9 0 +5.073447004e-01 +1.243373447e+02 +1.243373447e+02 -1.3022e-01 +4.5706e-01
11 0 +5.113282355e-02 +1.238811328e+02 +1.238811328e+02 -1.0570e-01 +4.5216e-01
13 0 +4.085699171e-02 +1.238708570e+02 +1.238708570e+02 -1.0167e-01 +4.6399e-01
15 0 +2.674998459e-02 +1.238567500e+02 +1.238567500e+02 -9.9240e-02 +4.6342e-01
16 0 +2.057492897e-02 +1.238505749e+02 +1.238505749e+02 -9.8082e-02 +4.6120e-01
17 0 +1.510234956e-02 +1.238451023e+02 +1.238451023e+02 -9.5585e-02 +4.6132e-01
18 0 +1.453191258e-02 +1.238445319e+02 +1.238445319e+02 -9.3543e-02 +4.5988e-01
21 0 +1.439070819e-02 +1.238443907e+02 +1.238443907e+02 -9.3779e-02 +4.5996e-01
43 0 +1.409212759e-02 +1.238440921e+02 +1.238440921e+02 -9.3822e-02 +4.6157e-01
56 0 +1.375734474e-02 +1.238437573e+02 +1.238437573e+02 -9.2365e-02 +4.6563e-01
69 0 +1.342573558e-02 +1.238434257e+02 +1.238434257e+02 -9.2957e-02 +4.6820e-01
70 0 +1.314620004e-02 +1.238431462e+02 +1.238431462e+02 -9.2211e-02 +4.6961e-01
95 0 +1.287495541e-02 +1.238428750e+02 +1.238428750e+02 -9.1578e-02 +4.7191e-01
96 0 +1.252115710e-02 +1.238425212e+02 +1.238425212e+02 -9.0824e-02 +4.7502e-01
97 0 +1.119285679e-02 +1.238411929e+02 +1.238411929e+02 -8.7606e-02 +4.8741e-01
% f evaluations | g evaluations | best noise-free fitness - Fopt (4.751000000000e+01) + sum g_i+ | measured fitness | best measured fitness or single-digit g-values | x1 | x2...
1 0 +6.500000000e+00 +5.401000000e+01 +5.401000000e+01 +0.0000e+00 +0.0000e+00
3 0 +1.628187026e-01 +4.767281870e+01 +4.767281870e+01 +5.0000e-01 +0.0000e+00
9 0 +2.168553350e-02 +4.753168553e+01 +4.753168553e+01 +5.0303e-01 +2.4816e-02
13 0 +1.342444125e-02 +4.752342444e+01 +4.752342444e+01 +5.0210e-01 +2.2494e-02
14 0 +1.260228587e-02 +4.752260229e+01 +4.752260229e+01 +4.9963e-01 +2.2882e-02
15 0 +1.102251388e-02 +4.752102251e+01 +4.752102251e+01 +4.9932e-01 +2.1673e-02
16 0 +1.077049044e-02 +4.752077049e+01 +4.752077049e+01 +4.9881e-01 +2.0529e-02
17 0 +1.068052060e-02 +4.752068052e+01 +4.752068052e+01 +4.9994e-01 +1.9990e-02
44 0 +1.032258287e-02 +4.752032258e+01 +4.752032258e+01 +5.0267e-01 +1.9574e-02
45 0 +9.710834005e-03 +4.751971083e+01 +4.751971083e+01 +5.0866e-01 +1.7327e-02
46 0 +7.573050052e-03 +4.751757305e+01 +4.751757305e+01 +5.3264e-01 +8.3683e-03
51 0 +7.336948743e-03 +4.751733695e+01 +4.751733695e+01 +5.3584e-01 +7.1847e-03
58 0 +7.110654464e-03 +4.751711065e+01 +4.751711065e+01 +5.3596e-01 +6.2822e-03
68 0 +7.069223996e-03 +4.751706922e+01 +4.751706922e+01 +5.3640e-01 +6.1589e-03
94 0 +6.903811394e-03 +4.751690381e+01 +4.751690381e+01 +5.3835e-01 +5.5132e-03
96 0 +6.288567334e-03 +4.751628857e+01 +4.751628857e+01 +5.4578e-01 +2.6150e-03
% f evaluations | g evaluations | best noise-free fitness - Fopt (5.534000000000e+01) + sum g_i+ | measured fitness | best measured fitness or single-digit g-values | x1 | x2...
1 0 +6.500000000e+00 +6.184000000e+01 +6.184000000e+01 +0.0000e+00 +0.0000e+00
3 0 +5.514378493e-01 +5.589143785e+01 +5.589143785e+01 +5.0000e-01 +0.0000e+00
8 0 +5.156545166e-01 +5.585565452e+01 +5.585565452e+01 +4.5113e-01 -1.0574e-02
10 0 +4.918509604e-01 +5.583185096e+01 +5.583185096e+01 +4.5461e-01 -3.5330e-02
11 0 +4.807278574e-01 +5.582072786e+01 +5.582072786e+01 +4.4892e-01 -3.6131e-02
12 0 +4.693319604e-01 +5.580933196e+01 +5.580933196e+01 +4.3858e-01 -4.3161e-02
13 0 +4.537598756e-01 +5.579375988e+01 +5.579375988e+01 +4.2846e-01 -3.5824e-02
18 0 +4.460785063e-01 +5.578607851e+01 +5.578607851e+01 +4.2456e-01 -4.1164e-02
22 0 +4.340198465e-01 +5.577401985e+01 +5.577401985e+01 +4.1388e-01 -4.4923e-02
24 0 +4.245412453e-01 +5.576454125e+01 +5.576454125e+01 +4.0441e-01 -4.7854e-02
27 0 +4.108249917e-01 +5.575082499e+01 +5.575082499e+01 +3.8333e-01 -5.2518e-02
28 0 +4.025172200e-01 +5.574251722e+01 +5.574251722e+01 +3.8817e-01 -6.1269e-02
29 0 +3.977422014e-01 +5.573774220e+01 +5.573774220e+01 +3.8129e-01 -6.8534e-02
33 0 +3.872212257e-01 +5.572722123e+01 +5.572722123e+01 +3.7164e-01 -6.3368e-02
37 0 +3.737412553e-01 +5.571374126e+01 +5.571374126e+01 +3.6131e-01 -7.4215e-02
38 0 +3.684377281e-01 +5.570843773e+01 +5.570843773e+01 +3.5352e-01 -8.0488e-02
41 0 +3.605818097e-01 +5.570058181e+01 +5.570058181e+01 +3.4882e-01 -7.6816e-02
45 0 +3.537482794e-01 +5.569374828e+01 +5.569374828e+01 +3.4148e-01 -7.8547e-02
48 0 +3.463416504e-01 +5.568634165e+01 +5.568634165e+01 +3.3413e-01 -8.5269e-02
56 0 +3.386787300e-01 +5.567867873e+01 +5.567867873e+01 +3.2140e-01 -9.4153e-02
57 0 +3.306971365e-01 +5.567069714e+01 +5.567069714e+01 +3.1811e-01 -9.0381e-02
61 0 +3.175654639e-01 +5.565756546e+01 +5.565756546e+01 +3.0388e-01 -9.5115e-02
62 0 +3.146076720e-01 +5.565460767e+01 +5.565460767e+01 +2.7127e-01 -1.1828e-01
63 0 +2.943614901e-01 +5.563436149e+01 +5.563436149e+01 +2.6807e-01 -1.1386e-01
68 0 +2.841542164e-01 +5.562415422e+01 +5.562415422e+01 +2.6490e-01 -1.0878e-01
74 0 +2.814173001e-01 +5.562141730e+01 +5.562141730e+01 +2.6161e-01 -1.0903e-01
80 0 +2.753906122e-01 +5.561539061e+01 +5.561539061e+01 +2.5400e-01 -1.1092e-01
91 0 +2.675747002e-01 +5.560757470e+01 +5.560757470e+01 +2.4414e-01 -1.1517e-01
92 0 +2.563469838e-01 +5.559634698e+01 +5.559634698e+01 +2.2907e-01 -1.2054e-01
93 0 +2.433655873e-01 +5.558336559e+01 +5.558336559e+01 +1.7071e-01 -1.4681e-01
95 0 +2.328934396e-01 +5.557289344e+01 +5.557289344e+01 +1.6275e-01 -1.4756e-01
98 0 +2.097653723e-01 +5.554976537e+01 +5.554976537e+01 +1.6060e-01 -1.3985e-01
% f evaluations | g evaluations | best noise-free fitness - Fopt (-9.033000000000e+01) + sum g_i+ | measured fitness | best measured fitness or single-digit g-values | x1 | x2...
1 0 +6.500000000e+00 -8.383000000e+01 -8.383000000e+01 +0.0000e+00 +0.0000e+00
18 0 +3.303963579e+00 -8.702603642e+01 -8.702603642e+01 -3.5344e-03 -1.0416e+00
% f evaluations | g evaluations | best noise-free fitness - Fopt (6.561000000000e+01) + sum g_i+ | measured fitness | best measured fitness or single-digit g-values | x1 | x2...
1 0 +6.500000000e+00 +7.211000000e+01 +7.211000000e+01 +0.0000e+00 +0.0000e+00
4 0 +2.877379738e+00 +6.848737974e+01 +6.848737974e+01 +0.0000e+00 +5.0000e-01
6 0 +7.322909074e-01 +6.634229091e+01 +6.634229091e+01 +2.4977e-01 +5.1076e-01
9 0 +6.237321910e-01 +6.623373219e+01 +6.623373219e+01 +2.0187e-01 +4.9642e-01
10 0 +6.095605602e-01 +6.621956056e+01 +6.621956056e+01 +1.7190e-01 +4.5640e-01
14 0 +5.853247014e-01 +6.619532470e+01 +6.619532470e+01 +1.7472e-01 +4.6975e-01
15 0 +5.715429798e-01 +6.618154298e+01 +6.618154298e+01 +1.7083e-01 +4.7289e-01
19 0 +5.570024276e-01 +6.616700243e+01 +6.616700243e+01 +1.6153e-01 +4.7616e-01
24 0 +5.466755368e-01 +6.615667554e+01 +6.615667554e+01 +1.5619e-01 +4.6221e-01
26 0 +5.316370622e-01 +6.614163706e+01 +6.614163706e+01 +1.3130e-01 +4.6457e-01
28 0 +5.239423873e-01 +6.613394239e+01 +6.613394239e+01 +1.3133e-01 +4.6169e-01
30 0 +5.046960968e-01 +6.611469610e+01 +6.611469610e+01 +1.3137e-01 +4.4582e-01
33 0 +4.992063025e-01 +6.610920630e+01 +6.610920630e+01 +1.2577e-01 +4.4787e-01
39 0 +4.887775950e-01 +6.609877760e+01 +6.609877760e+01 +1.2052e-01 +4.4094e-01
41 0 +4.722675181e-01 +6.608226752e+01 +6.608226752e+01 +7.4903e-02 +4.2049e-01
42 0 +4.071581679e-01 +6.601715817e+01 +6.601715817e+01 +5.2475e-02 +3.8737e-01
50 0 +3.876146843e-01 +6.599761468e+01 +6.599761468e+01 +5.3812e-02 +3.6431e-01
51 0 +3.444171907e-01 +6.595441719e+01 +6.595441719e+01 +2.0435e-02 +3.4226e-01
55 0 +3.324400879e-01 +6.594244009e+01 +6.594244009e+01 +1.5363e-02 +3.3170e-01
56 0 +3.242159705e-01 +6.593421597e+01 +6.593421597e+01 +1.0799e-02 +3.2280e-01
57 0 +3.137362458e-01 +6.592373625e+01 +6.592373625e+01 -5.3728e-03 +2.8622e-01
59 0 +2.965390496e-01 +6.590653905e+01 +6.590653905e+01 -1.1236e-02 +2.8564e-01
61 0 +2.877233891e-01 +6.589772339e+01 +6.589772339e+01 -1.7529e-02 +2.7787e-01
62 0 +2.815024106e-01 +6.589150241e+01 +6.589150241e+01 -2.6684e-02 +2.8190e-01
69 0 +2.736503993e-01 +6.588365040e+01 +6.588365040e+01 -2.8263e-02 +2.7431e-01
75 0 +2.688650505e-01 +6.587886505e+01 +6.587886505e+01 -3.4054e-02 +2.6914e-01
79 0 +2.625506130e-01 +6.587255061e+01 +6.587255061e+01 -3.6200e-02 +2.6167e-01
81 0 +2.497053096e-01 +6.585970531e+01 +6.585970531e+01 -4.7464e-02 +2.4752e-01
88 0 +2.454471546e-01 +6.585544715e+01 +6.585544715e+01 -4.9472e-02 +2.4151e-01
89 0 +2.396793567e-01 +6.584967936e+01 +6.584967936e+01 -5.7299e-02 +2.3529e-01
90 0 +2.193573220e-01 +6.582935732e+01 +6.582935732e+01 -8.1797e-02 +2.0367e-01
91 0 +1.469420682e-01 +6.575694207e+01 +6.575694207e+01 -1.4855e-01 +5.8259e-02
97 0 +1.392964676e-01 +6.574929647e+01 +6.574929647e+01 -1.5794e-01 +3.9400e-02
101 0 +1.379577573e-01 +6.574795776e+01 +6.574795776e+01 -1.5898e-01 +3.7571e-02
% f evaluations | g evaluations | best noise-free fitness - Fopt (-1.304400000000e+02) + sum g_i+ | measured fitness | best measured fitness or single-digit g-values | x1 | x2...
1 0 +6.500000000e+00 -1.239400000e+02 -1.239400000e+02 +0.0000e+00 +0.0000e+00
4 0 +5.486005128e+00 -1.249539949e+02 -1.249539949e+02 +0.0000e+00 +5.0000e-01
50 0 +5.349829038e+00 -1.250901710e+02 -1.250901710e+02 -9.3951e-01 +9.2317e-01
% f evaluations | g evaluations | best noise-free fitness - Fopt (4.949800000000e+02) + sum g_i+ | measured fitness | best measured fitness or single-digit g-values | x1 | x2...
1 0 +6.500000000e+00 +5.014800000e+02 +5.014800000e+02 +0.0000e+00 +0.0000e+00
7 0 +8.143620494e-01 +4.957943620e+02 +4.957943620e+02 -1.2430e-01 -1.3174e-02
8 0 +6.432475510e-01 +4.956232476e+02 +4.956232476e+02 -1.8801e-01 +9.4372e-02
9 0 +2.414328967e-01 +4.952214329e+02 +4.952214329e+02 -2.3172e-01 +7.0090e-02
11 0 +2.247269641e-01 +4.952047270e+02 +4.952047270e+02 -2.2080e-01 +4.7603e-02
16 0 +2.238088595e-01 +4.952038089e+02 +4.952038089e+02 -2.2035e-01 +4.7837e-02
21 0 +2.183897045e-01 +4.951983897e+02 +4.951983897e+02 -2.1594e-01 +4.6601e-02
26 0 +2.131893087e-01 +4.951931893e+02 +4.951931893e+02 -2.1175e-01 +3.9662e-02
27 0 +2.011202821e-01 +4.951811203e+02 +4.951811203e+02 -2.0367e-01 +2.1367e-02
28 0 +1.577115118e-01 +4.951377115e+02 +4.951377115e+02 -1.6657e-01 -4.9510e-02
32 0 +1.528853902e-01 +4.951328854e+02 +4.951328854e+02 -1.6168e-01 -5.8935e-02
38 0 +1.507397120e-01 +4.951307397e+02 +4.951307397e+02 -1.5885e-01 -5.9245e-02
45 0 +1.460428074e-01 +4.951260428e+02 +4.951260428e+02 -1.5187e-01 -6.8038e-02
46 0 +1.348088124e-01 +4.951148088e+02 +4.951148088e+02 -1.3357e-01 -9.4295e-02
52 0 +1.290562967e-01 +4.951090563e+02 +4.951090563e+02 -1.3454e-01 -9.9226e-02
54 0 +1.285451309e-01 +4.951085451e+02 +4.951085451e+02 -1.3496e-01 -1.0077e-01
57 0 +1.253620424e-01 +4.951053620e+02 +4.951053620e+02 -1.2883e-01 -1.0696e-01
64 0 +1.209367520e-01 +4.951009368e+02 +4.951009368e+02 -1.2476e-01 -1.1527e-01
69 0 +1.199153193e-01 +4.950999153e+02 +4.950999153e+02 -1.2403e-01 -1.1741e-01
74 0 +1.170906219e-01 +4.950970906e+02 +4.950970906e+02 -1.2027e-01 -1.2311e-01
78 0 +1.144064827e-01 +4.950944065e+02 +4.950944065e+02 -1.1744e-01 -1.2926e-01
79 0 +1.092025842e-01 +4.950892026e+02 +4.950892026e+02 -1.1023e-01 -1.4354e-01
86 0 +1.069826074e-01 +4.950869826e+02 +4.950869826e+02 -1.0733e-01 -1.4473e-01
97 0 +1.046626234e-01 +4.950846626e+02 +4.950846626e+02 -1.0409e-01 -1.4978e-01
100 0 +1.020350844e-01 +4.950820351e+02 +4.950820351e+02 -9.6544e-02 -1.5707e-01
101 0 +9.864366307e-02 +4.950786437e+02 +4.950786437e+02 -9.2523e-02 -1.6399e-01
% f evaluations | g evaluations | best noise-free fitness - Fopt (4.685000000000e+01) + sum g_i+ | measured fitness | best measured fitness or single-digit g-values | x1 | x2...
1 0 +6.500000000e+00 +5.335000000e+01 +5.335000000e+01 +0.0000e+00 +0.0000e+00
6 0 +5.591017344e+00 +5.244101734e+01 +5.244101734e+01 -2.1890e-01 +1.2077e-01
8 0 +8.402058874e-02 +4.693402059e+01 +4.693402059e+01 -2.8260e-01 +1.3217e-02
12 0 +6.696408119e-02 +4.691696408e+01 +4.691696408e+01 -2.8172e-01 +8.2943e-03
13 0 +6.074433249e-02 +4.691074433e+01 +4.691074433e+01 -2.9258e-01 +2.1037e-03
15 0 +5.870850548e-02 +4.690870851e+01 +4.690870851e+01 -2.9423e-01 +3.9866e-03
16 0 +5.276687020e-02 +4.690276687e+01 +4.690276687e+01 -2.9265e-01 +5.9265e-03
17 0 +5.099245328e-02 +4.690099245e+01 +4.690099245e+01 -2.9143e-01 +8.1100e-03
30 0 +4.991377567e-02 +4.689991378e+01 +4.689991378e+01 -2.9490e-01 +1.0793e-02
32 0 +4.641100241e-02 +4.689641100e+01 +4.689641100e+01 -3.0925e-01 +2.4718e-02
38 0 +4.486680669e-02 +4.689486681e+01 +4.689486681e+01 -3.1157e-01 +2.4609e-02
42 0 +4.429813714e-02 +4.689429814e+01 +4.689429814e+01 -3.1441e-01 +2.8048e-02
45 0 +4.363225870e-02 +4.689363226e+01 +4.689363226e+01 -3.1643e-01 +2.7670e-02
60 0 +4.262865174e-02 +4.689262865e+01 +4.689262865e+01 -3.1931e-01 +3.0895e-02
75 0 +4.164107361e-02 +4.689164107e+01 +4.689164107e+01 -3.2295e-01 +3.3520e-02
77 0 +3.786040889e-02 +4.688786041e+01 +4.688786041e+01 -3.3890e-01 +4.5582e-02
85 0 +3.713731134e-02 +4.688713731e+01 +4.688713731e+01 -3.4019e-01 +4.7311e-02
99 0 +3.628068809e-02 +4.688628069e+01 +4.688628069e+01 -3.4282e-01 +4.9992e-02
% f evaluations | g evaluations | best noise-free fitness - Fopt (1.046400000000e+02) + sum g_i+ | measured fitness | best measured fitness or single-digit g-values | x1 | x2...
1 0 +6.500000000e+00 +1.111400000e+02 +1.111400000e+02 +0.0000e+00 +0.0000e+00
3 0 +4.589380612e+00 +1.092293806e+02 +1.092293806e+02 +5.0000e-01 +0.0000e+00
6 0 +9.668336180e-01 +1.056068336e+02 +1.056068336e+02 +5.1918e-01 +2.4926e-01
8 0 +8.176778749e-01 +1.054576779e+02 +1.054576779e+02 +3.9510e-01 +2.6443e-01
10 0 +5.539521351e-01 +1.051939521e+02 +1.051939521e+02 +3.9073e-01 +2.3981e-01
11 0 +5.478979319e-01 +1.051878979e+02 +1.051878979e+02 +4.1460e-01 +2.3240e-01
12 0 +5.024955521e-01 +1.051424956e+02 +1.051424956e+02 +4.1117e-01 +2.2038e-01
13 0 +4.990376065e-01 +1.051390376e+02 +1.051390376e+02 +4.0826e-01 +2.0822e-01
17 0 +4.826176121e-01 +1.051226176e+02 +1.051226176e+02 +3.9800e-01 +2.1815e-01
18 0 +4.714395597e-01 +1.051114396e+02 +1.051114396e+02 +3.8808e-01 +2.1937e-01
21 0 +4.564183447e-01 +1.050964183e+02 +1.050964183e+02 +3.6855e-01 +2.0927e-01
22 0 +4.284104518e-01 +1.050684105e+02 +1.050684105e+02 +3.5086e-01 +2.1859e-01
26 0 +4.263187508e-01 +1.050663188e+02 +1.050663188e+02 +3.4792e-01 +2.1490e-01
28 0 +4.167351032e-01 +1.050567351e+02 +1.050567351e+02 +3.3932e-01 +2.2002e-01
30 0 +3.889975833e-01 +1.050289976e+02 +1.050289976e+02 +2.9011e-01 +2.2877e-01
31 0 +3.521617670e-01 +1.049921618e+02 +1.049921618e+02 +2.5020e-01 +2.2605e-01
37 0 +3.390731402e-01 +1.049790731e+02 +1.049790731e+02 +2.4674e-01 +2.0636e-01
39 0 +3.351365565e-01 +1.049751366e+02 +1.049751366e+02 +2.3699e-01 +2.0416e-01
42 0 +3.199079456e-01 +1.049599079e+02 +1.049599079e+02 +2.3539e-01 +2.1004e-01
44 0 +3.145750142e-01 +1.049545750e+02 +1.049545750e+02 +2.3066e-01 +2.1553e-01
54 0 +3.076473527e-01 +1.049476474e+02 +1.049476474e+02 +2.2335e-01 +2.1339e-01
61 0 +2.984571943e-01 +1.049384572e+02 +1.049384572e+02 +2.1227e-01 +2.1090e-01
62 0 +2.848843651e-01 +1.049248844e+02 +1.049248844e+02 +1.9290e-01 +2.0595e-01
63 0 +2.308451656e-01 +1.048708452e+02 +1.048708452e+02 +1.1407e-01 +1.9232e-01
68 0 +2.247985396e-01 +1.048647985e+02 +1.048647985e+02 +1.0358e-01 +1.9001e-01
70 0 +2.188844319e-01 +1.048588844e+02 +1.048588844e+02 +1.0272e-01 +1.9392e-01
73 0 +2.179738175e-01 +1.048579738e+02 +1.048579738e+02 +1.0165e-01 +1.9431e-01
82 0 +2.135125008e-01 +1.048535125e+02 +1.048535125e+02 +9.4812e-02 +1.9340e-01
84 0 +2.017639867e-01 +1.048417640e+02 +1.048417640e+02 +6.9839e-02 +1.9276e-01
85 0 +1.625491588e-01 +1.048025492e+02 +1.048025492e+02 -5.4250e-03 +1.6564e-01
86 0 +1.176601433e-01 +1.047576601e+02 +1.047576601e+02 -3.1505e-01 +8.4829e-02
88 0 +8.245906814e-02 +1.047224591e+02 +1.047224591e+02 -3.5090e-01 +6.7133e-02
91 0 +3.936291343e-02 +1.046793629e+02 +1.046793629e+02 -3.4735e-01 +5.9960e-02
95 0 +3.588330979e-02 +1.046758833e+02 +1.046758833e+02 -3.4677e-01 +5.8047e-02
100 0 +3.519520741e-02 +1.046751952e+02 +1.046751952e+02 -3.4635e-01 +5.6870e-02
% f evaluations | g evaluations | best noise-free fitness - Fopt (1.965900000000e+02) + sum g_i+ | measured fitness | best measured fitness or single-digit g-values | x1 | x2...
1 0 +6.500000000e+00 +2.030900000e+02 +2.030900000e+02 +0.0000e+00 +0.0000e+00
5 0 +3.646212448e+00 +2.002362124e+02 +2.002362124e+02 -3.8834e-01 -3.1495e-01
8 0 +1.020404738e+00 +1.976104047e+02 +1.976104047e+02 -4.3797e-01 -2.0022e-01
9 0 +7.998148201e-01 +1.973898148e+02 +1.973898148e+02 -5.6055e-01 -2.2473e-01
11 0 +7.787348691e-01 +1.973687349e+02 +1.973687349e+02 -5.6162e-01 -2.4971e-01
12 0 +7.295811996e-01 +1.973195812e+02 +1.973195812e+02 -5.3672e-01 -2.5186e-01
14 0 +7.076964735e-01 +1.972976965e+02 +1.972976965e+02 -5.3407e-01 -2.3965e-01
16 0 +6.731218191e-01 +1.972631218e+02 +1.972631218e+02 -5.2370e-01 -2.2040e-01
23 0 +6.514928613e-01 +1.972414929e+02 +1.972414929e+02 -5.1742e-01 -2.0767e-01
24 0 +5.999997355e-01 +1.971899997e+02 +1.971899997e+02 -5.0052e-01 -1.7141e-01
25 0 +4.614801191e-01 +1.970514801e+02 +1.970514801e+02 -4.0257e-01 -4.4900e-02
27 0 +4.282184019e-01 +1.970182184e+02 +1.970182184e+02 -3.8864e-01 -3.7032e-02
30 0 +3.923982522e-01 +1.969823983e+02 +1.969823983e+02 -3.7560e-01 -5.2203e-02
35 0 +3.863287359e-01 +1.969763287e+02 +1.969763287e+02 -3.7641e-01 -4.6447e-02
39 0 +3.801210139e-01 +1.969701210e+02 +1.969701210e+02 -3.7196e-01 -4.1614e-02
41 0 +3.691521406e-01 +1.969591521e+02 +1.969591521e+02 -3.5310e-01 -3.5682e-02
43 0 +3.612192005e-01 +1.969512192e+02 +1.969512192e+02 -3.5473e-01 -3.0955e-02
47 0 +3.540299676e-01 +1.969440300e+02 +1.969440300e+02 -3.5089e-01 -2.3871e-02
48 0 +3.447881585e-01 +1.969347882e+02 +1.969347882e+02 -3.4219e-01 -1.8938e-02
49 0 +3.141795720e-01 +1.969041796e+02 +1.969041796e+02 -3.0811e-01 +1.9963e-03
50 0 +1.989104642e-01 +1.967889105e+02 +1.967889105e+02 -1.7876e-01 +9.6171e-02
55 0 +1.900025956e-01 +1.967800026e+02 +1.967800026e+02 -1.6120e-01 +1.0853e-01
62 0 +1.853168937e-01 +1.967753169e+02 +1.967753169e+02 -1.5104e-01 +1.1518e-01
63 0 +1.796244852e-01 +1.967696245e+02 +1.967696245e+02 -1.3435e-01 +1.2620e-01
64 0 +1.646323709e-01 +1.967546324e+02 +1.967546324e+02 -6.5491e-02 +1.6692e-01
65 0 +1.187736466e-01 +1.967087736e+02 +1.967087736e+02 +8.0136e-03 +1.9850e-01
73 0 +9.703919688e-02 +1.966870392e+02 +1.966870392e+02 +1.2950e-02 +1.8980e-01
86 0 +9.546856899e-02 +1.966854686e+02 +1.966854686e+02 +1.5068e-02 +1.9231e-01
96 0 +9.331829479e-02 +1.966833183e+02 +1.966833183e+02 +2.5346e-02 +1.9433e-01
% f evaluations | g evaluations | best noise-free fitness - Fopt (1.461600000000e+02) + sum g_i+ | measured fitness | best measured fitness or single-digit g-values | x1 | x2...
1 0 +6.500000000e+00 +1.526600000e+02 +1.526600000e+02 +0.0000e+00 +0.0000e+00
4 0 +1.495268474e+00 +1.476552685e+02 +1.476552685e+02 +0.0000e+00 +5.0000e-01
8 0 +6.549338924e-01 +1.468149339e+02 +1.468149339e+02 -7.6058e-02 +4.0080e-01
12 0 +5.414974706e-01 +1.467014975e+02 +1.467014975e+02 -6.5813e-02 +4.0796e-01
13 0 +4.766715000e-01 +1.466366715e+02 +1.466366715e+02 -5.3330e-02 +4.0733e-01
14 0 +4.437075225e-01 +1.466037075e+02 +1.466037075e+02 -4.6070e-02 +4.1750e-01
15 0 +4.344957512e-01 +1.465944958e+02 +1.465944958e+02 -3.3617e-02 +4.1642e-01
18 0 +4.217257665e-01 +1.465817258e+02 +1.465817258e+02 -3.0894e-02 +4.0692e-01
19 0 +4.017055085e-01 +1.465617055e+02 +1.465617055e+02 -2.1251e-02 +3.8940e-01
20 0 +3.257600715e-01 +1.464857601e+02 +1.464857601e+02 +2.5710e-02 +3.2463e-01
24 0 +3.164242350e-01 +1.464764242e+02 +1.464764242e+02 +3.1277e-02 +3.1523e-01
29 0 +3.154240035e-01 +1.464754240e+02 +1.464754240e+02 +3.0855e-02 +3.1276e-01
34 0 +3.054508342e-01 +1.464654508e+02 +1.464654508e+02 +5.2375e-02 +2.9580e-01
35 0 +2.807146843e-01 +1.464407147e+02 +1.464407147e+02 +5.8041e-02 +2.7662e-01
42 0 +2.737270480e-01 +1.464337270e+02 +1.464337270e+02 +5.7343e-02 +2.6783e-01
46 0 +2.678402863e-01 +1.464278403e+02 +1.464278403e+02 +6.2480e-02 +2.6252e-01
50 0 +2.628953838e-01 +1.464228954e+02 +1.464228954e+02 +6.4369e-02 +2.5503e-01
55 0 +2.552266805e-01 +1.464152267e+02 +1.464152267e+02 +7.1501e-02 +2.4748e-01
56 0 +2.480366143e-01 +1.464080366e+02 +1.464080366e+02 +7.5014e-02 +2.3812e-01
57 0 +2.285583958e-01 +1.463885584e+02 +1.463885584e+02 +9.8387e-02 +2.0565e-01
61 0 +2.215978450e-01 +1.463815978e+02 +1.463815978e+02 +9.1887e-02 +1.9671e-01
64 0 +2.174694934e-01 +1.463774695e+02 +1.463774695e+02 +9.4952e-02 +1.9620e-01
69 0 +2.135122199e-01 +1.463735122e+02 +1.463735122e+02 +9.7408e-02 +1.8913e-01
77 0 +2.088385688e-01 +1.463688386e+02 +1.463688386e+02 +1.0152e-01 +1.8482e-01
80 0 +2.005622406e-01 +1.463605622e+02 +1.463605622e+02 +1.1787e-01 +1.6429e-01
81 0 +1.977492115e-01 +1.463577492e+02 +1.463577492e+02 +1.2839e-01 +1.4728e-01
83 0 +1.819931741e-01 +1.463419932e+02 +1.463419932e+02 +1.1997e-01 +1.4188e-01
85 0 +1.804281793e-01 +1.463404282e+02 +1.463404282e+02 +1.2132e-01 +1.4008e-01
96 0 +1.777041273e-01 +1.463377041e+02 +1.463377041e+02 +1.2411e-01 +1.3661e-01
99 0 +1.729803424e-01 +1.463329803e+02 +1.463329803e+02 +1.2695e-01 +1.2800e-01
% f evaluations | g evaluations | best noise-free fitness - Fopt (-7.469000000000e+01) + sum g_i+ | measured fitness | best measured fitness or single-digit g-values | x1 | x2...
1 0 +6.500000000e+00 -6.819000000e+01 -6.819000000e+01 +0.0000e+00 +0.0000e+00
% f evaluations | g evaluations | best noise-free fitness - Fopt (1.853000000000e+01) + sum g_i+ | measured fitness | best measured fitness or single-digit g-values | x1 | x2...
1 0 +6.500000000e+00 +2.503000000e+01 +2.503000000e+01 +0.0000e+00 +0.0000e+00
6 0 +6.550369031e-02 +1.859550369e+01 +1.859550369e+01 +2.4852e-01 -2.7184e-02
14 0 +6.430095294e-02 +1.859430095e+01 +1.859430095e+01 +2.5128e-01 -2.9316e-02
27 0 +6.257226054e-02 +1.859257226e+01 +1.859257226e+01 +2.5745e-01 -3.4580e-02
28 0 +6.101985586e-02 +1.859101986e+01 +1.859101986e+01 +2.5909e-01 -3.8228e-02
46 0 +6.018233673e-02 +1.859018234e+01 +1.859018234e+01 +2.6106e-01 -4.0600e-02
49 0 +5.818406059e-02 +1.858818406e+01 +1.858818406e+01 +2.6698e-01 -5.0937e-02
51 0 +5.746415096e-02 +1.858746415e+01 +1.858746415e+01 +2.6977e-01 -4.9367e-02
59 0 +5.599738457e-02 +1.858599738e+01 +1.858599738e+01 +2.7085e-01 -5.3021e-02
62 0 +5.469661441e-02 +1.858469661e+01 +1.858469661e+01 +2.7404e-01 -5.7753e-02
75 0 +5.347320159e-02 +1.858347320e+01 +1.858347320e+01 +2.7717e-01 -6.0580e-02
91 0 +5.247756409e-02 +1.858247756e+01 +1.858247756e+01 +2.7964e-01 -6.3720e-02
% f evaluations | g evaluations | best noise-free fitness - Fopt (-3.444000000000e+01) + sum g_i+ | measured fitness | best measured fitness or single-digit g-values | x1 | x2...
1 0 +6.500000000e+00 -2.794000000e+01 -2.794000000e+01 +0.0000e+00 +0.0000e+00
% f evaluations | g evaluations | best noise-free fitness - Fopt (7.741000000000e+01) + sum g_i+ | measured fitness | best measured fitness or single-digit g-values | x1 | x2...
1 0 +6.500000000e+00 +8.391000000e+01 +8.391000000e+01 +0.0000e+00 +0.0000e+00
3 0 +8.066972476e-01 +7.821669725e+01 +7.821669725e+01 +5.0000e-01 +0.0000e+00
9 0 +6.234277901e-01 +7.803342779e+01 +7.803342779e+01 +5.0964e-01 +2.3067e-02
10 0 +5.994090002e-01 +7.800940900e+01 +7.800940900e+01 +5.2719e-01 +4.0866e-02
11 0 +5.881005174e-01 +7.799810052e+01 +7.799810052e+01 +5.1040e-01 +5.9385e-02
13 0 +5.715327156e-01 +7.798153272e+01 +7.798153272e+01 +5.0645e-01 +5.6322e-02
15 0 +5.584725418e-01 +7.796847254e+01 +7.796847254e+01 +5.0172e-01 +4.9814e-02
17 0 +5.493315781e-01 +7.795933158e+01 +7.795933158e+01 +4.9424e-01 +5.0211e-02
19 0 +5.178075659e-01 +7.792780757e+01 +7.792780757e+01 +4.7364e-01 +6.4365e-02
20 0 +4.647775527e-01 +7.787477755e+01 +7.787477755e+01 +4.0658e-01 +1.0799e-01
21 0 +4.358655578e-01 +7.784586556e+01 +7.784586556e+01 +3.3279e-01 +1.3889e-01
23 0 +3.929723352e-01 +7.780297234e+01 +7.780297234e+01 +3.1675e-01 +1.0225e-01
24 0 +3.782382784e-01 +7.778823828e+01 +7.778823828e+01 +3.0851e-01 +1.0585e-01
26 0 +3.409990380e-01 +7.775099904e+01 +7.775099904e+01 +3.1006e-01 +1.1573e-01
27 0 +3.351918881e-01 +7.774519189e+01 +7.774519189e+01 +3.0972e-01 +1.2573e-01
31 0 +3.304499099e-01 +7.774044991e+01 +7.774044991e+01 +3.0625e-01 +1.2271e-01
38 0 +3.218008772e-01 +7.773180088e+01 +7.773180088e+01 +2.9511e-01 +1.2905e-01
41 0 +3.138176478e-01 +7.772381765e+01 +7.772381765e+01 +2.8565e-01 +1.2541e-01
47 0 +3.081325884e-01 +7.771813259e+01 +7.771813259e+01 +2.8056e-01 +1.2845e-01
49 0 +2.941148740e-01 +7.770411487e+01 +7.770411487e+01 +2.6390e-01 +1.3260e-01
57 0 +2.865477464e-01 +7.769654775e+01 +7.769654775e+01 +2.5053e-01 +1.4054e-01
58 0 +2.765930775e-01 +7.768659308e+01 +7.768659308e+01 +2.4054e-01 +1.4084e-01
61 0 +2.748938504e-01 +7.768489385e+01 +7.768489385e+01 +2.3846e-01 +1.4114e-01
69 0 +2.660178475e-01 +7.767601785e+01 +7.767601785e+01 +2.2818e-01 +1.4123e-01
70 0 +2.541277547e-01 +7.766412775e+01 +7.766412775e+01 +2.0919e-01 +1.4750e-01
71 0 +2.046406892e-01 +7.761464069e+01 +7.761464069e+01 +1.3026e-01 +1.6058e-01
76 0 +2.012236996e-01 +7.761122370e+01 +7.761122370e+01 +1.1984e-01 +1.6300e-01
80 0 +1.954164478e-01 +7.760541645e+01 +7.760541645e+01 +1.1663e-01 +1.5353e-01
82 0 +1.944564912e-01 +7.760445649e+01 +7.760445649e+01 +1.1511e-01 +1.5375e-01
86 0 +1.905415650e-01 +7.760054157e+01 +7.760054157e+01 +1.1451e-01 +1.5761e-01
92 0 +1.851271046e-01 +7.759512710e+01 +7.759512710e+01 +1.0479e-01 +1.5981e-01
93 0 +1.747542289e-01 +7.758475423e+01 +7.758475423e+01 +8.4808e-02 +1.5894e-01
94 0 +1.724527686e-01 +7.758245277e+01 +7.758245277e+01 +7.3281e-03 +1.7887e-01
95 0 +1.352294045e-01 +7.754522940e+01 +7.754522940e+01 +4.8550e-03 +1.6925e-01
97 0 +1.343161534e-01 +7.754431615e+01 +7.754431615e+01 -2.9368e-03 +1.7132e-01
99 0 +1.311712906e-01 +7.754117129e+01 +7.754117129e+01 -3.4497e-03 +1.6938e-01
