% f evaluations | g evaluations | best noise-free fitness - Fopt (-2.098800000000e+02) + sum g_i+ | measured fitness | best measured fitness or single-digit g-values | x1 | x2...
1 0 +1.254483477e+07 +1.254462489e+07 +1.254462489e+07 +0.0000e+00 +0.0000e+00 +0.0000e+00
3 0 +1.254483443e+07 +1.254462455e+07 +1.254462455e+07 +1.0000e-01 +0.0000e+00 +0.0000e+00
5 0 +1.177569648e+07 +1.177548660e+07 +1.177548660e+07 +0.0000e+00 +0.0000e+00 +1.0000e-01
6 0 +1.102476968e+07 +1.102455980e+07 +1.102455980e+07 +4.4492e-08 +1.0321e-05 +2.0000e-01
7 0 +8.283413747e+06 +8.283203867e+06 +8.283203867e+06 +2.2459e-07 +5.2100e-05 +6.0000e-01
8 0 +3.498860886e+06 +3.498651006e+06 +3.498651006e+06 +7.8619e-07 +1.8245e-04 +1.7663e+00
9 0 +1.324310968e+06 +1.324101088e+06 +1.324101088e+06 +1.2426e-06 +2.8834e-04 +2.4494e+00
10 0 +5.756189198e+05 +5.754090398e+05 +5.754090398e+05 +1.4585e-06 +3.3842e-04 +2.7384e+00
11 0 +3.930424011e+05 +3.928325211e+05 +3.928325211e+05 +1.5616e-06 +3.6233e-04 +2.8701e+00
12 0 +3.097988611e+05 +3.095889811e+05 +3.095889811e+05 +1.6366e-06 +3.7973e-04 +2.9629e+00
13 0 +2.563811550e+05 +2.561712750e+05 +2.561712750e+05 +1.6987e-06 +3.9414e-04 +3.0378e+00
14 0 +2.117788851e+05 +2.115690051e+05 +2.115690051e+05 +1.7523e-06 +4.0657e-04 +3.1012e+00
15 0 +1.707752307e+05 +1.705653507e+05 +1.705653507e+05 +1.7981e-06 +4.1719e-04 +3.1544e+00
18 0 +6.237323835e+04 +6.216335835e+04 +6.216335835e+04 +2.4739e-06 +5.5459e-04 +3.3044e+00
19 0 +3.073660452e+04 +3.052672452e+04 +3.052672452e+04 -1.4434e-03 -8.1130e-04 +3.3889e+00
20 0 +1.455297737e+04 +1.434309737e+04 +1.434309737e+04 -5.2812e-03 -4.5977e-03 +3.4368e+00
21 0 +7.938301033e+03 +7.728421033e+03 +7.728421033e+03 -7.9608e-03 -7.2501e-03 +3.4607e+00
22 0 +5.556224319e+03 +5.346344319e+03 +5.346344319e+03 -9.6877e-03 -8.9614e-03 +3.4740e+00
23 0 +4.428192965e+03 +4.218312965e+03 +4.218312965e+03 -1.1026e-02 -1.0289e-02 +3.4833e+00
24 0 +4.255793790e+03 +4.045913790e+03 +4.045913790e+03 -1.3856e-02 +4.3466e-03 +3.4850e+00
25 0 +4.086761032e+03 +3.876881032e+03 +3.876881032e+03 -8.5279e-03 +5.2588e-03 +3.4868e+00
26 0 +3.347126583e+03 +3.137246583e+03 +3.137246583e+03 -9.3054e-03 +4.9587e-03 +3.4968e+00
27 0 +2.676111736e+03 +2.466231736e+03 +2.466231736e+03 -8.6614e-03 +5.5157e-03 +3.5068e+00
28 0 +3.812892581e+02 +1.714092581e+02 +1.714092581e+02 -5.6940e-03 +7.8880e-03 +3.5412e+00
29 0 +3.089074565e+02 +9.902745650e+01 +9.902745650e+01 -5.4305e-03 +8.0891e-03 +3.5437e+00
32 0 +2.726210219e+02 +6.274102187e+01 +6.274102187e+01 -7.4576e-03 +8.6638e-03 +3.5454e+00
33 0 +2.459811645e+02 +3.610116451e+01 +3.610116451e+01 -6.9746e-03 +9.0142e-03 +3.5474e+00
34 0 +2.317376445e+02 +2.185764446e+01 +2.185764446e+01 -7.8247e-03 +8.5770e-03 +3.5494e+00
35 0 +2.274067962e+02 +1.752679618e+01 +1.752679618e+01 -7.9755e-03 +9.4124e-03 +3.5498e+00
36 0 +2.189609012e+02 +9.080901154e+00 +9.080901154e+00 -7.4024e-03 +9.4915e-03 +3.5506e+00
37 0 +2.098661404e+02 -1.385960204e-02 -1.385960204e-02 -7.1425e-03 +9.6315e-03 +3.5516e+00
% f evaluations | g evaluations | best noise-free fitness - Fopt (-9.209000000000e+01) + sum g_i+ | measured fitness | best measured fitness or single-digit g-values | x1 | x2...
1 0 +1.346713392e+04 +1.337504392e+04 +1.337504392e+04 +0.0000e+00 +0.0000e+00 +0.0000e+00
3 0 +1.346703044e+04 +1.337494044e+04 +1.337494044e+04 +1.0000e-01 +0.0000e+00 +0.0000e+00
4 0 +1.299691601e+04 +1.290482601e+04 +1.290482601e+04 +0.0000e+00 +1.0000e-01 +0.0000e+00
5 0 +6.525254117e+03 +6.433164117e+03 +6.433164117e+03 +0.0000e+00 +0.0000e+00 +1.0000e-01
17 0 +6.405412600e+03 +6.313322600e+03 +6.313322600e+03 -1.3798e-02 +6.8126e-03 +8.7605e-02
18 0 +6.122965890e+03 +6.030875890e+03 +6.030875890e+03 -1.0561e-02 +7.0694e-02 +8.5433e-02
29 0 +5.984796828e+03 +5.892706828e+03 +5.892706828e+03 -2.5329e-03 +9.5335e-02 +9.2148e-02
31 0 +5.784279145e+03 +5.692189145e+03 +5.692189145e+03 +3.7931e-02 +1.6325e-01 +7.9911e-02
34 0 +5.604914648e+03 +5.512824648e+03 +5.512824648e+03 +1.3956e-02 +1.8214e-01 +8.9528e-02
42 0 +5.486681937e+03 +5.394591937e+03 +5.394591937e+03 -8.7318e-03 +2.1207e-01 +9.2610e-02
50 0 +5.179844747e+03 +5.087754747e+03 +5.087754747e+03 -2.0515e-02 +2.9884e-01 +8.4086e-02
51 0 +4.303778507e+03 +4.211688507e+03 +4.211688507e+03 -7.5316e-02 +5.4887e-01 +8.8641e-02
72 0 +4.235412959e+03 +4.143322959e+03 +4.143322959e+03 -7.7967e-02 +5.7285e-01 +9.2925e-02
94 0 +4.144354446e+03 +4.052264446e+03 +4.052264446e+03 -7.9604e-02 +6.0270e-01 +8.8495e-02
107 0 +4.067211935e+03 +3.975121935e+03 +3.975121935e+03 -7.8978e-02 +6.3041e-01 +9.2792e-02
128 0 +3.956279037e+03 +3.864189037e+03 +3.864189037e+03 -8.2203e-02 +6.7625e-01 +8.5774e-02
152 0 +3.887839209e+03 +3.795749209e+03 +3.795749209e+03 -9.2344e-02 +6.9174e-01 +9.0948e-02
155 0 +3.800009593e+03 +3.707919593e+03 +3.707919593e+03 -9.3141e-02 +7.3329e-01 +8.5554e-02
156 0 +3.450758111e+03 +3.358668111e+03 +3.358668111e+03 -9.6781e-02 +8.6086e-01 +9.5447e-02
173 0 +3.385686857e+03 +3.293596857e+03 +3.293596857e+03 -9.5296e-02 +8.7638e-01 +9.2269e-02
196 0 +3.309826397e+03 +3.217736397e+03 +3.217736397e+03 -1.0310e-01 +9.0260e-01 +9.0377e-02
209 0 +3.220476511e+03 +3.128386511e+03 +3.128386511e+03 -9.3245e-02 +9.5759e-01 +8.1708e-02
216 0 +3.151375957e+03 +3.059285957e+03 +3.059285957e+03 -1.0253e-01 +9.6007e-01 +8.8965e-02
235 0 +3.089652642e+03 +2.997562642e+03 +2.997562642e+03 -1.0310e-01 +9.8127e-01 +8.9570e-02
241 0 +2.998161925e+03 +2.906071925e+03 +2.906071925e+03 -1.1603e-01 +1.0283e+00 +9.7314e-02
251 0 +2.946087016e+03 +2.853997016e+03 +2.853997016e+03 -1.1391e-01 +1.0309e+00 +9.1399e-02
262 0 +2.872735046e+03 +2.780645046e+03 +2.780645046e+03 -1.0283e-01 +1.0554e+00 +9.1032e-02
281 0 +2.808054834e+03 +2.715964834e+03 +2.715964834e+03 -1.0107e-01 +1.0792e+00 +9.3429e-02
294 0 +2.752349311e+03 +2.660259311e+03 +2.660259311e+03 -9.5519e-02 +1.0953e+00 +9.1471e-02
300 0 +2.636774132e+03 +2.544684132e+03 +2.544684132e+03 -9.7460e-02 +1.1442e+00 +8.4010e-02
301 0 +2.575689720e+03 +2.483599720e+03 +2.483599720e+03 -6.5463e-02 +1.1531e+00 +9.2751e-02
% f evaluations | g evaluations | best noise-free fitness - Fopt (-8.789000000000e+01) + sum g_i+ | measured fitness | best measured fitness or single-digit g-values | x1 | x2...
1 0 +1.835926024e+06 +1.835838134e+06 +1.835838134e+06 +0.0000e+00 +0.0000e+00 +0.0000e+00
3 0 +1.835925989e+06 +1.835838099e+06 +1.835838099e+06 +1.0000e-01 +0.0000e+00 +0.0000e+00
5 0 +1.487096775e+06 +1.487008885e+06 +1.487008885e+06 +0.0000e+00 +0.0000e+00 +1.0000e-01
6 0 +1.160378394e+06 +1.160290504e+06 +1.160290504e+06 +1.0118e-08 +2.2423e-04 +2.0000e-01
7 0 +4.302441663e+05 +4.301562763e+05 +4.301562763e+05 +4.6014e-08 +1.0197e-03 +5.4351e-01
8 0 +2.854062968e+05 +2.853184068e+05 +2.853184068e+05 +6.8713e-08 +1.5227e-03 +7.0983e-01
9 0 +1.910786201e+05 +1.909907301e+05 +1.909907301e+05 +8.9819e-08 +1.9904e-03 +8.4045e-01
12 0 +1.826136948e+05 +1.825258048e+05 +1.825258048e+05 -9.3111e-03 -7.2079e-03 +8.5113e-01
13 0 +1.500824985e+05 +1.499946085e+05 +1.499946085e+05 -9.3014e-03 -6.8025e-03 +8.9113e-01
14 0 +5.446417002e+04 +5.437628002e+04 +5.437628002e+04 -9.1863e-03 -5.1181e-03 +1.0511e+00
15 0 +2.667690631e+04 +2.658901631e+04 +2.658901631e+04 -9.8486e-03 -4.8267e-03 +1.1350e+00
16 0 +1.712759898e+04 +1.703970898e+04 +1.703970898e+04 -1.0558e-02 -4.9335e-03 +1.1826e+00
17 0 +1.453817837e+04 +1.445028837e+04 +1.445028837e+04 -1.1221e-02 -5.1436e-03 +1.2162e+00
18 0 +1.330833420e+04 +1.322044420e+04 +1.322044420e+04 -1.1969e-02 -5.4499e-03 +1.2469e+00
20 0 +1.313459400e+04 +1.304670400e+04 +1.304670400e+04 -1.0503e-02 +1.6431e-02 +1.2472e+00
30 0 +1.261458059e+04 +1.252669059e+04 +1.252669059e+04 -2.9226e-02 +8.6055e-02 +1.2554e+00
34 0 +1.255994778e+04 +1.247205778e+04 +1.247205778e+04 -3.0153e-02 +9.3030e-02 +1.2553e+00
44 0 +1.223102364e+04 +1.214313364e+04 +1.214313364e+04 -2.4658e-02 +1.3509e-01 +1.2546e+00
45 0 +1.192408347e+04 +1.183619347e+04 +1.183619347e+04 -1.8832e-02 +1.7466e-01 +1.2540e+00
46 0 +1.073533385e+04 +1.064744385e+04 +1.064744385e+04 +1.3255e-02 +3.3140e-01 +1.2521e+00
47 0 +6.775583873e+03 +6.687693873e+03 +6.687693873e+03 +1.1800e-01 +9.6271e-01 +1.2435e+00
54 0 +6.736629428e+03 +6.648739428e+03 +6.648739428e+03 +1.2304e-01 +9.6396e-01 +1.2474e+00
71 0 +6.458223926e+03 +6.370333926e+03 +6.370333926e+03 +1.2599e-01 +1.0185e+00 +1.2488e+00
72 0 +5.861705006e+03 +5.773815006e+03 +5.773815006e+03 +1.1754e-01 +1.1462e+00 +1.2502e+00
73 0 +4.333880336e+03 +4.245990336e+03 +4.245990336e+03 +2.8384e-02 +1.6501e+00 +1.2663e+00
81 0 +4.098956789e+03 +4.011066789e+03 +4.011066789e+03 +2.2144e-02 +1.6498e+00 +1.2544e+00
86 0 +4.071416746e+03 +3.983526746e+03 +3.983526746e+03 +2.1488e-02 +1.6528e+00 +1.2520e+00
102 0 +3.979520515e+03 +3.891630515e+03 +3.891630515e+03 +2.4125e-02 +1.6848e+00 +1.2471e+00
109 0 +3.888144333e+03 +3.800254333e+03 +3.800254333e+03 +5.1967e-02 +1.7162e+00 +1.2480e+00
113 0 +3.785537059e+03 +3.697647059e+03 +3.697647059e+03 +4.8090e-02 +1.7530e+00 +1.2510e+00
114 0 +3.706889856e+03 +3.618999856e+03 +3.618999856e+03 +3.5976e-02 +1.8437e+00 +1.2366e+00
121 0 +3.607530343e+03 +3.519640343e+03 +3.519640343e+03 +2.3596e-02 +1.8427e+00 +1.2406e+00
123 0 +3.540902865e+03 +3.453012865e+03 +3.453012865e+03 +2.6255e-02 +1.8440e+00 +1.2517e+00
141 0 +3.467149306e+03 +3.379259306e+03 +3.379259306e+03 +2.9076e-02 +1.8691e+00 +1.2498e+00
161 0 +3.387399281e+03 +3.299509281e+03 +3.299509281e+03 +2.7560e-02 +1.8982e+00 +1.2496e+00
164 0 +3.220354406e+03 +3.132464406e+03 +3.132464406e+03 +2.8689e-02 +1.9590e+00 +1.2506e+00
165 0 +2.703826915e+03 +2.615936915e+03 +2.615936915e+03 +3.0749e-02 +2.1442e+00 +1.2554e+00
167 0 +2.673148391e+03 +2.585258391e+03 +2.585258391e+03 +3.1119e-02 +2.1443e+00 +1.2501e+00
176 0 +2.590242140e+03 +2.502352140e+03 +2.502352140e+03 +2.4610e-02 +2.1731e+00 +1.2528e+00
187 0 +2.546134236e+03 +2.458244236e+03 +2.458244236e+03 +2.5624e-02 +2.1864e+00 +1.2526e+00
188 0 +2.401229585e+03 +2.313339585e+03 +2.313339585e+03 +2.9556e-02 +2.2286e+00 +1.2489e+00
194 0 +2.383628892e+03 +2.295738892e+03 +2.295738892e+03 +3.0048e-02 +2.2340e+00 +1.2485e+00
209 0 +2.340350203e+03 +2.252460203e+03 +2.252460203e+03 +3.5755e-02 +2.2488e+00 +1.2525e+00
220 0 +2.273343237e+03 +2.185453237e+03 +2.185453237e+03 +3.7917e-02 +2.2672e+00 +1.2512e+00
234 0 +2.234895838e+03 +2.147005838e+03 +2.147005838e+03 +3.8382e-02 +2.2800e+00 +1.2526e+00
237 0 +2.171503623e+03 +2.083613623e+03 +2.083613623e+03 +5.3440e-02 +2.2964e+00 +1.2489e+00
238 0 +2.072800804e+03 +1.984910804e+03 +1.984910804e+03 +6.9465e-02 +2.3270e+00 +1.2468e+00
239 0 +1.846431038e+03 +1.758541038e+03 +1.758541038e+03 +1.2866e-01 +2.4515e+00 +1.2351e+00
241 0 +1.642848824e+03 +1.554958824e+03 +1.554958824e+03 +1.2886e-01 +2.4531e+00 +1.2538e+00
243 0 +1.607934676e+03 +1.520044676e+03 +1.520044676e+03 +1.1633e-01 +2.4591e+00 +1.2523e+00
256 0 +1.575461901e+03 +1.487571901e+03 +1.487571901e+03 +1.1438e-01 +2.4666e+00 +1.2502e+00
260 0 +1.525576452e+03 +1.437686452e+03 +1.437686452e+03 +1.2570e-01 +2.4973e+00 +1.2571e+00
261 0 +1.471388031e+03 +1.383498031e+03 +1.383498031e+03 +1.2755e-01 +2.4970e+00 +1.2486e+00
269 0 +1.445106976e+03 +1.357216976e+03 +1.357216976e+03 +1.2611e-01 +2.5081e+00 +1.2532e+00
277 0 +1.400169902e+03 +1.312279902e+03 +1.312279902e+03 +1.2530e-01 +2.5181e+00 +1.2506e+00
282 0 +1.376761528e+03 +1.288871528e+03 +1.288871528e+03 +1.2528e-01 +2.5247e+00 +1.2493e+00
295 0 +1.348865783e+03 +1.260975783e+03 +1.260975783e+03 +1.2658e-01 +2.5331e+00 +1.2500e+00
301 0 +1.310079662e+03 +1.222189662e+03 +1.222189662e+03 +1.2623e-01 +2.5449e+00 +1.2492e+00
% f evaluations | g evaluations | best noise-free fitness - Fopt (3.201900000000e+02) + sum g_i+ | measured fitness | best measured fitness or single-digit g-values | x1 | x2...
1 0 +2.360873310e+06 +2.361193500e+06 +2.361193500e+06 +0.0000e+00 +0.0000e+00 +0.0000e+00
5 0 +2.017464534e+06 +2.017784724e+06 +2.017784724e+06 +0.0000e+00 +0.0000e+00 +1.0000e-01
6 0 +1.665774971e+06 +1.666095161e+06 +1.666095161e+06 -4.2235e-08 -1.4333e-04 +2.0000e-01
7 0 +5.598295059e+05 +5.601496959e+05 +5.601496959e+05 -2.0916e-07 -7.0980e-04 +6.0000e-01
8 0 +3.357455310e+05 +3.360657210e+05 +3.360657210e+05 -2.9933e-07 -1.0158e-03 +7.8661e-01
9 0 +2.413471680e+05 +2.416673580e+05 +2.416673580e+05 -3.7287e-07 -1.2653e-03 +9.1714e-01
12 0 +2.339828157e+05 +2.343030057e+05 +2.343030057e+05 -8.2373e-03 -9.5807e-03 +9.2753e-01
13 0 +2.046647226e+05 +2.049849126e+05 +2.049849126e+05 -8.2309e-03 -9.8831e-03 +9.6753e-01
14 0 +8.246531229e+04 +8.278550229e+04 +8.278550229e+04 -8.0826e-03 -1.0941e-02 +1.1275e+00
15 0 +3.690313642e+04 +3.722332642e+04 +3.722332642e+04 -7.8850e-03 -1.1547e-02 +1.2372e+00
16 0 +1.751645969e+04 +1.783664969e+04 +1.783664969e+04 -8.0234e-03 -1.2171e-02 +1.2955e+00
17 0 +1.116658670e+04 +1.148677670e+04 +1.148677670e+04 -8.1601e-03 -1.2574e-02 +1.3256e+00
18 0 +9.329330662e+03 +9.649520662e+03 +9.649520662e+03 -8.2824e-03 -1.2883e-02 +1.3460e+00
19 0 +7.995601053e+03 +8.315791053e+03 +8.315791053e+03 -8.4122e-03 -1.3182e-02 +1.3638e+00
20 0 +6.750214981e+03 +7.070404981e+03 +7.070404981e+03 -8.5462e-03 -1.3472e-02 +1.3798e+00
23 0 +6.209898203e+03 +6.530088203e+03 +6.530088203e+03 +3.8467e-03 -2.4699e-02 +1.3946e+00
24 0 +6.140293207e+03 +6.460483207e+03 +6.460483207e+03 +3.8857e-03 -2.6311e-02 +1.4045e+00
34 0 +5.947173519e+03 +6.267363519e+03 +6.267363519e+03 +1.0620e-03 -5.9624e-02 +1.4024e+00
35 0 +5.563744268e+03 +5.883934268e+03 +5.883934268e+03 -7.5906e-03 -1.2300e-01 +1.4004e+00
36 0 +3.878236563e+03 +4.198426563e+03 +4.198426563e+03 -4.2980e-02 -3.7654e-01 +1.3984e+00
46 0 +3.790105040e+03 +4.110295040e+03 +4.110295040e+03 -5.0202e-02 -3.8611e-01 +1.4034e+00
55 0 +3.681621741e+03 +4.001811741e+03 +4.001811741e+03 -3.6598e-02 -4.0396e-01 +1.4052e+00
61 0 +3.621729347e+03 +3.941919347e+03 +3.941919347e+03 -3.8096e-02 -4.1296e-01 +1.4037e+00
63 0 +3.456538505e+03 +3.776728505e+03 +3.776728505e+03 -3.5711e-02 -4.4291e-01 +1.3995e+00
73 0 +3.384534987e+03 +3.704724987e+03 +3.704724987e+03 -4.2721e-02 -4.5289e-01 +1.4046e+00
79 0 +3.290990968e+03 +3.611180968e+03 +3.611180968e+03 -3.9457e-02 -4.7582e-01 +1.4097e+00
84 0 +3.235055893e+03 +3.555245893e+03 +3.555245893e+03 -4.1030e-02 -4.7917e-01 +1.4026e+00
90 0 +3.100325333e+03 +3.420515333e+03 +3.420515333e+03 -4.2066e-02 -5.0558e-01 +1.4058e+00
91 0 +2.869996942e+03 +3.190186942e+03 +3.190186942e+03 -4.5545e-02 -5.6919e-01 +1.4119e+00
94 0 +2.695836909e+03 +3.016026909e+03 +3.016026909e+03 -1.5521e-01 -6.3508e-01 +1.4158e+00
98 0 +2.676820160e+03 +2.997010160e+03 +2.997010160e+03 -1.6615e-01 -6.4172e-01 +1.4160e+00
101 0 +2.511530202e+03 +2.831720202e+03 +2.831720202e+03 -1.6613e-01 -6.4397e-01 +1.4001e+00
119 0 +2.443736342e+03 +2.763926342e+03 +2.763926342e+03 -1.7117e-01 -6.6474e-01 +1.4003e+00
127 0 +2.377400243e+03 +2.697590243e+03 +2.697590243e+03 -1.7428e-01 -6.8784e-01 +1.4002e+00
137 0 +2.335242303e+03 +2.655432303e+03 +2.655432303e+03 -1.7351e-01 -7.0022e-01 +1.4036e+00
139 0 +2.224670177e+03 +2.544860177e+03 +2.544860177e+03 -1.5764e-01 -7.5082e-01 +1.4010e+00
156 0 +2.172049874e+03 +2.492239874e+03 +2.492239874e+03 -1.4491e-01 -7.8162e-01 +1.4057e+00
169 0 +2.127613901e+03 +2.447803901e+03 +2.447803901e+03 -1.4153e-01 -8.0783e-01 +1.4039e+00
170 0 +2.061816188e+03 +2.382006188e+03 +2.382006188e+03 -1.2901e-01 -8.7058e-01 +1.4027e+00
214 0 +2.041708404e+03 +2.361898404e+03 +2.361898404e+03 -1.3797e-01 -8.9839e-01 +1.4029e+00
287 0 +1.971658850e+03 +2.291848850e+03 +2.291848850e+03 -1.4039e-01 -1.0257e+00 +1.4010e+00
% f evaluations | g evaluations | best noise-free fitness - Fopt (-1.042400000000e+02) + sum g_i+ | measured fitness | best measured fitness or single-digit g-values | x1 | x2...
1 0 +2.062769976e+06 +2.062665736e+06 +2.062665736e+06 +0.0000e+00 +0.0000e+00 +0.0000e+00
3 0 +2.062769898e+06 +2.062665658e+06 +2.062665658e+06 +1.0000e-01 +0.0000e+00 +0.0000e+00
5 0 +1.711184775e+06 +1.711080535e+06 +1.711080535e+06 +0.0000e+00 +0.0000e+00 +1.0000e-01
6 0 +1.367723738e+06 +1.367619498e+06 +1.367619498e+06 +2.2139e-08 -2.5322e-04 +2.0000e-01
7 0 +4.488682536e+05 +4.487640136e+05 +4.487640136e+05 +1.1028e-07 -1.2614e-03 +5.9353e-01
8 0 +2.980541809e+05 +2.979499409e+05 +2.979499409e+05 +1.5752e-07 -1.8017e-03 +7.5857e-01
9 0 +2.069807200e+05 +2.068764800e+05 +2.068764800e+05 +2.0038e-07 -2.2919e-03 +8.8664e-01
12 0 +1.987785898e+05 +1.986743498e+05 +1.986743498e+05 -8.3551e-03 -1.0775e-02 +8.9709e-01
13 0 +1.666142217e+05 +1.665099817e+05 +1.665099817e+05 -8.3449e-03 -1.1224e-02 +9.3709e-01
14 0 +6.270648399e+04 +6.260224399e+04 +6.260224399e+04 -8.1872e-03 -1.2871e-02 +1.0971e+00
15 0 +3.195763745e+04 +3.185339745e+04 +3.185339745e+04 -8.5181e-03 -1.4346e-02 +1.1884e+00
16 0 +1.921428535e+04 +1.911004535e+04 +1.911004535e+04 -9.0412e-03 -1.5644e-02 +1.2434e+00
17 0 +1.636041398e+04 +1.625617398e+04 +1.625617398e+04 -9.5287e-03 -1.6683e-02 +1.2797e+00
18 0 +1.507230869e+04 +1.496806869e+04 +1.496806869e+04 -1.0099e-02 -1.7794e-02 +1.3133e+00
32 0 +1.478152472e+04 +1.467728472e+04 +1.467728472e+04 +3.4205e-03 -5.0885e-02 +1.3116e+00
40 0 +1.444661111e+04 +1.434237111e+04 +1.434237111e+04 +1.3196e-02 -8.9129e-02 +1.3108e+00
47 0 +1.408691407e+04 +1.398267407e+04 +1.398267407e+04 +5.1043e-03 -1.4776e-01 +1.3009e+00
48 0 +1.364277268e+04 +1.353853268e+04 +1.353853268e+04 -6.9870e-03 -1.8551e-01 +1.3062e+00
57 0 +1.345519104e+04 +1.335095104e+04 +1.335095104e+04 -2.4632e-03 -2.0454e-01 +1.3181e+00
61 0 +1.298787517e+04 +1.288363517e+04 +1.288363517e+04 +1.6806e-02 -2.5694e-01 +1.3120e+00
68 0 +1.285872012e+04 +1.275448012e+04 +1.275448012e+04 +1.0702e-02 -2.7307e-01 +1.3107e+00
79 0 +1.233322801e+04 +1.222898801e+04 +1.222898801e+04 +2.2397e-03 -3.4373e-01 +1.3214e+00
81 0 +1.218598744e+04 +1.208174744e+04 +1.208174744e+04 +8.0093e-02 -3.5737e-01 +1.3090e+00
83 0 +1.189562940e+04 +1.179138940e+04 +1.179138940e+04 +8.3148e-02 -3.9715e-01 +1.3062e+00
84 0 +1.111966036e+04 +1.101542036e+04 +1.101542036e+04 +9.5248e-02 -5.5613e-01 +1.2928e+00
93 0 +1.073875026e+04 +1.063451026e+04 +1.063451026e+04 +9.6842e-02 -5.6167e-01 +1.3226e+00
94 0 +1.064408330e+04 +1.053984330e+04 +1.053984330e+04 +9.1939e-02 -5.6309e-01 +1.3140e+00
99 0 +1.045577126e+04 +1.035153126e+04 +1.035153126e+04 +9.3518e-02 -5.9901e-01 +1.3206e+00
108 0 +1.021547669e+04 +1.011123669e+04 +1.011123669e+04 +9.8200e-02 -6.2954e-01 +1.3126e+00
119 0 +9.918181555e+03 +9.813941555e+03 +9.813941555e+03 +8.7779e-02 -6.8028e-01 +1.3106e+00
120 0 +9.622502408e+03 +9.518262408e+03 +9.518262408e+03 +8.2144e-02 -7.5953e-01 +1.3012e+00
121 0 +9.089459919e+03 +8.985219919e+03 +8.985219919e+03 +9.0193e-02 -8.3860e-01 +1.3104e+00
131 0 +8.908521549e+03 +8.804281549e+03 +8.804281549e+03 +1.1786e-01 -8.8086e-01 +1.3094e+00
150 0 +8.704097972e+03 +8.599857972e+03 +8.599857972e+03 +1.6329e-01 -9.2507e-01 +1.3155e+00
151 0 +8.478590115e+03 +8.374350115e+03 +8.374350115e+03 +1.6945e-01 -9.8868e-01 +1.3191e+00
152 0 +7.596619546e+03 +7.492379546e+03 +7.492379546e+03 +2.0393e-01 -1.2423e+00 +1.3154e+00
159 0 +7.585070489e+03 +7.480830489e+03 +7.480830489e+03 +2.0579e-01 -1.2448e+00 +1.3132e+00
181 0 +7.401607716e+03 +7.297367716e+03 +7.297367716e+03 +2.1186e-01 -1.3014e+00 +1.3108e+00
184 0 +7.118441228e+03 +7.014201228e+03 +7.014201228e+03 +2.1226e-01 -1.3780e+00 +1.3156e+00
192 0 +7.079170311e+03 +6.974930311e+03 +6.974930311e+03 +2.1251e-01 -1.3871e+00 +1.3146e+00
223 0 +6.854909074e+03 +6.750669074e+03 +6.750669074e+03 +2.1562e-01 -1.4421e+00 +1.3115e+00
224 0 +6.615062326e+03 +6.510822326e+03 +6.510822326e+03 +2.0666e-01 -1.5052e+00 +1.3056e+00
225 0 +6.487194885e+03 +6.382954885e+03 +6.382954885e+03 +1.6948e-01 -1.7570e+00 +1.2781e+00
227 0 +5.645475008e+03 +5.541235008e+03 +5.541235008e+03 +1.3743e-01 -1.7536e+00 +1.2897e+00
228 0 +5.071503965e+03 +4.967263965e+03 +4.967263965e+03 +1.4247e-01 -1.7567e+00 +1.3108e+00
234 0 +5.004521073e+03 +4.900281073e+03 +4.900281073e+03 +1.4176e-01 -1.7667e+00 +1.3168e+00
242 0 +4.891710118e+03 +4.787470118e+03 +4.787470118e+03 +1.4130e-01 -1.7820e+00 +1.3134e+00
245 0 +4.605662142e+03 +4.501422142e+03 +4.501422142e+03 +1.4633e-01 -1.8236e+00 +1.3142e+00
246 0 +3.759013525e+03 +3.654773525e+03 +3.654773525e+03 +1.6399e-01 -1.9504e+00 +1.3148e+00
247 0 +2.092789578e+03 +1.988549578e+03 +1.988549578e+03 +2.5009e-01 -2.4551e+00 +1.3060e+00
248 0 +2.088607588e+03 +1.984367588e+03 +1.984367588e+03 +2.3237e-01 -2.4586e+00 +1.3062e+00
261 0 +2.041685523e+03 +1.937445523e+03 +1.937445523e+03 +2.2945e-01 -2.4575e+00 +1.3135e+00
297 0 +1.987179652e+03 +1.882939652e+03 +1.882939652e+03 +2.1860e-01 -2.5567e+00 +1.3140e+00
% f evaluations | g evaluations | best noise-free fitness - Fopt (1.212800000000e+02) + sum g_i+ | measured fitness | best measured fitness or single-digit g-values | x1 | x2...
1 0 +7.321202416e+06 +7.321323696e+06 +7.321323696e+06 +0.0000e+00 +0.0000e+00 +0.0000e+00
6 0 +6.935088874e+06 +6.935210154e+06 +6.935210154e+06 -8.6960e-08 -1.0645e-04 -1.0000e-01
7 0 +4.621417832e+06 +4.621539112e+06 +4.621539112e+06 -2.5699e-02 -2.6201e-02 -4.9832e-01
8 0 +1.957025207e+06 +1.957146487e+06 +1.957146487e+06 -2.7065e-01 -2.7173e-01 -1.2789e+00
9 0 +5.824566032e+05 +5.825778832e+05 +5.825778832e+05 -3.3592e-01 -3.3743e-01 -1.7596e+00
10 0 +4.940993904e+05 +4.942206704e+05 +4.942206704e+05 -3.4867e-01 -3.5033e-01 -1.9151e+00
11 0 +3.314383895e+05 +3.315596695e+05 +3.315596695e+05 -3.5349e-01 -3.5530e-01 -2.0554e+00
12 0 +1.813255036e+05 +1.814467836e+05 +1.814467836e+05 -3.5364e-01 -3.5556e-01 -2.1530e+00
13 0 +1.435395676e+05 +1.436608476e+05 +1.436608476e+05 -3.5273e-01 -3.5470e-01 -2.2073e+00
14 0 +1.264051907e+05 +1.265264707e+05 +1.265264707e+05 -2.3578e-01 -2.3776e-01 -2.2501e+00
15 0 +1.237849470e+05 +1.239062270e+05 +1.239062270e+05 -1.3057e-01 -3.4458e-01 -2.2545e+00
16 0 +4.464155288e+04 +4.476283288e+04 +4.476283288e+04 -1.6035e-01 -3.6791e-01 -2.3996e+00
17 0 +1.895672475e+04 +1.907800475e+04 +1.907800475e+04 -1.6404e-01 -3.7191e-01 -2.4828e+00
18 0 +9.352439246e+03 +9.473719246e+03 +9.473719246e+03 -1.6472e-01 -3.7310e-01 -2.5245e+00
19 0 +8.002169111e+03 +8.123449111e+03 +8.123449111e+03 -1.6475e-01 -3.7350e-01 -2.5469e+00
20 0 +7.836346348e+03 +7.957626348e+03 +7.957626348e+03 -1.5609e-01 -3.8026e-01 -2.5477e+00
22 0 +6.277017168e+03 +6.398297168e+03 +6.398297168e+03 -1.6124e-01 -3.8973e-01 -2.5574e+00
23 0 +5.053335534e+03 +5.174615534e+03 +5.174615534e+03 -1.7869e-01 -4.1856e-01 -2.5789e+00
29 0 +4.995612381e+03 +5.116892381e+03 +5.116892381e+03 -1.7871e-01 -4.1926e-01 -2.5813e+00
31 0 +4.772993732e+03 +4.894273732e+03 +4.894273732e+03 -1.7873e-01 -4.2108e-01 -2.5937e+00
39 0 +4.638103866e+03 +4.759383866e+03 +4.759383866e+03 -1.7825e-01 -4.4250e-01 -2.5999e+00
40 0 +4.559964546e+03 +4.681244546e+03 +4.681244546e+03 -1.7791e-01 -4.5244e-01 -2.5989e+00
41 0 +4.347079940e+03 +4.468359940e+03 +4.468359940e+03 -1.7713e-01 -4.9200e-01 -2.6048e+00
52 0 +4.236171135e+03 +4.357451135e+03 +4.357451135e+03 -1.6989e-01 -5.0257e-01 -2.5908e+00
55 0 +4.166206015e+03 +4.287486015e+03 +4.287486015e+03 -1.6709e-01 -5.0940e-01 -2.5978e+00
58 0 +3.990217246e+03 +4.111497246e+03 +4.111497246e+03 -1.7603e-01 -5.3676e-01 -2.5927e+00
66 0 +3.966595641e+03 +4.087875641e+03 +4.087875641e+03 -1.7600e-01 -5.3916e-01 -2.5971e+00
75 0 +3.832020070e+03 +3.953300070e+03 +3.953300070e+03 -1.6920e-01 -5.6178e-01 -2.5995e+00
76 0 +3.593633375e+03 +3.714913375e+03 +3.714913375e+03 -1.5261e-01 -6.2295e-01 -2.6084e+00
77 0 +3.241379668e+03 +3.362659668e+03 +3.362659668e+03 -1.2813e-01 -6.8208e-01 -2.6076e+00
78 0 +2.852987120e+03 +2.974267120e+03 +2.974267120e+03 +1.2008e-01 -7.4228e-01 -2.5901e+00
85 0 +2.801463001e+03 +2.922743001e+03 +2.922743001e+03 +1.1798e-01 -7.5114e-01 -2.5920e+00
86 0 +2.682951369e+03 +2.804231369e+03 +2.804231369e+03 +1.1015e-01 -7.8156e-01 -2.5912e+00
102 0 +2.628606818e+03 +2.749886818e+03 +2.749886818e+03 +1.0972e-01 -7.9074e-01 -2.5936e+00
112 0 +2.566784993e+03 +2.688064993e+03 +2.688064993e+03 +1.1425e-01 -8.0792e-01 -2.5929e+00
122 0 +2.473509459e+03 +2.594789459e+03 +2.594789459e+03 +1.1461e-01 -8.3318e-01 -2.5956e+00
123 0 +2.295401639e+03 +2.416681639e+03 +2.416681639e+03 +1.1631e-01 -8.9715e-01 -2.5968e+00
136 0 +2.285088764e+03 +2.406368764e+03 +2.406368764e+03 +1.2493e-01 -9.0208e-01 -2.5946e+00
153 0 +2.200153873e+03 +2.321433873e+03 +2.321433873e+03 +1.1035e-01 -9.4867e-01 -2.5925e+00
154 0 +2.167206380e+03 +2.288486380e+03 +2.288486380e+03 +1.2014e-01 -9.7910e-01 -2.5909e+00
160 0 +2.133932623e+03 +2.255212623e+03 +2.255212623e+03 +1.1589e-01 -9.8442e-01 -2.5953e+00
220 0 +2.086246174e+03 +2.207526174e+03 +2.207526174e+03 +1.1260e-01 -1.0261e+00 -2.5971e+00
275 0 +2.034801710e+03 +2.156081710e+03 +2.156081710e+03 +1.1855e-01 -1.0925e+00 -2.5959e+00
% f evaluations | g evaluations | best noise-free fitness - Fopt (1.161000000000e+01) + sum g_i+ | measured fitness | best measured fitness or single-digit g-values | x1 | x2...
1 0 +7.595782365e+06 +7.595793975e+06 +7.595793975e+06 +0.0000e+00 +0.0000e+00 +0.0000e+00
3 0 +7.595781561e+06 +7.595793171e+06 +7.595793171e+06 +1.0000e-01 +0.0000e+00 +0.0000e+00
6 0 +7.250004913e+06 +7.250016523e+06 +7.250016523e+06 +2.4694e-07 +1.0010e-01 -1.0000e-01
7 0 +5.167856824e+06 +5.167868434e+06 +5.167868434e+06 +1.2328e-06 +1.2498e-01 -4.9923e-01
8 0 +1.953111641e+06 +1.953123251e+06 +1.953123251e+06 +2.5333e-06 -1.7802e-01 -1.3620e+00
9 0 +8.010063910e+05 +8.010180010e+05 +8.010180010e+05 +3.2203e-06 -1.6384e-02 -1.7373e+00
10 0 +5.232631970e+05 +5.232748070e+05 +5.232748070e+05 +3.5626e-06 -9.7774e-02 -1.9031e+00
11 0 +5.056608881e+05 +5.056724981e+05 +5.056724981e+05 +3.6658e-06 -1.6683e-01 -1.9473e+00
13 0 +4.720391564e+05 +4.720507664e+05 +4.720507664e+05 +4.0950e-06 -1.1961e-01 -2.0354e+00
14 0 +3.323520204e+05 +3.323636304e+05 +3.323636304e+05 +6.2337e-06 -1.2172e-01 -2.1354e+00
15 0 +4.083012586e+04 +4.084173586e+04 +4.084173586e+04 +9.9621e-06 -2.6672e-03 -2.4851e+00
16 0 +2.217039092e+04 +2.218200092e+04 +2.218200092e+04 +1.0498e-05 +1.2233e-02 -2.5322e+00
17 0 +2.164528841e+04 +2.165689841e+04 +2.165689841e+04 +3.4390e-03 +8.1012e-03 -2.5341e+00
19 0 +1.933474040e+04 +1.934635040e+04 +1.934635040e+04 +3.2800e-03 +9.2028e-03 -2.5440e+00
20 0 +1.782106918e+04 +1.783267918e+04 +1.783267918e+04 +3.4188e-03 +8.4623e-03 -2.5540e+00
21 0 +1.670601180e+04 +1.671762180e+04 +1.671762180e+04 +3.7207e-03 +6.7120e-03 -2.5638e+00
22 0 +1.619825161e+04 +1.620986161e+04 +1.620986161e+04 -1.9857e-03 +1.3999e-02 -2.5676e+00
23 0 +1.561798685e+04 +1.562959685e+04 +1.562959685e+04 -9.6296e-03 +8.8020e-03 -2.5714e+00
24 0 +1.335224851e+04 +1.336385851e+04 +1.336385851e+04 -1.1148e-02 +8.5548e-03 -2.5813e+00
25 0 +7.121231829e+03 +7.132841829e+03 +7.132841829e+03 -3.7703e-02 -8.5286e-03 -2.6059e+00
26 0 +4.654000494e+03 +4.665610494e+03 +4.665610494e+03 -6.6144e-02 -2.6550e-02 -2.6354e+00
27 0 +2.980280210e+03 +2.991890210e+03 +2.991890210e+03 -8.0900e-02 -3.4276e-02 -2.6695e+00
30 0 +2.916327384e+03 +2.927937384e+03 +2.927937384e+03 -8.2093e-02 -3.4566e-02 -2.6795e+00
46 0 +2.883202818e+03 +2.894812818e+03 +2.894812818e+03 -8.5611e-02 -2.4550e-02 -2.6779e+00
63 0 +2.811718658e+03 +2.823328658e+03 +2.823328658e+03 -8.4971e-02 +9.0090e-04 -2.6755e+00
77 0 +2.740191232e+03 +2.751801232e+03 +2.751801232e+03 -8.3472e-02 +2.2482e-02 -2.6769e+00
84 0 +2.679391375e+03 +2.691001375e+03 +2.691001375e+03 -8.2419e-02 +4.1862e-02 -2.6779e+00
94 0 +2.540508602e+03 +2.552118602e+03 +2.552118602e+03 -8.3521e-02 +8.5458e-02 -2.6781e+00
112 0 +2.507678411e+03 +2.519288411e+03 +2.519288411e+03 -8.3566e-02 +9.5457e-02 -2.6776e+00
120 0 +2.437809282e+03 +2.449419282e+03 +2.449419282e+03 -8.2277e-02 +1.1719e-01 -2.6788e+00
135 0 +2.396545490e+03 +2.408155490e+03 +2.408155490e+03 -8.8702e-02 +1.3973e-01 -2.6835e+00
145 0 +2.342998165e+03 +2.354608165e+03 +2.354608165e+03 -9.6661e-02 +1.4593e-01 -2.6759e+00
153 0 +2.290213649e+03 +2.301823649e+03 +2.301823649e+03 -9.5212e-02 +1.6079e-01 -2.6778e+00
154 0 +2.184077473e+03 +2.195687473e+03 +2.195687473e+03 -1.0153e-01 +1.9214e-01 -2.6766e+00
155 0 +1.751248888e+03 +1.762858888e+03 +1.762858888e+03 -1.2695e-01 +3.1757e-01 -2.6746e+00
164 0 +1.716727208e+03 +1.728337208e+03 +1.728337208e+03 -1.3899e-01 +3.2557e-01 -2.6766e+00
172 0 +1.694570690e+03 +1.706180690e+03 +1.706180690e+03 -1.3770e-01 +3.3425e-01 -2.6806e+00
182 0 +1.643677147e+03 +1.655287147e+03 +1.655287147e+03 -1.3367e-01 +3.4613e-01 -2.6777e+00
183 0 +1.567116240e+03 +1.578726240e+03 +1.578726240e+03 -1.3978e-01 +3.7137e-01 -2.6808e+00
184 0 +1.222859981e+03 +1.234469981e+03 +1.234469981e+03 -1.0954e-01 +4.7147e-01 -2.6777e+00
185 0 +6.005027382e+02 +6.121127382e+02 +6.121127382e+02 -4.3234e-02 +8.3798e-01 -2.6647e+00
186 0 +4.474296129e+02 +4.590396129e+02 +4.590396129e+02 -3.5755e-02 +8.3818e-01 -2.6816e+00
189 0 +4.441093635e+02 +4.557193635e+02 +4.557193635e+02 -3.6068e-02 +8.3859e-01 -2.6737e+00
195 0 +4.309397744e+02 +4.425497744e+02 +4.425497744e+02 -3.6876e-02 +8.3893e-01 -2.6757e+00
199 0 +4.260288255e+02 +4.376388255e+02 +4.376388255e+02 -3.5592e-02 +8.4009e-01 -2.6779e+00
203 0 +4.074549618e+02 +4.190649618e+02 +4.190649618e+02 -3.5528e-02 +8.6155e-01 -2.6756e+00
208 0 +4.063835798e+02 +4.179935798e+02 +4.179935798e+02 -3.5481e-02 +8.6370e-01 -2.6754e+00
218 0 +3.977044599e+02 +4.093144599e+02 +4.093144599e+02 -2.8044e-02 +8.6638e-01 -2.6774e+00
221 0 +3.718278755e+02 +3.834378755e+02 +3.834378755e+02 -3.9028e-03 +8.9528e-01 -2.6791e+00
222 0 +3.456428754e+02 +3.572528754e+02 +3.572528754e+02 -2.4608e-03 +9.2669e-01 -2.6758e+00
235 0 +3.346640999e+02 +3.462740999e+02 +3.462740999e+02 +4.9093e-03 +9.3728e-01 -2.6785e+00
236 0 +3.174396536e+02 +3.290496536e+02 +3.290496536e+02 +8.9606e-03 +9.5882e-01 -2.6775e+00
237 0 +2.635872649e+02 +2.751972649e+02 +2.751972649e+02 +2.6757e-02 +1.0447e+00 -2.6750e+00
238 0 +4.762539640e+01 +5.923539640e+01 +5.923539640e+01 +1.1017e-01 +1.3857e+00 -2.6754e+00
245 0 +4.352562090e+01 +5.513562090e+01 +5.513562090e+01 +1.1015e-01 +1.3857e+00 -2.6761e+00
246 0 +4.241599084e+01 +5.402599084e+01 +5.402599084e+01 +1.1005e-01 +1.3859e+00 -2.6785e+00
250 0 +4.160068422e+01 +5.321068422e+01 +5.321068422e+01 +1.0995e-01 +1.3862e+00 -2.6779e+00
270 0 +4.072991734e+01 +5.233991734e+01 +5.233991734e+01 +1.1036e-01 +1.3892e+00 -2.6771e+00
294 0 +3.980936821e+01 +5.141936821e+01 +5.141936821e+01 +1.1059e-01 +1.3913e+00 -2.6776e+00
% f evaluations | g evaluations | best noise-free fitness - Fopt (3.356700000000e+02) + sum g_i+ | measured fitness | best measured fitness or single-digit g-values | x1 | x2...
1 0 +1.849417386e+06 +1.849753056e+06 +1.849753056e+06 +0.0000e+00 +0.0000e+00 +0.0000e+00
4 0 +1.848614514e+06 +1.848950184e+06 +1.848950184e+06 +0.0000e+00 +1.0000e-01 +0.0000e+00
5 0 +1.500249065e+06 +1.500584735e+06 +1.500584735e+06 +0.0000e+00 +0.0000e+00 +1.0000e-01
6 0 +1.172476345e+06 +1.172812015e+06 +1.172812015e+06 -1.3547e-07 +2.2994e-04 +2.0000e-01
7 0 +4.326963707e+05 +4.330320407e+05 +4.330320407e+05 -6.1973e-07 +1.0519e-03 +5.4650e-01
8 0 +2.872608233e+05 +2.875964933e+05 +2.875964933e+05 -9.2454e-07 +1.5692e-03 +7.1354e-01
9 0 +1.922890359e+05 +1.926247059e+05 +1.926247059e+05 -1.2084e-06 +2.0510e-03 +8.4491e-01
12 0 +1.838146080e+05 +1.841502780e+05 +1.841502780e+05 -9.3197e-03 -7.1527e-03 +8.5559e-01
13 0 +1.512745906e+05 +1.516102606e+05 +1.516102606e+05 -9.3105e-03 -6.7405e-03 +8.9559e-01
14 0 +5.625381254e+04 +5.658948254e+04 +5.658948254e+04 -9.2031e-03 -5.0344e-03 +1.0556e+00
15 0 +2.734228230e+04 +2.767795230e+04 +2.767795230e+04 -9.9133e-03 -4.7263e-03 +1.1432e+00
16 0 +1.877792698e+04 +1.911359698e+04 +1.911359698e+04 -1.0682e-02 -4.8458e-03 +1.1933e+00
17 0 +1.595137881e+04 +1.628704881e+04 +1.628704881e+04 -1.1484e-02 -5.1110e-03 +1.2317e+00
18 0 +1.572981251e+04 +1.606548251e+04 +1.606548251e+04 -1.2415e-02 -5.5085e-03 +1.2674e+00
20 0 +1.543374164e+04 +1.576941164e+04 +1.576941164e+04 -2.3373e-02 +3.1675e-02 +1.2676e+00
28 0 +1.511740718e+04 +1.545307718e+04 +1.545307718e+04 -2.4904e-02 +4.7084e-02 +1.2482e+00
32 0 +1.467017308e+04 +1.500584308e+04 +1.500584308e+04 -2.8014e-02 +1.3832e-01 +1.2712e+00
33 0 +1.426584515e+04 +1.460151515e+04 +1.460151515e+04 -3.8695e-02 +1.7666e-01 +1.2672e+00
41 0 +1.397396191e+04 +1.430963191e+04 +1.430963191e+04 -1.7795e-02 +1.8740e-01 +1.2548e+00
46 0 +1.373842709e+04 +1.407409709e+04 +1.407409709e+04 -1.7584e-02 +2.1645e-01 +1.2526e+00
47 0 +1.317838635e+04 +1.351405635e+04 +1.351405635e+04 -1.6910e-02 +2.9602e-01 +1.2609e+00
63 0 +1.286516546e+04 +1.320083546e+04 +1.320083546e+04 -1.6828e-02 +3.2742e-01 +1.2540e+00
69 0 +1.258827669e+04 +1.292394669e+04 +1.292394669e+04 -2.3312e-02 +3.7265e-01 +1.2434e+00
73 0 +1.205991718e+04 +1.239558718e+04 +1.239558718e+04 -3.2862e-02 +4.3112e-01 +1.2526e+00
74 0 +1.109561164e+04 +1.143128164e+04 +1.143128164e+04 -6.1691e-02 +5.8780e-01 +1.2674e+00
75 0 +9.754169299e+03 +1.008983930e+04 +1.008983930e+04 -4.2549e-02 +7.4620e-01 +1.2554e+00
80 0 +9.530489354e+03 +9.866159354e+03 +9.866159354e+03 -5.1280e-02 +7.8243e-01 +1.2588e+00
88 0 +9.325430509e+03 +9.661100509e+03 +9.661100509e+03 -7.8305e-03 +8.2143e-01 +1.2427e+00
98 0 +9.114254690e+03 +9.449924690e+03 +9.449924690e+03 -7.8955e-03 +8.3964e-01 +1.2542e+00
99 0 +8.855968451e+03 +9.191638451e+03 +9.191638451e+03 -7.7518e-03 +8.7962e-01 +1.2554e+00
100 0 +8.049539386e+03 +8.385209386e+03 +8.385209386e+03 -7.4463e-03 +1.0392e+00 +1.2666e+00
108 0 +7.881057773e+03 +8.216727773e+03 +8.216727773e+03 -2.8792e-02 +1.0373e+00 +1.2492e+00
124 0 +7.757103870e+03 +8.092773870e+03 +8.092773870e+03 -1.9980e-02 +1.0558e+00 +1.2536e+00
134 0 +7.503078252e+03 +7.838748252e+03 +7.838748252e+03 -1.0876e-02 +1.1091e+00 +1.2602e+00
137 0 +7.207629061e+03 +7.543299061e+03 +7.543299061e+03 -6.2329e-02 +1.1632e+00 +1.2444e+00
138 0 +6.913744160e+03 +7.249414160e+03 +7.249414160e+03 -7.4436e-02 +1.2299e+00 +1.2415e+00
147 0 +6.760331299e+03 +7.096001299e+03 +7.096001299e+03 -7.5803e-02 +1.2379e+00 +1.2499e+00
155 0 +6.600126734e+03 +6.935796734e+03 +6.935796734e+03 -7.8472e-02 +1.2698e+00 +1.2563e+00
157 0 +6.431919787e+03 +6.767589787e+03 +6.767589787e+03 -1.0586e-01 +1.3016e+00 +1.2518e+00
158 0 +5.918784822e+03 +6.254454822e+03 +6.254454822e+03 -1.8446e-01 +1.4120e+00 +1.2507e+00
169 0 +5.884267138e+03 +6.219937138e+03 +6.219937138e+03 -1.7832e-01 +1.4189e+00 +1.2533e+00
179 0 +5.743229409e+03 +6.078899409e+03 +6.078899409e+03 -1.7455e-01 +1.4582e+00 +1.2477e+00
183 0 +5.622811209e+03 +5.958481209e+03 +5.958481209e+03 -1.4716e-01 +1.4921e+00 +1.2450e+00
185 0 +5.197638787e+03 +5.533308787e+03 +5.533308787e+03 -1.0776e-01 +1.5975e+00 +1.2459e+00
189 0 +5.081026868e+03 +5.416696868e+03 +5.416696868e+03 -1.0784e-01 +1.6173e+00 +1.2525e+00
203 0 +5.002881463e+03 +5.338551463e+03 +5.338551463e+03 -1.1802e-01 +1.6391e+00 +1.2540e+00
213 0 +4.894331441e+03 +5.230001441e+03 +5.230001441e+03 -1.0512e-01 +1.6705e+00 +1.2504e+00
225 0 +4.647399741e+03 +4.983069741e+03 +4.983069741e+03 -1.4094e-01 +1.7565e+00 +1.2452e+00
234 0 +4.566389828e+03 +4.902059828e+03 +4.902059828e+03 -1.4252e-01 +1.7663e+00 +1.2527e+00
246 0 +4.460601211e+03 +4.796271211e+03 +4.796271211e+03 -1.2687e-01 +1.8090e+00 +1.2585e+00
264 0 +4.354692694e+03 +4.690362694e+03 +4.690362694e+03 -8.7579e-02 +1.8342e+00 +1.2538e+00
266 0 +4.124341830e+03 +4.460011830e+03 +4.460011830e+03 -8.3582e-02 +1.9140e+00 +1.2560e+00
283 0 +4.072640488e+03 +4.408310488e+03 +4.408310488e+03 -9.6466e-02 +1.9313e+00 +1.2553e+00
% f evaluations | g evaluations | best noise-free fitness - Fopt (-1.032000000000e+01) + sum g_i+ | measured fitness | best measured fitness or single-digit g-values | x1 | x2...
1 0 +1.761497992e+04 +1.760465992e+04 +1.760465992e+04 +0.0000e+00 +0.0000e+00 +0.0000e+00
6 0 +7.176573713e+03 +7.166253713e+03 +7.166253713e+03 -6.9880e-08 -1.0645e-03 -5.4012e-02
7 0 +4.672030522e+03 +4.661710522e+03 +4.661710522e+03 +4.0435e-03 +2.4173e-03 -7.8478e-02
8 0 +3.707312996e+03 +3.696992996e+03 +3.696992996e+03 -3.7811e-03 -6.6255e-03 -1.0048e-01
9 0 +3.617037859e+03 +3.606717859e+03 +3.606717859e+03 -9.5707e-03 +9.3914e-03 -1.0938e-01
16 0 +3.497970633e+03 +3.487650633e+03 +3.487650633e+03 -2.9852e-03 -5.2897e-03 -1.1543e-01
17 0 +3.279542777e+03 +3.269222777e+03 +3.269222777e+03 -1.1392e-02 -4.4276e-02 -1.1237e-01
27 0 +3.230360600e+03 +3.220040600e+03 +3.220040600e+03 -1.7144e-02 -5.2423e-02 -1.1686e-01
29 0 +3.066375415e+03 +3.056055415e+03 +3.056055415e+03 -2.5612e-02 -8.8110e-02 -1.1005e-01
30 0 +2.709800468e+03 +2.699480468e+03 +2.699480468e+03 -1.5575e-02 -1.6748e-01 -1.0943e-01
31 0 +2.197530287e+03 +2.187210287e+03 +2.187210287e+03 -1.6596e-02 -4.8740e-01 -1.0247e-01
40 0 +2.061052364e+03 +2.050732364e+03 +2.050732364e+03 -1.8507e-02 -4.8544e-01 -1.0962e-01
44 0 +2.035290965e+03 +2.024970965e+03 +2.024970965e+03 -1.7644e-02 -4.8503e-01 -1.1684e-01
163 0 +1.995023005e+03 +1.984703005e+03 +1.984703005e+03 -6.9715e-03 -5.5590e-01 -1.1515e-01
171 0 +1.944787067e+03 +1.934467067e+03 +1.934467067e+03 -1.1952e-02 -6.2961e-01 -1.1210e-01
203 0 +1.889499142e+03 +1.879179142e+03 +1.879179142e+03 +4.3906e-03 -6.6602e-01 -1.1377e-01
204 0 +1.800957015e+03 +1.790637015e+03 +1.790637015e+03 +7.4096e-02 -7.4069e-01 -1.0661e-01
205 0 +7.502843088e+02 +7.399643088e+02 +7.399643088e+02 +3.5076e-01 -1.0422e+00 -1.2473e-01
210 0 +6.153434448e+02 +6.050234448e+02 +6.050234448e+02 +3.2039e-01 -1.0716e+00 -1.1610e-01
213 0 +6.017601959e+02 +5.914401959e+02 +5.914401959e+02 +3.2002e-01 -1.0799e+00 -1.1609e-01
223 0 +5.882575938e+02 +5.779375938e+02 +5.779375938e+02 +3.1753e-01 -1.0906e+00 -1.1698e-01
239 0 +5.706361816e+02 +5.603161816e+02 +5.603161816e+02 +3.2033e-01 -1.1028e+00 -1.1642e-01
247 0 +5.561903135e+02 +5.458703135e+02 +5.458703135e+02 +3.1890e-01 -1.1147e+00 -1.1434e-01
248 0 +5.363773751e+02 +5.260573751e+02 +5.260573751e+02 +3.1976e-01 -1.1421e+00 -1.1764e-01
274 0 +5.237890592e+02 +5.134690592e+02 +5.134690592e+02 +3.1782e-01 -1.1526e+00 -1.1527e-01
292 0 +5.127987094e+02 +5.024787094e+02 +5.024787094e+02 +3.1995e-01 -1.1771e+00 -1.1395e-01
% f evaluations | g evaluations | best noise-free fitness - Fopt (-2.954000000000e+01) + sum g_i+ | measured fitness | best measured fitness or single-digit g-values | x1 | x2...
1 0 +1.474611578e+05 +1.474316178e+05 +1.474316178e+05 +0.0000e+00 +0.0000e+00 +0.0000e+00
3 0 +1.474611244e+05 +1.474315844e+05 +1.474315844e+05 +1.0000e-01 +0.0000e+00 +0.0000e+00
6 0 +9.769487103e+04 +9.766533103e+04 +9.766533103e+04 +1.0000e-01 -3.5061e-04 -9.9999e-02
7 0 +4.530107810e+04 +4.527153810e+04 +4.527153810e+04 +1.0000e-01 -1.0608e-03 -2.0000e-01
8 0 +1.963675551e+04 +1.960721551e+04 +1.960721551e+04 +1.0000e-01 -1.6741e-03 -2.8862e-01
9 0 +1.079676668e+04 +1.076722668e+04 +1.076722668e+04 +1.0000e-01 -2.0274e-03 -3.3289e-01
10 0 +1.069621295e+04 +1.066667295e+04 +1.066667295e+04 +1.1419e-01 -2.0989e-03 -3.3693e-01
12 0 +9.574454721e+03 +9.544914721e+03 +9.544914721e+03 +1.1175e-01 -1.2339e-02 -3.4655e-01
13 0 +8.235344620e+03 +8.205804620e+03 +8.205804620e+03 +1.0962e-01 -1.2734e-02 -3.5632e-01
14 0 +7.124853619e+03 +7.095313619e+03 +7.095313619e+03 +1.0086e-01 -1.4176e-02 -3.9532e-01
22 0 +7.076260935e+03 +7.046720935e+03 +7.046720935e+03 +1.0015e-01 -2.5559e-02 -3.9412e-01
41 0 +6.862254160e+03 +6.832714160e+03 +6.832714160e+03 +1.4023e-01 -1.1872e-01 -3.7931e-01
42 0 +6.526464683e+03 +6.496924683e+03 +6.496924683e+03 +9.3401e-02 -1.5752e-01 -3.9924e-01
49 0 +6.455438190e+03 +6.425898190e+03 +6.425898190e+03 +9.4014e-02 -1.6942e-01 -3.9777e-01
66 0 +6.221954234e+03 +6.192414234e+03 +6.192414234e+03 +9.6772e-02 -2.1549e-01 -3.9946e-01
67 0 +6.105572953e+03 +6.076032953e+03 +6.076032953e+03 +1.4710e-01 -2.5075e-01 -3.8158e-01
68 0 +5.687384303e+03 +5.657844303e+03 +5.657844303e+03 +1.4640e-01 -3.1132e-01 -4.0224e-01
70 0 +5.602566440e+03 +5.573026440e+03 +5.573026440e+03 +1.4261e-01 -3.1364e-01 -3.9555e-01
78 0 +5.491641430e+03 +5.462101430e+03 +5.462101430e+03 +1.5101e-01 -3.3062e-01 -3.9520e-01
83 0 +5.054462819e+03 +5.024922819e+03 +5.024922819e+03 +1.7238e-01 -3.9678e-01 -3.8977e-01
91 0 +4.994522725e+03 +4.964982725e+03 +4.964982725e+03 +1.7357e-01 -4.0952e-01 -3.8660e-01
95 0 +4.879319831e+03 +4.849779831e+03 +4.849779831e+03 +1.7798e-01 -4.2833e-01 -4.0022e-01
96 0 +4.757322343e+03 +4.727782343e+03 +4.727782343e+03 +1.8720e-01 -4.3914e-01 -3.9274e-01
106 0 +4.597138219e+03 +4.567598219e+03 +4.567598219e+03 +1.8331e-01 -4.6404e-01 -3.9601e-01
107 0 +4.202144205e+03 +4.172604205e+03 +4.172604205e+03 +1.8365e-01 -5.2813e-01 -4.0067e-01
114 0 +4.157225654e+03 +4.127685654e+03 +4.127685654e+03 +1.7165e-01 -5.3541e-01 -4.0097e-01
120 0 +4.061994792e+03 +4.032454792e+03 +4.032454792e+03 +1.6993e-01 -5.4127e-01 -3.9341e-01
123 0 +3.976122277e+03 +3.946582277e+03 +3.946582277e+03 +1.6643e-01 -5.5512e-01 -3.9055e-01
128 0 +3.889214856e+03 +3.859674856e+03 +3.859674856e+03 +1.6821e-01 -5.6768e-01 -3.9392e-01
131 0 +3.781324342e+03 +3.751784342e+03 +3.751784342e+03 +1.6494e-01 -5.9004e-01 -3.9889e-01
132 0 +3.654577429e+03 +3.625037429e+03 +3.625037429e+03 +1.7272e-01 -6.0531e-01 -3.9527e-01
133 0 +3.587353980e+03 +3.557813980e+03 +3.557813980e+03 +2.0270e-01 -6.6527e-01 -3.7487e-01
135 0 +3.537896650e+03 +3.508356650e+03 +3.508356650e+03 +1.9405e-01 -6.6987e-01 -3.7571e-01
138 0 +3.254347091e+03 +3.224807091e+03 +3.224807091e+03 +1.9583e-01 -6.7237e-01 -3.9295e-01
143 0 +3.231545069e+03 +3.202005069e+03 +3.202005069e+03 +1.9580e-01 -6.7667e-01 -3.9379e-01
144 0 +3.150074112e+03 +3.120534112e+03 +3.120534112e+03 +1.9573e-01 -6.9402e-01 -3.9619e-01
145 0 +2.859116261e+03 +2.829576261e+03 +2.829576261e+03 +1.9562e-01 -7.6391e-01 -4.0123e-01
147 0 +2.799294520e+03 +2.769754520e+03 +2.769754520e+03 +1.9863e-01 -7.6531e-01 -3.9032e-01
159 0 +2.731972639e+03 +2.702432639e+03 +2.702432639e+03 +1.9148e-01 -7.8554e-01 -3.8810e-01
168 0 +2.676922231e+03 +2.647382231e+03 +2.647382231e+03 +1.9083e-01 -8.0025e-01 -3.9778e-01
175 0 +2.623664504e+03 +2.594124504e+03 +2.594124504e+03 +1.8957e-01 -8.0679e-01 -3.9208e-01
181 0 +2.564560778e+03 +2.535020778e+03 +2.535020778e+03 +1.8935e-01 -8.2852e-01 -3.8859e-01
186 0 +2.510698116e+03 +2.481158116e+03 +2.481158116e+03 +1.8909e-01 -8.5014e-01 -3.9931e-01
193 0 +2.450349576e+03 +2.420809576e+03 +2.420809576e+03 +1.8795e-01 -8.5672e-01 -3.9232e-01
204 0 +2.373011912e+03 +2.343471912e+03 +2.343471912e+03 +1.7615e-01 -8.8332e-01 -3.9173e-01
207 0 +2.280942122e+03 +2.251402122e+03 +2.251402122e+03 +1.5844e-01 -9.1910e-01 -3.9290e-01
208 0 +2.100527655e+03 +2.070987655e+03 +2.070987655e+03 +9.8470e-02 -1.0321e+00 -3.9540e-01
227 0 +2.089057088e+03 +2.059517088e+03 +2.059517088e+03 +1.0313e-01 -1.0370e+00 -3.9301e-01
% f evaluations | g evaluations | best noise-free fitness - Fopt (5.625000000000e+01) + sum g_i+ | measured fitness | best measured fitness or single-digit g-values | x1 | x2...
1 0 +1.077352509e+06 +1.077408759e+06 +1.077408759e+06 +0.0000e+00 +0.0000e+00 +0.0000e+00
3 0 +1.077352187e+06 +1.077408437e+06 +1.077408437e+06 +1.0000e-01 +0.0000e+00 +0.0000e+00
5 0 +8.081024347e+05 +8.081586847e+05 +8.081586847e+05 +0.0000e+00 +0.0000e+00 +1.0000e-01
6 0 +5.982327842e+05 +5.982890342e+05 +5.982890342e+05 +1.1942e-07 -2.3574e-04 +2.0000e-01
7 0 +3.060908317e+05 +3.061470817e+05 +3.061470817e+05 +4.5464e-07 -8.9745e-04 +4.4974e-01
8 0 +1.764648946e+05 +1.765211446e+05 +1.765211446e+05 +7.8937e-07 -1.5582e-03 +6.2827e-01
9 0 +8.397283524e+04 +8.402908524e+04 +8.402908524e+04 +1.0654e-06 -2.1031e-03 +7.5137e-01
10 0 +5.456741712e+04 +5.462366712e+04 +5.462366712e+04 +1.2200e-06 -2.4083e-03 +8.1492e-01
11 0 +4.027644737e+04 +4.033269737e+04 +4.033269737e+04 +1.3315e-06 -2.6284e-03 +8.5845e-01
14 0 +3.686017500e+04 +3.691642500e+04 +3.691642500e+04 -5.5710e-03 -1.7720e-02 +8.6860e-01
15 0 +2.329161047e+04 +2.334786047e+04 +2.334786047e+04 -5.4063e-03 -1.8444e-02 +9.0859e-01
16 0 +1.238889805e+04 +1.244514805e+04 +1.244514805e+04 -2.2277e-02 -1.9361e-02 +9.7543e-01
17 0 +1.135807003e+04 +1.141432003e+04 +1.141432003e+04 -4.6596e-03 -1.9880e-02 +9.8741e-01
18 0 +9.974184529e+03 +1.003043453e+04 +1.003043453e+04 -2.2990e-02 -2.0643e-02 +1.0316e+00
33 0 +9.757788910e+03 +9.814038910e+03 +9.814038910e+03 -1.9213e-02 -4.5529e-02 +1.0237e+00
36 0 +9.435905560e+03 +9.492155560e+03 +9.492155560e+03 +4.0192e-02 -1.1801e-01 +1.0312e+00
39 0 +9.047701625e+03 +9.103951625e+03 +9.103951625e+03 +3.7976e-02 -1.8977e-01 +1.0281e+00
56 0 +8.898576576e+03 +8.954826576e+03 +8.954826576e+03 +4.8063e-02 -2.3703e-01 +1.0134e+00
69 0 +8.695344232e+03 +8.751594232e+03 +8.751594232e+03 +5.4712e-02 -2.6563e-01 +1.0245e+00
71 0 +8.435294997e+03 +8.491544997e+03 +8.491544997e+03 +4.6197e-02 -3.4462e-01 +1.0158e+00
72 0 +7.545464098e+03 +7.601714098e+03 +7.601714098e+03 +5.8918e-02 -6.0027e-01 +1.0196e+00
92 0 +7.401895826e+03 +7.458145826e+03 +7.458145826e+03 +5.7499e-02 -6.3831e-01 +1.0239e+00
96 0 +7.230355522e+03 +7.286605522e+03 +7.286605522e+03 +2.7543e-02 -6.9776e-01 +1.0300e+00
124 0 +7.071360607e+03 +7.127610607e+03 +7.127610607e+03 +2.4901e-02 -7.2817e-01 +1.0243e+00
132 0 +6.895353054e+03 +6.951603054e+03 +6.951603054e+03 +5.2381e-03 -7.7232e-01 +1.0205e+00
149 0 +6.645021702e+03 +6.701271702e+03 +6.701271702e+03 +4.4007e-03 -8.2685e-01 +1.0219e+00
150 0 +5.980888619e+03 +6.037138619e+03 +6.037138619e+03 -7.9291e-03 -9.5423e-01 +1.0197e+00
151 0 +3.401427273e+03 +3.457677273e+03 +3.457677273e+03 -1.2682e-01 -1.4518e+00 +9.9973e-01
152 0 +2.591940609e+03 +2.648190609e+03 +2.648190609e+03 -2.5849e-01 -2.1245e+00 +9.9189e-01
155 0 +1.774854177e+03 +1.831104177e+03 +1.831104177e+03 -2.5846e-01 -2.1249e+00 +1.0080e+00
159 0 +1.710299168e+03 +1.766549168e+03 +1.766549168e+03 -2.5748e-01 -2.1253e+00 +1.0100e+00
160 0 +1.603989207e+03 +1.660239207e+03 +1.660239207e+03 -2.5748e-01 -2.1258e+00 +1.0140e+00
161 0 +1.564544788e+03 +1.620794788e+03 +1.620794788e+03 -2.5747e-01 -2.1277e+00 +1.0299e+00
165 0 +1.519623795e+03 +1.575873795e+03 +1.575873795e+03 -2.5794e-01 -2.1305e+00 +1.0257e+00
166 0 +1.505940349e+03 +1.562190349e+03 +1.562190349e+03 -2.5782e-01 -2.1326e+00 +1.0223e+00
172 0 +1.468886943e+03 +1.525136943e+03 +1.525136943e+03 -2.5605e-01 -2.1421e+00 +1.0232e+00
176 0 +1.413915884e+03 +1.470165884e+03 +1.470165884e+03 -2.5504e-01 -2.1573e+00 +1.0252e+00
183 0 +1.405005280e+03 +1.461255280e+03 +1.461255280e+03 -2.5498e-01 -2.1584e+00 +1.0235e+00
190 0 +1.376224178e+03 +1.432474178e+03 +1.432474178e+03 -2.5631e-01 -2.1665e+00 +1.0251e+00
193 0 +1.291608861e+03 +1.347858861e+03 +1.347858861e+03 -2.4936e-01 -2.1867e+00 +1.0243e+00
194 0 +1.092445417e+03 +1.148695417e+03 +1.148695417e+03 -2.2440e-01 -2.2451e+00 +1.0169e+00
197 0 +1.041605950e+03 +1.097855950e+03 +1.097855950e+03 -2.2968e-01 -2.2484e+00 +1.0233e+00
198 0 +9.631069663e+02 +1.019356966e+03 +1.019356966e+03 -2.5049e-01 -2.2699e+00 +1.0218e+00
201 0 +9.412212406e+02 +9.974712406e+02 +9.974712406e+02 -2.5000e-01 -2.2843e+00 +1.0179e+00
204 0 +9.008348976e+02 +9.570848976e+02 +9.570848976e+02 -2.5210e-01 -2.2874e+00 +1.0244e+00
209 0 +8.904994923e+02 +9.467494923e+02 +9.467494923e+02 -2.5152e-01 -2.2904e+00 +1.0221e+00
211 0 +8.373312270e+02 +8.935812270e+02 +8.935812270e+02 -2.5518e-01 -2.3099e+00 +1.0200e+00
213 0 +8.293216581e+02 +8.855716581e+02 +8.855716581e+02 -2.5979e-01 -2.3094e+00 +1.0244e+00
214 0 +7.823690382e+02 +8.386190382e+02 +8.386190382e+02 -2.7648e-01 -2.3363e+00 +1.0292e+00
215 0 +7.282895919e+02 +7.845395919e+02 +7.845395919e+02 -2.7418e-01 -2.3653e+00 +1.0157e+00
217 0 +6.920016804e+02 +7.482516804e+02 +7.482516804e+02 -2.7822e-01 -2.3673e+00 +1.0194e+00
220 0 +6.786752280e+02 +7.349252280e+02 +7.349252280e+02 -2.8562e-01 -2.3662e+00 +1.0223e+00
224 0 +6.738617138e+02 +7.301117138e+02 +7.301117138e+02 -2.8649e-01 -2.3684e+00 +1.0223e+00
232 0 +6.524860806e+02 +7.087360806e+02 +7.087360806e+02 -2.7897e-01 -2.3791e+00 +1.0220e+00
241 0 +6.454400099e+02 +7.016900099e+02 +7.016900099e+02 -2.8021e-01 -2.3820e+00 +1.0234e+00
258 0 +6.303417738e+02 +6.865917738e+02 +6.865917738e+02 -2.8056e-01 -2.3901e+00 +1.0234e+00
268 0 +6.140962002e+02 +6.703462002e+02 +6.703462002e+02 -2.8035e-01 -2.4034e+00 +1.0257e+00
275 0 +6.024328409e+02 +6.586828409e+02 +6.586828409e+02 -2.7264e-01 -2.4074e+00 +1.0242e+00
278 0 +5.760449125e+02 +6.322949125e+02 +6.322949125e+02 -2.7637e-01 -2.4279e+00 +1.0214e+00
279 0 +5.717601050e+02 +6.280101050e+02 +6.280101050e+02 -2.7889e-01 -2.4436e+00 +1.0195e+00
284 0 +5.533478374e+02 +6.095978374e+02 +6.095978374e+02 -2.7900e-01 -2.4456e+00 +1.0233e+00
290 0 +5.481096218e+02 +6.043596218e+02 +6.043596218e+02 -2.7718e-01 -2.4513e+00 +1.0237e+00
293 0 +5.347957043e+02 +5.910457043e+02 +5.910457043e+02 -2.7562e-01 -2.4673e+00 +1.0238e+00
% f evaluations | g evaluations | best noise-free fitness - Fopt (4.153000000000e+01) + sum g_i+ | measured fitness | best measured fitness or single-digit g-values | x1 | x2...
1 0 +1.022608670e+07 +1.022612823e+07 +1.022612823e+07 +0.0000e+00 +0.0000e+00 +0.0000e+00
3 0 +1.022608666e+07 +1.022612819e+07 +1.022612819e+07 +1.0000e-01 +0.0000e+00 +0.0000e+00
6 0 +9.641487476e+06 +9.641529006e+06 +9.641529006e+06 +1.0000e-01 -5.7026e-05 -1.0000e-01
7 0 +7.990597168e+06 +7.990638698e+06 +7.990638698e+06 +1.4982e-01 +4.9509e-02 -4.9378e-01
8 0 +2.474053524e+06 +2.474095054e+06 +2.474095054e+06 +8.5171e-01 +7.5037e-01 -1.5859e+00
9 0 +1.633603813e+06 +1.633645343e+06 +1.633645343e+06 +9.1148e-01 +8.0968e-01 -2.1314e+00
10 0 +1.599709163e+06 +1.599750693e+06 +1.599750693e+06 +1.0419e+00 +7.5869e-01 -2.1412e+00
12 0 +1.214516805e+06 +1.214558335e+06 +1.214558335e+06 +1.0436e+00 +7.4028e-01 -2.2395e+00
13 0 +5.620453304e+05 +5.620868604e+05 +5.620868604e+05 +1.1150e+00 +4.2471e-01 -2.4747e+00
14 0 +4.265665227e+05 +4.266080527e+05 +4.266080527e+05 +1.1482e+00 +2.6462e-01 -2.6961e+00
15 0 +1.316236123e+05 +1.316651423e+05 +1.316651423e+05 +1.1611e+00 +1.8411e-01 -2.9369e+00
16 0 +8.583004921e+04 +8.587157921e+04 +8.587157921e+04 +1.1632e+00 +1.6613e-01 -3.0164e+00
19 0 +2.311157820e+04 +2.315310820e+04 +2.315310820e+04 +1.1626e+00 +1.7105e-01 -3.1641e+00
20 0 +1.316724470e+04 +1.320877470e+04 +1.320877470e+04 +1.1593e+00 +1.6637e-01 -3.2122e+00
21 0 +1.139896440e+04 +1.144049440e+04 +1.144049440e+04 +1.1639e+00 +1.8976e-01 -3.2272e+00
22 0 +1.109657915e+04 +1.113810915e+04 +1.113810915e+04 +1.1831e+00 +1.8299e-01 -3.2371e+00
23 0 +9.922187476e+03 +9.963717476e+03 +9.963717476e+03 +1.1787e+00 +1.8155e-01 -3.2460e+00
24 0 +8.721470813e+03 +8.763000813e+03 +8.763000813e+03 +1.1755e+00 +1.8236e-01 -3.2554e+00
25 0 +7.668242648e+03 +7.709772648e+03 +7.709772648e+03 +1.1625e+00 +1.8573e-01 -3.2931e+00
35 0 +7.575759698e+03 +7.617289698e+03 +7.617289698e+03 +1.1553e+00 +1.5810e-01 -3.2899e+00
47 0 +6.973738343e+03 +7.015268343e+03 +7.015268343e+03 +1.1389e+00 -1.3966e-02 -3.2963e+00
48 0 +6.879073714e+03 +6.920603714e+03 +6.920603714e+03 +1.0934e+00 -5.2149e-01 -3.3463e+00
53 0 +4.680977823e+03 +4.722507823e+03 +4.722507823e+03 +1.0913e+00 -5.2405e-01 -3.3191e+00
54 0 +3.884758351e+03 +3.926288351e+03 +3.926288351e+03 +1.0908e+00 -5.2708e-01 -3.2872e+00
63 0 +3.782925098e+03 +3.824455098e+03 +3.824455098e+03 +1.1019e+00 -5.4040e-01 -3.2897e+00
68 0 +3.707839524e+03 +3.749369524e+03 +3.749369524e+03 +1.1019e+00 -5.5206e-01 -3.2920e+00
69 0 +3.524462341e+03 +3.565992341e+03 +3.565992341e+03 +1.1017e+00 -5.8395e-01 -3.2946e+00
70 0 +2.840492060e+03 +2.882022060e+03 +2.882022060e+03 +1.1004e+00 -7.1194e-01 -3.2937e+00
82 0 +2.814939896e+03 +2.856469896e+03 +2.856469896e+03 +1.1014e+00 -7.1643e-01 -3.2909e+00
88 0 +2.692863674e+03 +2.734393674e+03 +2.734393674e+03 +1.0949e+00 -7.4557e-01 -3.2900e+00
89 0 +2.498018695e+03 +2.539548695e+03 +2.539548695e+03 +1.1229e+00 -8.2206e-01 -3.2827e+00
90 0 +2.256527411e+03 +2.298057411e+03 +2.298057411e+03 +1.0734e+00 -8.8673e-01 -3.2902e+00
94 0 +2.227220819e+03 +2.268750819e+03 +2.268750819e+03 +1.0796e+00 -9.0203e-01 -3.2894e+00
105 0 +2.148022385e+03 +2.189552385e+03 +2.189552385e+03 +1.0716e+00 -9.5992e-01 -3.2871e+00
107 0 +2.127673373e+03 +2.169203373e+03 +2.169203373e+03 +1.0746e+00 -9.6091e-01 -3.2919e+00
153 0 +2.087361203e+03 +2.128891203e+03 +2.128891203e+03 +1.0718e+00 -9.9595e-01 -3.2921e+00
179 0 +2.036300564e+03 +2.077830564e+03 +2.077830564e+03 +1.1029e+00 -1.0608e+00 -3.2909e+00
191 0 +1.995200883e+03 +2.036730883e+03 +2.036730883e+03 +1.0901e+00 -1.1429e+00 -3.2894e+00
266 0 +1.943870484e+03 +1.985400484e+03 +1.985400484e+03 +1.1067e+00 -1.2168e+00 -3.2947e+00
301 0 +1.905146373e+03 +1.946676373e+03 +1.946676373e+03 +1.1066e+00 -1.2358e+00 -3.2915e+00
% f evaluations | g evaluations | best noise-free fitness - Fopt (-1.907000000000e+01) + sum g_i+ | measured fitness | best measured fitness or single-digit g-values | x1 | x2...
1 0 +1.665166714e+04 +1.663259714e+04 +1.663259714e+04 +0.0000e+00 +0.0000e+00 +0.0000e+00
3 0 +1.665091271e+04 +1.663184271e+04 +1.663184271e+04 +1.0000e-01 +0.0000e+00 +0.0000e+00
9 0 +1.608811448e+04 +1.606904448e+04 +1.606904448e+04 +1.0000e-01 -7.0417e-04 -9.9752e-03
10 0 +1.556772311e+04 +1.554865311e+04 +1.554865311e+04 +1.0000e-01 -2.4669e-03 -1.9819e-02
11 0 +1.547982756e+04 +1.546075756e+04 +1.546075756e+04 +1.0001e-01 -9.8367e-03 -5.9134e-02
17 0 +1.512552415e+04 +1.510645415e+04 +1.510645415e+04 +1.1167e-01 -1.8441e-02 -3.0604e-02
26 0 +1.472506511e+04 +1.470599511e+04 +1.470599511e+04 +1.1985e-01 -5.3885e-02 -3.7861e-02
29 0 +1.422304733e+04 +1.420397733e+04 +1.420397733e+04 +1.1857e-01 -1.1023e-01 -3.8687e-02
30 0 +1.396894017e+04 +1.394987017e+04 +1.394987017e+04 +8.8901e-02 -2.6400e-01 -7.1492e-02
31 0 +1.252526271e+04 +1.250619271e+04 +1.250619271e+04 +2.3894e-01 -3.0894e-01 -3.8796e-02
38 0 +1.228669479e+04 +1.226762479e+04 +1.226762479e+04 +2.4775e-01 -3.3819e-01 -4.0681e-02
49 0 +1.200788563e+04 +1.198881563e+04 +1.198881563e+04 +2.4410e-01 -3.7407e-01 -3.7057e-02
55 0 +1.160110554e+04 +1.158203554e+04 +1.158203554e+04 +2.4709e-01 -4.3164e-01 -4.7033e-02
67 0 +1.147062575e+04 +1.145155575e+04 +1.145155575e+04 +2.4935e-01 -4.4323e-01 -4.0740e-02
80 0 +1.120408462e+04 +1.118501462e+04 +1.118501462e+04 +2.4061e-01 -4.7944e-01 -3.9495e-02
90 0 +1.096054320e+04 +1.094147320e+04 +1.094147320e+04 +2.4346e-01 -5.2097e-01 -3.2768e-02
100 0 +1.067932812e+04 +1.066025812e+04 +1.066025812e+04 +2.1782e-01 -5.7624e-01 -2.8053e-02
106 0 +1.043260706e+04 +1.041353706e+04 +1.041353706e+04 +2.3462e-01 -5.9300e-01 -3.7161e-02
108 0 +1.011793978e+04 +1.009886978e+04 +1.009886978e+04 +2.4211e-01 -6.4229e-01 -3.8941e-02
109 0 +9.265866972e+03 +9.246796972e+03 +9.246796972e+03 +2.8345e-01 -7.9685e-01 -3.9542e-02
126 0 +8.936581635e+03 +8.917511635e+03 +8.917511635e+03 +2.8049e-01 -8.6745e-01 -4.1160e-02
127 0 +8.700934659e+03 +8.681864659e+03 +8.681864659e+03 +2.7564e-01 -1.0615e+00 -6.2980e-02
135 0 +8.219593588e+03 +8.200523588e+03 +8.200523588e+03 +3.0116e-01 -1.0637e+00 -4.7147e-02
149 0 +8.126479166e+03 +8.107409166e+03 +8.107409166e+03 +3.0237e-01 -1.0783e+00 -3.8673e-02
156 0 +7.793541922e+03 +7.774471922e+03 +7.774471922e+03 +3.0782e-01 -1.2021e+00 -3.1597e-02
161 0 +7.704701765e+03 +7.685631765e+03 +7.685631765e+03 +2.9659e-01 -1.2080e+00 -3.7961e-02
180 0 +7.537653809e+03 +7.518583809e+03 +7.518583809e+03 +3.0538e-01 -1.2628e+00 -3.5948e-02
186 0 +7.231615408e+03 +7.212545408e+03 +7.212545408e+03 +3.7122e-01 -1.3605e+00 -3.2345e-02
204 0 +7.031454138e+03 +7.012384138e+03 +7.012384138e+03 +3.8129e-01 -1.3969e+00 -4.1590e-02
206 0 +6.586880793e+03 +6.567810793e+03 +6.567810793e+03 +4.3410e-01 -1.5029e+00 -3.4179e-02
228 0 +6.429846403e+03 +6.410776403e+03 +6.410776403e+03 +4.3074e-01 -1.5300e+00 -4.3016e-02
247 0 +6.304144228e+03 +6.285074228e+03 +6.285074228e+03 +4.2964e-01 -1.5525e+00 -4.1438e-02
249 0 +6.087073647e+03 +6.068003647e+03 +6.068003647e+03 +4.3195e-01 -1.6313e+00 -5.4999e-02
253 0 +5.981091752e+03 +5.962021752e+03 +5.962021752e+03 +4.2905e-01 -1.6453e+00 -2.5412e-02
256 0 +5.798722074e+03 +5.779652074e+03 +5.779652074e+03 +4.2904e-01 -1.6472e+00 -3.3179e-02
263 0 +5.733322266e+03 +5.714252266e+03 +5.714252266e+03 +4.2629e-01 -1.6546e+00 -4.4540e-02
273 0 +5.596331185e+03 +5.577261185e+03 +5.577261185e+03 +4.2805e-01 -1.6725e+00 -4.0496e-02
274 0 +5.411782646e+03 +5.392712646e+03 +5.392712646e+03 +4.2441e-01 -1.7040e+00 -3.5932e-02
275 0 +4.792981679e+03 +4.773911679e+03 +4.773911679e+03 +4.1521e-01 -1.8310e+00 -2.3211e-02
276 0 +2.970999522e+03 +2.951929522e+03 +2.951929522e+03 +4.1824e-01 -2.3429e+00 -1.3421e-02
279 0 +2.194180583e+03 +2.175110583e+03 +2.175110583e+03 +4.1579e-01 -2.3438e+00 -3.4002e-02
282 0 +2.168087671e+03 +2.149017671e+03 +2.149017671e+03 +4.1855e-01 -2.3443e+00 -3.7392e-02
300 0 +2.137411064e+03 +2.118341064e+03 +2.118341064e+03 +4.1695e-01 -2.3634e+00 -4.1743e-02
% f evaluations | g evaluations | best noise-free fitness - Fopt (-9.299000000000e+01) + sum g_i+ | measured fitness | best measured fitness or single-digit g-values | x1 | x2...
1 0 +4.768198853e+06 +4.768105863e+06 +4.768105863e+06 +0.0000e+00 +0.0000e+00 +0.0000e+00
3 0 +4.768198207e+06 +4.768105217e+06 +4.768105217e+06 +1.0000e-01 +0.0000e+00 +0.0000e+00
5 0 +4.442101249e+06 +4.442008259e+06 +4.442008259e+06 +0.0000e+00 +0.0000e+00 +1.0000e-01
6 0 +4.140749585e+06 +4.140656595e+06 +4.140656595e+06 +1.9794e-07 +1.9364e-04 +2.0000e-01
7 0 +3.027156050e+06 +3.027063060e+06 +3.027063060e+06 +1.0209e-06 +9.9874e-04 +6.0000e-01
8 0 +3.043841381e+05 +3.042911481e+05 +3.042911481e+05 +3.3415e-06 +3.2688e-03 +1.6432e+00
9 0 +2.258679067e+05 +2.257749167e+05 +2.257749167e+05 +3.6076e-06 +3.5292e-03 +1.7552e+00
10 0 +1.578471241e+05 +1.577541341e+05 +1.577541341e+05 +3.8252e-06 +3.7421e-03 +1.8424e+00
11 0 +1.082340764e+05 +1.081410864e+05 +1.081410864e+05 +3.9879e-06 +3.9012e-03 +1.9055e+00
14 0 +4.171685152e+04 +4.162386152e+04 +4.162386152e+04 +5.2137e-06 +5.1024e-03 +2.0429e+00
15 0 +1.913642575e+04 +1.904343575e+04 +1.904343575e+04 -1.0343e-02 -4.4913e-03 +2.1118e+00
16 0 +1.299741022e+04 +1.290442022e+04 +1.290442022e+04 -1.8254e-02 -1.1988e-02 +2.1458e+00
17 0 +1.146832805e+04 +1.137533805e+04 +1.137533805e+04 -2.6336e-03 +4.0128e-03 +2.1652e+00
18 0 +1.119922437e+04 +1.110623437e+04 +1.110623437e+04 +8.5021e-03 -9.9720e-03 +2.1702e+00
19 0 +1.042604565e+04 +1.033305565e+04 +1.033305565e+04 +4.2632e-03 -1.1260e-02 +2.1791e+00
20 0 +9.603712281e+03 +9.510722281e+03 +9.510722281e+03 +3.2609e-03 -1.0842e-02 +2.1891e+00
21 0 +9.029241635e+03 +8.936251635e+03 +8.936251635e+03 -5.8208e-04 -9.0870e-03 +2.2289e+00
25 0 +8.816020905e+03 +8.723030905e+03 +8.723030905e+03 -8.1898e-03 -1.3805e-03 +2.2187e+00
34 0 +8.706302126e+03 +8.613312126e+03 +8.613312126e+03 -8.2567e-03 +1.4790e-02 +2.2172e+00
49 0 +8.470606412e+03 +8.377616412e+03 +8.377616412e+03 -5.0789e-03 +5.4366e-02 +2.2121e+00
51 0 +8.195977274e+03 +8.102987274e+03 +8.102987274e+03 -1.7149e-02 +1.0277e-01 +2.2090e+00
52 0 +7.704633239e+03 +7.611643239e+03 +7.611643239e+03 -4.7019e-02 +2.5927e-01 +2.1943e+00
59 0 +7.224635271e+03 +7.131645271e+03 +7.131645271e+03 -4.6355e-02 +2.6219e-01 +2.2154e+00
66 0 +7.042871522e+03 +6.949881522e+03 +6.949881522e+03 -2.8792e-02 +2.9552e-01 +2.2164e+00
67 0 +6.710262406e+03 +6.617272406e+03 +6.617272406e+03 -4.0598e-02 +3.7422e-01 +2.2246e+00
68 0 +5.663770468e+03 +5.570780468e+03 +5.570780468e+03 -8.4343e-02 +6.9098e-01 +2.2369e+00
69 0 +3.152296467e+03 +3.059306467e+03 +3.059306467e+03 -2.3938e-01 +1.9601e+00 +2.1752e+00
74 0 +1.245613099e+03 +1.152623099e+03 +1.152623099e+03 -2.3985e-01 +1.9614e+00 +2.2125e+00
76 0 +1.219955145e+03 +1.126965145e+03 +1.126965145e+03 -2.2487e-01 +1.9659e+00 +2.2141e+00
77 0 +1.198189476e+03 +1.105199476e+03 +1.105199476e+03 -2.2685e-01 +1.9719e+00 +2.2164e+00
86 0 +1.168887562e+03 +1.075897562e+03 +1.075897562e+03 -2.2853e-01 +1.9818e+00 +2.2146e+00
94 0 +1.146949772e+03 +1.053959772e+03 +1.053959772e+03 -2.2966e-01 +1.9885e+00 +2.2152e+00
96 0 +1.067566065e+03 +9.745760647e+02 +9.745760647e+02 -2.3860e-01 +2.0264e+00 +2.2103e+00
99 0 +1.028117974e+03 +9.351279743e+02 +9.351279743e+02 -2.2395e-01 +2.0324e+00 +2.2127e+00
103 0 +1.020737209e+03 +9.277472091e+02 +9.277472091e+02 -2.2269e-01 +2.0331e+00 +2.2134e+00
111 0 +9.984744179e+02 +9.054844179e+02 +9.054844179e+02 -2.2528e-01 +2.0401e+00 +2.2139e+00
113 0 +9.504805638e+02 +8.574905638e+02 +8.574905638e+02 -2.3699e-01 +2.0561e+00 +2.2164e+00
114 0 +8.132961235e+02 +7.203061235e+02 +7.203061235e+02 -2.7214e-01 +2.1096e+00 +2.2155e+00
127 0 +8.106687846e+02 +7.176787846e+02 +7.176787846e+02 -2.7210e-01 +2.1109e+00 +2.2169e+00
129 0 +7.881429593e+02 +6.951529593e+02 +6.951529593e+02 -2.7286e-01 +2.1206e+00 +2.2148e+00
130 0 +7.218957211e+02 +6.289057211e+02 +6.289057211e+02 -2.7652e-01 +2.1524e+00 +2.2133e+00
131 0 +5.063642907e+02 +4.133742907e+02 +4.133742907e+02 -2.9350e-01 +2.2791e+00 +2.2198e+00
139 0 +4.942596599e+02 +4.012696599e+02 +4.012696599e+02 -2.9347e-01 +2.2794e+00 +2.2179e+00
143 0 +4.896794636e+02 +3.966894636e+02 +3.966894636e+02 -2.9352e-01 +2.2801e+00 +2.2160e+00
151 0 +4.667173496e+02 +3.737273496e+02 +3.737273496e+02 -2.9382e-01 +2.3009e+00 +2.2136e+00
168 0 +4.560516193e+02 +3.630616193e+02 +3.630616193e+02 -2.9264e-01 +2.3053e+00 +2.2162e+00
186 0 +4.415665932e+02 +3.485765932e+02 +3.485765932e+02 -2.9600e-01 +2.3182e+00 +2.2172e+00
188 0 +4.335135100e+02 +3.405235100e+02 +3.405235100e+02 -3.0347e-01 +2.3435e+00 +2.2204e+00
192 0 +4.122937514e+02 +3.193037514e+02 +3.193037514e+02 -3.0408e-01 +2.3438e+00 +2.2171e+00
201 0 +4.073414038e+02 +3.143514038e+02 +3.143514038e+02 -3.0399e-01 +2.3470e+00 +2.2157e+00
205 0 +3.973992749e+02 +3.044092749e+02 +3.044092749e+02 -3.1126e-01 +2.3613e+00 +2.2180e+00
213 0 +3.876063401e+02 +2.946163401e+02 +2.946163401e+02 -3.1181e-01 +2.3663e+00 +2.2165e+00
224 0 +3.782916473e+02 +2.853016473e+02 +2.853016473e+02 -3.1077e-01 +2.3756e+00 +2.2162e+00
225 0 +3.672939209e+02 +2.743039209e+02 +2.743039209e+02 -3.1348e-01 +2.3884e+00 +2.2170e+00
226 0 +3.299493795e+02 +2.369593795e+02 +2.369593795e+02 -3.2861e-01 +2.4386e+00 +2.2135e+00
237 0 +3.233394921e+02 +2.303494921e+02 +2.303494921e+02 -3.2872e-01 +2.4398e+00 +2.2161e+00
249 0 +3.150478653e+02 +2.220578653e+02 +2.220578653e+02 -3.2749e-01 +2.4507e+00 +2.2160e+00
250 0 +2.997181151e+02 +2.067281151e+02 +2.067281151e+02 -3.2383e-01 +2.4743e+00 +2.2175e+00
273 0 +2.949152411e+02 +2.019252411e+02 +2.019252411e+02 -3.2518e-01 +2.4788e+00 +2.2166e+00
275 0 +2.830810629e+02 +1.900910629e+02 +1.900910629e+02 -3.4181e-01 +2.4954e+00 +2.2160e+00
284 0 +2.811539873e+02 +1.881639873e+02 +1.881639873e+02 -3.4133e-01 +2.4992e+00 +2.2151e+00
% f evaluations | g evaluations | best noise-free fitness - Fopt (-1.656000000000e+02) + sum g_i+ | measured fitness | best measured fitness or single-digit g-values | x1 | x2...
1 0 +2.737312508e+06 +2.737146908e+06 +2.737146908e+06 +0.0000e+00 +0.0000e+00 +0.0000e+00
5 0 +2.416652270e+06 +2.416486670e+06 +2.416486670e+06 +0.0000e+00 +0.0000e+00 +1.0000e-01
6 0 +2.075809190e+06 +2.075643590e+06 +2.075643590e+06 -1.2105e-07 -1.3982e-04 +2.0000e-01
7 0 +7.972451667e+05 +7.970795667e+05 +7.970795667e+05 -5.9049e-07 -6.8206e-04 +6.0000e-01
8 0 +3.894845810e+05 +3.893189810e+05 +3.893189810e+05 -8.8642e-07 -1.0239e-03 +8.4651e-01
9 0 +2.757394164e+05 +2.755738164e+05 +2.755738164e+05 -1.0829e-06 -1.2508e-03 +9.8688e-01
10 0 +1.965391728e+05 +1.963735728e+05 +1.963735728e+05 -1.2548e-06 -1.4494e-03 +1.0974e+00
11 0 +1.283130638e+05 +1.281474638e+05 +1.281474638e+05 -1.3970e-06 -1.6136e-03 +1.1822e+00
14 0 +4.574757646e+04 +4.558197646e+04 +4.558197646e+04 -8.0407e-04 -1.2098e-01 +1.3319e+00
15 0 +1.856802558e+04 +1.840242558e+04 +1.840242558e+04 -8.0485e-04 -1.2149e-01 +1.4150e+00
16 0 +1.194180746e+04 +1.177620746e+04 +1.177620746e+04 -8.0526e-04 -1.2176e-01 +1.4542e+00
17 0 +1.170567086e+04 +1.154007086e+04 +1.154007086e+04 +8.6573e-03 -1.3144e-01 +1.4569e+00
19 0 +1.104153104e+04 +1.087593104e+04 +1.087593104e+04 +7.8798e-03 -1.3089e-01 +1.4668e+00
20 0 +1.029198648e+04 +1.012638648e+04 +1.012638648e+04 +8.0605e-03 -1.3159e-01 +1.4768e+00
21 0 +8.235803313e+03 +8.070203313e+03 +8.070203313e+03 +8.4381e-03 -1.3395e-01 +1.5167e+00
44 0 +8.094910240e+03 +7.929310240e+03 +7.929310240e+03 +9.5397e-03 -1.7667e-01 +1.5226e+00
60 0 +7.790327900e+03 +7.624727900e+03 +7.624727900e+03 +8.8046e-03 -2.6928e-01 +1.5161e+00
61 0 +6.883033067e+03 +6.717433067e+03 +6.717433067e+03 +1.3124e-02 -5.2524e-01 +1.5144e+00
78 0 +6.747736150e+03 +6.582136150e+03 +6.582136150e+03 +1.5400e-02 -5.5089e-01 +1.5214e+00
104 0 +6.559863147e+03 +6.394263147e+03 +6.394263147e+03 +2.0350e-02 -5.9158e-01 +1.5226e+00
105 0 +6.340041422e+03 +6.174441422e+03 +6.174441422e+03 +3.3832e-02 -6.5373e-01 +1.5298e+00
113 0 +6.226159259e+03 +6.060559259e+03 +6.060559259e+03 +3.4476e-02 -6.5516e-01 +1.5218e+00
120 0 +6.144976106e+03 +5.979376106e+03 +5.979376106e+03 +3.1664e-02 -6.7121e-01 +1.5156e+00
124 0 +5.982949225e+03 +5.817349225e+03 +5.817349225e+03 +3.6224e-02 -6.9855e-01 +1.5226e+00
125 0 +5.795121388e+03 +5.629521388e+03 +5.629521388e+03 +4.4542e-02 -7.5505e-01 +1.5320e+00
126 0 +5.315284436e+03 +5.149684436e+03 +5.149684436e+03 +4.6163e-02 -8.0956e-01 +1.5125e+00
138 0 +5.242703531e+03 +5.077103531e+03 +5.077103531e+03 +2.9579e-02 -8.1430e-01 +1.5190e+00
145 0 +4.969960458e+03 +4.804360458e+03 +4.804360458e+03 +1.5418e-02 -8.5523e-01 +1.5211e+00
146 0 +4.310076357e+03 +4.144476357e+03 +4.144476357e+03 -2.3859e-02 -9.6351e-01 +1.5094e+00
154 0 +4.234983618e+03 +4.069383618e+03 +4.069383618e+03 -2.3974e-02 -9.6504e-01 +1.5151e+00
160 0 +4.158261225e+03 +3.992661225e+03 +3.992661225e+03 -2.4162e-02 -9.7346e-01 +1.5184e+00
165 0 +3.952880426e+03 +3.787280426e+03 +3.787280426e+03 -2.1300e-02 -1.0049e+00 +1.5171e+00
166 0 +3.575809612e+03 +3.410209612e+03 +3.410209612e+03 -1.0597e-02 -1.0980e+00 +1.5052e+00
168 0 +3.492395642e+03 +3.326795642e+03 +3.326795642e+03 +1.6160e-03 -1.0970e+00 +1.5082e+00
170 0 +3.449474733e+03 +3.283874733e+03 +3.283874733e+03 +2.5119e-03 -1.1065e+00 +1.5078e+00
173 0 +3.353505026e+03 +3.187905026e+03 +3.187905026e+03 -7.2710e-03 -1.1188e+00 +1.5290e+00
174 0 +3.101262311e+03 +2.935662311e+03 +2.935662311e+03 -4.2436e-02 -1.1497e+00 +1.5227e+00
183 0 +3.082808427e+03 +2.917208427e+03 +2.917208427e+03 -4.2543e-02 -1.1518e+00 +1.5172e+00
191 0 +2.982382197e+03 +2.816782197e+03 +2.816782197e+03 -4.3107e-02 -1.1712e+00 +1.5182e+00
196 0 +2.943896441e+03 +2.778296441e+03 +2.778296441e+03 -4.3668e-02 -1.1792e+00 +1.5182e+00
198 0 +2.852143368e+03 +2.686543368e+03 +2.686543368e+03 -4.6160e-02 -1.2002e+00 +1.5221e+00
199 0 +2.775492595e+03 +2.609892595e+03 +2.609892595e+03 -9.0038e-02 -1.2176e+00 +1.5222e+00
207 0 +2.749950674e+03 +2.584350674e+03 +2.584350674e+03 -9.4068e-02 -1.2219e+00 +1.5189e+00
217 0 +2.690435999e+03 +2.524835999e+03 +2.524835999e+03 -9.3534e-02 -1.2374e+00 +1.5170e+00
224 0 +2.628752854e+03 +2.463152854e+03 +2.463152854e+03 -9.4655e-02 -1.2536e+00 +1.5215e+00
230 0 +2.555409947e+03 +2.389809947e+03 +2.389809947e+03 -8.5780e-02 -1.2722e+00 +1.5203e+00
231 0 +2.443219742e+03 +2.277619742e+03 +2.277619742e+03 -6.4282e-02 -1.3141e+00 +1.5241e+00
232 0 +2.373683081e+03 +2.208083081e+03 +2.208083081e+03 -1.0192e-01 -1.3408e+00 +1.5139e+00
239 0 +2.340944563e+03 +2.175344563e+03 +2.175344563e+03 -1.0841e-01 -1.3418e+00 +1.5182e+00
249 0 +2.287823779e+03 +2.122223779e+03 +2.122223779e+03 -1.0601e-01 -1.3758e+00 +1.5249e+00
264 0 +2.233084698e+03 +2.067484698e+03 +2.067484698e+03 -1.0364e-01 -1.3880e+00 +1.5189e+00
269 0 +2.153092660e+03 +1.987492660e+03 +1.987492660e+03 -7.7487e-02 -1.4490e+00 +1.5149e+00
279 0 +2.136904764e+03 +1.971304764e+03 +1.971304764e+03 -7.1596e-02 -1.4470e+00 +1.5173e+00
293 0 +2.062320980e+03 +1.896720980e+03 +1.896720980e+03 -4.6819e-02 -1.5735e+00 +1.5129e+00
