% f evaluations | g evaluations | best noise-free fitness - Fopt (9.294000000000e+01) + sum g_i+ | measured fitness | best measured fitness or single-digit g-values | x1 | x2...
1 0 +1.253398105e+01 +1.054739811e+02 +1.054739811e+02 +0.0000e+00 +0.0000e+00 +0.0000e+00
4 0 +1.240570001e+01 +1.053457000e+02 +1.053457000e+02 +0.0000e+00 +1.0000e-01 +0.0000e+00
63 0 +1.141003436e+01 +1.043500344e+02 +1.043500344e+02 -1.3484e+00 -7.6175e-01 -3.1297e+00
64 0 +9.282237901e+00 +1.022222379e+02 +1.022222379e+02 -1.2657e+00 -5.1476e-01 -2.9968e+00
65 0 +5.635349764e+00 +9.857534976e+01 +9.857534976e+01 -1.0155e+00 -4.0147e-01 -3.3630e+00
67 0 +3.071541734e+00 +9.601154173e+01 +9.601154173e+01 -7.9774e-01 -4.3910e-01 -3.3035e+00
215 0 +2.284845696e+00 +9.522484570e+01 +9.522484570e+01 -7.0661e-02 -1.9255e-01 -2.9680e+00
218 0 +1.410427107e+00 +9.435042711e+01 +9.435042711e+01 -9.3480e-02 -2.8473e-01 -2.9267e+00
219 0 +1.328492692e+00 +9.426849269e+01 +9.426849269e+01 -7.4358e-02 -3.7466e-01 -2.8791e+00
% f evaluations | g evaluations | best noise-free fitness - Fopt (3.535000000000e+01) + sum g_i+ | measured fitness | best measured fitness or single-digit g-values | x1 | x2...
1 0 +3.012892492e+02 +3.366392492e+02 +3.366392492e+02 +0.0000e+00 +0.0000e+00 +0.0000e+00
33 0 +2.513939044e+02 +2.867439044e+02 +2.867439044e+02 -3.8718e+00 +5.0000e+00 +2.1345e+00
34 0 +1.953879601e+02 +2.307379601e+02 +2.307379601e+02 -3.8718e+00 +5.0000e+00 +5.0000e+00
36 0 +1.570172058e+02 +1.923672058e+02 +1.923672058e+02 -3.2910e+00 +5.0000e+00 +5.0000e+00
40 0 +1.168155855e+02 +1.521655855e+02 +1.521655855e+02 -2.9039e+00 +4.3553e+00 +5.0000e+00
41 0 +8.579526705e+01 +1.211452670e+02 +1.211452670e+02 -1.6758e+00 +4.4695e+00 +5.0000e+00
42 0 +4.053838851e+01 +7.588838851e+01 +7.588838851e+01 -9.9775e-01 +3.4392e+00 +5.0000e+00
43 0 +1.053728676e+01 +4.588728676e+01 +4.588728676e+01 +4.7316e-01 +2.0705e+00 +5.0000e+00
44 0 +6.088566506e+00 +4.143856651e+01 +4.143856651e+01 +2.0824e+00 +1.5711e+00 +5.0000e+00
49 0 +4.449366354e+00 +3.979936635e+01 +3.979936635e+01 +2.0596e+00 +1.4900e+00 +5.0000e+00
50 0 +3.081560847e+00 +3.843156085e+01 +3.843156085e+01 +2.0586e+00 +1.3932e+00 +5.0000e+00
% f evaluations | g evaluations | best noise-free fitness - Fopt (3.820000000000e+00) + sum g_i+ | measured fitness | best measured fitness or single-digit g-values | x1 | x2...
1 0 +3.465623999e+02 +3.503823999e+02 +3.503823999e+02 +0.0000e+00 +0.0000e+00 +0.0000e+00
32 0 +3.258045450e+02 +3.296245450e+02 +3.296245450e+02 -1.2256e+00 -1.3923e-01 +1.0250e+00
33 0 +1.760024424e+02 +1.798224424e+02 +1.798224424e+02 -5.4293e-01 +4.0194e-01 +1.3895e+00
34 0 +1.170653010e+02 +1.208853010e+02 +1.208853010e+02 +2.7180e-01 +3.6229e-01 +1.4522e+00
35 0 +9.030884430e+01 +9.412884430e+01 +9.412884430e+01 +3.7837e-01 +4.4544e-01 +1.9129e+00
36 0 +6.871467601e+01 +7.253467601e+01 +7.253467601e+01 +5.9111e-01 +8.9790e-01 +1.9366e+00
37 0 +5.193691673e+01 +5.575691673e+01 +5.575691673e+01 +1.1276e+00 +9.9596e-01 +2.2405e+00
39 0 +4.105469294e+01 +4.487469294e+01 +4.487469294e+01 +1.3514e+00 +1.1442e+00 +2.0811e+00
40 0 +3.568006627e+01 +3.950006627e+01 +3.950006627e+01 +1.6455e+00 +1.1988e+00 +1.9916e+00
42 0 +3.523898334e+01 +3.905898334e+01 +3.905898334e+01 +1.7178e+00 +1.0686e+00 +2.0384e+00
274 0 +2.276934660e+01 +2.658934660e+01 +2.658934660e+01 +3.0245e+00 -1.9792e+00 +1.0616e+00
275 0 +1.238216083e+01 +1.620216083e+01 +1.620216083e+01 +3.3270e+00 -1.9792e+00 +1.0616e+00
277 0 +1.035398208e+01 +1.417398208e+01 +1.417398208e+01 +3.0245e+00 -1.9792e+00 +1.3641e+00
% f evaluations | g evaluations | best noise-free fitness - Fopt (2.175000000000e+01) + sum g_i+ | measured fitness | best measured fitness or single-digit g-values | x1 | x2...
1 0 +8.340418923e+01 +1.051541892e+02 +1.051541892e+02 +0.0000e+00 +0.0000e+00 +0.0000e+00
25 0 +8.027024929e+01 +1.020202493e+02 +1.020202493e+02 -1.6605e+00 +1.3252e+00 +2.3964e+00
28 0 +6.541839955e+01 +8.716839955e+01 +8.716839955e+01 -1.6605e+00 +1.3252e+00 +2.6360e+00
119 0 +5.231560745e+01 +7.406560745e+01 +7.406560745e+01 +5.5561e-01 +3.0536e+00 +1.2997e+00
121 0 +4.224630798e+01 +6.399630798e+01 +6.399630798e+01 +5.7989e-01 +2.8993e+00 +1.3920e+00
122 0 +2.512102230e+01 +4.687102230e+01 +4.687102230e+01 +5.7433e-01 +2.9082e+00 +1.5732e+00
123 0 +1.778645449e+01 +3.953645449e+01 +3.953645449e+01 +6.3815e-01 +2.7756e+00 +2.0097e+00
127 0 +1.752747349e+01 +3.927747349e+01 +3.927747349e+01 +6.4454e-01 +2.7758e+00 +1.9187e+00
176 0 +1.074764317e+01 +3.249764317e+01 +3.249764317e+01 +1.5700e+00 +2.4718e+00 +1.4225e+00
177 0 +9.907255147e+00 +3.165725515e+01 +3.165725515e+01 +1.8171e+00 +2.4718e+00 +1.4225e+00
178 0 +7.360837640e+00 +2.911083764e+01 +2.911083764e+01 +1.5700e+00 +2.7189e+00 +1.4225e+00
575 0 +5.518014671e+00 +2.726801467e+01 +2.726801467e+01 +2.5065e+00 +3.4938e+00 +1.2710e+00
% f evaluations | g evaluations | best noise-free fitness - Fopt (6.479000000000e+01) + sum g_i+ | measured fitness | best measured fitness or single-digit g-values | x1 | x2...
1 0 +1.081542640e+02 +1.729442640e+02 +1.729442640e+02 +0.0000e+00 +0.0000e+00 +0.0000e+00
5 0 +6.756481718e+01 +1.323548172e+02 +1.323548172e+02 +0.0000e+00 +0.0000e+00 +1.0000e-01
85 0 +4.106284573e+01 +1.058528457e+02 +1.058528457e+02 -5.5859e-02 +1.9395e+00 -2.0925e+00
117 0 +2.504802043e+01 +8.983802043e+01 +8.983802043e+01 -2.3997e+00 -2.9581e+00 +9.7275e-01
118 0 +3.105041570e+00 +6.789504157e+01 +6.789504157e+01 -1.9610e+00 -3.4643e+00 +1.4297e+00
121 0 +2.870195298e+00 +6.766019530e+01 +6.766019530e+01 -1.8444e+00 -3.5417e+00 +1.2836e+00
123 0 +2.700690770e+00 +6.749069077e+01 +6.749069077e+01 -1.9113e+00 -3.6067e+00 +1.2444e+00
124 0 +2.596527987e+00 +6.738652799e+01 +6.738652799e+01 -1.9365e+00 -3.6779e+00 +1.1771e+00
125 0 +2.557706949e+00 +6.734770695e+01 +6.734770695e+01 -2.0280e+00 -3.7211e+00 +1.1748e+00
322 0 +2.271365801e+00 +6.706136580e+01 +6.706136580e+01 -1.4865e+00 -2.0629e+00 +8.2480e-01
% f evaluations | g evaluations | best noise-free fitness - Fopt (-2.154600000000e+02) + sum g_i+ | measured fitness | best measured fitness or single-digit g-values | x1 | x2...
1 0 +3.690079047e+02 +1.535479047e+02 +1.535479047e+02 +0.0000e+00 +0.0000e+00 +0.0000e+00
31 0 +2.440270118e+02 +2.856701180e+01 +2.856701180e+01 -3.6962e+00 -1.0110e+00 -1.6154e-01
64 0 +2.086944907e+02 -6.765509292e+00 -6.765509292e+00 +2.7765e+00 +1.8940e+00 -4.2031e-01
136 0 +1.932545537e+02 -2.220544635e+01 -2.220544635e+01 -3.0617e+00 +3.6699e-01 +3.9025e+00
193 0 +5.560743906e+01 -1.598525609e+02 -1.598525609e+02 -1.3453e+00 +1.1527e+00 -1.5430e+00
195 0 +4.060401694e+01 -1.748559831e+02 -1.748559831e+02 -1.3453e+00 +1.3070e+00 -1.5430e+00
275 0 +3.338925833e+01 -1.820707417e+02 -1.820707417e+02 -1.8144e+00 +1.4893e+00 -5.6301e-01
549 0 +2.033789688e-01 -2.152566210e+02 -2.152566210e+02 +2.0032e+00 +3.2411e+00 -2.7257e+00
552 0 +1.463867036e-01 -2.153136133e+02 -2.153136133e+02 +2.0032e+00 +3.2411e+00 -2.4016e+00
% f evaluations | g evaluations | best noise-free fitness - Fopt (-3.217200000000e+02) + sum g_i+ | measured fitness | best measured fitness or single-digit g-values | x1 | x2...
1 0 +5.195368468e+01 -2.697663153e+02 -2.697663153e+02 +0.0000e+00 +0.0000e+00 +0.0000e+00
310 0 +4.510483319e+01 -2.766151668e+02 -2.766151668e+02 +1.2197e+00 -1.7382e+00 -4.6327e-01
335 0 +3.504919315e+01 -2.866708068e+02 -2.866708068e+02 +8.6484e-02 -3.0965e+00 +6.5551e-01
336 0 +3.068849884e+01 -2.910315012e+02 -2.910315012e+02 +8.6484e-02 -3.4406e+00 +9.9957e-01
448 0 +2.525291972e+01 -2.964670803e+02 -2.964670803e+02 +2.4637e+00 -5.2318e-02 +2.2516e-01
539 0 +1.582953731e+01 -3.058904627e+02 -3.058904627e+02 +1.4053e+00 -2.7186e+00 +1.5238e+00
% f evaluations | g evaluations | best noise-free fitness - Fopt (-1.042000000000e+02) + sum g_i+ | measured fitness | best measured fitness or single-digit g-values | x1 | x2...
1 0 +2.079109210e+02 +1.037109210e+02 +1.037109210e+02 +0.0000e+00 +0.0000e+00 +0.0000e+00
75 0 +6.610058612e+01 -3.809941388e+01 -3.809941388e+01 -2.9409e+00 +4.6834e-01 -2.6632e+00
78 0 +6.240394353e+01 -4.179605647e+01 -4.179605647e+01 -2.9409e+00 +4.6834e-01 -2.3691e+00
79 0 +4.398252943e+01 -6.021747057e+01 -6.021747057e+01 -2.9409e+00 +4.6834e-01 -2.9572e+00
181 0 +2.179527330e+01 -8.240472670e+01 -8.240472670e+01 -2.0663e+00 -3.2107e+00 -5.1498e-01
183 0 +1.383126318e+01 -9.036873682e+01 -9.036873682e+01 -2.0663e+00 -2.8897e+00 -5.1498e-01
% f evaluations | g evaluations | best noise-free fitness - Fopt (6.147000000000e+01) + sum g_i+ | measured fitness | best measured fitness or single-digit g-values | x1 | x2...
1 0 +1.798011080e+02 +2.412711080e+02 +2.412711080e+02 +0.0000e+00 +0.0000e+00 +0.0000e+00
4 0 +1.730516381e+02 +2.345216381e+02 +2.345216381e+02 +0.0000e+00 +1.0000e-01 +0.0000e+00
31 0 +9.721686808e+00 +7.119168681e+01 +7.119168681e+01 +9.3871e-01 +2.6743e+00 +5.6912e-01
32 0 +8.290639862e+00 +6.976063986e+01 +6.976063986e+01 +1.2061e+00 +2.6743e+00 +5.6912e-01
% f evaluations | g evaluations | best noise-free fitness - Fopt (-2.754000000000e+01) + sum g_i+ | measured fitness | best measured fitness or single-digit g-values | x1 | x2...
1 0 +4.867099875e+02 +4.591699875e+02 +4.591699875e+02 +0.0000e+00 +0.0000e+00 +0.0000e+00
51 0 +1.524825143e+00 -2.601517486e+01 -2.601517486e+01 -2.5198e+00 -2.2982e+00 +1.2123e-01
54 0 +1.329165746e+00 -2.621083425e+01 -2.621083425e+01 -2.5198e+00 -2.2982e+00 +3.7321e-01
% f evaluations | g evaluations | best noise-free fitness - Fopt (1.095000000000e+01) + sum g_i+ | measured fitness | best measured fitness or single-digit g-values | x1 | x2...
1 0 +5.419743834e+01 +6.514743834e+01 +6.514743834e+01 +0.0000e+00 +0.0000e+00 +0.0000e+00
61 0 +5.224206985e+01 +6.319206985e+01 +6.319206985e+01 +6.0089e-01 -3.3793e+00 -1.5613e+00
62 0 +3.556417234e+01 +4.651417234e+01 +4.651417234e+01 +3.7988e-01 -3.1145e+00 -1.7707e+00
92 0 +2.728188249e+01 +3.823188249e+01 +3.823188249e+01 +3.7979e+00 +2.5762e+00 +2.1769e+00
163 0 +2.132245982e+01 +3.227245982e+01 +3.227245982e+01 +2.7668e-01 -7.8864e-02 -6.4798e-01
209 0 +5.856814795e+00 +1.680681480e+01 +1.680681480e+01 -1.2559e+00 -3.2961e+00 -3.9776e+00
211 0 +3.730824833e+00 +1.468082483e+01 +1.468082483e+01 -1.2559e+00 -2.8983e+00 -3.9776e+00
214 0 +3.104289476e+00 +1.405428948e+01 +1.405428948e+01 -1.0662e+00 -2.8387e+00 -3.9776e+00
215 0 +2.505064632e+00 +1.345506463e+01 +1.345506463e+01 -1.0084e+00 -2.6484e+00 -3.9776e+00
217 0 +1.734799692e+00 +1.268479969e+01 +1.268479969e+01 -9.9680e-01 -2.6376e+00 -3.8794e+00
218 0 +1.198681289e+00 +1.214868129e+01 +1.214868129e+01 -1.0783e+00 -2.5984e+00 -3.8381e+00
219 0 +1.054336840e+00 +1.200433684e+01 +1.200433684e+01 -1.0909e+00 -2.5574e+00 -3.7484e+00
% f evaluations | g evaluations | best noise-free fitness - Fopt (7.520000000000e+01) + sum g_i+ | measured fitness | best measured fitness or single-digit g-values | x1 | x2...
1 0 +7.557699718e+01 +1.507769972e+02 +1.507769972e+02 +0.0000e+00 +0.0000e+00 +0.0000e+00
63 0 +7.055960371e+01 +1.457596037e+02 +1.457596037e+02 +1.5607e+00 +1.1978e+00 +2.9901e+00
67 0 +5.282740145e+01 +1.280274015e+02 +1.280274015e+02 +1.5607e+00 +9.9138e-01 +2.7737e+00
91 0 +4.922703725e+01 +1.244270372e+02 +1.244270372e+02 +1.4324e+00 -3.4072e-01 +5.5503e-01
153 0 +4.667903096e+01 +1.218790310e+02 +1.218790310e+02 -4.3448e+00 -1.1117e-01 +2.2518e-01
160 0 +4.494848300e+01 +1.201484830e+02 +1.201484830e+02 -4.3465e+00 -1.0823e-01 +2.2751e-01
215 0 +2.195264119e+01 +9.715264119e+01 +9.715264119e+01 -6.7027e-01 -3.4156e-01 +3.1098e+00
216 0 +1.147533313e+01 +8.667533313e+01 +8.667533313e+01 -5.0273e-01 -6.8158e-01 +1.6275e+00
% f evaluations | g evaluations | best noise-free fitness - Fopt (-2.819100000000e+02) + sum g_i+ | measured fitness | best measured fitness or single-digit g-values | x1 | x2...
1 0 +8.588752215e+02 +5.769652215e+02 +5.769652215e+02 +0.0000e+00 +0.0000e+00 +0.0000e+00
103 0 +7.681033363e+02 +4.861933363e+02 +4.861933363e+02 -2.2967e+00 -7.8275e-01 +1.4324e+00
104 0 +7.174689058e+02 +4.355589058e+02 +4.355589058e+02 -2.2967e+00 -1.0124e+00 +1.6621e+00
165 0 +5.042299157e+02 +2.223199157e+02 +2.223199157e+02 +4.4674e+00 +1.7273e+00 +4.7064e-01
166 0 +3.971095754e+02 +1.151995754e+02 +1.151995754e+02 +4.7717e+00 +2.2836e+00 +7.0053e-01
167 0 +3.241288947e+02 +4.221889465e+01 +4.221889465e+01 +4.9481e+00 +2.6174e+00 +6.8772e-01
217 0 +1.158034816e+02 -1.661065184e+02 -1.661065184e+02 -2.4260e+00 +3.8627e-01 +4.5231e+00
219 0 +8.578272631e+01 -1.961272737e+02 -1.961272737e+02 -2.4260e+00 +8.3858e-01 +4.5231e+00
388 0 +7.890846970e+01 -2.030015303e+02 -2.030015303e+02 -1.0745e+00 +2.7964e+00 +7.6174e-01
% f evaluations | g evaluations | best noise-free fitness - Fopt (6.998000000000e+01) + sum g_i+ | measured fitness | best measured fitness or single-digit g-values | x1 | x2...
1 0 +3.965689917e+02 +4.665489917e+02 +4.665489917e+02 +0.0000e+00 +0.0000e+00 +0.0000e+00
4 0 +2.995261340e+02 +3.695061340e+02 +3.695061340e+02 +0.0000e+00 +1.0000e-01 +0.0000e+00
7 0 +2.899106982e+02 +3.598906982e+02 +3.598906982e+02 -3.4981e-02 +9.2739e-02 -3.4981e-02
42 0 +2.177107799e+02 +2.876907799e+02 +2.876907799e+02 +1.0618e+00 +1.5480e+00 +1.9535e+00
43 0 +1.870286237e+02 +2.570086237e+02 +2.570086237e+02 +5.9552e-01 +2.0382e+00 +1.9535e+00
44 0 +1.459968548e+02 +2.159768548e+02 +2.159768548e+02 +5.9552e-01 +2.0382e+00 +1.3799e+00
45 0 +1.115152309e+02 +1.814952309e+02 +1.814952309e+02 +1.0111e+00 +2.4336e+00 +1.3799e+00
46 0 +5.598607392e+01 +1.259660739e+02 +1.259660739e+02 +1.0790e+00 +2.8438e+00 +9.8487e-01
47 0 +3.950087755e+01 +1.094808775e+02 +1.094808775e+02 +1.1901e+00 +3.7172e+00 +1.0751e-01
110 0 +5.531737111e+00 +7.551173711e+01 +7.551173711e+01 -3.8944e+00 +1.4436e+00 +2.1598e+00
113 0 +3.704527487e+00 +7.368452749e+01 +7.368452749e+01 -4.0506e+00 +1.6695e+00 +2.1436e+00
496 0 +1.809245765e+00 +7.178924576e+01 +7.178924576e+01 -4.0488e+00 +1.5952e+00 +1.8994e-01
499 0 +7.049836860e-01 +7.068498369e+01 +7.068498369e+01 -3.8661e+00 +1.6596e+00 +2.4883e-01
502 0 +4.030579719e-01 +7.038305797e+01 +7.038305797e+01 -3.8387e+00 +1.6469e+00 +3.4542e-01
503 0 +3.104040333e-01 +7.029040403e+01 +7.029040403e+01 -3.7490e+00 +1.6767e+00 +3.8168e-01
505 0 +3.076032634e-01 +7.028760326e+01 +7.028760326e+01 -3.7276e+00 +1.6463e+00 +3.6560e-01
% f evaluations | g evaluations | best noise-free fitness - Fopt (3.528000000000e+01) + sum g_i+ | measured fitness | best measured fitness or single-digit g-values | x1 | x2...
1 0 +1.454507451e+02 +1.807307451e+02 +1.807307451e+02 +0.0000e+00 +0.0000e+00 +0.0000e+00
35 0 +1.255460488e+02 +1.608260488e+02 +1.608260488e+02 +1.2288e+00 -3.0609e+00 +4.1984e-01
36 0 +9.832186334e+01 +1.336018633e+02 +1.336018633e+02 +1.5691e+00 -2.6571e+00 +2.3240e-02
37 0 +6.211448085e+01 +9.739448085e+01 +9.739448085e+01 +1.9933e+00 -2.6804e+00 -4.8234e-01
38 0 +1.991332063e+01 +5.519332063e+01 +5.519332063e+01 +3.1544e+00 -2.7093e+00 -1.8654e+00
40 0 +7.631153568e+00 +4.291115357e+01 +4.291115357e+01 +2.9836e+00 -2.5593e+00 -2.0618e+00
80 0 +4.800721569e+00 +4.008072157e+01 +4.008072157e+01 +2.4777e+00 +1.6897e+00 -2.9365e+00
82 0 +4.088008186e+00 +3.936800819e+01 +3.936800819e+01 +2.7269e+00 +1.8519e+00 -2.9876e+00
83 0 +3.689442229e+00 +3.896944223e+01 +3.896944223e+01 +2.6581e+00 +1.9089e+00 -3.2758e+00
84 0 +2.637741341e+00 +3.791774134e+01 +3.791774134e+01 +2.5731e+00 +2.1968e+00 -3.2448e+00
85 0 +1.364896472e+00 +3.664489647e+01 +3.664489647e+01 +2.5922e+00 +2.4931e+00 -3.2986e+00
86 0 +6.191690289e-01 +3.589916903e+01 +3.589916903e+01 +2.6361e+00 +3.6842e+00 -3.4880e+00
