% f evaluations | g evaluations | best noise-free fitness - Fopt (-5.494000000000e+01) + sum g_i+ | measured fitness | best measured fitness or single-digit g-values | x1 | x2...
1 0 +4.960016909e+06 +4.959961969e+06 +4.959961969e+06 +0.0000e+00 +0.0000e+00 +0.0000e+00 +0.0000e+00 +0.0000e+00 +0.0000e+00 +0.0000e+00 +0.0000e+00 +0.0000e+00 +0.0000e+00 +0.0000e+00 +0.0000e+00 +0.0000e+00 +0.0000e+00 +0.0000e+00 +0.0000e+00 +0.0000e+00 +0.0000e+00 +0.0000e+00 +0.0000e+00
7 0 +4.946783137e+06 +4.946728197e+06 +4.946728197e+06 +0.0000e+00 +0.0000e+00 +0.0000e+00 +0.0000e+00 +1.0000e-01 +0.0000e+00 +0.0000e+00 +0.0000e+00 +0.0000e+00 +0.0000e+00 +0.0000e+00 +0.0000e+00 +0.0000e+00 +0.0000e+00 +0.0000e+00 +0.0000e+00 +0.0000e+00 +0.0000e+00 +0.0000e+00 +0.0000e+00
23 0 +4.754497682e+06 +4.754442742e+06 +4.754442742e+06 -4.8580e-02 -2.1738e-02 -2.5543e-02 -1.1275e-02 +8.6171e-03 +9.1163e-03 -7.7948e-03 -1.9519e-02 -4.1128e-02 +5.3330e-03 -1.9749e-02 +2.2018e-02 -4.7416e-04 -3.5648e-02 -3.8023e-03 +6.6373e-03 +1.5665e-02 +1.3789e-01 -1.2530e-02 -5.1372e-03
24 0 +4.091865876e+06 +4.091810936e+06 +4.091810936e+06 -2.3826e-01 -1.0031e-01 -1.1987e-01 -4.6537e-02 +5.5694e-02 +5.8260e-02 -2.8652e-02 -8.8906e-02 -1.9996e-01 +3.8816e-02 -9.0088e-02 +1.2457e-01 +8.9715e-03 -1.7180e-01 -8.1328e-03 +4.5520e-02 +9.1915e-02 +3.0614e-01 -5.2987e-02 -1.4994e-02
25 0 +1.602783321e+06 +1.602728381e+06 +1.602728381e+06 -1.0203e+00 -4.9569e-01 -5.7006e-01 -2.9121e-01 +9.7539e-02 +1.0730e-01 -2.2320e-01 -4.5233e-01 -8.7463e-01 +3.3358e-02 -4.5682e-01 +3.5943e-01 -8.0132e-02 -7.6754e-01 -1.4517e-01 +5.8849e-02 +2.3527e-01 +7.6965e-01 -3.1574e-01 -1.7126e-01
26 0 +1.234275923e+06 +1.234220983e+06 +1.234220983e+06 -1.4895e+00 -7.0798e-01 -8.1878e-01 -4.0334e-01 +1.7584e-01 +1.9037e-01 -3.0202e-01 -6.4338e-01 -1.2725e+00 +8.0216e-02 -6.5008e-01 +5.6601e-01 -8.8866e-02 -1.1130e+00 -1.8577e-01 +1.1819e-01 +3.8104e-01 +1.2157e+00 -4.3988e-01 -2.2464e-01
28 0 +1.133502865e+06 +1.133447925e+06 +1.133447925e+06 -1.8579e+00 -6.6958e-01 -7.9489e-01 -3.2508e-01 +3.2991e-01 +3.4635e-01 -2.1049e-01 -5.9653e-01 -1.3080e+00 +2.2177e-01 -6.0410e-01 +7.7116e-01 +3.0561e-02 -1.1276e+00 -7.9024e-02 +2.6472e-01 +5.6197e-01 +1.4686e+00 -3.6640e-01 -1.2298e-01
32 0 +1.073757358e+06 +1.073702418e+06 +1.073702418e+06 -1.8585e+00 -6.6023e-01 -8.6609e-01 -3.1572e-01 +3.3926e-01 +3.5570e-01 -2.0113e-01 -5.8718e-01 -1.3085e+00 +2.3113e-01 -5.9475e-01 +7.1028e-01 +3.9916e-02 -1.1280e+00 -6.9670e-02 +2.7408e-01 +5.7132e-01 +1.4691e+00 -3.5705e-01 -1.1363e-01
33 0 +1.064406610e+06 +1.064351670e+06 +1.064351670e+06 -1.8824e+00 -6.6361e-01 -8.1593e-01 -3.1779e-01 +3.3971e-01 +3.5621e-01 -2.0276e-01 -5.9028e-01 -1.3289e+00 +2.3116e-01 -5.9788e-01 +6.4167e-01 +3.9213e-02 -1.1423e+00 -7.0792e-02 +2.7427e-01 +5.7266e-01 +1.4879e+00 -3.5927e-01 -1.1492e-01
37 0 +1.036446550e+06 +1.036391610e+06 +1.036391610e+06 -1.8922e+00 -7.3540e-01 -8.2187e-01 -3.1539e-01 +3.4311e-01 +3.5964e-01 -2.0019e-01 -5.4397e-01 -1.3373e+00 +2.3439e-01 -5.5125e-01 +6.4398e-01 +4.2154e-02 -1.1482e+00 -6.8020e-02 +2.7757e-01 +5.1176e-01 +1.4956e+00 -3.5694e-01 -1.1221e-01
% f evaluations | g evaluations | best noise-free fitness - Fopt (5.913000000000e+01) + sum g_i+ | measured fitness | best measured fitness or single-digit g-values | x1 | x2...
1 0 +2.310036092e+06 +2.310095222e+06 +2.310095222e+06 +0.0000e+00 +0.0000e+00 +0.0000e+00 +0.0000e+00 +0.0000e+00 +0.0000e+00 +0.0000e+00 +0.0000e+00 +0.0000e+00 +0.0000e+00 +0.0000e+00 +0.0000e+00 +0.0000e+00 +0.0000e+00 +0.0000e+00 +0.0000e+00 +0.0000e+00 +0.0000e+00 +0.0000e+00 +0.0000e+00
4 0 +2.292377191e+06 +2.292436321e+06 +2.292436321e+06 +0.0000e+00 +1.0000e-01 +0.0000e+00 +0.0000e+00 +0.0000e+00 +0.0000e+00 +0.0000e+00 +0.0000e+00 +0.0000e+00 +0.0000e+00 +0.0000e+00 +0.0000e+00 +0.0000e+00 +0.0000e+00 +0.0000e+00 +0.0000e+00 +0.0000e+00 +0.0000e+00 +0.0000e+00 +0.0000e+00
10 0 +2.278914417e+06 +2.278973547e+06 +2.278973547e+06 +0.0000e+00 +0.0000e+00 +0.0000e+00 +0.0000e+00 +0.0000e+00 +0.0000e+00 +0.0000e+00 +1.0000e-01 +0.0000e+00 +0.0000e+00 +0.0000e+00 +0.0000e+00 +0.0000e+00 +0.0000e+00 +0.0000e+00 +0.0000e+00 +0.0000e+00 +0.0000e+00 +0.0000e+00 +0.0000e+00
23 0 +2.147202981e+06 +2.147262111e+06 +2.147262111e+06 -7.6041e-03 +1.5496e-02 -4.6964e-02 -1.1798e-02 +5.1833e-03 -1.8987e-02 -2.6401e-02 +2.7310e-02 -1.2190e-02 +2.7567e-03 +1.5098e-01 -1.6587e-02 -1.8972e-02 +1.9525e-02 -1.7145e-02 -1.2099e-02 +2.5769e-02 +1.4318e-02 +2.1086e-02 +1.1599e-03
24 0 +1.796876191e+06 +1.796935321e+06 +1.796935321e+06 -3.8840e-02 +7.9150e-02 -2.3988e-01 -6.0264e-02 +2.6475e-02 -9.6980e-02 -1.3485e-01 +1.3949e-01 -6.2264e-02 +1.4081e-02 +3.3839e-01 -8.4723e-02 -9.6903e-02 +9.9730e-02 -8.7571e-02 -6.1798e-02 +1.3162e-01 +7.3132e-02 +1.0770e-01 +5.9244e-03
25 0 +1.613310961e+06 +1.613370091e+06 +1.613370091e+06 -1.7610e-01 +3.5886e-01 -1.0876e+00 -2.7323e-01 +1.2004e-01 -4.3970e-01 -6.1140e-01 +6.3245e-01 -2.8230e-01 +6.3841e-02 +7.2402e-01 -3.8413e-01 -4.3935e-01 +4.5217e-01 -3.9704e-01 -2.8019e-01 +5.9676e-01 +3.3157e-01 +4.8830e-01 +2.6861e-02
26 0 +1.351079151e+06 +1.351138281e+06 +1.351138281e+06 -1.9243e-01 +3.9214e-01 -7.1834e-01 -2.9857e-01 +1.3117e-01 -4.8048e-01 -6.6810e-01 +6.9110e-01 -3.0848e-01 +6.9762e-02 +1.1032e+00 -4.1975e-01 -4.8010e-01 +4.9410e-01 -4.3386e-01 -3.0617e-01 +6.5211e-01 +3.6232e-01 +5.3359e-01 +2.9352e-02
27 0 +1.321831753e+06 +1.321890883e+06 +1.321890883e+06 -1.9652e-01 +4.0048e-01 -7.6152e-01 -3.0492e-01 +1.3396e-01 -4.9069e-01 -4.4094e-01 +7.0580e-01 -3.1504e-01 +7.1245e-02 +1.1982e+00 -4.2868e-01 -4.9031e-01 +5.0461e-01 -4.4309e-01 -3.1268e-01 +6.6598e-01 +3.7003e-01 +5.4494e-01 +2.9976e-02
28 0 +1.282113424e+06 +1.282172554e+06 +1.282172554e+06 -2.4020e-01 +3.5681e-01 -7.4802e-01 -3.4859e-01 +9.0284e-02 -6.3937e-01 -4.3335e-01 +6.6212e-01 -3.5871e-01 +2.7572e-02 +1.1791e+00 -4.7235e-01 -5.3398e-01 +4.6093e-01 -4.8676e-01 -3.5635e-01 +6.2230e-01 +3.2635e-01 +5.0127e-01 -1.3697e-02
30 0 +1.255713199e+06 +1.255772329e+06 +1.255772329e+06 -2.7977e-01 +3.2695e-01 -7.7052e-01 -3.8993e-01 +5.6090e-02 -4.9149e-01 -4.5157e-01 +6.3723e-01 -4.0021e-01 -7.6421e-03 +1.2375e+00 -5.1570e-01 -5.1057e-01 +4.3277e-01 -6.0390e-01 -3.9781e-01 +5.9676e-01 +2.9600e-01 +4.7376e-01 -4.9582e-02
31 0 +1.227994969e+06 +1.228054099e+06 +1.228054099e+06 -2.9126e-01 +3.2107e-01 -7.8705e-01 -4.0244e-01 +4.7708e-02 -5.0384e-01 -4.6408e-01 +6.3423e-01 -4.1282e-01 -1.6614e-02 +1.2762e+00 -5.2937e-01 -4.4819e-01 +4.2787e-01 -5.5042e-01 -4.1040e-01 +5.9339e-01 +2.8984e-01 +4.6924e-01 -5.8943e-02
33 0 +1.199338432e+06 +1.199397562e+06 +1.199397562e+06 -3.0274e-01 +3.1502e-01 -8.0290e-01 -4.1490e-01 +3.9229e-02 -5.1571e-01 -4.7610e-01 +6.3095e-01 -4.3961e-01 -2.5663e-02 +1.3134e+00 -3.9756e-01 -4.5344e-01 +4.2276e-01 -5.5911e-01 -4.2293e-01 +5.8974e-01 +2.8351e-01 +4.6450e-01 -6.8366e-02
35 0 +1.166894095e+06 +1.166953225e+06 +1.166953225e+06 -3.1641e-01 +3.0672e-01 -8.1790e-01 -3.5083e-01 +2.8529e-02 -5.2719e-01 -4.8761e-01 +6.2539e-01 -4.5049e-01 -3.6927e-02 +1.3493e+00 -4.0395e-01 -4.5836e-01 +4.1540e-01 -5.6747e-01 -3.6825e-01 +5.8383e-01 +2.7493e-01 +4.5750e-01 -8.0002e-02
38 0 +1.134018309e+06 +1.134077439e+06 +1.134077439e+06 -3.1520e-01 +3.1771e-01 -8.1042e-01 -3.4895e-01 +3.9529e-02 -5.2417e-01 -4.8341e-01 +6.3639e-01 -4.4855e-01 -1.3127e-01 +1.3377e+00 -4.0131e-01 -4.5535e-01 +4.2640e-01 -5.6474e-01 -3.6633e-01 +5.9483e-01 +2.8593e-01 +4.6849e-01 -8.0187e-02
39 0 +1.005849351e+06 +1.005908481e+06 +1.005908481e+06 -3.8574e-01 +3.2587e-01 -7.9189e-01 -3.2222e-01 +3.7434e-02 -5.3981e-01 -4.8616e-01 +6.5629e-01 -4.7358e-01 -1.5611e-01 +1.3652e+00 -3.9946e-01 -4.4301e-01 +4.3856e-01 -5.7030e-01 -3.8254e-01 +6.1319e-01 +2.9291e-01 +4.8220e-01 -8.8893e-02
40 0 +7.376702337e+05 +7.377293637e+05 +7.377293637e+05 -5.4570e-01 +3.8400e-01 -7.2746e-01 -2.5488e-01 -2.5436e-01 -5.6736e-01 -4.8044e-01 +7.4161e-01 -5.2600e-01 -2.1194e-01 +1.3954e+00 -3.8758e-01 -4.0574e-01 +5.0596e-01 -5.7531e-01 -4.1458e-01 +6.9497e-01 +3.4833e-01 +5.5320e-01 -1.0960e-01
41 0 +6.856087313e+05 +6.856678613e+05 +6.856678613e+05 -5.8753e-01 +4.1905e-01 -7.1136e-01 -2.3749e-01 -2.4578e-01 -5.7483e-01 -4.7934e-01 +7.8377e-01 -5.3985e-01 -2.2646e-01 +1.4038e+00 -3.8473e-01 -3.9631e-01 +5.4344e-01 -5.7687e-01 -4.2312e-01 +7.3620e-01 +1.8047e-01 +5.9161e-01 -1.1498e-01
% f evaluations | g evaluations | best noise-free fitness - Fopt (-4.915300000000e+02) + sum g_i+ | measured fitness | best measured fitness or single-digit g-values | x1 | x2...
1 0 +1.984097753e+06 +1.983606223e+06 +1.983606223e+06 +0.0000e+00 +0.0000e+00 +0.0000e+00 +0.0000e+00 +0.0000e+00 +0.0000e+00 +0.0000e+00 +0.0000e+00 +0.0000e+00 +0.0000e+00 +0.0000e+00 +0.0000e+00 +0.0000e+00 +0.0000e+00 +0.0000e+00 +0.0000e+00 +0.0000e+00 +0.0000e+00 +0.0000e+00 +0.0000e+00
4 0 +1.925547486e+06 +1.925055956e+06 +1.925055956e+06 +0.0000e+00 +1.0000e-01 +0.0000e+00 +0.0000e+00 +0.0000e+00 +0.0000e+00 +0.0000e+00 +0.0000e+00 +0.0000e+00 +0.0000e+00 +0.0000e+00 +0.0000e+00 +0.0000e+00 +0.0000e+00 +0.0000e+00 +0.0000e+00 +0.0000e+00 +0.0000e+00 +0.0000e+00 +0.0000e+00
13 0 +1.898645394e+06 +1.898153864e+06 +1.898153864e+06 +0.0000e+00 +0.0000e+00 +0.0000e+00 +0.0000e+00 +0.0000e+00 +0.0000e+00 +0.0000e+00 +0.0000e+00 +0.0000e+00 +0.0000e+00 +1.0000e-01 +0.0000e+00 +0.0000e+00 +0.0000e+00 +0.0000e+00 +0.0000e+00 +0.0000e+00 +0.0000e+00 +0.0000e+00 +0.0000e+00
23 0 +1.687717030e+06 +1.687225500e+06 +1.687225500e+06 -1.8295e-02 +2.9609e-02 -1.4465e-02 +3.1472e-03 -1.3034e-02 -4.4773e-02 +1.4088e-02 -1.7677e-02 -4.6813e-03 +2.7120e-02 +1.4321e-01 -7.7884e-04 -8.4413e-03 -2.9969e-02 -3.2929e-04 -2.9381e-02 +2.6048e-02 +2.3211e-02 +1.4376e-02 +1.4076e-03
24 0 +1.084106072e+06 +1.083614542e+06 +1.083614542e+06 -8.9971e-02 +1.4561e-01 -7.1136e-02 +1.5477e-02 -6.4101e-02 -2.2019e-01 +6.9284e-02 -8.6931e-02 -2.3022e-02 +1.3337e-01 +3.3075e-01 -3.8302e-03 -4.1513e-02 -1.4738e-01 -1.6194e-03 -1.4449e-01 +1.2810e-01 +1.1415e-01 +7.0700e-02 +6.9225e-03
25 0 +6.802144131e+05 +6.797228831e+05 +6.797228831e+05 -2.0916e-01 +3.3851e-01 -1.6538e-01 +3.5981e-02 -1.4902e-01 -5.1189e-01 +1.6107e-01 -2.0210e-01 -5.3521e-02 +3.1006e-01 +4.3942e-01 -8.9044e-03 -9.6508e-02 -3.4263e-01 -3.7647e-03 -3.3591e-01 +2.9780e-01 +2.6537e-01 +1.6436e-01 +1.6093e-02
26 0 +6.413284079e+05 +6.408368779e+05 +6.408368779e+05 -2.2805e-01 +3.6908e-01 -1.8031e-01 +3.9230e-02 -1.6248e-01 -3.9634e-01 +1.7562e-01 -2.2034e-01 -5.8354e-02 +3.3806e-01 +5.6433e-01 -9.7084e-03 -1.0522e-01 -3.7357e-01 -4.1047e-03 -3.6624e-01 +3.2469e-01 +2.8933e-01 +1.7920e-01 +1.7547e-02
28 0 +6.298982338e+05 +6.294067038e+05 +6.294067038e+05 -2.5408e-01 +3.5853e-01 -2.0510e-01 +2.0130e-02 -1.8681e-01 -4.1954e-01 +1.6005e-01 -2.4618e-01 -7.9985e-02 +3.2671e-01 +5.9537e-01 -3.0078e-02 -1.2807e-01 -2.8288e-01 -2.4329e-02 -4.3419e-01 +3.1299e-01 +2.7672e-01 +1.6373e-01 -2.1165e-03
31 0 +6.126031441e+05 +6.121116141e+05 +6.121116141e+05 -2.1887e-01 +3.5479e-01 -2.3784e-01 -1.0218e-03 -2.1861e-01 -4.7149e-01 +1.4610e-01 -2.1005e-01 -1.0629e-01 +3.2133e-01 +6.6564e-01 -5.3813e-02 -1.5684e-01 -3.1839e-01 -4.7768e-02 -3.8639e-01 +3.0691e-01 +2.6876e-01 +1.4997e-01 -2.4412e-02
39 0 +5.989132651e+05 +5.984217351e+05 +5.984217351e+05 -2.3830e-01 +3.4074e-01 -1.9297e-01 +2.6564e-02 -1.7279e-01 -5.1252e-01 +1.2341e-01 -2.2512e-01 -1.1836e-01 +3.0590e-01 +7.2071e-01 +4.9604e-02 -1.7242e-01 -3.4649e-01 -8.7104e-02 -4.1452e-01 +2.9088e-01 +2.5116e-01 +1.2744e-01 +5.2948e-03
% f evaluations | g evaluations | best noise-free fitness - Fopt (-1.702000000000e+02) + sum g_i+ | measured fitness | best measured fitness or single-digit g-values | x1 | x2...
1 0 +1.108156324e+07 +1.108139304e+07 +1.108139304e+07 +0.0000e+00 +0.0000e+00 +0.0000e+00 +0.0000e+00 +0.0000e+00 +0.0000e+00 +0.0000e+00 +0.0000e+00 +0.0000e+00 +0.0000e+00 +0.0000e+00 +0.0000e+00 +0.0000e+00 +0.0000e+00 +0.0000e+00 +0.0000e+00 +0.0000e+00 +0.0000e+00 +0.0000e+00 +0.0000e+00
6 0 +1.101072763e+07 +1.101055743e+07 +1.101055743e+07 +0.0000e+00 +0.0000e+00 +0.0000e+00 +1.0000e-01 +0.0000e+00 +0.0000e+00 +0.0000e+00 +0.0000e+00 +0.0000e+00 +0.0000e+00 +0.0000e+00 +0.0000e+00 +0.0000e+00 +0.0000e+00 +0.0000e+00 +0.0000e+00 +0.0000e+00 +0.0000e+00 +0.0000e+00 +0.0000e+00
7 0 +1.088391714e+07 +1.088374694e+07 +1.088374694e+07 +0.0000e+00 +0.0000e+00 +0.0000e+00 +0.0000e+00 +1.0000e-01 +0.0000e+00 +0.0000e+00 +0.0000e+00 +0.0000e+00 +0.0000e+00 +0.0000e+00 +0.0000e+00 +0.0000e+00 +0.0000e+00 +0.0000e+00 +0.0000e+00 +0.0000e+00 +0.0000e+00 +0.0000e+00 +0.0000e+00
23 0 +1.039876438e+07 +1.039859418e+07 +1.039859418e+07 -1.2274e-03 -2.6976e-02 -4.0771e-02 +1.4477e-02 +1.4039e-01 -2.6070e-02 +9.0645e-04 +1.8701e-02 -1.0864e-02 +3.5969e-02 -5.8669e-03 -6.4767e-03 -1.0101e-02 -2.4206e-02 +8.7319e-03 -2.0775e-02 -2.2417e-02 -2.8121e-02 -1.5327e-02 +2.2912e-02
24 0 +8.484193886e+06 +8.484023686e+06 +8.484023686e+06 -6.1490e-03 -1.3514e-01 -2.0425e-01 +7.2525e-02 +2.9994e-01 -1.3060e-01 +4.5410e-03 +9.3687e-02 -5.4428e-02 +1.8019e-01 -2.9392e-02 -3.2446e-02 -5.0603e-02 -1.2126e-01 +4.3744e-02 -1.0408e-01 -1.1230e-01 -1.4088e-01 -7.6786e-02 +1.1478e-01
25 0 +4.279652986e+06 +4.279482786e+06 +4.279482786e+06 +1.8568e-02 -5.2806e-01 -8.2092e-01 +3.5196e-01 +1.0208e+00 -5.0883e-01 +6.3869e-02 +4.4164e-01 -1.8602e-01 +8.0822e-01 -7.9926e-02 -9.2871e-02 -1.6981e-01 -4.6925e-01 +2.3000e-01 -3.9642e-01 -4.3127e-01 -5.5237e-01 -2.8077e-01 +5.3103e-01
28 0 +4.176815222e+06 +4.176645022e+06 +4.176645022e+06 +2.5084e-02 -5.5388e-01 -8.1789e-01 +3.7820e-01 +1.0351e+00 -5.3351e-01 +7.3064e-02 +4.7318e-01 -1.9161e-01 +8.6145e-01 -7.9237e-02 -9.2947e-02 -1.7444e-01 -4.9159e-01 +2.4902e-01 -4.1445e-01 -4.5136e-01 -5.7962e-01 -2.9196e-01 +5.6786e-01
29 0 +4.098211703e+06 +4.098041503e+06 +4.098041503e+06 +2.9743e-02 -5.6845e-01 -8.5401e-01 +3.9459e-01 +1.0870e+00 -5.4740e-01 +7.9317e-02 +4.9272e-01 -1.9415e-01 +8.0181e-01 -7.8042e-02 -9.2208e-02 -1.7641e-01 -5.0409e-01 +2.6112e-01 -4.2439e-01 -4.6252e-01 -5.9505e-01 -2.9783e-01 +5.9055e-01
30 0 +4.017616740e+06 +4.017446540e+06 +4.017446540e+06 +3.4772e-02 -5.7715e-01 -8.7989e-01 +4.0799e-01 +1.1242e+00 -5.5562e-01 +8.5484e-02 +5.0838e-01 -1.9425e-01 +8.2755e-01 -7.5487e-02 -8.9977e-02 -1.7611e-01 -5.1131e-01 +2.7146e-01 -4.2978e-01 -4.6879e-01 -6.0436e-01 -3.0032e-01 +5.1104e-01
32 0 +3.958112837e+06 +3.957942637e+06 +3.957942637e+06 +3.5409e-02 -5.9093e-01 -9.0684e-01 +4.1742e-01 +1.1630e+00 -5.6889e-01 +8.7316e-02 +4.4290e-01 -1.9901e-01 +8.5436e-01 -7.7448e-02 -9.2280e-02 -1.8044e-01 -5.2354e-01 +2.7767e-01 -4.4009e-01 -4.8002e-01 -5.6476e-01 -3.0758e-01 +5.2574e-01
34 0 +3.887438737e+06 +3.887268537e+06 +3.887268537e+06 +4.6867e-02 -6.2828e-01 -9.3031e-01 +2.9466e-01 +1.1966e+00 -5.6927e-01 +9.9790e-02 +4.5763e-01 -1.9215e-01 +8.7771e-01 -6.8200e-02 -8.3323e-02 -1.7321e-01 -5.2303e-01 +2.9387e-01 -4.3794e-01 -4.7866e-01 -5.7789e-01 -3.0284e-01 +5.3859e-01
38 0 +3.723590366e+06 +3.723420166e+06 +3.723420166e+06 +3.1708e-02 -6.4960e-01 -9.6335e-01 +3.0644e-01 +1.2443e+00 -5.2495e-01 +8.6132e-02 +4.7850e-01 -2.1408e-01 +9.1059e-01 -8.6622e-02 -1.0217e-01 -1.9461e-01 -4.0609e-01 +2.2670e-01 -4.6685e-01 -5.1180e-01 -5.9619e-01 -3.2791e-01 +5.5652e-01
39 0 +3.699791854e+06 +3.699621654e+06 +3.699621654e+06 +3.6207e-02 -6.4975e-01 -9.6357e-01 +3.0654e-01 +1.2446e+00 -5.2509e-01 +9.0632e-02 +4.7862e-01 -2.0958e-01 +9.1081e-01 -8.2122e-02 -9.7674e-02 -1.9011e-01 -4.0622e-01 +2.2677e-01 -4.1158e-01 -5.1192e-01 -5.9635e-01 -4.1052e-01 +5.5667e-01
% f evaluations | g evaluations | best noise-free fitness - Fopt (-4.697500000000e+02) + sum g_i+ | measured fitness | best measured fitness or single-digit g-values | x1 | x2...
1 0 +9.326307935e+06 +9.325838185e+06 +9.325838185e+06 +0.0000e+00 +0.0000e+00 +0.0000e+00 +0.0000e+00 +0.0000e+00 +0.0000e+00 +0.0000e+00 +0.0000e+00 +0.0000e+00 +0.0000e+00 +0.0000e+00 +0.0000e+00 +0.0000e+00 +0.0000e+00 +0.0000e+00 +0.0000e+00 +0.0000e+00 +0.0000e+00 +0.0000e+00 +0.0000e+00
3 0 +9.320668935e+06 +9.320199185e+06 +9.320199185e+06 +1.0000e-01 +0.0000e+00 +0.0000e+00 +0.0000e+00 +0.0000e+00 +0.0000e+00 +0.0000e+00 +0.0000e+00 +0.0000e+00 +0.0000e+00 +0.0000e+00 +0.0000e+00 +0.0000e+00 +0.0000e+00 +0.0000e+00 +0.0000e+00 +0.0000e+00 +0.0000e+00 +0.0000e+00 +0.0000e+00
23 0 +8.994864751e+06 +8.994395001e+06 +8.994395001e+06 +2.5492e-03 -9.2193e-03 +3.1509e-02 +5.6603e-03 -3.5632e-02 +3.8300e-02 +6.7285e-03 +3.7554e-03 +2.2254e-02 +3.5784e-02 -1.8506e-02 +1.1583e-03 +1.4852e-01 -1.9850e-02 -1.4357e-03 +1.2695e-02 -1.5030e-02 +2.3990e-02 -1.0513e-02 -1.2023e-02
24 0 +8.019356172e+06 +8.018886422e+06 +8.018886422e+06 +1.2702e-02 -4.5938e-02 +1.5700e-01 +2.8204e-02 -1.7755e-01 +1.9084e-01 +3.3527e-02 +1.8713e-02 +1.1089e-01 +1.7831e-01 -9.2213e-02 +5.7715e-03 +3.4529e-01 -9.8911e-02 -7.1539e-03 +6.3255e-02 -7.4893e-02 +1.1954e-01 -5.2386e-02 -5.9909e-02
25 0 +4.346517459e+06 +4.346047709e+06 +4.346047709e+06 +2.1578e-01 +5.2793e-03 +7.3377e-01 +2.7143e-01 -4.6716e-01 +8.5524e-01 +2.9053e-01 +2.3736e-01 +5.6823e-01 +8.1025e-01 -1.6083e-01 +1.9090e-01 +1.0262e+00 -1.8488e-01 +1.4450e-01 +3.9725e-01 -9.8658e-02 +5.9929e-01 -1.7867e-02 -4.4873e-02
26 0 +1.835098360e+06 +1.834628610e+06 +1.834628610e+06 +3.2809e-01 -7.6627e-02 +1.3240e+00 +4.3508e-01 -9.8495e-01 +1.5575e+00 +4.7181e-01 +3.6957e-01 +1.0057e+00 +1.4710e+00 -3.9600e-01 +2.8025e-01 +1.9865e+00 -4.4223e-01 +1.9105e-01 +6.7698e-01 -2.7646e-01 +1.0654e+00 -1.2113e-01 -1.7305e-01
27 0 +1.172025259e+06 +1.171555509e+06 +1.171555509e+06 +2.7420e-01 -2.0464e-01 +1.4525e+00 +4.0078e-01 -1.2793e+00 +1.7288e+00 +4.4424e-01 +3.2328e-01 +1.0759e+00 +1.6265e+00 -5.8251e-01 +2.1760e-01 +2.4118e+00 -6.3721e-01 +1.1206e-01 +6.8699e-01 -4.4108e-01 +1.1466e+00 -2.5729e-01 -3.1873e-01
28 0 +1.002398056e+06 +1.001928306e+06 +1.001928306e+06 +3.3798e-01 -1.9461e-01 +1.6486e+00 +4.7878e-01 -1.3900e+00 +1.9559e+00 +5.2712e-01 +3.9257e-01 +1.2297e+00 +1.8421e+00 -6.1490e-01 +2.7503e-01 +2.3781e+00 -6.7574e-01 +1.5764e-01 +7.9712e-01 -4.5759e-01 +1.3083e+00 -2.5318e-01 -3.2151e-01
29 0 +9.517862024e+05 +9.513164524e+05 +9.513164524e+05 +3.4075e-01 -1.9856e-01 +1.6679e+00 +4.8332e-01 -1.2625e+00 +1.9791e+00 +5.3227e-01 +3.9603e-01 +1.2437e+00 +1.8638e+00 -6.2416e-01 +2.7701e-01 +2.4639e+00 -6.8576e-01 +1.5814e-01 +8.0568e-01 -4.6486e-01 +1.3233e+00 -2.5786e-01 -3.2706e-01
31 0 +9.080872783e+05 +9.076175283e+05 +9.076175283e+05 +3.6415e-01 -1.7987e-01 +1.7029e+00 +5.0797e-01 -1.2912e+00 +1.8176e+00 +5.5735e-01 +4.1992e-01 +1.2750e+00 +1.9005e+00 -6.0917e-01 +2.9986e-01 +2.5252e+00 -7.3626e-01 +1.7994e-01 +8.3314e-01 -4.4849e-01 +1.3553e+00 -2.3969e-01 -3.0948e-01
39 0 +8.816812964e+05 +8.812115464e+05 +8.812115464e+05 +3.9584e-01 -2.8565e-01 +1.7041e+00 +5.3966e-01 -1.2921e+00 +1.8190e+00 +5.8903e-01 +4.5160e-01 +1.2287e+00 +1.9019e+00 -6.0954e-01 +3.3154e-01 +2.5270e+00 -7.3666e-01 +2.1163e-01 +8.6483e-01 -4.4874e-01 +1.2981e+00 -1.7751e-01 -3.8007e-01
% f evaluations | g evaluations | best noise-free fitness - Fopt (-5.704700000000e+02) + sum g_i+ | measured fitness | best measured fitness or single-digit g-values | x1 | x2...
1 0 +1.446716162e+07 +1.446659115e+07 +1.446659115e+07 +0.0000e+00 +0.0000e+00 +0.0000e+00 +0.0000e+00 +0.0000e+00 +0.0000e+00 +0.0000e+00 +0.0000e+00 +0.0000e+00 +0.0000e+00 +0.0000e+00 +0.0000e+00 +0.0000e+00 +0.0000e+00 +0.0000e+00 +0.0000e+00 +0.0000e+00 +0.0000e+00 +0.0000e+00 +0.0000e+00
5 0 +1.445443614e+07 +1.445386567e+07 +1.445386567e+07 +0.0000e+00 +0.0000e+00 +1.0000e-01 +0.0000e+00 +0.0000e+00 +0.0000e+00 +0.0000e+00 +0.0000e+00 +0.0000e+00 +0.0000e+00 +0.0000e+00 +0.0000e+00 +0.0000e+00 +0.0000e+00 +0.0000e+00 +0.0000e+00 +0.0000e+00 +0.0000e+00 +0.0000e+00 +0.0000e+00
8 0 +1.437409150e+07 +1.437352103e+07 +1.437352103e+07 +0.0000e+00 +0.0000e+00 +0.0000e+00 +0.0000e+00 +0.0000e+00 +1.0000e-01 +0.0000e+00 +0.0000e+00 +0.0000e+00 +0.0000e+00 +0.0000e+00 +0.0000e+00 +0.0000e+00 +0.0000e+00 +0.0000e+00 +0.0000e+00 +0.0000e+00 +0.0000e+00 +0.0000e+00 +0.0000e+00
23 0 +1.353772262e+07 +1.353715215e+07 +1.353715215e+07 -4.9922e-02 -2.9059e-03 +1.6367e-03 -8.3870e-03 -5.3089e-03 +1.1970e-02 -3.3447e-02 -2.3023e-02 -2.6454e-03 +3.6039e-03 -3.6651e-03 -2.6268e-02 -3.8791e-02 +1.7352e-03 -1.3176e-02 +5.1427e-03 +1.2291e-01 -1.5414e-02 -4.0270e-02 -2.8122e-02
24 0 +1.083967492e+07 +1.083910445e+07 +1.083910445e+07 -2.5058e-01 -9.2224e-03 +1.4097e-02 -3.7359e-02 -2.1558e-02 +6.7144e-02 -1.6600e-01 -1.1249e-01 -7.8852e-03 +2.4196e-02 -1.3119e-02 -1.2915e-01 -1.9344e-01 +1.4602e-02 -6.1942e-02 +3.2095e-02 +2.2328e-01 -7.3434e-02 -2.0103e-01 -1.3867e-01
25 0 +4.800505081e+06 +4.799934611e+06 +4.799934611e+06 -1.0267e+00 +2.5005e-02 +1.2662e-01 -9.7605e-02 -2.8749e-02 +3.5778e-01 -6.5819e-01 -4.2501e-01 +3.0832e-02 +1.7063e-01 +8.0231e-03 -4.9761e-01 -7.7774e-01 +1.2883e-01 -2.0473e-01 +2.0505e-01 +7.0242e-01 -2.5480e-01 -8.1081e-01 -5.3908e-01
26 0 +3.569152643e+06 +3.568582173e+06 +3.568582173e+06 -1.2239e+00 +1.5670e-01 +2.9009e-01 -4.2526e-03 +8.6135e-02 +5.9354e-01 -7.4013e-01 -4.3405e-01 +1.6435e-01 +3.4786e-01 +1.3441e-01 -5.2934e-01 -8.9708e-01 +2.9299e-01 -1.4487e-01 +3.9305e-01 +1.0147e+00 -2.1061e-01 -9.4049e-01 -5.8379e-01
27 0 +2.635349738e+06 +2.634779268e+06 +2.634779268e+06 -1.0673e+00 +1.3710e-01 +2.9439e-01 -5.2679e-02 +5.3900e-02 +6.5219e-01 -9.2037e-01 -5.5946e-01 +1.4612e-01 +3.6250e-01 +1.1082e-01 -6.7182e-01 -1.1054e+00 +2.9780e-01 -2.1849e-01 +4.1578e-01 +1.1309e+00 -2.9600e-01 -1.1566e+00 -7.3602e-01
28 0 +2.484389802e+06 +2.483819332e+06 +2.483819332e+06 -1.1966e+00 +1.2403e-01 +2.9301e-01 -7.9851e-02 +3.4648e-02 +6.7740e-01 -1.0120e+00 -6.2429e-01 +1.3372e-01 +3.6619e-01 +9.5795e-02 -7.4500e-01 -1.2108e+00 +2.9667e-01 -2.5798e-01 +4.2343e-01 +1.1842e+00 -3.4125e-01 -9.9378e-01 -8.1397e-01
29 0 +2.273558252e+06 +2.272987782e+06 +2.272987782e+06 -1.2898e+00 +1.1402e-01 +2.9142e-01 -1.0003e-01 +2.0178e-02 +6.9498e-01 -1.0787e+00 -6.7162e-01 +1.2419e-01 +3.6825e-01 +8.4374e-02 -7.9835e-01 -1.0589e+00 +2.9527e-01 -2.8704e-01 +4.2834e-01 +1.2221e+00 -3.7447e-01 -1.0942e+00 -8.7076e-01
30 0 +2.140151832e+06 +2.139581362e+06 +2.139581362e+06 -1.3479e+00 +1.0602e-01 +2.8869e-01 -1.1437e-01 +9.3972e-03 +7.0421e-01 -9.4417e-01 -7.0291e-01 +1.1650e-01 +3.6779e-01 +7.5497e-02 -8.3340e-01 -1.1123e+00 +2.9265e-01 -3.0693e-01 +4.2966e-01 +1.2440e+00 -3.9695e-01 -1.1569e+00 -9.0795e-01
31 0 +2.049121211e+06 +2.048550741e+06 +2.048550741e+06 -1.3851e+00 +9.9254e-02 +2.8528e-01 -1.2520e-01 +8.4870e-04 +7.0845e-01 -9.7270e-01 -7.2457e-01 +1.0992e-01 +3.6584e-01 +6.8165e-02 -8.5746e-01 -1.1464e+00 +2.8931e-01 -3.2130e-01 +4.2885e-01 +1.2563e+00 -4.1298e-01 -1.1970e+00 -7.9236e-01
32 0 +2.020715295e+06 +2.020144825e+06 +2.020144825e+06 -1.3851e+00 +9.9978e-02 +2.8600e-01 -1.2448e-01 +1.5733e-03 +7.0917e-01 -9.7270e-01 -7.9981e-01 +1.1065e-01 +3.6656e-01 +6.8890e-02 -7.9164e-01 -1.1464e+00 +2.9004e-01 -3.2058e-01 +4.2958e-01 +1.2570e+00 -4.1225e-01 -1.1970e+00 -7.9236e-01
33 0 +1.984262907e+06 +1.983692437e+06 +1.983692437e+06 -1.4178e+00 +9.2761e-02 +2.8174e-01 -1.3526e-01 -7.2060e-03 +7.1163e-01 -9.9776e-01 -7.5622e-01 +1.0360e-01 +3.6358e-01 +6.1179e-02 -7.3741e-01 -1.1764e+00 +2.8584e-01 -3.3447e-01 +4.2759e-01 +1.2666e+00 -4.2760e-01 -1.2322e+00 -8.1230e-01
35 0 +1.929816191e+06 +1.929245721e+06 +1.929245721e+06 -1.4433e+00 +9.5523e-02 +2.8637e-01 -1.3476e-01 -5.4358e-03 +7.2052e-01 -1.0168e+00 -7.7067e-01 +1.0647e-01 +3.6902e-01 +6.3628e-02 -7.5215e-01 -1.1990e+00 +2.9051e-01 -3.3595e-01 +4.3367e-01 +1.2117e+00 -3.6515e-01 -1.2583e+00 -8.2749e-01
37 0 +1.872247175e+06 +1.871676705e+06 +1.871676705e+06 -1.4537e+00 +8.9247e-02 +2.8110e-01 -1.8280e-01 -1.2242e-02 +7.1754e-01 -1.0248e+00 -7.7706e-01 +1.0025e-01 +3.6419e-01 +5.7185e-02 -7.5846e-01 -1.2087e+00 +2.8526e-01 -2.2482e-01 +4.2918e-01 +1.2211e+00 -3.6779e-01 -1.2697e+00 -8.3390e-01
38 0 +1.834586256e+06 +1.834015786e+06 +1.834015786e+06 -1.4549e+00 +1.0689e-01 +2.9874e-01 -1.8291e-01 -8.6171e-02 +6.6905e-01 -1.0256e+00 -7.7755e-01 +1.1789e-01 +3.8183e-01 +7.4825e-02 -7.5903e-01 -1.2096e+00 +3.0290e-01 -2.2506e-01 +4.4682e-01 +1.2219e+00 -3.6809e-01 -1.2707e+00 -8.3452e-01
40 0 +1.795416129e+06 +1.794845659e+06 +1.794845659e+06 -1.4550e+00 +3.2402e-02 +3.0033e-01 -1.8292e-01 -8.6174e-02 +6.6909e-01 -1.0257e+00 -7.7759e-01 +1.1947e-01 +3.8341e-01 +1.4145e-01 -7.5909e-01 -1.2096e+00 +3.0449e-01 -2.2508e-01 +4.4840e-01 +1.2220e+00 -3.6812e-01 -1.2708e+00 -8.3458e-01
41 0 +1.776029175e+06 +1.775458705e+06 +1.775458705e+06 -1.4569e+00 +5.0675e-02 +2.9283e-01 -1.8310e-01 -8.6487e-02 +6.7021e-01 -1.0271e+00 -7.7880e-01 +1.1177e-01 +3.7600e-01 +1.6312e-01 -7.6025e-01 -1.2114e+00 +2.9699e-01 -2.2531e-01 +4.4107e-01 +1.2238e+00 -3.6858e-01 -1.2729e+00 -8.3574e-01
% f evaluations | g evaluations | best noise-free fitness - Fopt (-1.385000000000e+01) + sum g_i+ | measured fitness | best measured fitness or single-digit g-values | x1 | x2...
1 0 +3.047459463e+07 +3.047458078e+07 +3.047458078e+07 +0.0000e+00 +0.0000e+00 +0.0000e+00 +0.0000e+00 +0.0000e+00 +0.0000e+00 +0.0000e+00 +0.0000e+00 +0.0000e+00 +0.0000e+00 +0.0000e+00 +0.0000e+00 +0.0000e+00 +0.0000e+00 +0.0000e+00 +0.0000e+00 +0.0000e+00 +0.0000e+00 +0.0000e+00 +0.0000e+00
4 0 +3.031543142e+07 +3.031541757e+07 +3.031541757e+07 +0.0000e+00 +1.0000e-01 +0.0000e+00 +0.0000e+00 +0.0000e+00 +0.0000e+00 +0.0000e+00 +0.0000e+00 +0.0000e+00 +0.0000e+00 +0.0000e+00 +0.0000e+00 +0.0000e+00 +0.0000e+00 +0.0000e+00 +0.0000e+00 +0.0000e+00 +0.0000e+00 +0.0000e+00 +0.0000e+00
23 0 +2.930933457e+07 +2.930932072e+07 +2.930932072e+07 -1.1832e-02 +1.7362e-02 -2.2328e-02 +4.0981e-03 +1.2719e-01 +1.2277e-02 -3.1168e-02 +1.3507e-02 +1.9875e-02 -5.1179e-02 -1.0155e-02 -9.0987e-03 +9.9526e-03 -2.7393e-02 +4.8699e-03 -3.5540e-02 -1.3409e-02 -1.8026e-02 -1.2620e-02 -3.1604e-02
24 0 +2.569759691e+07 +2.569758306e+07 +2.569758306e+07 -5.9001e-02 +8.7066e-02 -1.1151e-01 +2.0702e-02 +2.3625e-01 +6.1625e-02 -1.5574e-01 +6.7776e-02 +9.9637e-02 -2.5586e-01 -5.0608e-02 -4.5325e-02 +4.9994e-02 -1.3686e-01 +2.4564e-02 -1.7762e-01 -6.6889e-02 -8.9989e-02 -6.2944e-02 -1.5793e-01
25 0 +1.447948080e+07 +1.447946695e+07 +1.447946695e+07 -2.3856e-01 +3.8017e-01 -4.6101e-01 +9.9057e-02 +6.8852e-01 +2.7240e-01 -6.4836e-01 +2.9846e-01 +4.3343e-01 -1.0725e+00 -2.0301e-01 -1.8063e-01 +2.2314e-01 -5.6836e-01 +1.1542e-01 -7.4103e-01 -2.7198e-01 -3.6983e-01 -2.5527e-01 -6.5761e-01
26 0 +8.567781869e+06 +8.567768019e+06 +8.567768019e+06 -2.4065e-01 +8.9772e-01 -6.4993e-01 +3.8051e-01 +1.3810e+00 +6.9945e-01 -9.9461e-01 +7.4739e-01 +9.9570e-01 -1.7749e+00 -1.7524e-01 -1.3407e-01 +6.0880e-01 -8.4743e-01 +4.1061e-01 -1.1651e+00 -3.0213e-01 -4.8216e-01 -2.7139e-01 -1.0116e+00
27 0 +7.211313764e+06 +7.211299914e+06 +7.211299914e+06 -4.0115e-01 +9.0512e-01 -8.7078e-01 +3.1164e-01 +1.4450e+00 +6.7760e-01 -1.2663e+00 +7.3262e-01 +1.0175e+00 -1.6762e+00 -3.2609e-01 -2.7884e-01 +5.7359e-01 -1.0974e+00 +3.4617e-01 -1.4619e+00 -4.7169e-01 -6.7827e-01 -4.3641e-01 -1.2858e+00
28 0 +7.071883907e+06 +7.071870057e+06 +7.071870057e+06 -4.3528e-01 +9.0172e-01 -9.1596e-01 +2.9427e-01 +1.4519e+00 +6.6885e-01 -1.3208e+00 +7.2516e-01 +1.0168e+00 -1.8288e+00 -3.5845e-01 -3.1010e-01 +5.6239e-01 -1.1479e+00 +3.2962e-01 -1.2601e+00 -5.0748e-01 -7.1892e-01 -4.7137e-01 -1.3408e+00
32 0 +6.856268480e+06 +6.856254630e+06 +6.856254630e+06 -4.8342e-01 +8.9232e-01 -9.1547e-01 +2.6727e-01 +1.4556e+00 +6.5270e-01 -1.2173e+00 +7.1064e-01 +1.0107e+00 -2.0210e+00 -4.0437e-01 -3.5461e-01 +5.4315e-01 -1.1433e+00 +3.0364e-01 -1.3981e+00 -5.5772e-01 -7.7529e-01 -5.2056e-01 -1.2439e+00
34 0 +6.743573059e+06 +6.743559209e+06 +6.743559209e+06 -4.9289e-01 +8.8798e-01 -9.2507e-01 +2.6060e-01 +1.4530e+00 +6.4747e-01 -1.2329e+00 +7.0562e-01 +1.0068e+00 -2.0465e+00 -4.1355e-01 -3.6361e-01 +5.3751e-01 -1.1566e+00 +2.9710e-01 -1.4164e+00 -5.8329e-01 -6.4410e-01 -5.3017e-01 -1.2608e+00
41 0 +6.584624138e+06 +6.584610288e+06 +6.584610288e+06 -4.9266e-01 +8.8328e-01 -9.2413e-01 +3.6367e-01 +1.4999e+00 +6.4257e-01 -1.2320e+00 +7.0077e-01 +1.0022e+00 -2.0450e+00 -4.1345e-01 -3.6338e-01 +4.4662e-01 -1.1558e+00 +2.5561e-01 -1.4155e+00 -5.8299e-01 -6.4335e-01 -5.3000e-01 -1.2602e+00
% f evaluations | g evaluations | best noise-free fitness - Fopt (1.222300000000e+02) + sum g_i+ | measured fitness | best measured fitness or single-digit g-values | x1 | x2...
1 0 +2.012285354e+07 +2.012297577e+07 +2.012297577e+07 +0.0000e+00 +0.0000e+00 +0.0000e+00 +0.0000e+00 +0.0000e+00 +0.0000e+00 +0.0000e+00 +0.0000e+00 +0.0000e+00 +0.0000e+00 +0.0000e+00 +0.0000e+00 +0.0000e+00 +0.0000e+00 +0.0000e+00 +0.0000e+00 +0.0000e+00 +0.0000e+00 +0.0000e+00 +0.0000e+00
4 0 +1.997377014e+07 +1.997389237e+07 +1.997389237e+07 +0.0000e+00 +1.0000e-01 +0.0000e+00 +0.0000e+00 +0.0000e+00 +0.0000e+00 +0.0000e+00 +0.0000e+00 +0.0000e+00 +0.0000e+00 +0.0000e+00 +0.0000e+00 +0.0000e+00 +0.0000e+00 +0.0000e+00 +0.0000e+00 +0.0000e+00 +0.0000e+00 +0.0000e+00 +0.0000e+00
8 0 +1.993105584e+07 +1.993117807e+07 +1.993117807e+07 +0.0000e+00 +0.0000e+00 +0.0000e+00 +0.0000e+00 +0.0000e+00 +1.0000e-01 +0.0000e+00 +0.0000e+00 +0.0000e+00 +0.0000e+00 +0.0000e+00 +0.0000e+00 +0.0000e+00 +0.0000e+00 +0.0000e+00 +0.0000e+00 +0.0000e+00 +0.0000e+00 +0.0000e+00 +0.0000e+00
23 0 +1.899359795e+07 +1.899372018e+07 +1.899372018e+07 -1.6947e-02 +1.7866e-02 -6.0890e-03 +8.3739e-03 +4.5882e-03 +2.2985e-02 +5.1685e-03 +3.4803e-02 -2.0032e-02 +1.3547e-01 +1.2877e-02 -5.0080e-02 +2.3128e-02 -2.6152e-02 +1.7059e-02 -6.6029e-03 +2.7592e-02 -5.0735e-03 +7.9183e-03 -2.7611e-02
24 0 +1.573105437e+07 +1.573117660e+07 +1.573117660e+07 -8.4763e-02 +8.9357e-02 -3.0454e-02 +4.1882e-02 +2.2948e-02 +1.1496e-01 +2.5850e-02 +1.7407e-01 -1.0019e-01 +2.7699e-01 +6.4407e-02 -2.5048e-01 +1.1568e-01 -1.3080e-01 +8.5322e-02 -3.3025e-02 +1.3800e-01 -2.5375e-02 +3.9604e-02 -1.3809e-01
25 0 +6.824798016e+06 +6.824920246e+06 +6.824920246e+06 -3.5901e-01 +3.7847e-01 -1.2899e-01 +1.7739e-01 +9.7195e-02 +4.8690e-01 +1.0949e-01 +7.3724e-01 -4.2435e-01 +7.9750e-01 +2.7279e-01 -1.0609e+00 +4.8994e-01 -5.5400e-01 +3.6138e-01 -1.3987e-01 +5.8449e-01 -1.0747e-01 +1.6774e-01 -5.8489e-01
28 0 +6.662951690e+06 +6.663073920e+06 +6.663073920e+06 -4.0507e-01 +3.5803e-01 -1.6706e-01 +1.4997e-01 +6.6986e-02 +4.7024e-01 +7.9706e-02 +7.2928e-01 -4.7268e-01 +8.9309e-01 +2.4868e-01 -1.0748e+00 +4.7338e-01 -6.0684e-01 +3.4035e-01 -1.7832e-01 +5.7121e-01 -1.4479e-01 +1.3998e-01 -6.0170e-01
30 0 +6.603593635e+06 +6.603715865e+06 +6.603715865e+06 -4.1351e-01 +3.5820e-01 -1.7281e-01 +1.4779e-01 +6.3874e-02 +4.7167e-01 +7.6737e-02 +7.3364e-01 -4.9763e-01 +9.3127e-01 +2.4762e-01 -1.1164e+00 +4.7485e-01 -4.8227e-01 +3.4032e-01 -1.8420e-01 +5.7379e-01 -1.5030e-01 +1.3769e-01 -6.2414e-01
32 0 +6.303909228e+06 +6.304031458e+06 +6.304031458e+06 -4.2122e-01 +3.7800e-01 -1.8336e-01 +1.5556e-01 +6.6850e-02 +4.9796e-01 +8.0448e-02 +7.7490e-01 -5.1912e-01 +9.3937e-01 +2.6110e-01 -1.1675e+00 +5.0132e-01 -5.0763e-01 +3.5910e-01 -1.9540e-01 +6.0591e-01 -1.5956e-01 +1.4489e-01 -6.4970e-01
37 0 +6.164460732e+06 +6.164582962e+06 +6.164582962e+06 -4.4214e-01 +3.8409e-01 -1.8805e-01 +1.5460e-01 +2.4999e-02 +5.0784e-01 +7.7107e-02 +7.2375e-01 -5.4689e-01 +9.8802e-01 +2.6348e-01 -1.2353e+00 +5.1131e-01 -5.4230e-01 +3.6458e-01 -5.6113e-02 +6.1922e-01 -3.2378e-02 +1.4359e-01 -6.8559e-01
41 0 +6.013326861e+06 +6.013449091e+06 +6.013449091e+06 -4.5017e-01 +3.5666e-01 -1.9170e-01 +2.7271e-01 +2.5767e-02 +4.8204e-01 +1.5002e-01 +7.4218e-01 -5.5768e-01 +1.0068e+00 +2.1692e-01 -1.2616e+00 +4.8555e-01 -5.5571e-01 +3.3689e-01 -5.9278e-02 +5.9487e-01 -3.6297e-02 +2.0302e-01 -6.9945e-01
% f evaluations | g evaluations | best noise-free fitness - Fopt (-4.114000000000e+02) + sum g_i+ | measured fitness | best measured fitness or single-digit g-values | x1 | x2...
1 0 +7.615250097e+06 +7.614838697e+06 +7.614838697e+06 +0.0000e+00 +0.0000e+00 +0.0000e+00 +0.0000e+00 +0.0000e+00 +0.0000e+00 +0.0000e+00 +0.0000e+00 +0.0000e+00 +0.0000e+00 +0.0000e+00 +0.0000e+00 +0.0000e+00 +0.0000e+00 +0.0000e+00 +0.0000e+00 +0.0000e+00 +0.0000e+00 +0.0000e+00 +0.0000e+00
3 0 +7.501001781e+06 +7.500590381e+06 +7.500590381e+06 +1.0000e-01 +0.0000e+00 +0.0000e+00 +0.0000e+00 +0.0000e+00 +0.0000e+00 +0.0000e+00 +0.0000e+00 +0.0000e+00 +0.0000e+00 +0.0000e+00 +0.0000e+00 +0.0000e+00 +0.0000e+00 +0.0000e+00 +0.0000e+00 +0.0000e+00 +0.0000e+00 +0.0000e+00 +0.0000e+00
23 0 +6.978126253e+06 +6.977714853e+06 +6.977714853e+06 +1.2047e-01 -4.2669e-03 +1.5712e-02 +8.4334e-03 -2.5814e-02 +8.5328e-03 +1.0188e-02 -1.2148e-02 +1.6890e-02 -2.5390e-02 -1.7236e-03 -3.8371e-03 -5.5002e-04 -5.2141e-02 +2.4144e-03 -1.1140e-02 -1.0127e-02 -4.4983e-02 -4.4971e-02 +1.7587e-02
24 0 +5.306592711e+06 +5.306181311e+06 +5.306181311e+06 +2.2530e-01 -2.8100e-03 +1.0065e-01 +6.2962e-02 -1.1440e-01 +6.3477e-02 +7.2047e-02 -4.3623e-02 +1.0676e-01 -1.1220e-01 +1.0361e-02 -5.8418e-04 +1.6439e-02 -2.5074e-01 +3.1791e-02 -3.8402e-02 -3.3158e-02 -2.1367e-01 -2.1361e-01 +1.1037e-01
25 0 +4.449815050e+06 +4.449403650e+06 +4.449403650e+06 +4.6495e-01 +1.2038e-01 +3.1791e-01 +2.4595e-01 -9.2655e-02 +2.4693e-01 +2.6329e-01 +4.2465e-02 +3.2956e-01 -8.8459e-02 +1.4553e-01 +1.2463e-01 +1.5713e-01 -3.5294e-01 +1.8644e-01 +5.2433e-02 +6.2445e-02 -2.8218e-01 -2.8205e-01 +3.3645e-01
26 0 +2.231207536e+06 +2.230796136e+06 +2.230796136e+06 +6.1502e-01 +5.2365e-02 +4.2603e-01 +2.8990e-01 -3.5064e-01 +2.9176e-01 +3.2271e-01 -9.5031e-02 +4.4807e-01 -3.4270e-01 +9.9933e-02 +6.0404e-02 +1.2188e-01 -4.5820e-01 +1.7733e-01 -7.6175e-02 -5.7235e-02 -7.0916e-01 -7.0892e-01 +4.6111e-01
27 0 +1.610054260e+06 +1.609642860e+06 +1.609642860e+06 +6.5105e-01 +3.3476e-02 +4.5149e-01 +2.9921e-01 -4.1737e-01 +3.0129e-01 +3.3591e-01 -1.3142e-01 +4.7615e-01 -4.0849e-01 +8.6690e-02 +4.2468e-02 +1.1125e-01 -6.7418e-01 +1.7327e-01 -1.1032e-01 -8.9135e-02 -5.9551e-01 -8.1818e-01 +4.9074e-01
28 0 +1.335266069e+06 +1.334854669e+06 +1.334854669e+06 +6.6940e-01 +2.3851e-02 +4.6446e-01 +3.0395e-01 -4.5136e-01 +3.0614e-01 +3.4264e-01 -1.4995e-01 +4.9046e-01 -4.4200e-01 +7.9941e-02 +3.3330e-02 +1.0582e-01 -7.8419e-01 +1.7120e-01 -1.2772e-01 -1.0539e-01 -6.8391e-01 -7.2750e-01 +5.0583e-01
29 0 +1.307146141e+06 +1.306734741e+06 +1.306734741e+06 +7.4853e-01 +1.5860e-02 +4.6295e-01 +3.0008e-01 -4.6634e-01 +3.0230e-01 +3.3933e-01 -1.6050e-01 +4.8933e-01 -4.5685e-01 +7.2775e-02 +2.5478e-02 +9.9039e-02 -7.7136e-01 +1.6538e-01 -1.3794e-01 -1.1528e-01 -6.7145e-01 -7.1669e-01 +5.0492e-01
31 0 +1.195139225e+06 +1.194727825e+06 +1.194727825e+06 +7.7682e-01 +6.1089e-03 +4.6458e-01 +2.9756e-01 -3.5034e-01 +2.9984e-01 +3.3782e-01 -1.7474e-01 +4.9163e-01 -4.8319e-01 +6.4473e-02 +1.5972e-02 +9.1405e-02 -8.1334e-01 +1.5943e-01 -1.5161e-01 -1.2837e-01 -7.0453e-01 -7.5266e-01 +5.0762e-01
32 0 +1.171669061e+06 +1.171257661e+06 +1.171257661e+06 +7.8311e-01 +1.9850e-03 +4.6322e-01 +2.9519e-01 -3.5508e-01 +2.9749e-01 +3.3569e-01 -1.2450e-01 +4.9043e-01 -4.8791e-01 +6.0701e-02 +1.1907e-02 +8.7796e-02 -8.2289e-01 +1.5624e-01 -1.5668e-01 -1.3330e-01 -7.1201e-01 -7.6084e-01 +5.0653e-01
34 0 +9.727763973e+05 +9.723649973e+05 +9.723649973e+05 +8.0367e-01 -1.3949e-03 +4.9248e-01 +3.1256e-01 -3.7691e-01 +3.1502e-01 +3.5593e-01 -1.3324e-01 +5.2161e-01 -5.1007e-01 +6.1476e-02 +9.2296e-03 +9.0488e-02 -8.6804e-01 +1.6377e-01 -1.5805e-01 -1.4626e-01 -7.4188e-01 -7.9903e-01 +5.3884e-01
35 0 +9.467352432e+05 +9.463238432e+05 +9.463238432e+05 +8.1184e-01 -6.9890e-03 +4.9157e-01 +3.0994e-01 -3.8338e-01 +3.1242e-01 +3.5372e-01 -1.3614e-01 +5.2098e-01 -5.1654e-01 +5.6478e-02 +3.7362e-03 +8.5765e-02 -8.8112e-01 +1.5974e-01 -1.6069e-01 -8.8144e-02 -7.5189e-01 -8.1022e-01 +5.3837e-01
37 0 +9.093580436e+05 +9.089466436e+05 +9.089466436e+05 +8.2000e-01 +1.0310e-01 +4.8767e-01 +3.0429e-01 -3.8998e-01 +3.0680e-01 +3.4849e-01 -1.3914e-01 +5.1737e-01 -5.2314e-01 +4.8382e-02 -2.9578e-02 +7.7952e-02 -8.9438e-01 +1.5264e-01 -1.6343e-01 -9.1221e-02 -7.6201e-01 -8.2158e-01 +5.3493e-01
39 0 +8.789207090e+05 +8.785093090e+05 +8.785093090e+05 +8.2723e-01 +1.0237e-01 +4.8254e-01 +2.9758e-01 -3.9592e-01 +3.0011e-01 +3.4216e-01 -1.4186e-01 +5.1250e-01 -5.2907e-01 +1.5475e-01 -3.0713e-02 +3.8999e-02 -9.0625e-01 +1.4462e-01 -1.6591e-01 -9.4018e-02 -7.7108e-01 -8.3175e-01 +5.3021e-01
% f evaluations | g evaluations | best noise-free fitness - Fopt (1.000000000000e+03) + sum g_i+ | measured fitness | best measured fitness or single-digit g-values | x1 | x2...
1 0 +6.462913514e+06 +6.463913514e+06 +6.463913514e+06 +0.0000e+00 +0.0000e+00 +0.0000e+00 +0.0000e+00 +0.0000e+00 +0.0000e+00 +0.0000e+00 +0.0000e+00 +0.0000e+00 +0.0000e+00 +0.0000e+00 +0.0000e+00 +0.0000e+00 +0.0000e+00 +0.0000e+00 +0.0000e+00 +0.0000e+00 +0.0000e+00 +0.0000e+00 +0.0000e+00
3 0 +6.450168917e+06 +6.451168917e+06 +6.451168917e+06 +1.0000e-01 +0.0000e+00 +0.0000e+00 +0.0000e+00 +0.0000e+00 +0.0000e+00 +0.0000e+00 +0.0000e+00 +0.0000e+00 +0.0000e+00 +0.0000e+00 +0.0000e+00 +0.0000e+00 +0.0000e+00 +0.0000e+00 +0.0000e+00 +0.0000e+00 +0.0000e+00 +0.0000e+00 +0.0000e+00
23 0 +5.959844372e+06 +5.960844372e+06 +5.960844372e+06 +3.0234e-03 -4.6283e-03 -4.5165e-02 -3.5208e-02 -1.9413e-03 -1.0144e-02 -3.0411e-02 -1.6763e-02 +2.0244e-03 +2.9505e-03 +1.2589e-01 -1.2623e-02 -2.1736e-02 +9.8520e-03 -5.0194e-02 -3.0377e-02 -1.2558e-02 -5.0386e-03 +8.2853e-03 +1.6474e-02
24 0 +4.614949527e+06 +4.615949527e+06 +4.615949527e+06 +2.9197e-02 -1.0920e-02 -2.2345e-01 -1.7125e-01 +3.1674e-03 -3.9839e-02 -1.4610e-01 -7.4543e-02 +2.3959e-02 +2.8815e-02 +2.4910e-01 -5.2836e-02 -1.0061e-01 +6.4999e-02 -2.4982e-01 -1.4592e-01 -5.2496e-02 -1.3071e-02 +5.6785e-02 +9.9717e-02
25 0 +2.119000661e+06 +2.120000661e+06 +2.120000661e+06 +2.1381e-01 +6.6712e-02 -7.1258e-01 -5.2117e-01 +1.1837e-01 -3.9326e-02 -4.2895e-01 -1.6658e-01 +1.9461e-01 +2.1241e-01 +7.5347e-01 -8.6982e-02 -2.6217e-01 +3.4509e-01 -8.0927e-01 -4.2829e-01 -8.5735e-02 +5.8825e-02 +3.1497e-01 +4.7239e-01
26 0 +1.902712455e+06 +1.903712455e+06 +1.903712455e+06 +1.7604e-01 +9.6818e-03 -8.7162e-01 -6.5516e-01 +6.8100e-02 -1.1024e-01 -5.5087e-01 -2.5414e-01 +1.5432e-01 +1.7445e-01 +7.7325e-01 -1.6413e-01 -3.6225e-01 +3.2450e-01 -7.4646e-01 -5.5011e-01 -1.6272e-01 +7.6216e-04 +2.9044e-01 +4.6847e-01
27 0 +1.821198154e+06 +1.822198154e+06 +1.822198154e+06 +2.8883e-01 +8.0683e-02 -1.0220e+00 -7.5119e-01 +1.5378e-01 -6.9365e-02 -6.2070e-01 -2.4943e-01 +2.6166e-01 +2.8685e-01 +1.0110e+00 -1.3680e-01 -3.8469e-01 +4.7459e-01 -6.2965e-01 -6.1975e-01 -1.3503e-01 +6.9522e-02 +4.3197e-01 +6.5473e-01
29 0 +1.771360138e+06 +1.772360138e+06 +1.772360138e+06 +2.9892e-01 +5.6705e-02 -9.3235e-01 -6.7853e-01 +1.4176e-01 -1.1790e-01 -7.5947e-01 -3.2743e-01 +2.6730e-01 +2.9662e-01 +1.1229e+00 -1.9637e-01 -4.8484e-01 +5.1509e-01 -9.3516e-01 -7.5837e-01 -1.9432e-01 +4.3717e-02 +4.6549e-01 +7.2471e-01
31 0 +1.650901112e+06 +1.651901112e+06 +1.651901112e+06 +2.9663e-01 +4.2714e-02 -1.0401e+00 -7.5468e-01 +1.3188e-01 -1.4033e-01 -4.6636e-01 -3.5998e-01 +2.6348e-01 +2.9421e-01 +1.1556e+00 -2.2259e-01 -5.2499e-01 +5.2324e-01 -1.0401e+00 -8.2074e-01 -2.2043e-01 +2.9099e-02 +4.7125e-01 +7.4298e-01
34 0 +1.606896210e+06 +1.607896210e+06 +1.607896210e+06 +2.9965e-01 +4.0102e-02 -1.0966e+00 -7.9473e-01 +1.3124e-01 -1.4700e-01 -4.9531e-01 -3.0573e-01 +2.6576e-01 +2.9718e-01 +1.1097e+00 -2.3108e-01 -4.2373e-01 +5.3128e-01 -1.0959e+00 -8.5163e-01 -2.2888e-01 +2.6185e-02 +4.7813e-01 +7.5589e-01
41 0 +1.566552427e+06 +1.567552427e+06 +1.567552427e+06 +2.9835e-01 -4.3432e-02 -1.1101e+00 -8.0427e-01 +1.7274e-01 -1.7546e-01 -5.0206e-01 -3.0784e-01 +1.7224e-01 +2.9587e-01 +1.1217e+00 -2.3286e-01 -4.2864e-01 +5.3135e-01 -1.1089e+00 -8.5892e-01 -1.0522e-01 +8.3948e-02 +4.7789e-01 +7.6448e-01
% f evaluations | g evaluations | best noise-free fitness - Fopt (6.730000000000e+00) + sum g_i+ | measured fitness | best measured fitness or single-digit g-values | x1 | x2...
1 0 +2.066493761e+07 +2.066494434e+07 +2.066494434e+07 +0.0000e+00 +0.0000e+00 +0.0000e+00 +0.0000e+00 +0.0000e+00 +0.0000e+00 +0.0000e+00 +0.0000e+00 +0.0000e+00 +0.0000e+00 +0.0000e+00 +0.0000e+00 +0.0000e+00 +0.0000e+00 +0.0000e+00 +0.0000e+00 +0.0000e+00 +0.0000e+00 +0.0000e+00 +0.0000e+00
3 0 +2.066369221e+07 +2.066369894e+07 +2.066369894e+07 +1.0000e-01 +0.0000e+00 +0.0000e+00 +0.0000e+00 +0.0000e+00 +0.0000e+00 +0.0000e+00 +0.0000e+00 +0.0000e+00 +0.0000e+00 +0.0000e+00 +0.0000e+00 +0.0000e+00 +0.0000e+00 +0.0000e+00 +0.0000e+00 +0.0000e+00 +0.0000e+00 +0.0000e+00 +0.0000e+00
6 0 +2.031874029e+07 +2.031874702e+07 +2.031874702e+07 +0.0000e+00 +0.0000e+00 +0.0000e+00 +1.0000e-01 +0.0000e+00 +0.0000e+00 +0.0000e+00 +0.0000e+00 +0.0000e+00 +0.0000e+00 +0.0000e+00 +0.0000e+00 +0.0000e+00 +0.0000e+00 +0.0000e+00 +0.0000e+00 +0.0000e+00 +0.0000e+00 +0.0000e+00 +0.0000e+00
23 0 +1.948883674e+07 +1.948884347e+07 +1.948884347e+07 +1.5169e-04 -7.8516e-03 +1.1519e-02 +1.4217e-01 -4.0452e-03 -3.4996e-02 +6.2799e-03 -9.1458e-03 +2.7013e-02 +2.7509e-02 -1.8739e-03 -6.3277e-03 -1.3449e-02 +7.1978e-03 +2.5791e-02 +9.3917e-03 +6.3707e-03 +9.3310e-03 -5.7519e-02 -2.6671e-02
24 0 +1.664787139e+07 +1.664787812e+07 +1.664787812e+07 +7.5649e-04 -3.9157e-02 +5.7446e-02 +3.1332e-01 -2.0174e-02 -1.7453e-01 +3.1319e-02 -4.5611e-02 +1.3472e-01 +1.3719e-01 -9.3451e-03 -3.1557e-02 -6.7072e-02 +3.5896e-02 +1.2862e-01 +4.6837e-02 +3.1771e-02 +4.6535e-02 -2.8685e-01 -1.3301e-01
25 0 +1.057250996e+07 +1.057251669e+07 +1.057251669e+07 +3.3347e-03 -1.7261e-01 +2.5323e-01 +7.4313e-01 -8.8930e-02 -7.6936e-01 +1.3806e-01 -2.0106e-01 +5.9384e-01 +6.0476e-01 -4.1195e-02 -1.3911e-01 -2.9566e-01 +1.5824e-01 +5.6699e-01 +2.0647e-01 +1.4005e-01 +2.0513e-01 -1.2645e+00 -5.8634e-01
26 0 +9.451715444e+06 +9.451722174e+06 +9.451722174e+06 +3.9554e-03 -2.0473e-01 +3.0036e-01 +1.3380e+00 -1.0548e-01 -9.1255e-01 +1.6375e-01 -2.3848e-01 +7.0437e-01 +7.1732e-01 -4.8862e-02 -1.6500e-01 -3.5069e-01 +1.8769e-01 +6.7252e-01 +2.4489e-01 +1.6612e-01 +2.4331e-01 -9.6313e-01 -6.9547e-01
31 0 +9.280849974e+06 +9.280856704e+06 +9.280856704e+06 -4.1518e-02 -2.6742e-01 +2.7933e-01 +1.4111e+00 -1.5998e-01 -9.3978e-01 +1.3146e-01 -3.0395e-01 +7.1667e-01 +7.3069e-01 -9.8691e-02 -2.2441e-01 -4.0146e-01 +1.5737e-01 +6.8220e-01 +2.1929e-01 +1.3402e-01 +2.1758e-01 -1.0607e+00 -7.2251e-01
38 0 +8.998924957e+06 +8.998931687e+06 +8.998931687e+06 -3.3260e-02 -2.0499e-01 +3.0600e-01 +1.4926e+00 -8.5064e-02 -1.0127e+00 +1.4964e-01 -3.3413e-01 +6.4034e-01 +6.8784e-01 -9.3715e-02 -1.4339e-01 -4.2227e-01 +1.7704e-01 +6.6604e-01 +2.4252e-01 +1.5235e-01 +2.4071e-01 -1.1582e+00 -7.7802e-01
40 0 +8.897458315e+06 +8.897465045e+06 +8.897465045e+06 -5.8493e-02 -2.0634e-01 +2.9028e-01 +1.5038e+00 -8.2187e-02 -1.0226e+00 +1.3267e-01 -3.3626e-01 +6.4704e-01 +6.9508e-01 +3.7233e-02 -1.4494e-01 -4.2501e-01 +1.6029e-01 +6.7382e-01 +2.2629e-01 +1.3540e-01 +2.2447e-01 -1.1712e+00 -7.8555e-01
% f evaluations | g evaluations | best noise-free fitness - Fopt (2.632300000000e+02) + sum g_i+ | measured fitness | best measured fitness or single-digit g-values | x1 | x2...
1 0 +7.405606462e+06 +7.405869692e+06 +7.405869692e+06 +0.0000e+00 +0.0000e+00 +0.0000e+00 +0.0000e+00 +0.0000e+00 +0.0000e+00 +0.0000e+00 +0.0000e+00 +0.0000e+00 +0.0000e+00 +0.0000e+00 +0.0000e+00 +0.0000e+00 +0.0000e+00 +0.0000e+00 +0.0000e+00 +0.0000e+00 +0.0000e+00 +0.0000e+00 +0.0000e+00
5 0 +7.382111388e+06 +7.382374618e+06 +7.382374618e+06 +0.0000e+00 +0.0000e+00 +1.0000e-01 +0.0000e+00 +0.0000e+00 +0.0000e+00 +0.0000e+00 +0.0000e+00 +0.0000e+00 +0.0000e+00 +0.0000e+00 +0.0000e+00 +0.0000e+00 +0.0000e+00 +0.0000e+00 +0.0000e+00 +0.0000e+00 +0.0000e+00 +0.0000e+00 +0.0000e+00
23 0 +7.191539823e+06 +7.191803053e+06 +7.191803053e+06 -1.0492e-02 -5.5526e-02 +1.0440e-02 +1.1596e-03 -1.7781e-02 +6.0391e-03 -1.5805e-02 +1.2263e-01 -3.1169e-02 +1.0747e-02 -2.7191e-02 -2.4081e-03 -1.0368e-02 -8.4390e-03 +1.2285e-02 -2.9795e-02 -1.2442e-02 -3.1125e-02 -3.0498e-02 -2.1876e-02
24 0 +6.605648911e+06 +6.605912141e+06 +6.605912141e+06 -6.2445e-03 -2.6520e-01 +1.1412e-01 +6.0755e-02 -4.8159e-02 +8.8813e-02 -3.6793e-02 +2.8423e-01 -1.2514e-01 +1.1589e-01 -1.0227e-01 +4.0241e-02 -5.5293e-03 +5.5615e-03 +1.2473e-01 -1.1724e-01 -1.7454e-02 -1.2489e-01 -1.2128e-01 -7.1702e-02
25 0 +3.609467454e+06 +3.609730684e+06 +3.609730684e+06 -1.6987e-01 -5.4365e-01 +3.7115e-01 +1.3128e-01 -3.5826e-01 +2.5740e-01 -3.0718e-01 +7.8627e-01 -7.0429e-01 +3.7909e-01 -6.0147e-01 +3.9073e-02 -1.6665e-01 -1.1680e-01 +4.1883e-01 -6.6875e-01 -2.2025e-01 -7.0313e-01 -6.8693e-01 -4.6408e-01
27 0 +3.517713503e+06 +3.517976733e+06 +3.517976733e+06 -1.3210e-01 -7.7980e-01 +4.1998e-01 +1.7521e-01 -3.2435e-01 +3.0391e-01 -2.7222e-01 +8.4156e-01 -6.7745e-01 +4.2809e-01 -5.7253e-01 +8.1115e-02 -1.2882e-01 -7.7951e-02 +4.6864e-01 -6.4120e-01 -1.8352e-01 -6.7628e-01 -6.5974e-01 -4.3234e-01
31 0 +3.432043478e+06 +3.432306708e+06 +3.432306708e+06 -1.3082e-01 -8.0060e-01 +4.4629e-01 +1.9042e-01 -3.3178e-01 +3.2495e-01 -2.7729e-01 +8.4255e-01 -6.9045e-01 +4.5476e-01 -5.9121e-01 +9.2060e-02 -1.2739e-01 -7.4215e-02 +4.9715e-01 -6.6299e-01 -1.8457e-01 -8.0640e-01 -6.8238e-01 -4.4466e-01
37 0 +3.375733688e+06 +3.375996918e+06 +3.375996918e+06 -8.6560e-02 -7.7265e-01 +4.9055e-01 +2.3468e-01 -4.5181e-01 +3.6921e-01 -3.8799e-01 +8.0213e-01 -6.5424e-01 +4.9902e-01 -5.6575e-01 +1.3632e-01 -8.3131e-02 -2.9954e-02 +4.9103e-01 -6.3544e-01 -1.4031e-01 -7.7026e-01 -6.5427e-01 -5.7093e-01
% f evaluations | g evaluations | best noise-free fitness - Fopt (1.803000000000e+02) + sum g_i+ | measured fitness | best measured fitness or single-digit g-values | x1 | x2...
1 0 +6.577425410e+06 +6.577605710e+06 +6.577605710e+06 +0.0000e+00 +0.0000e+00 +0.0000e+00 +0.0000e+00 +0.0000e+00 +0.0000e+00 +0.0000e+00 +0.0000e+00 +0.0000e+00 +0.0000e+00 +0.0000e+00 +0.0000e+00 +0.0000e+00 +0.0000e+00 +0.0000e+00 +0.0000e+00 +0.0000e+00 +0.0000e+00 +0.0000e+00 +0.0000e+00
7 0 +6.474479785e+06 +6.474660085e+06 +6.474660085e+06 +0.0000e+00 +0.0000e+00 +0.0000e+00 +0.0000e+00 +1.0000e-01 +0.0000e+00 +0.0000e+00 +0.0000e+00 +0.0000e+00 +0.0000e+00 +0.0000e+00 +0.0000e+00 +0.0000e+00 +0.0000e+00 +0.0000e+00 +0.0000e+00 +0.0000e+00 +0.0000e+00 +0.0000e+00 +0.0000e+00
11 0 +6.448449626e+06 +6.448629926e+06 +6.448629926e+06 +0.0000e+00 +0.0000e+00 +0.0000e+00 +0.0000e+00 +0.0000e+00 +0.0000e+00 +0.0000e+00 +0.0000e+00 +1.0000e-01 +0.0000e+00 +0.0000e+00 +0.0000e+00 +0.0000e+00 +0.0000e+00 +0.0000e+00 +0.0000e+00 +0.0000e+00 +0.0000e+00 +0.0000e+00 +0.0000e+00
23 0 +6.113853108e+06 +6.114033408e+06 +6.114033408e+06 -1.5885e-02 -4.3303e-02 -1.9443e-02 -2.1768e-02 +2.9834e-02 -1.0392e-02 +4.9991e-03 -1.5038e-02 +1.3738e-01 +1.9679e-02 +1.6115e-02 -8.5168e-04 -1.8148e-02 +2.1467e-02 -3.6459e-02 -1.9505e-02 -2.2405e-02 +5.9346e-03 -1.0996e-02 -2.3847e-02
24 0 +4.802344220e+06 +4.802524520e+06 +4.802524520e+06 -7.9941e-02 -2.1792e-01 -9.7848e-02 -1.0955e-01 +1.5014e-01 -5.2298e-02 +2.5158e-02 -7.5680e-02 +2.7919e-01 +9.9035e-02 +8.1097e-02 -4.2860e-03 -9.1328e-02 +1.0803e-01 -1.8348e-01 -9.8159e-02 -1.1275e-01 +2.9866e-02 -5.5338e-02 -1.2001e-01
25 0 +1.263793100e+06 +1.263973400e+06 +1.263973400e+06 -2.4851e-01 -7.9008e-01 -3.1879e-01 -3.6471e-01 +6.5455e-01 -1.4000e-01 +1.6401e-01 -2.3178e-01 +9.2040e-01 +4.5398e-01 +3.8357e-01 +4.8441e-02 -2.9320e-01 +4.8928e-01 -6.5488e-01 -3.2001e-01 -3.7729e-01 +1.8249e-01 -1.5194e-01 -4.0577e-01
26 0 +1.182902255e+06 +1.183082555e+06 +1.183082555e+06 -2.8696e-01 -8.4984e-01 -3.6001e-01 -4.0773e-01 +6.5164e-01 -1.7419e-01 +1.4179e-01 -2.6957e-01 +8.5845e-01 +4.4317e-01 +3.7000e-01 +2.1677e-02 -3.3341e-01 +4.7987e-01 -7.0933e-01 -3.6128e-01 -4.2081e-01 +1.6100e-01 -1.8659e-01 -4.5041e-01
27 0 +1.013842913e+06 +1.014023213e+06 +1.014023213e+06 -3.0498e-01 -9.8746e-01 -3.9355e-01 -4.5141e-01 +8.3305e-01 -1.6824e-01 +2.1487e-01 -2.8390e-01 +9.4497e-01 +5.8029e-01 +4.9157e-01 +6.9236e-02 -3.6130e-01 +6.2479e-01 -8.1709e-01 -3.9509e-01 -4.6726e-01 +2.3816e-01 -1.8328e-01 -5.0316e-01
29 0 +9.996339154e+05 +9.998142154e+05 +9.998142154e+05 -3.1404e-01 -9.1538e-01 -4.0427e-01 -4.6322e-01 +7.7720e-01 -1.7475e-01 +2.1553e-01 -2.9257e-01 +1.0097e+00 +5.8779e-01 +4.9740e-01 +6.7170e-02 -3.7142e-01 +6.3312e-01 -9.1700e-01 -4.0584e-01 -4.7937e-01 +2.3925e-01 -1.9007e-01 -5.1594e-01
30 0 +9.747577423e+05 +9.749380423e+05 +9.749380423e+05 -3.2145e-01 -9.6267e-01 -4.1300e-01 -4.7281e-01 +7.2324e-01 -1.8012e-01 +2.1588e-01 -2.9966e-01 +1.0613e+00 +5.9358e-01 +5.0187e-01 +6.5343e-02 -3.7966e-01 +6.3957e-01 -8.7941e-01 -4.1459e-01 -4.8919e-01 +2.3994e-01 -1.9566e-01 -5.2629e-01
39 0 +9.531470088e+05 +9.533273088e+05 +9.533273088e+05 -3.0484e-01 -9.8211e-01 -3.6025e-01 -4.6748e-01 +7.3835e-01 -1.6275e-01 +2.3537e-01 -2.8293e-01 +1.0826e+00 +6.0746e-01 +4.7169e-01 +8.4028e-02 -3.6372e-01 +5.5087e-01 -8.9514e-01 -4.8917e-01 -4.8398e-01 +2.5956e-01 -1.7838e-01 -5.8424e-01
% f evaluations | g evaluations | best noise-free fitness - Fopt (6.456000000000e+01) + sum g_i+ | measured fitness | best measured fitness or single-digit g-values | x1 | x2...
1 0 +3.144427813e+06 +3.144492373e+06 +3.144492373e+06 +0.0000e+00 +0.0000e+00 +0.0000e+00 +0.0000e+00 +0.0000e+00 +0.0000e+00 +0.0000e+00 +0.0000e+00 +0.0000e+00 +0.0000e+00 +0.0000e+00 +0.0000e+00 +0.0000e+00 +0.0000e+00 +0.0000e+00 +0.0000e+00 +0.0000e+00 +0.0000e+00 +0.0000e+00 +0.0000e+00
3 0 +3.097611956e+06 +3.097676516e+06 +3.097676516e+06 +1.0000e-01 +0.0000e+00 +0.0000e+00 +0.0000e+00 +0.0000e+00 +0.0000e+00 +0.0000e+00 +0.0000e+00 +0.0000e+00 +0.0000e+00 +0.0000e+00 +0.0000e+00 +0.0000e+00 +0.0000e+00 +0.0000e+00 +0.0000e+00 +0.0000e+00 +0.0000e+00 +0.0000e+00 +0.0000e+00
7 0 +3.063117469e+06 +3.063182029e+06 +3.063182029e+06 +0.0000e+00 +0.0000e+00 +0.0000e+00 +0.0000e+00 +1.0000e-01 +0.0000e+00 +0.0000e+00 +0.0000e+00 +0.0000e+00 +0.0000e+00 +0.0000e+00 +0.0000e+00 +0.0000e+00 +0.0000e+00 +0.0000e+00 +0.0000e+00 +0.0000e+00 +0.0000e+00 +0.0000e+00 +0.0000e+00
22 0 +2.980702711e+06 +2.980767271e+06 +2.980767271e+06 +0.0000e+00 +0.0000e+00 +0.0000e+00 +0.0000e+00 +0.0000e+00 +0.0000e+00 +0.0000e+00 +0.0000e+00 +0.0000e+00 +0.0000e+00 +0.0000e+00 +0.0000e+00 +0.0000e+00 +0.0000e+00 +0.0000e+00 +0.0000e+00 +0.0000e+00 +0.0000e+00 +0.0000e+00 +1.0000e-01
23 0 +2.642094676e+06 +2.642159236e+06 +2.642159236e+06 +1.0350e-02 -4.2552e-03 -7.8654e-03 -5.1895e-03 +1.7976e-02 -3.1411e-02 -3.8538e-02 -3.7409e-02 +2.3742e-02 -8.1132e-03 -3.2296e-03 -4.3583e-04 +1.7492e-02 -2.7581e-02 +1.7614e-02 -4.2207e-03 -2.9867e-02 -2.3975e-02 -2.7922e-02 +1.3620e-01
24 0 +2.090596678e+06 +2.090661238e+06 +2.090661238e+06 +5.3979e-02 -2.2192e-02 -4.1020e-02 -2.7065e-02 +9.3752e-02 -1.6382e-01 -2.0099e-01 -1.9510e-01 +1.2382e-01 -4.2313e-02 -1.6843e-02 -2.2730e-03 +9.1227e-02 -1.4385e-01 +9.1861e-02 -2.2012e-02 -1.5577e-01 -1.2504e-01 -1.4562e-01 +2.1097e-01
25 0 +1.997013078e+06 +1.997077638e+06 +1.997077638e+06 +1.0959e-01 +1.9382e-02 -2.9149e-03 +1.3612e-02 +1.5669e-01 -1.4833e-01 -1.9236e-01 -1.8538e-01 +1.9230e-01 -4.4455e-03 +2.5717e-02 +4.2971e-02 +1.5370e-01 -1.2468e-01 +1.5445e-01 +1.9595e-02 -1.3880e-01 -1.0241e-01 -1.2679e-01 +3.1613e-01
26 0 +1.935819656e+06 +1.935884216e+06 +1.935884216e+06 +1.0986e-01 +5.8784e-03 -1.9825e-02 -7.7388e-04 +1.6416e-01 -1.8746e-01 -2.9745e-02 -2.3017e-01 +2.0521e-01 -2.1590e-02 +1.3180e-02 +3.3071e-02 +1.6071e-01 -1.6020e-01 +1.6158e-01 +6.1240e-03 -1.7647e-01 -1.3453e-01 -1.6262e-01 +3.7355e-01
28 0 +1.884785459e+06 +1.884850019e+06 +1.884850019e+06 +1.0880e-01 -9.6038e-03 -3.8872e-02 -1.7178e-02 +1.7063e-01 -1.2532e-01 -5.3638e-02 -1.6222e-01 +2.1737e-01 -4.0881e-02 -1.2891e-03 +2.1360e-02 +1.6670e-01 -1.9871e-01 +1.6769e-01 -9.3241e-03 -2.1724e-01 -1.6948e-01 -2.0147e-01 +4.3248e-01
29 0 +1.861991055e+06 +1.862055615e+06 +1.862055615e+06 +1.0739e-01 -1.8427e-02 -4.9527e-02 -2.6476e-02 +1.7308e-01 -1.3531e-01 -6.5706e-02 -1.7498e-01 +2.2275e-01 -5.1662e-02 -9.5925e-03 +1.4473e-02 +1.6891e-01 -2.1937e-01 +1.6996e-01 -1.8130e-02 -1.3436e-01 -1.8830e-01 -2.2230e-01 +4.6202e-01
31 0 +1.814067723e+06 +1.814132283e+06 +1.814132283e+06 +1.0320e-01 -3.9431e-02 -7.4687e-02 -4.8555e-02 +1.7768e-01 -1.5778e-01 -9.2870e-02 -2.0373e-01 +2.3398e-01 -7.7107e-02 -2.9415e-02 -2.1317e-03 +1.7295e-01 -1.6186e-01 +1.7414e-01 -3.9094e-02 -1.5732e-01 -2.3202e-01 -1.4929e-01 +5.2827e-01
33 0 +1.752573101e+06 +1.752637661e+06 +1.752637661e+06 +1.1882e-01 -5.8559e-02 -1.0240e-01 -6.9906e-02 +2.1144e-01 -1.9131e-01 -1.3317e-01 -2.4778e-01 +2.8147e-01 -1.0541e-01 -4.6103e-02 -1.2173e-02 +2.0556e-01 -2.0440e-01 +2.0704e-01 -5.8140e-02 -1.9250e-01 -1.7355e-01 -1.7478e-01 +5.4913e-01
34 0 +1.723096574e+06 +1.723161134e+06 +1.723161134e+06 +1.3386e-01 -5.3994e-02 -1.0043e-01 -6.6012e-02 +2.3194e-01 -2.0465e-01 -1.4929e-01 -2.6491e-01 +2.0177e-01 -1.0362e-01 -4.0803e-02 -4.8706e-03 +2.2571e-01 -2.2007e-01 +2.2728e-01 -5.3550e-02 -2.0618e-01 -1.8632e-01 -1.8534e-01 +5.7368e-01
36 0 +1.691501648e+06 +1.691566208e+06 +1.691566208e+06 +1.6561e-01 -4.0166e-02 -9.1031e-02 -5.3330e-02 +1.5564e-01 -2.2812e-01 -1.7766e-01 -2.9498e-01 +2.2225e-01 -9.4523e-02 -2.5716e-02 +1.3646e-02 +2.6624e-01 -2.4744e-01 +1.6297e-01 -3.9680e-02 -2.3020e-01 -2.0867e-01 -2.0398e-01 +6.1653e-01
40 0 +1.647553014e+06 +1.647617574e+06 +1.647617574e+06 +7.4666e-02 +3.4534e-03 -9.2020e-02 -1.0950e-02 +1.7548e-01 -2.5642e-01 -2.1191e-01 -3.3098e-01 +2.4661e-01 -1.4124e-01 +1.9264e-02 +6.2330e-02 +1.6617e-01 -2.7959e-01 +1.8563e-01 +3.9853e-03 -2.5894e-01 -2.3506e-01 -2.2673e-01 +6.6661e-01
% f evaluations | g evaluations | best noise-free fitness - Fopt (-2.171400000000e+02) + sum g_i+ | measured fitness | best measured fitness or single-digit g-values | x1 | x2...
1 0 +1.311000516e+07 +1.310978802e+07 +1.310978802e+07 +0.0000e+00 +0.0000e+00 +0.0000e+00 +0.0000e+00 +0.0000e+00 +0.0000e+00 +0.0000e+00 +0.0000e+00 +0.0000e+00 +0.0000e+00 +0.0000e+00 +0.0000e+00 +0.0000e+00 +0.0000e+00 +0.0000e+00 +0.0000e+00 +0.0000e+00 +0.0000e+00 +0.0000e+00 +0.0000e+00
7 0 +1.308670462e+07 +1.308648748e+07 +1.308648748e+07 +0.0000e+00 +0.0000e+00 +0.0000e+00 +0.0000e+00 +1.0000e-01 +0.0000e+00 +0.0000e+00 +0.0000e+00 +0.0000e+00 +0.0000e+00 +0.0000e+00 +0.0000e+00 +0.0000e+00 +0.0000e+00 +0.0000e+00 +0.0000e+00 +0.0000e+00 +0.0000e+00 +0.0000e+00 +0.0000e+00
23 0 +1.243572712e+07 +1.243550998e+07 +1.243550998e+07 -1.2137e-02 -6.5572e-03 -5.5823e-02 -2.0586e-02 +4.0898e-03 -9.4574e-03 -2.6957e-02 +1.2388e-01 +3.9128e-03 -4.0238e-02 -1.5833e-02 +1.1986e-02 -3.0509e-02 +2.0330e-03 -2.1955e-02 +8.4599e-03 -1.0130e-02 +1.1897e-03 -5.2686e-04 -3.5282e-02
24 0 +1.061342056e+07 +1.061320342e+07 +1.061320342e+07 -5.3170e-02 -2.4076e-02 -2.8096e-01 -9.7226e-02 +3.1440e-02 -3.9199e-02 -1.3045e-01 +2.3465e-01 +3.0517e-02 -1.9970e-01 -7.2444e-02 +7.2610e-02 -1.4897e-01 +2.0715e-02 -1.0437e-01 +5.4227e-02 -4.2703e-02 +1.6318e-02 +7.3674e-03 -1.7385e-01
25 0 +5.393213879e+06 +5.392996739e+06 +5.392996739e+06 -1.2230e-01 +9.5981e-03 -1.1550e+00 -3.2202e-01 +2.6128e-01 -5.8958e-02 -4.7262e-01 +8.2915e-01 +2.5709e-01 -7.8656e-01 -2.0967e-01 +4.4792e-01 -5.5659e-01 +2.1266e-01 -3.5439e-01 +3.6458e-01 -7.4845e-02 +1.9272e-01 +1.5215e-01 -6.6940e-01
26 0 +4.496918560e+06 +4.496701420e+06 +4.496701420e+06 -2.7452e-01 -1.1228e-01 -1.0760e+00 -5.2020e-01 +1.9731e-01 -1.9661e-01 -7.0546e-01 +8.7284e-01 +1.9216e-01 -1.0916e+00 -3.8200e-01 +4.2690e-01 -8.0875e-01 +1.3750e-01 -5.6002e-01 +3.2438e-01 -2.1615e-01 +1.1298e-01 +6.3068e-02 -9.4752e-01
27 0 +3.771377192e+06 +3.771160052e+06 +3.771160052e+06 -2.5109e-01 -1.3180e-02 -1.2280e+00 -6.1136e-01 +4.4080e-01 -1.3684e-01 -8.8302e-01 +1.3848e+00 +4.3326e-01 -1.4493e+00 -4.0870e-01 +7.7747e-01 -1.0345e+00 +3.5310e-01 -6.6975e-01 +6.2714e-01 -1.6550e-01 +3.1714e-01 +2.4395e-01 -1.2380e+00
28 0 +3.480683267e+06 +3.480466127e+06 +3.480466127e+06 -2.9501e-01 -4.4099e-02 -1.4543e+00 -6.7497e-01 +4.3470e-01 -1.7452e-01 -9.6147e-01 +1.4248e+00 +4.2674e-01 -1.2038e+00 -4.6124e-01 +7.8977e-01 -1.1212e+00 +3.4220e-01 -7.3655e-01 +6.3122e-01 -2.0474e-01 +3.0428e-01 +2.2708e-01 -1.3358e+00
30 0 +3.318762548e+06 +3.318545408e+06 +3.318545408e+06 -2.9318e-01 -4.2268e-02 -1.4543e+00 -6.7314e-01 +4.3653e-01 -1.7269e-01 -1.1759e+00 +1.4266e+00 +4.2857e-01 -1.2038e+00 -4.5941e-01 +7.9160e-01 -9.3430e-01 +3.4403e-01 -7.3472e-01 +6.3305e-01 -2.0291e-01 +3.0611e-01 +2.2892e-01 -1.3358e+00
31 0 +3.229553008e+06 +3.229335868e+06 +3.229335868e+06 -3.2339e-01 -6.5520e-02 -1.5753e+00 -7.1387e-01 +4.2654e-01 -1.9956e-01 -1.0642e+00 +1.4413e+00 +4.1836e-01 -1.2871e+00 -4.9422e-01 +7.9145e-01 -7.8463e-01 +3.3148e-01 -7.7715e-01 +6.2851e-01 -2.3062e-01 +2.9251e-01 +2.1318e-01 -1.4225e+00
36 0 +3.148047095e+06 +3.147829955e+06 +3.147829955e+06 -2.6781e-01 -7.5078e-02 -1.5972e+00 -7.2162e-01 +4.1938e-01 -2.8237e-01 -1.0762e+00 +1.4386e+00 +4.1116e-01 -1.3021e+00 -4.2499e-01 +7.8606e-01 -7.9511e-01 +3.2386e-01 -7.8858e-01 +6.2233e-01 -1.7220e-01 +2.8469e-01 +2.0498e-01 -1.4381e+00
40 0 +3.051017544e+06 +3.050800404e+06 +3.050800404e+06 -2.6953e-01 +2.6183e-02 -1.6268e+00 -7.3215e-01 +4.0512e-01 -2.2284e-01 -1.0925e+00 +1.4304e+00 +3.9685e-01 -1.3225e+00 -4.3155e-01 +7.7422e-01 -8.0936e-01 +2.3367e-01 -8.0410e-01 +6.0941e-01 -1.0706e-01 +3.3544e-01 +1.4074e-01 -1.4594e+00
