% f evaluations | g evaluations | best noise-free fitness - Fopt (-5.465000000000e+02) + sum g_i+ | measured fitness | best measured fitness or single-digit g-values | x1 | x2...
1 0 +5.523931782e+03 +4.977431782e+03 +4.977431782e+03 +0.0000e+00 +0.0000e+00 +0.0000e+00
3 0 +5.523322785e+03 +4.976822785e+03 +4.976822785e+03 +0.0000e+00 +2.5000e-04 +0.0000e+00
15 0 +5.494850227e+03 +4.948350227e+03 +4.948350227e+03 -1.2500e-03 +8.3333e-05 +3.0833e-03
23 0 +5.365287162e+03 +4.818787162e+03 +4.818787162e+03 -6.2500e-03 +2.4167e-03 +1.6417e-02
27 0 +5.160734520e+03 +4.614234520e+03 +4.614234520e+03 -1.4250e-02 +3.5000e-03 +3.8500e-02
28 0 +5.119058258e+03 +4.572558258e+03 +4.572558258e+03 -1.6667e-02 +5.1111e-03 +4.2694e-02
29 0 +4.971707760e+03 +4.425207760e+03 +4.425207760e+03 -2.3000e-02 +7.3333e-03 +5.8583e-02
31 0 +4.695555508e+03 +4.149055508e+03 +4.149055508e+03 -3.5250e-02 +8.7500e-03 +8.9750e-02
32 0 +4.612185779e+03 +4.065685779e+03 +4.065685779e+03 -3.7833e-02 +1.0306e-02 +9.9056e-02
33 0 +4.294980064e+03 +3.748480064e+03 +3.748480064e+03 -5.1500e-02 +1.4083e-02 +1.3583e-01
34 0 +4.165907806e+03 +3.619407806e+03 +3.619407806e+03 -5.8917e-02 +1.6611e-02 +1.5094e-01
35 0 +3.708314431e+03 +3.161814431e+03 +3.161814431e+03 -8.1250e-02 +2.3167e-02 +2.0717e-01
36 0 +3.535148781e+03 +2.988648781e+03 +2.988648781e+03 -8.9000e-02 +2.3333e-02 +2.2992e-01
37 0 +2.906364208e+03 +2.359864208e+03 +2.359864208e+03 -1.2200e-01 +3.1333e-02 +3.1558e-01
38 0 +2.671116994e+03 +2.124616994e+03 +2.124616994e+03 -1.3458e-01 +3.6972e-02 +3.4931e-01
39 0 +1.868000603e+03 +1.321500603e+03 +1.321500603e+03 -1.8425e-01 +5.1083e-02 +4.7908e-01
40 0 +1.582731042e+03 +1.036231042e+03 +1.036231042e+03 -2.0683e-01 +5.6306e-02 +5.3206e-01
41 0 +7.297751987e+02 +1.832751987e+02 +1.832751987e+02 -2.8450e-01 +7.7417e-02 +7.3017e-01
42 0 +4.823375465e+02 -6.416245350e+01 -6.416245350e+01 -3.1258e-01 +8.3389e-02 +8.0939e-01
43 0 +9.288186207e+00 -5.372118138e+02 -5.372118138e+02 -4.2825e-01 +1.1350e-01 +1.1105e+00
44 0 +6.855650731e+00 -5.396443493e+02 -5.396443493e+02 -4.7600e-01 +1.3000e-01 +1.2309e+00
45 0 +5.454002862e+00 -5.410459971e+02 -5.410459971e+02 -6.5300e-01 +1.7933e-01 +1.6886e+00
46 0 +5.125338862e+00 -5.413746611e+02 -5.413746611e+02 -7.2625e-01 +1.9575e-01 +1.8737e+00
47 0 +1.458591335e+00 -5.450414087e+02 -5.450414087e+02 -9.9725e-01 +2.6808e-01 +2.5711e+00
99 0 +1.444342550e+00 -5.450556575e+02 -5.450556575e+02 -9.9860e-01 +2.6928e-01 +2.5701e+00
108 0 +1.410310937e+00 -5.450896891e+02 -5.450896891e+02 -1.0073e+00 +2.7424e-01 +2.5759e+00
110 0 +1.376318191e+00 -5.451236818e+02 -5.451236818e+02 -1.0086e+00 +2.7603e-01 +2.5703e+00
112 0 +1.346042403e+00 -5.451539576e+02 -5.451539576e+02 -1.0129e+00 +2.8008e-01 +2.5709e+00
115 0 +1.285457989e+00 -5.452145420e+02 -5.452145420e+02 -1.0246e+00 +2.8797e-01 +2.5700e+00
116 0 +1.238940102e+00 -5.452610599e+02 -5.452610599e+02 -1.0332e+00 +2.9484e-01 +2.5671e+00
119 0 +1.191982608e+00 -5.453080174e+02 -5.453080174e+02 -1.0577e+00 +3.1322e-01 +2.5658e+00
123 0 +1.156884363e+00 -5.453431156e+02 -5.453431156e+02 -1.0625e+00 +3.2033e-01 +2.5506e+00
160 0 +1.147887960e+00 -5.453521120e+02 -5.453521120e+02 -1.0486e+00 +3.1872e-01 +2.5537e+00
176 0 +1.121422002e+00 -5.453785780e+02 -5.453785780e+02 -1.0227e+00 +3.4230e-01 +2.5494e+00
% f evaluations | g evaluations | best noise-free fitness - Fopt (1.000000000000e+03) + sum g_i+ | measured fitness | best measured fitness or single-digit g-values | x1 | x2...
1 0 +5.523931782e+03 +6.523931782e+03 +6.523931782e+03 +0.0000e+00 +0.0000e+00 +0.0000e+00
3 0 +5.523322785e+03 +6.523322785e+03 +6.523322785e+03 +0.0000e+00 +2.5000e-04 +0.0000e+00
14 0 +5.494088897e+03 +6.494088897e+03 +6.494088897e+03 +6.9444e-04 +1.8056e-03 -2.7222e-03
22 0 +5.356183794e+03 +6.356183794e+03 +6.356183794e+03 +4.9167e-03 +8.5833e-03 -1.5833e-02
25 0 +5.176763558e+03 +6.176763558e+03 +6.176763558e+03 +1.0167e-02 +1.8833e-02 -3.2833e-02
27 0 +4.992135293e+03 +5.992135293e+03 +5.992135293e+03 +1.5000e-02 +2.8250e-02 -5.1000e-02
29 0 +4.733481498e+03 +5.733481498e+03 +5.733481498e+03 +2.4250e-02 +4.2000e-02 -7.7000e-02
30 0 +4.648647097e+03 +5.648647097e+03 +5.648647097e+03 +2.6028e-02 +4.7806e-02 -8.5389e-02
31 0 +4.342353278e+03 +5.342353278e+03 +5.342353278e+03 +3.5583e-02 +6.5917e-02 -1.1717e-01
32 0 +4.219194843e+03 +5.219194843e+03 +5.219194843e+03 +3.9722e-02 +7.1944e-02 -1.3061e-01
33 0 +3.777007261e+03 +4.777007261e+03 +4.777007261e+03 +5.4500e-02 +9.8500e-02 -1.7950e-01
34 0 +3.613485795e+03 +4.613485795e+03 +4.613485795e+03 +6.1222e-02 +1.0936e-01 -1.9811e-01
35 0 +3.005447667e+03 +4.005447667e+03 +4.005447667e+03 +8.4333e-02 +1.4992e-01 -2.7167e-01
36 0 +2.769675706e+03 +3.769675706e+03 +3.769675706e+03 +9.2028e-02 +1.6756e-01 -3.0189e-01
37 0 +1.979904854e+03 +2.979904854e+03 +2.979904854e+03 +1.2592e-01 +2.3033e-01 -4.1433e-01
38 0 +1.701554328e+03 +2.701554328e+03 +2.701554328e+03 +1.4092e-01 +2.5325e-01 -4.5983e-01
39 0 +8.413191815e+02 +1.841319182e+03 +1.841319182e+03 +1.9358e-01 +3.4692e-01 -6.3117e-01
40 0 +5.842175014e+02 +1.584217501e+03 +1.584217501e+03 +2.1472e-01 +3.8628e-01 -6.9861e-01
41 0 +3.078766663e+01 +1.030787667e+03 +1.030787667e+03 +2.9483e-01 +5.3017e-01 -9.5817e-01
42 0 +4.046008602e+00 +1.004046009e+03 +1.004046009e+03 +3.2522e-01 +5.8836e-01 -1.0641e+00
44 0 +2.822180378e+00 +1.002822180e+03 +1.002822180e+03 +4.1651e-01 +7.4663e-01 -1.3546e+00
55 0 +2.337678955e+00 +1.002337679e+03 +1.002337679e+03 +3.9986e-01 +7.1742e-01 -1.3022e+00
118 0 +2.289130811e+00 +1.002289131e+03 +1.002289131e+03 +4.1080e-01 +7.1038e-01 -1.3096e+00
127 0 +2.237035543e+00 +1.002237036e+03 +1.002237036e+03 +4.3981e-01 +6.8838e-01 -1.3258e+00
200 0 +2.176853519e+00 +1.002176854e+03 +1.002176854e+03 +4.5095e-01 +6.9861e-01 -1.3184e+00
204 0 +2.107246732e+00 +1.002107247e+03 +1.002107247e+03 +4.7206e-01 +7.0562e-01 -1.3172e+00
206 0 +2.067957623e+00 +1.002067958e+03 +1.002067958e+03 +4.8070e-01 +7.1403e-01 -1.3099e+00
207 0 +2.019165130e+00 +1.002019165e+03 +1.002019165e+03 +4.9558e-01 +7.2174e-01 -1.3056e+00
209 0 +1.952979317e+00 +1.001952979e+03 +1.001952979e+03 +5.2294e-01 +7.4233e-01 -1.3074e+00
210 0 +1.934227243e+00 +1.001934227e+03 +1.001934227e+03 +5.2501e-01 +7.3258e-01 -1.3085e+00
211 0 +1.865730850e+00 +1.001865731e+03 +1.001865731e+03 +5.5316e-01 +7.4192e-01 -1.3069e+00
212 0 +1.847025564e+00 +1.001847026e+03 +1.001847026e+03 +5.7573e-01 +7.6505e-01 -1.2960e+00
216 0 +1.814962065e+00 +1.001814962e+03 +1.001814962e+03 +6.3341e-01 +7.8084e-01 -1.2954e+00
232 0 +1.777223533e+00 +1.001777224e+03 +1.001777224e+03 +6.2963e-01 +7.5546e-01 -1.2985e+00
% f evaluations | g evaluations | best noise-free fitness - Fopt (2.083800000000e+02) + sum g_i+ | measured fitness | best measured fitness or single-digit g-values | x1 | x2...
1 0 +5.523931782e+03 +5.732311782e+03 +5.732311782e+03 +0.0000e+00 +0.0000e+00 +0.0000e+00
3 0 +5.523322785e+03 +5.731702785e+03 +5.731702785e+03 +0.0000e+00 +2.5000e-04 +0.0000e+00
15 0 +5.494850227e+03 +5.703230227e+03 +5.703230227e+03 -1.2500e-03 +8.3333e-05 +3.0833e-03
23 0 +5.365287162e+03 +5.573667162e+03 +5.573667162e+03 -6.2500e-03 +2.4167e-03 +1.6417e-02
27 0 +5.160734520e+03 +5.369114520e+03 +5.369114520e+03 -1.4250e-02 +3.5000e-03 +3.8500e-02
28 0 +5.119058258e+03 +5.327438258e+03 +5.327438258e+03 -1.6667e-02 +5.1111e-03 +4.2694e-02
29 0 +4.971707760e+03 +5.180087760e+03 +5.180087760e+03 -2.3000e-02 +7.3333e-03 +5.8583e-02
31 0 +4.695555508e+03 +4.903935508e+03 +4.903935508e+03 -3.5250e-02 +8.7500e-03 +8.9750e-02
32 0 +4.612185779e+03 +4.820565779e+03 +4.820565779e+03 -3.7833e-02 +1.0306e-02 +9.9056e-02
33 0 +4.294980064e+03 +4.503360064e+03 +4.503360064e+03 -5.1500e-02 +1.4083e-02 +1.3583e-01
34 0 +4.165907806e+03 +4.374287806e+03 +4.374287806e+03 -5.8917e-02 +1.6611e-02 +1.5094e-01
35 0 +3.708314431e+03 +3.916694431e+03 +3.916694431e+03 -8.1250e-02 +2.3167e-02 +2.0717e-01
36 0 +3.535148781e+03 +3.743528781e+03 +3.743528781e+03 -8.9000e-02 +2.3333e-02 +2.2992e-01
37 0 +2.906364208e+03 +3.114744208e+03 +3.114744208e+03 -1.2200e-01 +3.1333e-02 +3.1558e-01
38 0 +2.671116994e+03 +2.879496994e+03 +2.879496994e+03 -1.3458e-01 +3.6972e-02 +3.4931e-01
39 0 +1.868000603e+03 +2.076380603e+03 +2.076380603e+03 -1.8425e-01 +5.1083e-02 +4.7908e-01
40 0 +1.582731042e+03 +1.791111042e+03 +1.791111042e+03 -2.0683e-01 +5.6306e-02 +5.3206e-01
41 0 +7.297751987e+02 +9.381551987e+02 +9.381551987e+02 -2.8450e-01 +7.7417e-02 +7.3017e-01
42 0 +4.823375465e+02 +6.907175465e+02 +6.907175465e+02 -3.1258e-01 +8.3389e-02 +8.0939e-01
43 0 +9.288186207e+00 +2.176681862e+02 +2.176681862e+02 -4.2825e-01 +1.1350e-01 +1.1105e+00
44 0 +6.855650731e+00 +2.152356507e+02 +2.152356507e+02 -4.7600e-01 +1.3000e-01 +1.2309e+00
45 0 +5.454002862e+00 +2.138340029e+02 +2.138340029e+02 -6.5300e-01 +1.7933e-01 +1.6886e+00
46 0 +5.125338862e+00 +2.135053389e+02 +2.135053389e+02 -7.2625e-01 +1.9575e-01 +1.8737e+00
47 0 +1.458591335e+00 +2.098385913e+02 +2.098385913e+02 -9.9725e-01 +2.6808e-01 +2.5711e+00
99 0 +1.444342550e+00 +2.098243425e+02 +2.098243425e+02 -9.9860e-01 +2.6928e-01 +2.5701e+00
108 0 +1.410310937e+00 +2.097903109e+02 +2.097903109e+02 -1.0073e+00 +2.7424e-01 +2.5759e+00
110 0 +1.376318191e+00 +2.097563182e+02 +2.097563182e+02 -1.0086e+00 +2.7603e-01 +2.5703e+00
112 0 +1.346042403e+00 +2.097260424e+02 +2.097260424e+02 -1.0129e+00 +2.8008e-01 +2.5709e+00
115 0 +1.285457989e+00 +2.096654580e+02 +2.096654580e+02 -1.0246e+00 +2.8797e-01 +2.5700e+00
116 0 +1.238940102e+00 +2.096189401e+02 +2.096189401e+02 -1.0332e+00 +2.9484e-01 +2.5671e+00
119 0 +1.191982608e+00 +2.095719826e+02 +2.095719826e+02 -1.0577e+00 +3.1322e-01 +2.5658e+00
123 0 +1.156884363e+00 +2.095368844e+02 +2.095368844e+02 -1.0625e+00 +3.2033e-01 +2.5506e+00
160 0 +1.147887960e+00 +2.095278880e+02 +2.095278880e+02 -1.0486e+00 +3.1872e-01 +2.5537e+00
176 0 +1.121422002e+00 +2.095014220e+02 +2.095014220e+02 -1.0227e+00 +3.4230e-01 +2.5494e+00
% f evaluations | g evaluations | best noise-free fitness - Fopt (-1.449600000000e+02) + sum g_i+ | measured fitness | best measured fitness or single-digit g-values | x1 | x2...
1 0 +5.523931782e+03 +5.378971782e+03 +5.378971782e+03 +0.0000e+00 +0.0000e+00 +0.0000e+00
5 0 +5.521999716e+03 +5.377039716e+03 +5.377039716e+03 +1.6667e-04 +1.6667e-04 -2.5000e-04
15 0 +5.493238879e+03 +5.348278879e+03 +5.348278879e+03 +9.7222e-04 +8.3333e-04 -3.5000e-03
23 0 +5.369951637e+03 +5.224991637e+03 +5.224991637e+03 +4.9722e-03 +2.7222e-03 -1.7278e-02
26 0 +5.192718030e+03 +5.047758030e+03 +5.047758030e+03 +1.0333e-02 +6.5833e-03 -3.7667e-02
28 0 +5.042513934e+03 +4.897553934e+03 +4.897553934e+03 +1.6667e-02 +9.0000e-03 -5.5000e-02
29 0 +4.985505614e+03 +4.840545614e+03 +4.840545614e+03 +1.7583e-02 +9.8056e-03 -6.1611e-02
30 0 +4.792329189e+03 +4.647369189e+03 +4.647369189e+03 +2.3917e-02 +1.3250e-02 -8.4500e-02
31 0 +4.710460361e+03 +4.565500361e+03 +4.565500361e+03 +2.7194e-02 +1.5722e-02 -9.4611e-02
32 0 +4.422523246e+03 +4.277563246e+03 +4.277563246e+03 +3.7417e-02 +2.1833e-02 -1.3017e-01
33 0 +4.325481014e+03 +4.180521014e+03 +4.180521014e+03 +4.1667e-02 +2.2806e-02 -1.4211e-01
34 0 +3.922084680e+03 +3.777124680e+03 +3.777124680e+03 +5.7333e-02 +3.0917e-02 -1.9433e-01
35 0 +3.749134851e+03 +3.604174851e+03 +3.604174851e+03 +6.2444e-02 +3.5000e-02 -2.1767e-01
36 0 +3.174541245e+03 +3.029581245e+03 +3.029581245e+03 +8.5333e-02 +4.8000e-02 -2.9900e-01
37 0 +2.962182944e+03 +2.817222944e+03 +2.817222944e+03 +9.6139e-02 +5.3917e-02 -3.3117e-01
38 0 +2.213423760e+03 +2.068463760e+03 +2.068463760e+03 +1.3225e-01 +7.4250e-02 -4.5450e-01
39 0 +1.953984589e+03 +1.809024589e+03 +1.809024589e+03 +1.4586e-01 +8.0278e-02 -5.0172e-01
40 0 +1.112201520e+03 +9.672415199e+02 +9.672415199e+02 +2.0008e-01 +1.0950e-01 -6.8750e-01
41 0 +8.373875166e+02 +6.924275166e+02 +6.924275166e+02 +2.2111e-01 +1.2358e-01 -7.6633e-01
42 0 +2.154995508e+02 +7.053955079e+01 +7.053955079e+01 +3.0300e-01 +1.6992e-01 -1.0523e+00
43 0 +1.400082988e+02 -4.951701202e+00 -4.951701202e+00 +3.3822e-01 +1.8778e-01 -1.1639e+00
49 0 +1.373841139e+02 -7.575886132e+00 -7.575886132e+00 +3.5179e-01 +1.9624e-01 -1.2179e+00
79 0 +1.346242639e+02 -1.033573606e+01 -1.033573606e+01 +3.4647e-01 +1.9168e-01 -1.1969e+00
88 0 +1.312590721e+02 -1.370092789e+01 -1.370092789e+01 +3.4580e-01 +1.8866e-01 -1.2006e+00
91 0 +1.268340655e+02 -1.812593450e+01 -1.812593450e+01 +3.4349e-01 +1.8353e-01 -1.1982e+00
93 0 +1.238466113e+02 -2.111338871e+01 -2.111338871e+01 +3.4353e-01 +1.8100e-01 -1.2051e+00
94 0 +1.197636092e+02 -2.519639078e+01 -2.519639078e+01 +3.4131e-01 +1.7634e-01 -1.2037e+00
96 0 +1.151052821e+02 -2.985471789e+01 -2.985471789e+01 +3.4170e-01 +1.7103e-01 -1.2145e+00
97 0 +1.135388227e+02 -3.142117726e+01 -3.142117726e+01 +3.3618e-01 +1.6792e-01 -1.1927e+00
98 0 +1.079946968e+02 -3.696530325e+01 -3.696530325e+01 +3.3018e-01 +1.5887e-01 -1.1800e+00
99 0 +1.010611587e+02 -4.389884133e+01 -4.389884133e+01 +3.3197e-01 +1.5396e-01 -1.2007e+00
100 0 +8.950023829e+01 -5.545976171e+01 -5.545976171e+01 +3.2621e-01 +1.3917e-01 -1.2019e+00
101 0 +8.778039525e+01 -5.717960475e+01 -5.717960475e+01 +3.2409e-01 +1.3637e-01 -1.1939e+00
102 0 +7.370411635e+01 -7.125588365e+01 -7.125588365e+01 +3.1548e-01 +1.1639e-01 -1.1890e+00
103 0 +6.942750038e+01 -7.553249962e+01 -7.553249962e+01 +3.0622e-01 +1.0526e-01 -1.1661e+00
104 0 +5.519905897e+01 -8.976094103e+01 -8.976094103e+01 +2.8848e-01 +7.2380e-02 -1.1419e+00
105 0 +4.065849703e+01 -1.043015030e+02 -1.043015030e+02 +2.8993e-01 +5.9754e-02 -1.1752e+00
106 0 +1.995863460e+01 -1.250013654e+02 -1.250013654e+02 +2.6980e-01 +1.0195e-02 -1.1728e+00
107 0 +1.992616790e+01 -1.250338321e+02 -1.250338321e+02 +2.5629e-01 -6.5334e-03 -1.1339e+00
108 0 +1.437417591e+01 -1.305858241e+02 -1.305858241e+02 +2.2133e-01 -7.9387e-02 -1.0998e+00
110 0 +6.867593401e+00 -1.380924066e+02 -1.380924066e+02 +1.7511e-01 -1.9468e-01 -1.0981e+00
111 0 +5.577927574e+00 -1.393820724e+02 -1.393820724e+02 +1.1843e-01 -3.2821e-01 -1.0763e+00
113 0 +4.978928605e+00 -1.399810714e+02 -1.399810714e+02 +2.2557e-01 -8.1879e-02 -1.1303e+00
114 0 +4.466571796e+00 -1.404934282e+02 -1.404934282e+02 +1.7262e-01 -2.1206e-01 -1.1169e+00
117 0 +3.351219174e+00 -1.416087808e+02 -1.416087808e+02 +2.2909e-01 -9.1333e-02 -1.1658e+00
131 0 +3.257462072e+00 -1.417025379e+02 -1.417025379e+02 +2.1514e-01 -1.1569e-01 -1.1434e+00
135 0 +3.045125511e+00 -1.419148745e+02 -1.419148745e+02 +2.2655e-01 -9.1575e-02 -1.1530e+00
141 0 +3.005846498e+00 -1.419541535e+02 -1.419541535e+02 +2.2582e-01 -9.0627e-02 -1.1476e+00
% f evaluations | g evaluations | best noise-free fitness - Fopt (-6.300000000000e+00) + sum g_i+ | measured fitness | best measured fitness or single-digit g-values | x1 | x2...
1 0 +5.523931782e+03 +5.517631782e+03 +5.517631782e+03 +0.0000e+00 +0.0000e+00 +0.0000e+00
2 0 +5.523925870e+03 +5.517625870e+03 +5.517625870e+03 +2.5000e-04 +0.0000e+00 +0.0000e+00
15 0 +5.493167908e+03 +5.486867908e+03 +5.486867908e+03 +1.9444e-03 +8.3333e-04 -3.5000e-03
23 0 +5.369573935e+03 +5.363273935e+03 +5.363273935e+03 +9.8333e-03 +2.7222e-03 -1.7278e-02
26 0 +5.191855397e+03 +5.185555397e+03 +5.185555397e+03 +2.1000e-02 +6.5833e-03 -3.7667e-02
28 0 +5.041181455e+03 +5.034881455e+03 +5.034881455e+03 +2.9583e-02 +9.0000e-03 -5.5000e-02
29 0 +4.983999475e+03 +4.977699475e+03 +4.977699475e+03 +3.4472e-02 +9.8056e-03 -6.1611e-02
30 0 +4.790156124e+03 +4.783856124e+03 +4.783856124e+03 +4.7583e-02 +1.3250e-02 -8.4500e-02
31 0 +4.707941223e+03 +4.701641223e+03 +4.701641223e+03 +5.1944e-02 +1.5722e-02 -9.4611e-02
32 0 +4.418747354e+03 +4.412447354e+03 +4.412447354e+03 +7.1167e-02 +2.1833e-02 -1.3017e-01
33 0 +4.321282398e+03 +4.314982398e+03 +4.314982398e+03 +7.7889e-02 +2.2806e-02 -1.4211e-01
34 0 +3.915681043e+03 +3.909381043e+03 +3.909381043e+03 +1.0633e-01 +3.0917e-02 -1.9433e-01
35 0 +3.741631275e+03 +3.735331275e+03 +3.735331275e+03 +1.2047e-01 +3.5000e-02 -2.1767e-01
36 0 +3.162537298e+03 +3.156237298e+03 +3.156237298e+03 +1.6592e-01 +4.8000e-02 -2.9900e-01
37 0 +2.947935151e+03 +2.941635151e+03 +2.941635151e+03 +1.8136e-01 +5.3917e-02 -3.3117e-01
38 0 +2.189617453e+03 +2.183317453e+03 +2.183317453e+03 +2.4825e-01 +7.4250e-02 -4.5450e-01
39 0 +1.926360546e+03 +1.920060546e+03 +1.920060546e+03 +2.7583e-01 +8.0278e-02 -5.0172e-01
40 0 +1.065455563e+03 +1.059155563e+03 +1.059155563e+03 +3.7817e-01 +1.0950e-01 -6.8750e-01
41 0 +7.807256297e+02 +7.744256297e+02 +7.744256297e+02 +4.2189e-01 +1.2358e-01 -7.6633e-01
42 0 +1.166875743e+02 +1.103875743e+02 +1.103875743e+02 +5.7967e-01 +1.6992e-01 -1.0523e+00
43 0 +2.114362833e+01 +1.484362833e+01 +1.484362833e+01 +6.3814e-01 +1.8778e-01 -1.1639e+00
44 0 +9.892628183e+00 +3.592628183e+00 +3.592628183e+00 +8.7425e-01 +2.5767e-01 -1.5963e+00
49 0 +9.180007009e+00 +2.880007009e+00 +2.880007009e+00 +8.2759e-01 +2.4166e-01 -1.5098e+00
58 0 +9.110588204e+00 +2.810588204e+00 +2.810588204e+00 +8.5811e-01 +2.5068e-01 -1.5641e+00
70 0 +8.905679057e+00 +2.605679057e+00 +2.605679057e+00 +8.5975e-01 +2.5000e-01 -1.5650e+00
75 0 +8.458816737e+00 +2.158816737e+00 +2.158816737e+00 +8.4498e-01 +2.4357e-01 -1.5349e+00
76 0 +8.250778512e+00 +1.950778512e+00 +1.950778512e+00 +8.5237e-01 +2.4457e-01 -1.5460e+00
79 0 +7.900871648e+00 +1.600871648e+00 +1.600871648e+00 +8.4385e-01 +2.3976e-01 -1.5257e+00
82 0 +7.576614552e+00 +1.276614552e+00 +1.276614552e+00 +8.4704e-01 +2.3882e-01 -1.5286e+00
84 0 +6.953574678e+00 +6.535746782e-01 +6.535746782e-01 +8.5543e-01 +2.3747e-01 -1.5357e+00
85 0 +6.374618681e+00 +7.461868141e-02 +7.461868141e-02 +8.5696e-01 +2.3392e-01 -1.5305e+00
88 0 +6.206451894e+00 -9.354810631e-02 -9.354810631e-02 +8.6851e-01 +2.3621e-01 -1.5501e+00
90 0 +5.125962281e+00 -1.174037719e+00 -1.174037719e+00 +8.6353e-01 +2.2617e-01 -1.5241e+00
91 0 +4.239487113e+00 -2.060512887e+00 -2.060512887e+00 +8.7826e-01 +2.2293e-01 -1.5354e+00
95 0 +2.947076407e+00 -3.352923593e+00 -3.352923593e+00 +9.0283e-01 +2.1473e-01 -1.5498e+00
96 0 +2.203807372e+00 -4.096192628e+00 -4.096192628e+00 +9.1999e-01 +2.0400e-01 -1.5497e+00
98 0 +2.170219900e+00 -4.129780100e+00 -4.129780100e+00 +9.0792e-01 +1.9634e-01 -1.5192e+00
99 0 +2.129320438e+00 -4.170679562e+00 -4.170679562e+00 +9.3123e-01 +1.8516e-01 -1.5247e+00
109 0 +2.037834757e+00 -4.262165243e+00 -4.262165243e+00 +9.2790e-01 +1.9768e-01 -1.5462e+00
189 0 +1.993368682e+00 -4.306631318e+00 -4.306631318e+00 +9.4320e-01 +1.9570e-01 -1.5393e+00
199 0 +1.945766905e+00 -4.354233095e+00 -4.354233095e+00 +9.7434e-01 +2.0275e-01 -1.5445e+00
209 0 +1.905148649e+00 -4.394851351e+00 -4.394851351e+00 +9.8384e-01 +2.0810e-01 -1.5414e+00
% f evaluations | g evaluations | best noise-free fitness - Fopt (5.617800000000e+02) + sum g_i+ | measured fitness | best measured fitness or single-digit g-values | x1 | x2...
1 0 +5.523931782e+03 +6.085711782e+03 +6.085711782e+03 +0.0000e+00 +0.0000e+00 +0.0000e+00
2 0 +5.523925870e+03 +6.085705870e+03 +6.085705870e+03 +2.5000e-04 +0.0000e+00 +0.0000e+00
15 0 +5.493167908e+03 +6.054947908e+03 +6.054947908e+03 +1.9444e-03 +8.3333e-04 -3.5000e-03
23 0 +5.369573935e+03 +5.931353935e+03 +5.931353935e+03 +9.8333e-03 +2.7222e-03 -1.7278e-02
26 0 +5.191855397e+03 +5.753635397e+03 +5.753635397e+03 +2.1000e-02 +6.5833e-03 -3.7667e-02
28 0 +5.041181455e+03 +5.602961455e+03 +5.602961455e+03 +2.9583e-02 +9.0000e-03 -5.5000e-02
29 0 +4.983999475e+03 +5.545779475e+03 +5.545779475e+03 +3.4472e-02 +9.8056e-03 -6.1611e-02
30 0 +4.790156124e+03 +5.351936124e+03 +5.351936124e+03 +4.7583e-02 +1.3250e-02 -8.4500e-02
31 0 +4.707941223e+03 +5.269721223e+03 +5.269721223e+03 +5.1944e-02 +1.5722e-02 -9.4611e-02
32 0 +4.418747354e+03 +4.980527354e+03 +4.980527354e+03 +7.1167e-02 +2.1833e-02 -1.3017e-01
33 0 +4.321282398e+03 +4.883062398e+03 +4.883062398e+03 +7.7889e-02 +2.2806e-02 -1.4211e-01
34 0 +3.915681043e+03 +4.477461043e+03 +4.477461043e+03 +1.0633e-01 +3.0917e-02 -1.9433e-01
35 0 +3.741631275e+03 +4.303411275e+03 +4.303411275e+03 +1.2047e-01 +3.5000e-02 -2.1767e-01
36 0 +3.162537298e+03 +3.724317298e+03 +3.724317298e+03 +1.6592e-01 +4.8000e-02 -2.9900e-01
37 0 +2.947935151e+03 +3.509715151e+03 +3.509715151e+03 +1.8136e-01 +5.3917e-02 -3.3117e-01
38 0 +2.189617453e+03 +2.751397453e+03 +2.751397453e+03 +2.4825e-01 +7.4250e-02 -4.5450e-01
39 0 +1.926360546e+03 +2.488140546e+03 +2.488140546e+03 +2.7583e-01 +8.0278e-02 -5.0172e-01
40 0 +1.065455563e+03 +1.627235563e+03 +1.627235563e+03 +3.7817e-01 +1.0950e-01 -6.8750e-01
41 0 +7.807256297e+02 +1.342505630e+03 +1.342505630e+03 +4.2189e-01 +1.2358e-01 -7.6633e-01
42 0 +1.166875743e+02 +6.784675743e+02 +6.784675743e+02 +5.7967e-01 +1.6992e-01 -1.0523e+00
43 0 +2.114362833e+01 +5.829236283e+02 +5.829236283e+02 +6.3814e-01 +1.8778e-01 -1.1639e+00
44 0 +9.892628183e+00 +5.716726282e+02 +5.716726282e+02 +8.7425e-01 +2.5767e-01 -1.5963e+00
49 0 +9.180007009e+00 +5.709600070e+02 +5.709600070e+02 +8.2759e-01 +2.4166e-01 -1.5098e+00
58 0 +9.110588204e+00 +5.708905882e+02 +5.708905882e+02 +8.5811e-01 +2.5068e-01 -1.5641e+00
70 0 +8.905679057e+00 +5.706856791e+02 +5.706856791e+02 +8.5975e-01 +2.5000e-01 -1.5650e+00
75 0 +8.458816737e+00 +5.702388167e+02 +5.702388167e+02 +8.4498e-01 +2.4357e-01 -1.5349e+00
76 0 +8.250778512e+00 +5.700307785e+02 +5.700307785e+02 +8.5237e-01 +2.4457e-01 -1.5460e+00
79 0 +7.900871648e+00 +5.696808716e+02 +5.696808716e+02 +8.4385e-01 +2.3976e-01 -1.5257e+00
82 0 +7.576614552e+00 +5.693566146e+02 +5.693566146e+02 +8.4704e-01 +2.3882e-01 -1.5286e+00
84 0 +6.953574678e+00 +5.687335747e+02 +5.687335747e+02 +8.5543e-01 +2.3747e-01 -1.5357e+00
85 0 +6.374618681e+00 +5.681546187e+02 +5.681546187e+02 +8.5696e-01 +2.3392e-01 -1.5305e+00
88 0 +6.206451894e+00 +5.679864519e+02 +5.679864519e+02 +8.6851e-01 +2.3621e-01 -1.5501e+00
90 0 +5.125962281e+00 +5.669059623e+02 +5.669059623e+02 +8.6353e-01 +2.2617e-01 -1.5241e+00
91 0 +4.239487113e+00 +5.660194871e+02 +5.660194871e+02 +8.7826e-01 +2.2293e-01 -1.5354e+00
95 0 +2.947076407e+00 +5.647270764e+02 +5.647270764e+02 +9.0283e-01 +2.1473e-01 -1.5498e+00
96 0 +2.203807372e+00 +5.639838074e+02 +5.639838074e+02 +9.1999e-01 +2.0400e-01 -1.5497e+00
98 0 +2.170219900e+00 +5.639502199e+02 +5.639502199e+02 +9.0792e-01 +1.9634e-01 -1.5192e+00
99 0 +2.129320438e+00 +5.639093204e+02 +5.639093204e+02 +9.3123e-01 +1.8516e-01 -1.5247e+00
109 0 +2.037834757e+00 +5.638178348e+02 +5.638178348e+02 +9.2790e-01 +1.9768e-01 -1.5462e+00
189 0 +1.993368682e+00 +5.637733687e+02 +5.637733687e+02 +9.4320e-01 +1.9570e-01 -1.5393e+00
199 0 +1.945766905e+00 +5.637257669e+02 +5.637257669e+02 +9.7434e-01 +2.0275e-01 -1.5445e+00
209 0 +1.905148649e+00 +5.636851486e+02 +5.636851486e+02 +9.8384e-01 +2.0810e-01 -1.5414e+00
% f evaluations | g evaluations | best noise-free fitness - Fopt (-6.708000000000e+01) + sum g_i+ | measured fitness | best measured fitness or single-digit g-values | x1 | x2...
1 0 +5.523931782e+03 +5.456851782e+03 +5.456851782e+03 +0.0000e+00 +0.0000e+00 +0.0000e+00
2 0 +5.523925870e+03 +5.456845870e+03 +5.456845870e+03 +2.5000e-04 +0.0000e+00 +0.0000e+00
15 0 +5.494919769e+03 +5.427839769e+03 +5.427839769e+03 -1.6667e-03 +8.3333e-05 +3.0833e-03
23 0 +5.365716281e+03 +5.298636281e+03 +5.298636281e+03 -1.2333e-02 +2.4167e-03 +1.6417e-02
27 0 +5.161689211e+03 +5.094609211e+03 +5.094609211e+03 -2.7500e-02 +3.5000e-03 +3.8500e-02
28 0 +5.120097575e+03 +5.053017575e+03 +5.053017575e+03 -3.0889e-02 +5.1111e-03 +4.2694e-02
29 0 +4.973064463e+03 +4.905984463e+03 +4.905984463e+03 -4.2667e-02 +7.3333e-03 +5.8583e-02
31 0 +4.697525617e+03 +4.630445617e+03 +4.630445617e+03 -6.3000e-02 +8.7500e-03 +8.9750e-02
32 0 +4.614302117e+03 +4.547222117e+03 +4.547222117e+03 -7.1278e-02 +1.0306e-02 +9.9056e-02
33 0 +4.297638755e+03 +4.230558755e+03 +4.230558755e+03 -9.8167e-02 +1.4083e-02 +1.3583e-01
34 0 +4.168634825e+03 +4.101554825e+03 +4.101554825e+03 -1.0839e-01 +1.6611e-02 +1.5094e-01
35 0 +3.711435519e+03 +3.644355519e+03 +3.644355519e+03 -1.4883e-01 +2.3167e-02 +2.0717e-01
36 0 +3.538737958e+03 +3.471657958e+03 +3.471657958e+03 -1.6400e-01 +2.3333e-02 +2.2992e-01
37 0 +2.910902879e+03 +2.843822879e+03 +2.843822879e+03 -2.2467e-01 +3.1333e-02 +3.1558e-01
38 0 +2.675768598e+03 +2.608688598e+03 +2.608688598e+03 -2.5144e-01 +3.6972e-02 +3.4931e-01
39 0 +1.874084133e+03 +1.807004133e+03 +1.807004133e+03 -3.4567e-01 +5.1083e-02 +4.7908e-01
40 0 +1.589380331e+03 +1.522300331e+03 +1.522300331e+03 -3.8128e-01 +5.6306e-02 +5.3206e-01
41 0 +7.387554421e+02 +6.716754421e+02 +6.716754421e+02 -5.2283e-01 +7.7417e-02 +7.3017e-01
42 0 +4.931104107e+02 +4.260304107e+02 +4.260304107e+02 -5.7994e-01 +8.3389e-02 +8.0939e-01
43 0 +2.666888421e+01 -4.041111579e+01 -4.041111579e+01 -7.9550e-01 +1.1350e-01 +1.1105e+00
44 0 +2.624827637e+01 -4.083172363e+01 -4.083172363e+01 -8.8467e-01 +1.3000e-01 +1.2309e+00
61 0 +2.413666504e+01 -4.294333496e+01 -4.294333496e+01 -8.0343e-01 +1.1651e-01 +1.1194e+00
66 0 +2.298102064e+01 -4.409897936e+01 -4.409897936e+01 -8.2375e-01 +1.1880e-01 +1.1486e+00
76 0 +2.249998517e+01 -4.458001483e+01 -4.458001483e+01 -8.1854e-01 +1.1862e-01 +1.1407e+00
90 0 +2.234504147e+01 -4.473495853e+01 -4.473495853e+01 -8.1598e-01 +1.1885e-01 +1.1364e+00
95 0 +2.165584163e+01 -4.542415837e+01 -4.542415837e+01 -8.1563e-01 +1.2156e-01 +1.1326e+00
97 0 +2.100129861e+01 -4.607870139e+01 -4.607870139e+01 -8.2395e-01 +1.2482e-01 +1.1419e+00
98 0 +2.086372379e+01 -4.621627621e+01 -4.621627621e+01 -8.2464e-01 +1.2547e-01 +1.1422e+00
99 0 +2.036011112e+01 -4.671988888e+01 -4.671988888e+01 -8.2885e-01 +1.2851e-01 +1.1452e+00
100 0 +1.976696731e+01 -4.731303269e+01 -4.731303269e+01 -8.2392e-01 +1.2902e-01 +1.1369e+00
101 0 +1.873901740e+01 -4.834098260e+01 -4.834098260e+01 -8.2502e-01 +1.3308e-01 +1.1339e+00
103 0 +1.755617886e+01 -4.952382114e+01 -4.952382114e+01 -8.3614e-01 +1.4027e-01 +1.1428e+00
104 0 +1.599187291e+01 -5.108812709e+01 -5.108812709e+01 -8.4223e-01 +1.4800e-01 +1.1433e+00
105 0 +1.534274829e+01 -5.173725171e+01 -5.173725171e+01 -8.4015e-01 +1.4958e-01 +1.1382e+00
106 0 +1.316122555e+01 -5.391877445e+01 -5.391877445e+01 -8.4581e-01 +1.6011e-01 +1.1347e+00
108 0 +1.039210854e+01 -5.668789146e+01 -5.668789146e+01 -8.5975e-01 +1.7771e-01 +1.1359e+00
109 0 +7.605029233e+00 -5.947497077e+01 -5.947497077e+01 -8.7711e-01 +2.0003e-01 +1.1369e+00
110 0 +7.212633519e+00 -5.986736648e+01 -5.986736648e+01 -8.6579e-01 +1.9748e-01 +1.1222e+00
111 0 +4.848437096e+00 -6.223156290e+01 -6.223156290e+01 -8.7757e-01 +2.2222e-01 +1.1116e+00
113 0 +3.981369096e+00 -6.309863090e+01 -6.309863090e+01 -9.2225e-01 +2.6620e-01 +1.1300e+00
117 0 +3.543720825e+00 -6.353627917e+01 -6.353627917e+01 -9.0707e-01 +2.5942e-01 +1.1142e+00
123 0 +3.425426412e+00 -6.365457359e+01 -6.365457359e+01 -9.0113e-01 +2.6066e-01 +1.1035e+00
149 0 +3.387970531e+00 -6.369202947e+01 -6.369202947e+01 -9.0447e-01 +2.6256e-01 +1.1065e+00
% f evaluations | g evaluations | best noise-free fitness - Fopt (5.027000000000e+01) + sum g_i+ | measured fitness | best measured fitness or single-digit g-values | x1 | x2...
1 0 +5.523931782e+03 +5.574201782e+03 +5.574201782e+03 +0.0000e+00 +0.0000e+00 +0.0000e+00
2 0 +5.523925870e+03 +5.574195870e+03 +5.574195870e+03 +2.5000e-04 +0.0000e+00 +0.0000e+00
14 0 +5.494062537e+03 +5.544332537e+03 +5.544332537e+03 +4.7222e-04 +1.8056e-03 -2.7222e-03
22 0 +5.356043701e+03 +5.406313701e+03 +5.406313701e+03 +2.5833e-03 +8.5833e-03 -1.5833e-02
25 0 +5.176585706e+03 +5.226855706e+03 +5.226855706e+03 +4.0833e-03 +1.8833e-02 -3.2833e-02
27 0 +4.991985006e+03 +5.042255006e+03 +5.042255006e+03 +8.0000e-03 +2.8250e-02 -5.1000e-02
29 0 +4.733533545e+03 +4.783803545e+03 +4.783803545e+03 +1.1000e-02 +4.2000e-02 -7.7000e-02
30 0 +4.648747891e+03 +4.699017891e+03 +4.699017891e+03 +1.1806e-02 +4.7806e-02 -8.5389e-02
31 0 +4.342501077e+03 +4.392771077e+03 +4.392771077e+03 +1.5917e-02 +6.5917e-02 -1.1717e-01
32 0 +4.219368238e+03 +4.269638238e+03 +4.269638238e+03 +1.9194e-02 +7.1944e-02 -1.3061e-01
33 0 +3.777261757e+03 +3.827531757e+03 +3.827531757e+03 +2.6750e-02 +9.8500e-02 -1.7950e-01
34 0 +3.613768125e+03 +3.664038125e+03 +3.664038125e+03 +2.7778e-02 +1.0936e-01 -1.9811e-01
35 0 +3.005815800e+03 +3.056085800e+03 +3.056085800e+03 +3.7667e-02 +1.4992e-01 -2.7167e-01
36 0 +2.770052596e+03 +2.820322596e+03 +2.820322596e+03 +4.2556e-02 +1.6756e-01 -3.0189e-01
37 0 +1.980196839e+03 +2.030466839e+03 +2.030466839e+03 +5.8333e-02 +2.3033e-01 -4.1433e-01
38 0 +1.701761428e+03 +1.752031428e+03 +1.752031428e+03 +6.5917e-02 +2.5325e-01 -4.5983e-01
39 0 +8.408994788e+02 +8.911694788e+02 +8.911694788e+02 +9.0917e-02 +3.4692e-01 -6.3117e-01
40 0 +5.835109752e+02 +6.337809752e+02 +6.337809752e+02 +9.7861e-02 +3.8628e-01 -6.9861e-01
41 0 +2.982062838e+01 +8.009062838e+01 +8.009062838e+01 +1.3342e-01 +5.3017e-01 -9.5817e-01
42 0 +3.542631502e+00 +5.381263150e+01 +5.381263150e+01 +1.5078e-01 +5.8836e-01 -1.0641e+00
62 0 +3.177368901e+00 +5.344736890e+01 +5.344736890e+01 +1.4861e-01 +5.8109e-01 -1.0509e+00
65 0 +2.900003052e+00 +5.317000305e+01 +5.317000305e+01 +1.4753e-01 +5.7536e-01 -1.0409e+00
68 0 +2.653264888e+00 +5.292326489e+01 +5.292326489e+01 +1.4551e-01 +5.6833e-01 -1.0277e+00
% f evaluations | g evaluations | best noise-free fitness - Fopt (-8.081200000000e+02) + sum g_i+ | measured fitness | best measured fitness or single-digit g-values | x1 | x2...
1 0 +5.523931782e+03 +4.715811782e+03 +4.715811782e+03 +0.0000e+00 +0.0000e+00 +0.0000e+00
2 0 +5.523925870e+03 +4.715805870e+03 +4.715805870e+03 +2.5000e-04 +0.0000e+00 +0.0000e+00
16 0 +5.488833160e+03 +4.680713160e+03 +4.680713160e+03 +5.0000e-04 -2.2500e-03 +3.1667e-03
24 0 +5.319751839e+03 +4.511631839e+03 +4.511631839e+03 +2.1667e-03 -1.2250e-02 +1.8833e-02
26 0 +5.225836296e+03 +4.417716296e+03 +4.417716296e+03 +2.0833e-03 -1.8500e-02 +2.7500e-02
28 0 +5.068470197e+03 +4.260350197e+03 +4.260350197e+03 +5.3333e-03 -2.9000e-02 +4.2250e-02
30 0 +4.834600149e+03 +4.026480149e+03 +4.026480149e+03 +6.0833e-03 -4.3250e-02 +6.5083e-02
31 0 +4.771641138e+03 +3.963521138e+03 +3.963521138e+03 +6.8333e-03 -4.8250e-02 +7.1056e-02
32 0 +4.509343314e+03 +3.701223314e+03 +3.701223314e+03 +9.1667e-03 -6.6250e-02 +9.7167e-02
33 0 +4.395489513e+03 +3.587369513e+03 +3.587369513e+03 +1.1639e-02 -7.3833e-02 +1.0883e-01
34 0 +4.007381838e+03 +3.199261838e+03 +3.199261838e+03 +1.6417e-02 -1.0150e-01 +1.4950e-01
35 0 +3.860221082e+03 +3.052101082e+03 +3.052101082e+03 +1.5778e-02 -1.1167e-01 +1.6558e-01
36 0 +3.316380476e+03 +2.508260476e+03 +2.508260476e+03 +2.1000e-02 -1.5300e-01 +2.2725e-01
37 0 +3.115569915e+03 +2.307449915e+03 +2.307449915e+03 +2.4972e-02 -1.7058e-01 +2.5086e-01
38 0 +2.393050961e+03 +1.584930961e+03 +1.584930961e+03 +3.4417e-02 -2.3425e-01 +3.4375e-01
39 0 +2.117248024e+03 +1.309128024e+03 +1.309128024e+03 +3.8722e-02 -2.5958e-01 +3.8317e-01
40 0 +1.255548177e+03 +4.474281771e+02 +4.474281771e+02 +5.3500e-02 -3.5625e-01 +5.2617e-01
41 0 +9.817056825e+02 +1.735856825e+02 +1.735856825e+02 +5.6194e-02 -3.9417e-01 +5.8194e-01
42 0 +2.376285868e+02 -5.704914132e+02 -5.704914132e+02 +7.6083e-02 -5.4050e-01 +7.9817e-01
43 0 +7.996835462e+01 -7.281516454e+02 -7.281516454e+02 +8.8333e-02 -6.0100e-01 +8.8481e-01
44 0 +4.612248819e+00 -8.035077512e+02 -8.035077512e+02 +1.2200e-01 -8.2500e-01 +1.2136e+00
46 0 +4.362619749e+00 -8.037573803e+02 -8.037573803e+02 +1.6743e-01 -1.1631e+00 +1.7138e+00
47 0 +3.251559956e+00 -8.048684400e+02 -8.048684400e+02 +2.2439e-01 -1.5666e+00 +2.3076e+00
67 0 +2.999570456e+00 -8.051204295e+02 -8.051204295e+02 +2.1594e-01 -1.5046e+00 +2.2157e+00
69 0 +2.789256256e+00 -8.053307437e+02 -8.053307437e+02 +2.2227e-01 -1.5488e+00 +2.2807e+00
71 0 +2.743121870e+00 -8.053768781e+02 -8.053768781e+02 +2.1757e-01 -1.5175e+00 +2.2347e+00
77 0 +2.662945911e+00 -8.054570541e+02 -8.054570541e+02 +2.2067e-01 -1.5383e+00 +2.2654e+00
149 0 +2.629925517e+00 -8.054900745e+02 -8.054900745e+02 +2.2156e-01 -1.5336e+00 +2.2563e+00
160 0 +2.568271613e+00 -8.055517284e+02 -8.055517284e+02 +2.3429e-01 -1.5451e+00 +2.2579e+00
169 0 +2.500549949e+00 -8.056194501e+02 -8.056194501e+02 +2.6653e-01 -1.5720e+00 +2.2582e+00
175 0 +2.452129982e+00 -8.056678700e+02 -8.056678700e+02 +2.6406e-01 -1.5651e+00 +2.2500e+00
% f evaluations | g evaluations | best noise-free fitness - Fopt (3.865000000000e+01) + sum g_i+ | measured fitness | best measured fitness or single-digit g-values | x1 | x2...
1 0 +5.523931782e+03 +5.562581782e+03 +5.562581782e+03 +0.0000e+00 +0.0000e+00 +0.0000e+00
2 0 +5.523925870e+03 +5.562575870e+03 +5.562575870e+03 +2.5000e-04 +0.0000e+00 +0.0000e+00
16 0 +5.488833160e+03 +5.527483160e+03 +5.527483160e+03 +5.0000e-04 -2.2500e-03 +3.1667e-03
24 0 +5.319751839e+03 +5.358401839e+03 +5.358401839e+03 +2.1667e-03 -1.2250e-02 +1.8833e-02
26 0 +5.225836296e+03 +5.264486296e+03 +5.264486296e+03 +2.0833e-03 -1.8500e-02 +2.7500e-02
28 0 +5.068470197e+03 +5.107120197e+03 +5.107120197e+03 +5.3333e-03 -2.9000e-02 +4.2250e-02
30 0 +4.834600149e+03 +4.873250149e+03 +4.873250149e+03 +6.0833e-03 -4.3250e-02 +6.5083e-02
31 0 +4.771641138e+03 +4.810291138e+03 +4.810291138e+03 +6.8333e-03 -4.8250e-02 +7.1056e-02
32 0 +4.509343314e+03 +4.547993314e+03 +4.547993314e+03 +9.1667e-03 -6.6250e-02 +9.7167e-02
33 0 +4.395489513e+03 +4.434139513e+03 +4.434139513e+03 +1.1639e-02 -7.3833e-02 +1.0883e-01
34 0 +4.007381838e+03 +4.046031838e+03 +4.046031838e+03 +1.6417e-02 -1.0150e-01 +1.4950e-01
35 0 +3.860221082e+03 +3.898871082e+03 +3.898871082e+03 +1.5778e-02 -1.1167e-01 +1.6558e-01
36 0 +3.316380476e+03 +3.355030476e+03 +3.355030476e+03 +2.1000e-02 -1.5300e-01 +2.2725e-01
37 0 +3.115569915e+03 +3.154219915e+03 +3.154219915e+03 +2.4972e-02 -1.7058e-01 +2.5086e-01
38 0 +2.393050961e+03 +2.431700961e+03 +2.431700961e+03 +3.4417e-02 -2.3425e-01 +3.4375e-01
39 0 +2.117248024e+03 +2.155898024e+03 +2.155898024e+03 +3.8722e-02 -2.5958e-01 +3.8317e-01
40 0 +1.255548177e+03 +1.294198177e+03 +1.294198177e+03 +5.3500e-02 -3.5625e-01 +5.2617e-01
41 0 +9.817056825e+02 +1.020355682e+03 +1.020355682e+03 +5.6194e-02 -3.9417e-01 +5.8194e-01
42 0 +2.376285868e+02 +2.762785868e+02 +2.762785868e+02 +7.6083e-02 -5.4050e-01 +7.9817e-01
43 0 +7.996835462e+01 +1.186183546e+02 +1.186183546e+02 +8.8333e-02 -6.0100e-01 +8.8481e-01
44 0 +4.612248819e+00 +4.326224882e+01 +4.326224882e+01 +1.2200e-01 -8.2500e-01 +1.2136e+00
46 0 +4.362619749e+00 +4.301261975e+01 +4.301261975e+01 +1.6743e-01 -1.1631e+00 +1.7138e+00
47 0 +3.251559956e+00 +4.190155996e+01 +4.190155996e+01 +2.2439e-01 -1.5666e+00 +2.3076e+00
67 0 +2.999570456e+00 +4.164957046e+01 +4.164957046e+01 +2.1594e-01 -1.5046e+00 +2.2157e+00
69 0 +2.789256256e+00 +4.143925626e+01 +4.143925626e+01 +2.2227e-01 -1.5488e+00 +2.2807e+00
71 0 +2.743121870e+00 +4.139312187e+01 +4.139312187e+01 +2.1757e-01 -1.5175e+00 +2.2347e+00
77 0 +2.662945911e+00 +4.131294591e+01 +4.131294591e+01 +2.2067e-01 -1.5383e+00 +2.2654e+00
149 0 +2.629925517e+00 +4.127992552e+01 +4.127992552e+01 +2.2156e-01 -1.5336e+00 +2.2563e+00
160 0 +2.568271613e+00 +4.121827161e+01 +4.121827161e+01 +2.3429e-01 -1.5451e+00 +2.2579e+00
169 0 +2.500549949e+00 +4.115054995e+01 +4.115054995e+01 +2.6653e-01 -1.5720e+00 +2.2582e+00
175 0 +2.452129982e+00 +4.110212998e+01 +4.110212998e+01 +2.6406e-01 -1.5651e+00 +2.2500e+00
% f evaluations | g evaluations | best noise-free fitness - Fopt (2.000700000000e+02) + sum g_i+ | measured fitness | best measured fitness or single-digit g-values | x1 | x2...
1 0 +5.523931782e+03 +5.724001782e+03 +5.724001782e+03 +0.0000e+00 +0.0000e+00 +0.0000e+00
4 0 +5.521589736e+03 +5.721659736e+03 +5.721659736e+03 +0.0000e+00 +0.0000e+00 +2.5000e-04
16 0 +5.488818283e+03 +5.688888283e+03 +5.688888283e+03 -1.1667e-03 -2.2500e-03 +3.1667e-03
24 0 +5.319653838e+03 +5.519723838e+03 +5.519723838e+03 -8.5000e-03 -1.2250e-02 +1.8833e-02
26 0 +5.225737659e+03 +5.425807659e+03 +5.425807659e+03 -1.0833e-02 -1.8500e-02 +2.7500e-02
28 0 +5.068423454e+03 +5.268493454e+03 +5.268493454e+03 -1.8333e-02 -2.9000e-02 +4.2250e-02
30 0 +4.834660387e+03 +5.034730387e+03 +5.034730387e+03 -2.7667e-02 -4.3250e-02 +6.5083e-02
31 0 +4.771705835e+03 +4.971775835e+03 +4.971775835e+03 -2.9389e-02 -4.8250e-02 +7.1056e-02
32 0 +4.509441790e+03 +4.709511790e+03 +4.709511790e+03 -3.9833e-02 -6.6250e-02 +9.7167e-02
33 0 +4.395608191e+03 +4.595678191e+03 +4.595678191e+03 -4.6389e-02 -7.3833e-02 +1.0883e-01
34 0 +4.007559256e+03 +4.207629256e+03 +4.207629256e+03 -6.4167e-02 -1.0150e-01 +1.4950e-01
35 0 +3.860418259e+03 +4.060488259e+03 +4.060488259e+03 -6.9444e-02 -1.1167e-01 +1.6558e-01
36 0 +3.316624259e+03 +3.516694259e+03 +3.516694259e+03 -9.5000e-02 -1.5300e-01 +2.2725e-01
37 0 +3.115806783e+03 +3.315876783e+03 +3.315876783e+03 -1.0500e-01 -1.7058e-01 +2.5086e-01
38 0 +2.393159800e+03 +2.593229800e+03 +2.593229800e+03 -1.4367e-01 -2.3425e-01 +3.4375e-01
39 0 +2.117249549e+03 +2.317319549e+03 +2.317319549e+03 -1.6206e-01 -2.5958e-01 +3.8317e-01
40 0 +1.255044029e+03 +1.455114029e+03 +1.455114029e+03 -2.2317e-01 -3.5625e-01 +5.2617e-01
41 0 +9.810672802e+02 +1.181137280e+03 +1.181137280e+03 -2.4372e-01 -3.9417e-01 +5.8194e-01
42 0 +2.373469857e+02 +4.374169857e+02 +4.374169857e+02 -3.3350e-01 -5.4050e-01 +7.9817e-01
43 0 +8.015549052e+01 +2.802254905e+02 +2.802254905e+02 -3.7189e-01 -6.0100e-01 +8.8481e-01
44 0 +4.470497723e+00 +2.045404977e+02 +2.045404977e+02 -5.1033e-01 -8.2500e-01 +1.2136e+00
45 0 +4.247492930e+00 +2.043174929e+02 +2.043174929e+02 -5.6767e-01 -9.1358e-01 +1.3482e+00
52 0 +3.497881152e+00 +2.035678812e+02 +2.035678812e+02 -5.3900e-01 -8.6929e-01 +1.2809e+00
100 0 +3.464620712e+00 +2.035346207e+02 +2.035346207e+02 -5.4145e-01 -8.7520e-01 +1.2815e+00
106 0 +3.382133787e+00 +2.034521338e+02 +2.034521338e+02 -5.4543e-01 -8.8632e-01 +1.2768e+00
109 0 +3.290628430e+00 +2.033606284e+02 +2.033606284e+02 -5.4848e-01 -8.9781e-01 +1.2614e+00
111 0 +3.200283185e+00 +2.032702832e+02 +2.032702832e+02 -5.5667e-01 -9.1699e-01 +1.2585e+00
113 0 +3.138552649e+00 +2.032085526e+02 +2.032085526e+02 -5.6589e-01 -9.4424e-01 +1.2495e+00
174 0 +3.086807050e+00 +2.031568070e+02 +2.031568070e+02 -5.4261e-01 -9.5089e-01 +1.2502e+00
178 0 +3.012236425e+00 +2.030822364e+02 +2.030822364e+02 -5.0734e-01 -9.4633e-01 +1.2516e+00
180 0 +2.924983403e+00 +2.029949834e+02 +2.029949834e+02 -4.7746e-01 -9.5228e-01 +1.2545e+00
182 0 +2.843299723e+00 +2.029132997e+02 +2.029132997e+02 -4.2652e-01 -9.4517e-01 +1.2594e+00
183 0 +2.806406345e+00 +2.028764063e+02 +2.028764063e+02 -4.1392e-01 -9.4752e-01 +1.2566e+00
195 0 +2.742397217e+00 +2.028123972e+02 +2.028123972e+02 -3.7192e-01 -9.5337e-01 +1.2564e+00
202 0 +2.683889769e+00 +2.027538898e+02 +2.027538898e+02 -3.4719e-01 -9.6626e-01 +1.2536e+00
204 0 +2.628149789e+00 +2.026981498e+02 +2.026981498e+02 -3.5447e-01 -9.7777e-01 +1.2443e+00
214 0 +2.567989788e+00 +2.026379898e+02 +2.026379898e+02 -3.3428e-01 -1.0153e+00 +1.2352e+00
% f evaluations | g evaluations | best noise-free fitness - Fopt (-3.889000000000e+01) + sum g_i+ | measured fitness | best measured fitness or single-digit g-values | x1 | x2...
1 0 +5.523931782e+03 +5.485041782e+03 +5.485041782e+03 +0.0000e+00 +0.0000e+00 +0.0000e+00
5 0 +5.521999716e+03 +5.483109716e+03 +5.483109716e+03 +1.6667e-04 +1.6667e-04 -2.5000e-04
15 0 +5.493238879e+03 +5.454348879e+03 +5.454348879e+03 +9.7222e-04 +8.3333e-04 -3.5000e-03
23 0 +5.369951637e+03 +5.331061637e+03 +5.331061637e+03 +4.9722e-03 +2.7222e-03 -1.7278e-02
26 0 +5.192718030e+03 +5.153828030e+03 +5.153828030e+03 +1.0333e-02 +6.5833e-03 -3.7667e-02
28 0 +5.042513934e+03 +5.003623934e+03 +5.003623934e+03 +1.6667e-02 +9.0000e-03 -5.5000e-02
29 0 +4.985505614e+03 +4.946615614e+03 +4.946615614e+03 +1.7583e-02 +9.8056e-03 -6.1611e-02
30 0 +4.792329189e+03 +4.753439189e+03 +4.753439189e+03 +2.3917e-02 +1.3250e-02 -8.4500e-02
31 0 +4.710460361e+03 +4.671570361e+03 +4.671570361e+03 +2.7194e-02 +1.5722e-02 -9.4611e-02
32 0 +4.422523246e+03 +4.383633246e+03 +4.383633246e+03 +3.7417e-02 +2.1833e-02 -1.3017e-01
33 0 +4.325481014e+03 +4.286591014e+03 +4.286591014e+03 +4.1667e-02 +2.2806e-02 -1.4211e-01
34 0 +3.922084680e+03 +3.883194680e+03 +3.883194680e+03 +5.7333e-02 +3.0917e-02 -1.9433e-01
35 0 +3.749134851e+03 +3.710244851e+03 +3.710244851e+03 +6.2444e-02 +3.5000e-02 -2.1767e-01
36 0 +3.174541245e+03 +3.135651245e+03 +3.135651245e+03 +8.5333e-02 +4.8000e-02 -2.9900e-01
37 0 +2.962182944e+03 +2.923292944e+03 +2.923292944e+03 +9.6139e-02 +5.3917e-02 -3.3117e-01
38 0 +2.213423760e+03 +2.174533760e+03 +2.174533760e+03 +1.3225e-01 +7.4250e-02 -4.5450e-01
39 0 +1.953984589e+03 +1.915094589e+03 +1.915094589e+03 +1.4586e-01 +8.0278e-02 -5.0172e-01
40 0 +1.112201520e+03 +1.073311520e+03 +1.073311520e+03 +2.0008e-01 +1.0950e-01 -6.8750e-01
41 0 +8.373875166e+02 +7.984975166e+02 +7.984975166e+02 +2.2111e-01 +1.2358e-01 -7.6633e-01
42 0 +2.154995508e+02 +1.766095508e+02 +1.766095508e+02 +3.0300e-01 +1.6992e-01 -1.0523e+00
43 0 +1.400082988e+02 +1.011182988e+02 +1.011182988e+02 +3.3822e-01 +1.8778e-01 -1.1639e+00
49 0 +1.373841139e+02 +9.849411387e+01 +9.849411387e+01 +3.5179e-01 +1.9624e-01 -1.2179e+00
79 0 +1.346242639e+02 +9.573426394e+01 +9.573426394e+01 +3.4647e-01 +1.9168e-01 -1.1969e+00
88 0 +1.312590721e+02 +9.236907211e+01 +9.236907211e+01 +3.4580e-01 +1.8866e-01 -1.2006e+00
91 0 +1.268340655e+02 +8.794406550e+01 +8.794406550e+01 +3.4349e-01 +1.8353e-01 -1.1982e+00
93 0 +1.238466113e+02 +8.495661129e+01 +8.495661129e+01 +3.4353e-01 +1.8100e-01 -1.2051e+00
94 0 +1.197636092e+02 +8.087360922e+01 +8.087360922e+01 +3.4131e-01 +1.7634e-01 -1.2037e+00
96 0 +1.151052821e+02 +7.621528211e+01 +7.621528211e+01 +3.4170e-01 +1.7103e-01 -1.2145e+00
97 0 +1.135388227e+02 +7.464882274e+01 +7.464882274e+01 +3.3618e-01 +1.6792e-01 -1.1927e+00
98 0 +1.079946968e+02 +6.910469675e+01 +6.910469675e+01 +3.3018e-01 +1.5887e-01 -1.1800e+00
99 0 +1.010611587e+02 +6.217115867e+01 +6.217115867e+01 +3.3197e-01 +1.5396e-01 -1.2007e+00
100 0 +8.950023829e+01 +5.061023829e+01 +5.061023829e+01 +3.2621e-01 +1.3917e-01 -1.2019e+00
101 0 +8.778039525e+01 +4.889039525e+01 +4.889039525e+01 +3.2409e-01 +1.3637e-01 -1.1939e+00
102 0 +7.370411635e+01 +3.481411635e+01 +3.481411635e+01 +3.1548e-01 +1.1639e-01 -1.1890e+00
103 0 +6.942750038e+01 +3.053750038e+01 +3.053750038e+01 +3.0622e-01 +1.0526e-01 -1.1661e+00
104 0 +5.519905897e+01 +1.630905897e+01 +1.630905897e+01 +2.8848e-01 +7.2380e-02 -1.1419e+00
105 0 +4.065849703e+01 +1.768497027e+00 +1.768497027e+00 +2.8993e-01 +5.9754e-02 -1.1752e+00
106 0 +1.995863460e+01 -1.893136540e+01 -1.893136540e+01 +2.6980e-01 +1.0195e-02 -1.1728e+00
107 0 +1.992616790e+01 -1.896383210e+01 -1.896383210e+01 +2.5629e-01 -6.5334e-03 -1.1339e+00
108 0 +1.437417591e+01 -2.451582409e+01 -2.451582409e+01 +2.2133e-01 -7.9387e-02 -1.0998e+00
110 0 +6.867593401e+00 -3.202240660e+01 -3.202240660e+01 +1.7511e-01 -1.9468e-01 -1.0981e+00
111 0 +5.577927574e+00 -3.331207243e+01 -3.331207243e+01 +1.1843e-01 -3.2821e-01 -1.0763e+00
113 0 +4.978928605e+00 -3.391107139e+01 -3.391107139e+01 +2.2557e-01 -8.1879e-02 -1.1303e+00
114 0 +4.466571796e+00 -3.442342820e+01 -3.442342820e+01 +1.7262e-01 -2.1206e-01 -1.1169e+00
117 0 +3.351219174e+00 -3.553878083e+01 -3.553878083e+01 +2.2909e-01 -9.1333e-02 -1.1658e+00
131 0 +3.257462072e+00 -3.563253793e+01 -3.563253793e+01 +2.1514e-01 -1.1569e-01 -1.1434e+00
135 0 +3.045125511e+00 -3.584487449e+01 -3.584487449e+01 +2.2655e-01 -9.1575e-02 -1.1530e+00
141 0 +3.005846498e+00 -3.588415350e+01 -3.588415350e+01 +2.2582e-01 -9.0627e-02 -1.1476e+00
% f evaluations | g evaluations | best noise-free fitness - Fopt (3.419000000000e+01) + sum g_i+ | measured fitness | best measured fitness or single-digit g-values | x1 | x2...
1 0 +5.523931782e+03 +5.558121782e+03 +5.558121782e+03 +0.0000e+00 +0.0000e+00 +0.0000e+00
3 0 +5.523322785e+03 +5.557512785e+03 +5.557512785e+03 +0.0000e+00 +2.5000e-04 +0.0000e+00
14 0 +5.494088897e+03 +5.528278897e+03 +5.528278897e+03 +6.9444e-04 +1.8056e-03 -2.7222e-03
22 0 +5.356183794e+03 +5.390373794e+03 +5.390373794e+03 +4.9167e-03 +8.5833e-03 -1.5833e-02
25 0 +5.176763558e+03 +5.210953558e+03 +5.210953558e+03 +1.0167e-02 +1.8833e-02 -3.2833e-02
27 0 +4.992135293e+03 +5.026325293e+03 +5.026325293e+03 +1.5000e-02 +2.8250e-02 -5.1000e-02
29 0 +4.733481498e+03 +4.767671498e+03 +4.767671498e+03 +2.4250e-02 +4.2000e-02 -7.7000e-02
30 0 +4.648647097e+03 +4.682837097e+03 +4.682837097e+03 +2.6028e-02 +4.7806e-02 -8.5389e-02
31 0 +4.342353278e+03 +4.376543278e+03 +4.376543278e+03 +3.5583e-02 +6.5917e-02 -1.1717e-01
32 0 +4.219194843e+03 +4.253384843e+03 +4.253384843e+03 +3.9722e-02 +7.1944e-02 -1.3061e-01
33 0 +3.777007261e+03 +3.811197261e+03 +3.811197261e+03 +5.4500e-02 +9.8500e-02 -1.7950e-01
34 0 +3.613485795e+03 +3.647675795e+03 +3.647675795e+03 +6.1222e-02 +1.0936e-01 -1.9811e-01
35 0 +3.005447667e+03 +3.039637667e+03 +3.039637667e+03 +8.4333e-02 +1.4992e-01 -2.7167e-01
36 0 +2.769675706e+03 +2.803865706e+03 +2.803865706e+03 +9.2028e-02 +1.6756e-01 -3.0189e-01
37 0 +1.979904854e+03 +2.014094854e+03 +2.014094854e+03 +1.2592e-01 +2.3033e-01 -4.1433e-01
38 0 +1.701554328e+03 +1.735744328e+03 +1.735744328e+03 +1.4092e-01 +2.5325e-01 -4.5983e-01
39 0 +8.413191815e+02 +8.755091815e+02 +8.755091815e+02 +1.9358e-01 +3.4692e-01 -6.3117e-01
40 0 +5.842175014e+02 +6.184075014e+02 +6.184075014e+02 +2.1472e-01 +3.8628e-01 -6.9861e-01
41 0 +3.078766663e+01 +6.497766663e+01 +6.497766663e+01 +2.9483e-01 +5.3017e-01 -9.5817e-01
42 0 +4.046008602e+00 +3.823600860e+01 +3.823600860e+01 +3.2522e-01 +5.8836e-01 -1.0641e+00
44 0 +2.822180378e+00 +3.701218038e+01 +3.701218038e+01 +4.1651e-01 +7.4663e-01 -1.3546e+00
55 0 +2.337678955e+00 +3.652767896e+01 +3.652767896e+01 +3.9986e-01 +7.1742e-01 -1.3022e+00
118 0 +2.289130811e+00 +3.647913081e+01 +3.647913081e+01 +4.1080e-01 +7.1038e-01 -1.3096e+00
127 0 +2.237035543e+00 +3.642703554e+01 +3.642703554e+01 +4.3981e-01 +6.8838e-01 -1.3258e+00
200 0 +2.176853519e+00 +3.636685352e+01 +3.636685352e+01 +4.5095e-01 +6.9861e-01 -1.3184e+00
204 0 +2.107246732e+00 +3.629724673e+01 +3.629724673e+01 +4.7206e-01 +7.0562e-01 -1.3172e+00
206 0 +2.067957623e+00 +3.625795762e+01 +3.625795762e+01 +4.8070e-01 +7.1403e-01 -1.3099e+00
207 0 +2.019165130e+00 +3.620916513e+01 +3.620916513e+01 +4.9558e-01 +7.2174e-01 -1.3056e+00
209 0 +1.952979317e+00 +3.614297932e+01 +3.614297932e+01 +5.2294e-01 +7.4233e-01 -1.3074e+00
210 0 +1.934227243e+00 +3.612422724e+01 +3.612422724e+01 +5.2501e-01 +7.3258e-01 -1.3085e+00
211 0 +1.865730850e+00 +3.605573085e+01 +3.605573085e+01 +5.5316e-01 +7.4192e-01 -1.3069e+00
212 0 +1.847025564e+00 +3.603702556e+01 +3.603702556e+01 +5.7573e-01 +7.6505e-01 -1.2960e+00
216 0 +1.814962065e+00 +3.600496206e+01 +3.600496206e+01 +6.3341e-01 +7.8084e-01 -1.2954e+00
232 0 +1.777223533e+00 +3.596722353e+01 +3.596722353e+01 +6.2963e-01 +7.5546e-01 -1.2985e+00
% f evaluations | g evaluations | best noise-free fitness - Fopt (-3.040000000000e+00) + sum g_i+ | measured fitness | best measured fitness or single-digit g-values | x1 | x2...
1 0 +5.523931782e+03 +5.520891782e+03 +5.520891782e+03 +0.0000e+00 +0.0000e+00 +0.0000e+00
2 0 +5.523925870e+03 +5.520885870e+03 +5.520885870e+03 +2.5000e-04 +0.0000e+00 +0.0000e+00
15 0 +5.493167908e+03 +5.490127908e+03 +5.490127908e+03 +1.9444e-03 +8.3333e-04 -3.5000e-03
23 0 +5.369573935e+03 +5.366533935e+03 +5.366533935e+03 +9.8333e-03 +2.7222e-03 -1.7278e-02
26 0 +5.191855397e+03 +5.188815397e+03 +5.188815397e+03 +2.1000e-02 +6.5833e-03 -3.7667e-02
28 0 +5.041181455e+03 +5.038141455e+03 +5.038141455e+03 +2.9583e-02 +9.0000e-03 -5.5000e-02
29 0 +4.983999475e+03 +4.980959475e+03 +4.980959475e+03 +3.4472e-02 +9.8056e-03 -6.1611e-02
30 0 +4.790156124e+03 +4.787116124e+03 +4.787116124e+03 +4.7583e-02 +1.3250e-02 -8.4500e-02
31 0 +4.707941223e+03 +4.704901223e+03 +4.704901223e+03 +5.1944e-02 +1.5722e-02 -9.4611e-02
32 0 +4.418747354e+03 +4.415707354e+03 +4.415707354e+03 +7.1167e-02 +2.1833e-02 -1.3017e-01
33 0 +4.321282398e+03 +4.318242398e+03 +4.318242398e+03 +7.7889e-02 +2.2806e-02 -1.4211e-01
34 0 +3.915681043e+03 +3.912641043e+03 +3.912641043e+03 +1.0633e-01 +3.0917e-02 -1.9433e-01
35 0 +3.741631275e+03 +3.738591275e+03 +3.738591275e+03 +1.2047e-01 +3.5000e-02 -2.1767e-01
36 0 +3.162537298e+03 +3.159497298e+03 +3.159497298e+03 +1.6592e-01 +4.8000e-02 -2.9900e-01
37 0 +2.947935151e+03 +2.944895151e+03 +2.944895151e+03 +1.8136e-01 +5.3917e-02 -3.3117e-01
38 0 +2.189617453e+03 +2.186577453e+03 +2.186577453e+03 +2.4825e-01 +7.4250e-02 -4.5450e-01
39 0 +1.926360546e+03 +1.923320546e+03 +1.923320546e+03 +2.7583e-01 +8.0278e-02 -5.0172e-01
40 0 +1.065455563e+03 +1.062415563e+03 +1.062415563e+03 +3.7817e-01 +1.0950e-01 -6.8750e-01
41 0 +7.807256297e+02 +7.776856297e+02 +7.776856297e+02 +4.2189e-01 +1.2358e-01 -7.6633e-01
42 0 +1.166875743e+02 +1.136475743e+02 +1.136475743e+02 +5.7967e-01 +1.6992e-01 -1.0523e+00
43 0 +2.114362833e+01 +1.810362833e+01 +1.810362833e+01 +6.3814e-01 +1.8778e-01 -1.1639e+00
44 0 +9.892628183e+00 +6.852628183e+00 +6.852628183e+00 +8.7425e-01 +2.5767e-01 -1.5963e+00
49 0 +9.180007009e+00 +6.140007009e+00 +6.140007009e+00 +8.2759e-01 +2.4166e-01 -1.5098e+00
58 0 +9.110588204e+00 +6.070588204e+00 +6.070588204e+00 +8.5811e-01 +2.5068e-01 -1.5641e+00
70 0 +8.905679057e+00 +5.865679057e+00 +5.865679057e+00 +8.5975e-01 +2.5000e-01 -1.5650e+00
75 0 +8.458816737e+00 +5.418816737e+00 +5.418816737e+00 +8.4498e-01 +2.4357e-01 -1.5349e+00
76 0 +8.250778512e+00 +5.210778512e+00 +5.210778512e+00 +8.5237e-01 +2.4457e-01 -1.5460e+00
79 0 +7.900871648e+00 +4.860871648e+00 +4.860871648e+00 +8.4385e-01 +2.3976e-01 -1.5257e+00
82 0 +7.576614552e+00 +4.536614552e+00 +4.536614552e+00 +8.4704e-01 +2.3882e-01 -1.5286e+00
84 0 +6.953574678e+00 +3.913574678e+00 +3.913574678e+00 +8.5543e-01 +2.3747e-01 -1.5357e+00
85 0 +6.374618681e+00 +3.334618681e+00 +3.334618681e+00 +8.5696e-01 +2.3392e-01 -1.5305e+00
88 0 +6.206451894e+00 +3.166451894e+00 +3.166451894e+00 +8.6851e-01 +2.3621e-01 -1.5501e+00
90 0 +5.125962281e+00 +2.085962281e+00 +2.085962281e+00 +8.6353e-01 +2.2617e-01 -1.5241e+00
91 0 +4.239487113e+00 +1.199487113e+00 +1.199487113e+00 +8.7826e-01 +2.2293e-01 -1.5354e+00
95 0 +2.947076407e+00 -9.292359258e-02 -9.292359258e-02 +9.0283e-01 +2.1473e-01 -1.5498e+00
96 0 +2.203807372e+00 -8.361926282e-01 -8.361926282e-01 +9.1999e-01 +2.0400e-01 -1.5497e+00
98 0 +2.170219900e+00 -8.697800998e-01 -8.697800998e-01 +9.0792e-01 +1.9634e-01 -1.5192e+00
99 0 +2.129320438e+00 -9.106795622e-01 -9.106795622e-01 +9.3123e-01 +1.8516e-01 -1.5247e+00
109 0 +2.037834757e+00 -1.002165243e+00 -1.002165243e+00 +9.2790e-01 +1.9768e-01 -1.5462e+00
189 0 +1.993368682e+00 -1.046631318e+00 -1.046631318e+00 +9.4320e-01 +1.9570e-01 -1.5393e+00
199 0 +1.945766905e+00 -1.094233095e+00 -1.094233095e+00 +9.7434e-01 +2.0275e-01 -1.5445e+00
209 0 +1.905148649e+00 -1.134851351e+00 -1.134851351e+00 +9.8384e-01 +2.0810e-01 -1.5414e+00
% f evaluations | g evaluations | best noise-free fitness - Fopt (1.983000000000e+01) + sum g_i+ | measured fitness | best measured fitness or single-digit g-values | x1 | x2...
1 0 +5.523931782e+03 +5.543761782e+03 +5.543761782e+03 +0.0000e+00 +0.0000e+00 +0.0000e+00
2 0 +5.523925870e+03 +5.543755870e+03 +5.543755870e+03 +2.5000e-04 +0.0000e+00 +0.0000e+00
15 0 +5.494919769e+03 +5.514749769e+03 +5.514749769e+03 -1.6667e-03 +8.3333e-05 +3.0833e-03
23 0 +5.365716281e+03 +5.385546281e+03 +5.385546281e+03 -1.2333e-02 +2.4167e-03 +1.6417e-02
27 0 +5.161689211e+03 +5.181519211e+03 +5.181519211e+03 -2.7500e-02 +3.5000e-03 +3.8500e-02
28 0 +5.120097575e+03 +5.139927575e+03 +5.139927575e+03 -3.0889e-02 +5.1111e-03 +4.2694e-02
29 0 +4.973064463e+03 +4.992894463e+03 +4.992894463e+03 -4.2667e-02 +7.3333e-03 +5.8583e-02
31 0 +4.697525617e+03 +4.717355617e+03 +4.717355617e+03 -6.3000e-02 +8.7500e-03 +8.9750e-02
32 0 +4.614302117e+03 +4.634132117e+03 +4.634132117e+03 -7.1278e-02 +1.0306e-02 +9.9056e-02
33 0 +4.297638755e+03 +4.317468755e+03 +4.317468755e+03 -9.8167e-02 +1.4083e-02 +1.3583e-01
34 0 +4.168634825e+03 +4.188464825e+03 +4.188464825e+03 -1.0839e-01 +1.6611e-02 +1.5094e-01
35 0 +3.711435519e+03 +3.731265519e+03 +3.731265519e+03 -1.4883e-01 +2.3167e-02 +2.0717e-01
36 0 +3.538737958e+03 +3.558567958e+03 +3.558567958e+03 -1.6400e-01 +2.3333e-02 +2.2992e-01
37 0 +2.910902879e+03 +2.930732879e+03 +2.930732879e+03 -2.2467e-01 +3.1333e-02 +3.1558e-01
38 0 +2.675768598e+03 +2.695598598e+03 +2.695598598e+03 -2.5144e-01 +3.6972e-02 +3.4931e-01
39 0 +1.874084133e+03 +1.893914133e+03 +1.893914133e+03 -3.4567e-01 +5.1083e-02 +4.7908e-01
40 0 +1.589380331e+03 +1.609210331e+03 +1.609210331e+03 -3.8128e-01 +5.6306e-02 +5.3206e-01
41 0 +7.387554421e+02 +7.585854421e+02 +7.585854421e+02 -5.2283e-01 +7.7417e-02 +7.3017e-01
42 0 +4.931104107e+02 +5.129404107e+02 +5.129404107e+02 -5.7994e-01 +8.3389e-02 +8.0939e-01
43 0 +2.666888421e+01 +4.649888421e+01 +4.649888421e+01 -7.9550e-01 +1.1350e-01 +1.1105e+00
44 0 +2.624827637e+01 +4.607827637e+01 +4.607827637e+01 -8.8467e-01 +1.3000e-01 +1.2309e+00
61 0 +2.413666504e+01 +4.396666504e+01 +4.396666504e+01 -8.0343e-01 +1.1651e-01 +1.1194e+00
66 0 +2.298102064e+01 +4.281102064e+01 +4.281102064e+01 -8.2375e-01 +1.1880e-01 +1.1486e+00
76 0 +2.249998517e+01 +4.232998517e+01 +4.232998517e+01 -8.1854e-01 +1.1862e-01 +1.1407e+00
90 0 +2.234504147e+01 +4.217504147e+01 +4.217504147e+01 -8.1598e-01 +1.1885e-01 +1.1364e+00
95 0 +2.165584163e+01 +4.148584163e+01 +4.148584163e+01 -8.1563e-01 +1.2156e-01 +1.1326e+00
97 0 +2.100129861e+01 +4.083129861e+01 +4.083129861e+01 -8.2395e-01 +1.2482e-01 +1.1419e+00
98 0 +2.086372379e+01 +4.069372379e+01 +4.069372379e+01 -8.2464e-01 +1.2547e-01 +1.1422e+00
99 0 +2.036011112e+01 +4.019011112e+01 +4.019011112e+01 -8.2885e-01 +1.2851e-01 +1.1452e+00
100 0 +1.976696731e+01 +3.959696731e+01 +3.959696731e+01 -8.2392e-01 +1.2902e-01 +1.1369e+00
101 0 +1.873901740e+01 +3.856901740e+01 +3.856901740e+01 -8.2502e-01 +1.3308e-01 +1.1339e+00
103 0 +1.755617886e+01 +3.738617886e+01 +3.738617886e+01 -8.3614e-01 +1.4027e-01 +1.1428e+00
104 0 +1.599187291e+01 +3.582187291e+01 +3.582187291e+01 -8.4223e-01 +1.4800e-01 +1.1433e+00
105 0 +1.534274829e+01 +3.517274829e+01 +3.517274829e+01 -8.4015e-01 +1.4958e-01 +1.1382e+00
106 0 +1.316122555e+01 +3.299122555e+01 +3.299122555e+01 -8.4581e-01 +1.6011e-01 +1.1347e+00
108 0 +1.039210854e+01 +3.022210854e+01 +3.022210854e+01 -8.5975e-01 +1.7771e-01 +1.1359e+00
109 0 +7.605029233e+00 +2.743502923e+01 +2.743502923e+01 -8.7711e-01 +2.0003e-01 +1.1369e+00
110 0 +7.212633519e+00 +2.704263352e+01 +2.704263352e+01 -8.6579e-01 +1.9748e-01 +1.1222e+00
111 0 +4.848437096e+00 +2.467843710e+01 +2.467843710e+01 -8.7757e-01 +2.2222e-01 +1.1116e+00
113 0 +3.981369096e+00 +2.381136910e+01 +2.381136910e+01 -9.2225e-01 +2.6620e-01 +1.1300e+00
117 0 +3.543720825e+00 +2.337372083e+01 +2.337372083e+01 -9.0707e-01 +2.5942e-01 +1.1142e+00
123 0 +3.425426412e+00 +2.325542641e+01 +2.325542641e+01 -9.0113e-01 +2.6066e-01 +1.1035e+00
149 0 +3.387970531e+00 +2.321797053e+01 +2.321797053e+01 -9.0447e-01 +2.6256e-01 +1.1065e+00
