% f evaluations | g evaluations | best noise-free fitness - Fopt (-1.025500000000e+02) + sum g_i+ | measured fitness | best measured fitness or single-digit g-values | x1 | x2...
1 0 +2.503737427e-01 -1.022996263e+02 -1.022996263e+02 +0.0000e+00 +0.0000e+00 +0.0000e+00
2 0 +2.372339456e-01 -1.023127661e+02 -1.023127661e+02 +2.5000e-04 +0.0000e+00 +0.0000e+00
6 0 +2.242331115e-01 -1.023257669e+02 -1.023257669e+02 +2.7778e-04 -1.3889e-04 -1.6667e-04
7 0 +2.075783726e-01 -1.023424216e+02 -1.023424216e+02 +4.1667e-04 -3.3333e-04 -2.5000e-04
9 0 +1.858324660e-01 -1.023641675e+02 -1.023641675e+02 +8.3333e-04 -1.6667e-04 -5.0000e-04
11 0 +1.575209976e-01 -1.023924790e+02 -1.023924790e+02 +1.1667e-03 -8.3333e-04 -2.5000e-04
12 0 +1.358173546e-01 -1.024141826e+02 -1.024141826e+02 +1.3611e-03 -8.8889e-04 -6.6667e-04
13 0 +9.672739522e-02 -1.024532726e+02 -1.024532726e+02 +1.9167e-03 -1.3333e-03 -1.0000e-03
14 0 +9.387536727e-02 -1.024561246e+02 -1.024561246e+02 +2.1944e-03 -1.2222e-03 -9.1667e-04
15 0 +5.832167819e-02 -1.024916783e+02 -1.024916783e+02 +3.0833e-03 -1.6667e-03 -1.2500e-03
16 0 +4.176814131e-02 -1.025082319e+02 -1.025082319e+02 +3.2778e-03 -2.3889e-03 -1.1667e-03
17 0 +1.704245853e-02 -1.025329575e+02 -1.025329575e+02 +4.5000e-03 -3.5000e-03 -1.5000e-03
29 0 +1.586999864e-02 -1.025341300e+02 -1.025341300e+02 +4.7879e-03 -3.8471e-03 -1.3971e-03
38 0 +1.580914909e-02 -1.025341909e+02 -1.025341909e+02 +4.9273e-03 -3.7210e-03 -1.6928e-03
% f evaluations | g evaluations | best noise-free fitness - Fopt (7.169000000000e+01) + sum g_i+ | measured fitness | best measured fitness or single-digit g-values | x1 | x2...
1 0 +2.503737427e-01 +7.194037374e+01 +7.194037374e+01 +0.0000e+00 +0.0000e+00 +0.0000e+00
2 0 +2.478331455e-01 +7.193783315e+01 +7.193783315e+01 +2.5000e-04 +0.0000e+00 +0.0000e+00
4 0 +2.320014660e-01 +7.192200147e+01 +7.192200147e+01 +0.0000e+00 +0.0000e+00 +2.5000e-04
6 0 +2.249799120e-01 +7.191497991e+01 +7.191497991e+01 +2.7778e-04 -1.6667e-04 +2.7778e-04
7 0 +2.129503942e-01 +7.190295039e+01 +7.190295039e+01 +4.1667e-04 -2.5000e-04 +4.1667e-04
8 0 +2.058804904e-01 +7.189588049e+01 +7.189588049e+01 +1.3889e-04 -3.3333e-04 +5.5556e-04
9 0 +1.879090211e-01 +7.187790902e+01 +7.187790902e+01 +8.3333e-05 -5.0000e-04 +8.3333e-04
11 0 +1.671522145e-01 +7.185715221e+01 +7.185715221e+01 +1.6667e-04 -2.5000e-04 +1.1667e-03
12 0 +1.496417675e-01 +7.183964177e+01 +7.183964177e+01 +4.4444e-04 -6.6667e-04 +1.3611e-03
13 0 +1.161703080e-01 +7.180617031e+01 +7.180617031e+01 +6.6667e-04 -1.0000e-03 +1.9167e-03
14 0 +1.117519118e-01 +7.180175191e+01 +7.180175191e+01 +1.9444e-04 -9.1667e-04 +2.1944e-03
15 0 +8.250486473e-02 +7.177250486e+01 +7.177250486e+01 +8.3333e-05 -1.2500e-03 +3.0833e-03
16 0 +6.410436034e-02 +7.175410436e+01 +7.175410436e+01 +5.2778e-04 -1.1667e-03 +3.2778e-03
17 0 +3.342781120e-02 +7.172342781e+01 +7.172342781e+01 +7.5000e-04 -1.5000e-03 +4.5000e-03
22 0 +3.196512410e-02 +7.172196512e+01 +7.172196512e+01 +1.2593e-03 -1.7778e-03 +4.2500e-03
25 0 +2.906026156e-02 +7.171906026e+01 +7.171906026e+01 +9.5988e-04 -2.1296e-03 +5.6111e-03
28 0 +2.078637912e-02 +7.171078638e+01 +7.171078638e+01 +1.4935e-03 -2.0082e-03 +5.0123e-03
29 0 +1.741602011e-02 +7.170741602e+01 +7.170741602e+01 +1.8652e-03 -2.2623e-03 +5.2685e-03
34 0 +1.634876486e-02 +7.170634876e+01 +7.170634876e+01 +1.9185e-03 -1.9819e-03 +5.3129e-03
39 0 +1.612003056e-02 +7.170612003e+01 +7.170612003e+01 +2.0760e-03 -2.2889e-03 +5.3645e-03
45 0 +1.581310770e-02 +7.170581311e+01 +7.170581311e+01 +2.2676e-03 -2.4253e-03 +5.6160e-03
% f evaluations | g evaluations | best noise-free fitness - Fopt (2.140100000000e+02) + sum g_i+ | measured fitness | best measured fitness or single-digit g-values | x1 | x2...
1 0 +2.503737427e-01 +2.142603737e+02 +2.142603737e+02 +0.0000e+00 +0.0000e+00 +0.0000e+00
5 0 +2.456841120e-01 +2.142556841e+02 +2.142556841e+02 +1.6667e-04 +1.6667e-04 -2.5000e-04
6 0 +2.383474533e-01 +2.142483475e+02 +2.142483475e+02 +2.5000e-04 +2.5000e-04 -5.0000e-04
7 0 +2.316583801e-01 +2.142416584e+02 +2.142416584e+02 -8.3333e-05 +3.3333e-04 -3.3333e-04
8 0 +2.173989918e-01 +2.142273990e+02 +2.142273990e+02 -2.5000e-04 +5.0000e-04 -5.0000e-04
10 0 +2.016187131e-01 +2.142116187e+02 +2.142116187e+02 +0.0000e+00 +2.5000e-04 -1.0000e-03
11 0 +1.959540349e-01 +2.142059540e+02 +2.142059540e+02 +0.0000e+00 +6.6667e-04 -1.3333e-03
12 0 +1.839054768e-01 +2.141939055e+02 +2.141939055e+02 +0.0000e+00 +1.0000e-03 -2.0000e-03
13 0 +1.596943650e-01 +2.141696944e+02 +2.141696944e+02 -4.1667e-04 +9.1667e-04 -1.8333e-03
14 0 +1.302427125e-01 +2.141402427e+02 +2.141402427e+02 -7.5000e-04 +1.2500e-03 -2.5000e-03
17 0 +1.199144122e-01 +2.141299144e+02 +2.141299144e+02 -1.1111e-03 +1.9630e-03 -4.5185e-03
19 0 +9.900337040e-02 +2.141090034e+02 +2.141090034e+02 -1.4352e-03 +2.3272e-03 -4.2531e-03
20 0 +7.831093860e-02 +2.140883109e+02 +2.140883109e+02 -2.0278e-03 +2.9074e-03 -4.7963e-03
21 0 +6.667487917e-02 +2.140766749e+02 +2.140766749e+02 -1.9259e-03 +2.0525e-03 -3.7654e-03
22 0 +4.689351066e-02 +2.140568935e+02 +2.140568935e+02 -2.5556e-03 +2.0648e-03 -3.5926e-03
24 0 +1.847105900e-02 +2.140284711e+02 +2.140284711e+02 -3.9753e-03 +3.6008e-03 -5.1440e-03
26 0 +1.603933249e-02 +2.140260393e+02 +2.140260393e+02 -4.3570e-03 +3.1187e-03 -5.0981e-03
41 0 +1.582803510e-02 +2.140258280e+02 +2.140258280e+02 -4.5669e-03 +3.5778e-03 -5.3562e-03
% f evaluations | g evaluations | best noise-free fitness - Fopt (-5.848000000000e+01) + sum g_i+ | measured fitness | best measured fitness or single-digit g-values | x1 | x2...
1 0 +2.503737427e-01 -5.822962626e+01 -5.822962626e+01 +0.0000e+00 +0.0000e+00 +0.0000e+00
2 0 +2.497273167e-01 -5.823027268e+01 -5.823027268e+01 +2.5000e-04 +0.0000e+00 +0.0000e+00
3 0 +2.417581553e-01 -5.823824184e+01 -5.823824184e+01 +0.0000e+00 +2.5000e-04 +0.0000e+00
4 0 +2.336768788e-01 -5.824632312e+01 -5.824632312e+01 +0.0000e+00 +0.0000e+00 +2.5000e-04
6 0 +2.242442004e-01 -5.825575580e+01 -5.825575580e+01 +2.5000e-04 +2.5000e-04 +2.5000e-04
7 0 +2.182396316e-01 -5.826176037e+01 -5.826176037e+01 -8.3333e-05 +3.3333e-04 +3.3333e-04
8 0 +2.055737915e-01 -5.827442621e+01 -5.827442621e+01 -2.5000e-04 +5.0000e-04 +5.0000e-04
9 0 +1.993644285e-01 -5.828063557e+01 -5.828063557e+01 +0.0000e+00 +2.5000e-04 +6.6667e-04
10 0 +1.798284991e-01 -5.830017150e+01 -5.830017150e+01 +0.0000e+00 +2.5000e-04 +1.0000e-03
11 0 +1.728051164e-01 -5.830719488e+01 -5.830719488e+01 +0.0000e+00 +6.6667e-04 +9.1667e-04
12 0 +1.465335028e-01 -5.833346650e+01 -5.833346650e+01 +0.0000e+00 +1.0000e-03 +1.2500e-03
13 0 +1.396430289e-01 -5.834035697e+01 -5.834035697e+01 -4.1667e-04 +9.1667e-04 +1.5833e-03
14 0 +1.150153983e-01 -5.836498460e+01 -5.836498460e+01 -7.5000e-04 +1.2500e-03 +2.2500e-03
15 0 +9.137295557e-02 -5.838862704e+01 -5.838862704e+01 -2.5000e-04 +1.1667e-03 +2.5000e-03
16 0 +5.467867138e-02 -5.842532133e+01 -5.842532133e+01 -2.5000e-04 +1.5000e-03 +3.5000e-03
19 0 +3.703168676e-02 -5.844296831e+01 -5.844296831e+01 -6.0185e-04 +2.8056e-03 +5.8796e-03
21 0 +3.088226857e-02 -5.844911773e+01 -5.844911773e+01 -6.4198e-04 +2.1759e-03 +5.9383e-03
23 0 +1.857735528e-02 -5.846142264e+01 -5.846142264e+01 +1.1523e-04 +1.9877e-03 +5.1842e-03
28 0 +1.628261960e-02 -5.846371738e+01 -5.846371738e+01 -1.0098e-05 +1.6939e-03 +5.8920e-03
34 0 +1.572734762e-02 -5.846427265e+01 -5.846427265e+01 +2.8879e-04 +1.9940e-03 +5.8256e-03
% f evaluations | g evaluations | best noise-free fitness - Fopt (-6.130800000000e+02) + sum g_i+ | measured fitness | best measured fitness or single-digit g-values | x1 | x2...
1 0 +2.503737427e-01 -6.128296263e+02 -6.128296263e+02 +0.0000e+00 +0.0000e+00 +0.0000e+00
4 0 +2.501159194e-01 -6.128298841e+02 -6.128298841e+02 +0.0000e+00 +0.0000e+00 +2.5000e-04
5 0 +2.377157792e-01 -6.128422842e+02 -6.128422842e+02 -2.5000e-04 +1.6667e-04 +1.6667e-04
6 0 +2.232284615e-01 -6.128567715e+02 -6.128567715e+02 -5.0000e-04 +2.5000e-04 +2.5000e-04
8 0 +2.163621842e-01 -6.128636378e+02 -6.128636378e+02 -5.5556e-04 +1.1111e-04 +5.5556e-04
9 0 +2.022697738e-01 -6.128777302e+02 -6.128777302e+02 -8.3333e-04 +1.6667e-04 +8.3333e-04
10 0 +1.844420232e-01 -6.128955580e+02 -6.128955580e+02 -1.1111e-03 +2.2222e-04 +6.9444e-04
11 0 +1.559289819e-01 -6.129240710e+02 -6.129240710e+02 -1.6667e-03 +3.3333e-04 +9.1667e-04
13 0 +1.356148929e-01 -6.129443851e+02 -6.129443851e+02 -2.2778e-03 +4.7222e-04 +1.5833e-03
14 0 +1.121316094e-01 -6.129678684e+02 -6.129678684e+02 -3.1667e-03 +5.8333e-04 +2.2500e-03
15 0 +8.907900371e-02 -6.129909210e+02 -6.129909210e+02 -3.5000e-03 +8.3333e-04 +1.9444e-03
16 0 +5.609289254e-02 -6.130239071e+02 -6.130239071e+02 -4.8333e-03 +1.1667e-03 +2.5000e-03
19 0 +5.446777345e-02 -6.130255322e+02 -6.130255322e+02 -7.8086e-03 +1.6451e-03 +4.0031e-03
21 0 +4.874947465e-02 -6.130312505e+02 -6.130312505e+02 -4.7613e-03 +1.0412e-03 +2.0854e-03
23 0 +2.459564236e-02 -6.130554044e+02 -6.130554044e+02 -6.8244e-03 +1.7630e-03 +2.9479e-03
24 0 +1.803401234e-02 -6.130619660e+02 -6.130619660e+02 -7.8477e-03 +2.2418e-03 +3.0329e-03
32 0 +1.772835053e-02 -6.130622716e+02 -6.130622716e+02 -6.8722e-03 +1.9507e-03 +2.3116e-03
35 0 +1.604535102e-02 -6.130639546e+02 -6.130639546e+02 -7.4378e-03 +2.3206e-03 +2.5278e-03
46 0 +1.577778887e-02 -6.130642222e+02 -6.130642222e+02 -7.6301e-03 +2.2461e-03 +2.6917e-03
% f evaluations | g evaluations | best noise-free fitness - Fopt (1.814100000000e+02) + sum g_i+ | measured fitness | best measured fitness or single-digit g-values | x1 | x2...
1 0 +2.503737427e-01 +1.816603737e+02 +1.816603737e+02 +0.0000e+00 +0.0000e+00 +0.0000e+00
3 0 +2.322754189e-01 +1.816422754e+02 +1.816422754e+02 +0.0000e+00 +2.5000e-04 +0.0000e+00
6 0 +2.263145857e-01 +1.816363146e+02 +1.816363146e+02 -1.6667e-04 +2.7778e-04 -1.3889e-04
7 0 +2.150621276e-01 +1.816250621e+02 +1.816250621e+02 -2.5000e-04 +4.1667e-04 -3.3333e-04
8 0 +2.044312946e-01 +1.816144313e+02 +1.816144313e+02 -3.3333e-04 +5.5556e-04 -1.1111e-04
9 0 +1.833843038e-01 +1.815933843e+02 +1.815933843e+02 -5.0000e-04 +8.3333e-04 -1.6667e-04
11 0 +1.645461096e-01 +1.815745461e+02 +1.815745461e+02 -6.6667e-04 +1.1389e-03 -6.6667e-04
12 0 +1.411314507e-01 +1.815511315e+02 +1.815511315e+02 -1.0000e-03 +1.5833e-03 -1.0000e-03
13 0 +1.284752058e-01 +1.815384752e+02 +1.815384752e+02 -9.1667e-04 +1.7500e-03 -7.7778e-04
14 0 +9.709643284e-02 +1.815070964e+02 +1.815070964e+02 -1.2500e-03 +2.4167e-03 -1.0000e-03
15 0 +9.389342592e-02 +1.815038934e+02 +1.815038934e+02 -1.5833e-03 +2.3889e-03 -9.4444e-04
16 0 +6.478728459e-02 +1.814747873e+02 +1.814747873e+02 -2.2500e-03 +3.1667e-03 -1.1667e-03
18 0 +4.733517900e-02 +1.814573352e+02 +1.814573352e+02 -3.0000e-03 +4.7685e-03 -1.7407e-03
21 0 +3.457544393e-02 +1.814445754e+02 +1.814445754e+02 -3.6111e-03 +5.0144e-03 -1.4835e-03
22 0 +2.660245779e-02 +1.814366025e+02 +1.814366025e+02 -4.1667e-03 +5.5494e-03 -1.2531e-03
25 0 +1.677988987e-02 +1.814267799e+02 +1.814267799e+02 -4.0864e-03 +5.2797e-03 -2.4646e-04
37 0 +1.657441094e-02 +1.814265744e+02 +1.814265744e+02 -3.8246e-03 +5.3380e-03 -2.8975e-04
40 0 +1.591202199e-02 +1.814259120e+02 +1.814259120e+02 -3.7694e-03 +5.1594e-03 -5.5986e-04
42 0 +1.579928062e-02 +1.814257993e+02 +1.814257993e+02 -3.8931e-03 +5.3469e-03 -5.5795e-04
% f evaluations | g evaluations | best noise-free fitness - Fopt (-8.350000000000e+00) + sum g_i+ | measured fitness | best measured fitness or single-digit g-values | x1 | x2...
1 0 +2.503737427e-01 -8.099626257e+00 -8.099626257e+00 +0.0000e+00 +0.0000e+00 +0.0000e+00
2 0 +2.487792852e-01 -8.101220715e+00 -8.101220715e+00 +2.5000e-04 +0.0000e+00 +0.0000e+00
3 0 +2.335431444e-01 -8.116456856e+00 -8.116456856e+00 +0.0000e+00 +2.5000e-04 +0.0000e+00
6 0 +2.165440337e-01 -8.133455966e+00 -8.133455966e+00 +2.5000e-04 +2.5000e-04 -5.0000e-04
8 0 +2.010729459e-01 -8.148927054e+00 -8.148927054e+00 +5.0000e-04 +5.0000e-04 -5.0000e-04
9 0 +1.858079635e-01 -8.164192037e+00 -8.164192037e+00 +2.5000e-04 +6.6667e-04 -6.6667e-04
10 0 +1.580572358e-01 -8.191942764e+00 -8.191942764e+00 +2.5000e-04 +1.0000e-03 -1.0000e-03
12 0 +1.311247923e-01 -8.218875208e+00 -8.218875208e+00 +1.0000e-03 +1.2500e-03 -2.0000e-03
13 0 +1.157419757e-01 -8.234258024e+00 -8.234258024e+00 +9.1667e-04 +1.5833e-03 -1.8333e-03
14 0 +8.502502190e-02 -8.264974978e+00 -8.264974978e+00 +1.2500e-03 +2.2500e-03 -2.5000e-03
15 0 +6.590282665e-02 -8.284097173e+00 -8.284097173e+00 +1.1667e-03 +2.5000e-03 -3.1667e-03
16 0 +4.415707117e-02 -8.305842929e+00 -8.305842929e+00 +1.5000e-03 +3.5000e-03 -4.5000e-03
23 0 +3.410491409e-02 -8.315895086e+00 -8.315895086e+00 +1.2191e-03 +3.5947e-03 -4.0370e-03
24 0 +2.791804948e-02 -8.322081951e+00 -8.322081951e+00 +7.0370e-04 +3.5586e-03 -3.5556e-03
27 0 +2.222712648e-02 -8.327772874e+00 -8.327772874e+00 +1.0799e-03 +4.3068e-03 -4.8930e-03
30 0 +1.769823920e-02 -8.332301761e+00 -8.332301761e+00 +8.9205e-04 +4.5917e-03 -4.5320e-03
38 0 +1.634266467e-02 -8.333657335e+00 -8.333657335e+00 +6.7708e-04 +4.7741e-03 -4.7434e-03
42 0 +1.596195490e-02 -8.334038045e+00 -8.334038045e+00 +6.9039e-04 +4.6257e-03 -4.4543e-03
46 0 +1.580910501e-02 -8.334190895e+00 -8.334190895e+00 +5.4697e-04 +4.5428e-03 -4.3407e-03
% f evaluations | g evaluations | best noise-free fitness - Fopt (-2.563800000000e+02) + sum g_i+ | measured fitness | best measured fitness or single-digit g-values | x1 | x2...
1 0 +2.503737427e-01 -2.561296263e+02 -2.561296263e+02 +0.0000e+00 +0.0000e+00 +0.0000e+00
5 0 +2.389283454e-01 -2.561410717e+02 -2.561410717e+02 +1.6667e-04 +1.6667e-04 -2.5000e-04
6 0 +2.251595438e-01 -2.561548405e+02 -2.561548405e+02 +2.5000e-04 +2.5000e-04 -5.0000e-04
8 0 +2.168942694e-01 -2.561631057e+02 -2.561631057e+02 +1.3889e-04 +1.1111e-04 -5.5556e-04
9 0 +2.014358913e-01 -2.561785641e+02 -2.561785641e+02 +8.3333e-05 +1.6667e-04 -8.3333e-04
10 0 +1.867974170e-01 -2.561932026e+02 -2.561932026e+02 +4.4444e-04 +2.2222e-04 -1.1111e-03
11 0 +1.592800096e-01 -2.562207200e+02 -2.562207200e+02 +6.6667e-04 +3.3333e-04 -1.6667e-03
13 0 +1.360440150e-01 -2.562439560e+02 -2.562439560e+02 +4.7222e-04 +4.7222e-04 -2.2778e-03
14 0 +1.058463631e-01 -2.562741536e+02 -2.562741536e+02 +5.8333e-04 +5.8333e-04 -3.1667e-03
15 0 +9.925666534e-02 -2.562807433e+02 -2.562807433e+02 +9.7222e-04 +8.3333e-04 -3.5000e-03
16 0 +7.489375568e-02 -2.563051062e+02 -2.563051062e+02 +1.4167e-03 +1.1667e-03 -4.8333e-03
17 0 +6.054644543e-02 -2.563194536e+02 -2.563194536e+02 +1.4444e-03 +8.0556e-04 -4.7778e-03
18 0 +4.063540711e-02 -2.563393646e+02 -2.563393646e+02 +2.0000e-03 +9.1667e-04 -6.3333e-03
23 0 +3.858072405e-02 -2.563414193e+02 -2.563414193e+02 +2.7870e-03 +1.0432e-03 -7.9198e-03
26 0 +3.176439858e-02 -2.563482356e+02 -2.563482356e+02 +2.6584e-03 +6.8176e-04 -7.8450e-03
29 0 +2.939403582e-02 -2.563506060e+02 -2.563506060e+02 +2.2579e-03 +6.6610e-04 -6.0791e-03
32 0 +1.851871222e-02 -2.563614813e+02 -2.563614813e+02 +2.5809e-03 +3.0694e-04 -6.8491e-03
33 0 +1.725254143e-02 -2.563627475e+02 -2.563627475e+02 +2.4778e-03 -6.1195e-05 -6.3138e-03
39 0 +1.680827329e-02 -2.563631917e+02 -2.563631917e+02 +2.7338e-03 +1.0870e-04 -6.4974e-03
41 0 +1.597936901e-02 -2.563640206e+02 -2.563640206e+02 +2.9650e-03 -6.3699e-06 -7.1459e-03
51 0 +1.577515883e-02 -2.563642248e+02 -2.563642248e+02 +2.9434e-03 +8.5810e-07 -7.0222e-03
% f evaluations | g evaluations | best noise-free fitness - Fopt (-1.451600000000e+02) + sum g_i+ | measured fitness | best measured fitness or single-digit g-values | x1 | x2...
1 0 +2.503737427e-01 -1.449096263e+02 -1.449096263e+02 +0.0000e+00 +0.0000e+00 +0.0000e+00
5 0 +2.464923008e-01 -1.449135077e+02 -1.449135077e+02 +1.6667e-04 +1.6667e-04 -2.5000e-04
6 0 +2.386845385e-01 -1.449213155e+02 -1.449213155e+02 +2.5000e-04 +2.5000e-04 -5.0000e-04
8 0 +2.254017972e-01 -1.449345982e+02 -1.449345982e+02 +5.0000e-04 -2.5000e-04 -5.0000e-04
9 0 +2.186316710e-01 -1.449413683e+02 -1.449413683e+02 +2.5000e-04 +0.0000e+00 -6.6667e-04
10 0 +2.018602770e-01 -1.449581397e+02 -1.449581397e+02 +2.5000e-04 +0.0000e+00 -1.0000e-03
11 0 +1.961714864e-01 -1.449638285e+02 -1.449638285e+02 +6.6667e-04 +0.0000e+00 -1.3333e-03
12 0 +1.766337576e-01 -1.449833662e+02 -1.449833662e+02 +1.0000e-03 +0.0000e+00 -2.0000e-03
13 0 +1.615002985e-01 -1.449984997e+02 -1.449984997e+02 +9.1667e-04 -4.1667e-04 -1.8333e-03
14 0 +1.290266809e-01 -1.450309733e+02 -1.450309733e+02 +1.2500e-03 -7.5000e-04 -2.5000e-03
16 0 +1.036888519e-01 -1.450563111e+02 -1.450563111e+02 +2.0278e-03 -6.6667e-04 -4.1111e-03
17 0 +8.337184507e-02 -1.450766282e+02 -1.450766282e+02 +2.9167e-03 -1.0000e-03 -5.6667e-03
18 0 +6.314707424e-02 -1.450968529e+02 -1.450968529e+02 +2.5556e-03 -1.3333e-03 -5.5556e-03
19 0 +4.818187737e-02 -1.451118181e+02 -1.451118181e+02 +3.3333e-03 -2.0000e-03 -7.3333e-03
20 0 +3.536407128e-02 -1.451246359e+02 -1.451246359e+02 +3.8333e-03 -2.2500e-03 -7.1667e-03
24 0 +2.520228460e-02 -1.451347977e+02 -1.451347977e+02 +4.4352e-03 -3.4444e-03 -8.6296e-03
28 0 +2.280172991e-02 -1.451371983e+02 -1.451371983e+02 +5.3477e-03 -3.9012e-03 -8.9712e-03
30 0 +1.688245375e-02 -1.451431175e+02 -1.451431175e+02 +3.6351e-03 -3.0854e-03 -7.0075e-03
40 0 +1.603103077e-02 -1.451439690e+02 -1.451439690e+02 +4.3549e-03 -3.4500e-03 -7.7233e-03
42 0 +1.583648238e-02 -1.451441635e+02 -1.451441635e+02 +4.2155e-03 -3.5004e-03 -7.4035e-03
% f evaluations | g evaluations | best noise-free fitness - Fopt (-2.915700000000e+02) + sum g_i+ | measured fitness | best measured fitness or single-digit g-values | x1 | x2...
1 0 +2.503737427e-01 -2.913196263e+02 -2.913196263e+02 +0.0000e+00 +0.0000e+00 +0.0000e+00
2 0 +2.339137015e-01 -2.913360863e+02 -2.913360863e+02 +2.5000e-04 +0.0000e+00 +0.0000e+00
6 0 +2.171697322e-01 -2.913528303e+02 -2.913528303e+02 +2.5000e-04 -5.0000e-04 +2.5000e-04
7 0 +2.128140207e-01 -2.913571860e+02 -2.913571860e+02 +3.3333e-04 -3.3333e-04 +3.3333e-04
8 0 +1.956242268e-01 -2.913743758e+02 -2.913743758e+02 +5.0000e-04 -5.0000e-04 +5.0000e-04
9 0 +1.880367136e-01 -2.913819633e+02 -2.913819633e+02 +6.6667e-04 -6.6667e-04 +2.5000e-04
10 0 +1.650467654e-01 -2.914049532e+02 -2.914049532e+02 +1.0000e-03 -1.0000e-03 +2.5000e-04
12 0 +1.464732476e-01 -2.914235268e+02 -2.914235268e+02 +1.2500e-03 -2.0000e-03 +1.0000e-03
13 0 +1.247903356e-01 -2.914452097e+02 -2.914452097e+02 +1.5833e-03 -1.8333e-03 +9.1667e-04
14 0 +1.016286011e-01 -2.914683714e+02 -2.914683714e+02 +2.2500e-03 -2.5000e-03 +1.2500e-03
18 0 +8.853515756e-02 -2.914814648e+02 -2.914814648e+02 +2.7778e-03 -2.6790e-03 +8.9198e-04
19 0 +8.296771083e-02 -2.914870323e+02 -2.914870323e+02 +2.6667e-03 -1.9630e-03 +3.2407e-04
22 0 +6.926661362e-02 -2.915007334e+02 -2.915007334e+02 +2.9074e-03 -2.1626e-03 +8.4156e-04
23 0 +5.903457875e-02 -2.915109654e+02 -2.915109654e+02 +3.1111e-03 -1.6605e-03 +6.7901e-04
26 0 +5.065922570e-02 -2.915193408e+02 -2.915193408e+02 +3.5586e-03 -1.7730e-03 +1.4849e-04
27 0 +4.123851863e-02 -2.915287615e+02 -2.915287615e+02 +4.2130e-03 -1.4095e-03 -4.0226e-04
28 0 +3.180444713e-02 -2.915381956e+02 -2.915381956e+02 +4.1728e-03 -1.9410e-03 +5.9019e-04
29 0 +2.028225052e-02 -2.915497177e+02 -2.915497177e+02 +4.9259e-03 -1.9300e-03 +7.2325e-04
35 0 +1.734929452e-02 -2.915526507e+02 -2.915526507e+02 +5.9131e-03 -2.3315e-03 +1.6908e-03
41 0 +1.612967309e-02 -2.915538703e+02 -2.915538703e+02 +5.3992e-03 -2.1699e-03 +1.0383e-03
50 0 +1.580267735e-02 -2.915541973e+02 -2.915541973e+02 +5.6523e-03 -2.3664e-03 +1.2731e-03
% f evaluations | g evaluations | best noise-free fitness - Fopt (1.396300000000e+02) + sum g_i+ | measured fitness | best measured fitness or single-digit g-values | x1 | x2...
1 0 +2.503737427e-01 +1.398803737e+02 +1.398803737e+02 +0.0000e+00 +0.0000e+00 +0.0000e+00
2 0 +2.452200732e-01 +1.398752201e+02 +1.398752201e+02 +2.5000e-04 +0.0000e+00 +0.0000e+00
4 0 +2.326899908e-01 +1.398626900e+02 +1.398626900e+02 +0.0000e+00 +0.0000e+00 +2.5000e-04
6 0 +2.220131166e-01 +1.398520131e+02 +1.398520131e+02 +2.5000e-04 -5.0000e-04 +2.5000e-04
7 0 +2.156027969e-01 +1.398456028e+02 +1.398456028e+02 +3.3333e-04 -3.3333e-04 +3.3333e-04
8 0 +1.994820154e-01 +1.398294820e+02 +1.398294820e+02 +5.0000e-04 -5.0000e-04 +5.0000e-04
9 0 +1.945079451e-01 +1.398245079e+02 +1.398245079e+02 +2.5000e-04 -6.6667e-04 +6.6667e-04
10 0 +1.762651343e-01 +1.398062651e+02 +1.398062651e+02 +2.5000e-04 -1.0000e-03 +1.0000e-03
11 0 +1.725312673e-01 +1.398025313e+02 +1.398025313e+02 +6.6667e-04 -1.3333e-03 +9.1667e-04
12 0 +1.575239466e-01 +1.397875239e+02 +1.397875239e+02 +1.0000e-03 -2.0000e-03 +1.2500e-03
13 0 +1.389950375e-01 +1.397689950e+02 +1.397689950e+02 +9.1667e-04 -1.8333e-03 +1.5833e-03
14 0 +1.200727960e-01 +1.397500728e+02 +1.397500728e+02 +1.2500e-03 -2.5000e-03 +2.2500e-03
23 0 +1.119268690e-01 +1.397419269e+02 +1.397419269e+02 +1.2613e-03 -1.6934e-03 +1.8704e-03
24 0 +1.030307607e-01 +1.397330308e+02 +1.397330308e+02 +1.4846e-03 -1.4938e-03 +1.8889e-03
25 0 +9.310813691e-02 +1.397231081e+02 +1.397231081e+02 +1.3374e-03 -2.0350e-03 +2.4630e-03
26 0 +7.784603961e-02 +1.397078460e+02 +1.397078460e+02 +1.4877e-03 -2.2284e-03 +2.9444e-03
27 0 +7.653812616e-02 +1.397065381e+02 +1.397065381e+02 +1.9877e-03 -2.6173e-03 +2.9167e-03
28 0 +6.616232059e-02 +1.396961623e+02 +1.396961623e+02 +2.5679e-03 -3.1605e-03 +3.4722e-03
29 0 +4.397856490e-02 +1.396739786e+02 +1.396739786e+02 +2.4434e-03 -2.0885e-03 +3.2870e-03
30 0 +2.647115343e-02 +1.396564712e+02 +1.396564712e+02 +3.0401e-03 -1.8827e-03 +3.8056e-03
32 0 +2.571990408e-02 +1.396557199e+02 +1.396557199e+02 +4.4150e-03 -3.3697e-03 +5.1914e-03
34 0 +2.416298110e-02 +1.396541630e+02 +1.396541630e+02 +4.5661e-03 -2.5770e-03 +5.8097e-03
37 0 +1.812050727e-02 +1.396481205e+02 +1.396481205e+02 +4.3876e-03 -2.2378e-03 +4.9403e-03
39 0 +1.637973292e-02 +1.396463797e+02 +1.396463797e+02 +3.7482e-03 -2.3054e-03 +4.5597e-03
45 0 +1.598959492e-02 +1.396459896e+02 +1.396459896e+02 +4.1760e-03 -2.5961e-03 +4.8934e-03
50 0 +1.575154325e-02 +1.396457515e+02 +1.396457515e+02 +3.9517e-03 -2.3766e-03 +4.7377e-03
% f evaluations | g evaluations | best noise-free fitness - Fopt (6.596000000000e+02) + sum g_i+ | measured fitness | best measured fitness or single-digit g-values | x1 | x2...
1 0 +2.503737427e-01 +6.598503737e+02 +6.598503737e+02 +0.0000e+00 +0.0000e+00 +0.0000e+00
3 0 +2.334533230e-01 +6.598334533e+02 +6.598334533e+02 +0.0000e+00 +2.5000e-04 +0.0000e+00
6 0 +2.194201056e-01 +6.598194201e+02 +6.598194201e+02 -5.0000e-04 +2.5000e-04 +2.5000e-04
7 0 +2.164629287e-01 +6.598164629e+02 +6.598164629e+02 -3.3333e-04 +3.3333e-04 +3.3333e-04
8 0 +2.017726931e-01 +6.598017727e+02 +6.598017727e+02 -5.0000e-04 +5.0000e-04 +5.0000e-04
9 0 +1.884163440e-01 +6.597884163e+02 +6.597884163e+02 -6.6667e-04 +6.6667e-04 +2.5000e-04
10 0 +1.629025612e-01 +6.597629026e+02 +6.597629026e+02 -1.0000e-03 +1.0000e-03 +2.5000e-04
12 0 +1.416100725e-01 +6.597416101e+02 +6.597416101e+02 -1.3889e-03 +1.3611e-03 +6.9444e-04
13 0 +1.150817197e-01 +6.597150817e+02 +6.597150817e+02 -1.8333e-03 +1.9167e-03 +9.1667e-04
14 0 +1.110122296e-01 +6.597110122e+02 +6.597110122e+02 -2.2778e-03 +2.0556e-03 +7.2222e-04
15 0 +9.673482254e-02 +6.596967348e+02 +6.596967348e+02 -3.1667e-03 +2.8333e-03 +8.3333e-04
16 0 +7.464092552e-02 +6.596746409e+02 +6.596746409e+02 -2.6667e-03 +2.9167e-03 +6.6667e-04
17 0 +5.340604868e-02 +6.596534060e+02 +6.596534060e+02 -3.3333e-03 +3.9167e-03 +6.6667e-04
23 0 +5.046655421e-02 +6.596504666e+02 +6.596504666e+02 -3.4424e-03 +4.3601e-03 +9.5885e-04
24 0 +3.981350181e-02 +6.596398135e+02 +6.596398135e+02 -3.5802e-03 +5.1235e-03 +1.0216e-03
26 0 +2.967999805e-02 +6.596296800e+02 +6.596296800e+02 -3.7195e-03 +5.9060e-03 +6.4883e-04
29 0 +2.488836322e-02 +6.596248884e+02 +6.596248884e+02 -3.3275e-03 +6.2060e-03 +8.7593e-04
31 0 +1.635958864e-02 +6.596163596e+02 +6.596163596e+02 -2.9122e-03 +5.7208e-03 +4.2388e-04
35 0 +1.585307253e-02 +6.596158531e+02 +6.596158531e+02 -2.4441e-03 +5.4114e-03 +6.4871e-04
46 0 +1.575058966e-02 +6.596157506e+02 +6.596157506e+02 -2.7122e-03 +5.5579e-03 +4.7466e-04
% f evaluations | g evaluations | best noise-free fitness - Fopt (1.737100000000e+02) + sum g_i+ | measured fitness | best measured fitness or single-digit g-values | x1 | x2...
1 0 +2.503737427e-01 +1.739603737e+02 +1.739603737e+02 +0.0000e+00 +0.0000e+00 +0.0000e+00
2 0 +2.394060893e-01 +1.739494061e+02 +1.739494061e+02 +2.5000e-04 +0.0000e+00 +0.0000e+00
5 0 +2.258968126e-01 +1.739358968e+02 +1.739358968e+02 +1.6667e-04 -2.5000e-04 +1.6667e-04
6 0 +2.101052882e-01 +1.739201053e+02 +1.739201053e+02 +2.5000e-04 -5.0000e-04 +2.5000e-04
7 0 +2.083147552e-01 +1.739183148e+02 +1.739183148e+02 +3.3333e-04 -3.3333e-04 +3.3333e-04
8 0 +1.888571767e-01 +1.738988572e+02 +1.738988572e+02 +5.0000e-04 -5.0000e-04 +5.0000e-04
10 0 +1.573292444e-01 +1.738673292e+02 +1.738673292e+02 +6.6667e-04 -1.1111e-03 +6.9444e-04
11 0 +1.239299142e-01 +1.738339299e+02 +1.738339299e+02 +1.0000e-03 -1.6667e-03 +9.1667e-04
13 0 +1.065931855e-01 +1.738165932e+02 +1.738165932e+02 +1.3611e-03 -1.7037e-03 +1.0370e-03
14 0 +7.575302006e-02 +1.737857530e+02 +1.737857530e+02 +1.9167e-03 -2.2222e-03 +1.2222e-03
15 0 +5.266479195e-02 +1.737626648e+02 +1.737626648e+02 +2.0556e-03 -3.0185e-03 +1.6852e-03
16 0 +2.628858754e-02 +1.737362886e+02 +1.737362886e+02 +2.8333e-03 -4.2778e-03 +2.2778e-03
18 0 +1.618438932e-02 +1.737261844e+02 +1.737261844e+02 +3.9167e-03 -5.3889e-03 +2.1389e-03
35 0 +1.581706799e-02 +1.737258171e+02 +1.737258171e+02 +3.8579e-03 -5.2417e-03 +2.0938e-03
% f evaluations | g evaluations | best noise-free fitness - Fopt (4.759300000000e+02) + sum g_i+ | measured fitness | best measured fitness or single-digit g-values | x1 | x2...
1 0 +2.503737427e-01 +4.761803737e+02 +4.761803737e+02 +0.0000e+00 +0.0000e+00 +0.0000e+00
3 0 +2.336697009e-01 +4.761636697e+02 +4.761636697e+02 +0.0000e+00 +2.5000e-04 +0.0000e+00
6 0 +2.191016181e-01 +4.761491016e+02 +4.761491016e+02 -5.0000e-04 +2.5000e-04 +2.5000e-04
7 0 +2.137003366e-01 +4.761437003e+02 +4.761437003e+02 -3.3333e-04 +3.3333e-04 +3.3333e-04
8 0 +1.972614063e-01 +4.761272614e+02 +4.761272614e+02 -5.0000e-04 +5.0000e-04 +5.0000e-04
9 0 +1.900345925e-01 +4.761200346e+02 +4.761200346e+02 -6.6667e-04 +6.6667e-04 +2.5000e-04
10 0 +1.679747582e-01 +4.760979748e+02 +4.760979748e+02 -1.0000e-03 +1.0000e-03 +2.5000e-04
12 0 +1.418472010e-01 +4.760718472e+02 +4.760718472e+02 -1.3889e-03 +1.3611e-03 +6.9444e-04
13 0 +1.156604622e-01 +4.760456605e+02 +4.760456605e+02 -1.8333e-03 +1.9167e-03 +9.1667e-04
15 0 +9.953700182e-02 +4.760295370e+02 +4.760295370e+02 -2.0741e-03 +2.3981e-03 +5.9259e-04
16 0 +7.607166988e-02 +4.760060717e+02 +4.760060717e+02 -2.4444e-03 +3.1389e-03 +5.5556e-04
18 0 +6.179326384e-02 +4.759917933e+02 +4.759917933e+02 -2.8210e-03 +3.8086e-03 +1.0679e-03
19 0 +4.730506090e-02 +4.759773051e+02 +4.759773051e+02 -3.0926e-03 +4.6852e-03 +1.2407e-03
21 0 +3.244961550e-02 +4.759624496e+02 +4.759624496e+02 -3.0576e-03 +5.3374e-03 +7.1091e-04
22 0 +2.125314318e-02 +4.759512531e+02 +4.759512531e+02 -2.9012e-03 +6.1358e-03 +4.5988e-04
24 0 +1.897675594e-02 +4.759489768e+02 +4.759489768e+02 -2.5652e-03 +6.4174e-03 +8.5460e-04
30 0 +1.681195586e-02 +4.759468120e+02 +4.759468120e+02 -2.3394e-03 +5.5354e-03 +5.4528e-04
38 0 +1.649602284e-02 +4.759464960e+02 +4.759464960e+02 -2.2519e-03 +5.4831e-03 +8.9362e-04
41 0 +1.588389451e-02 +4.759458839e+02 +4.759458839e+02 -2.2945e-03 +5.7297e-03 +6.3880e-04
45 0 +1.579906760e-02 +4.759457991e+02 +4.759457991e+02 -2.2022e-03 +5.9042e-03 +6.7866e-04
% f evaluations | g evaluations | best noise-free fitness - Fopt (-1.000000000000e+03) + sum g_i+ | measured fitness | best measured fitness or single-digit g-values | x1 | x2...
1 0 +2.503737427e-01 -9.997496263e+02 -9.997496263e+02 +0.0000e+00 +0.0000e+00 +0.0000e+00
2 0 +2.407682355e-01 -9.997592318e+02 -9.997592318e+02 +2.5000e-04 +0.0000e+00 +0.0000e+00
3 0 +2.385066293e-01 -9.997614934e+02 -9.997614934e+02 +0.0000e+00 +2.5000e-04 +0.0000e+00
5 0 +2.253523277e-01 -9.997746477e+02 -9.997746477e+02 +1.6667e-04 +1.6667e-04 -2.5000e-04
6 0 +2.089748405e-01 -9.997910252e+02 -9.997910252e+02 +2.5000e-04 +2.5000e-04 -5.0000e-04
7 0 +2.082032389e-01 -9.997917968e+02 -9.997917968e+02 +3.3333e-04 +3.3333e-04 -3.3333e-04
8 0 +1.886848688e-01 -9.998113151e+02 -9.998113151e+02 +5.0000e-04 +5.0000e-04 -5.0000e-04
9 0 +1.846117564e-01 -9.998153882e+02 -9.998153882e+02 +2.5000e-04 +6.6667e-04 -6.6667e-04
10 0 +1.608696949e-01 -9.998391303e+02 -9.998391303e+02 +2.5000e-04 +1.0000e-03 -1.0000e-03
11 0 +1.420122429e-01 -9.998579878e+02 -9.998579878e+02 +6.6667e-04 +9.1667e-04 -1.3333e-03
12 0 +1.089783335e-01 -9.998910217e+02 -9.998910217e+02 +1.0000e-03 +1.2500e-03 -2.0000e-03
13 0 +1.007164316e-01 -9.998992836e+02 -9.998992836e+02 +9.1667e-04 +1.5833e-03 -1.8333e-03
14 0 +6.590943395e-02 -9.999340906e+02 -9.999340906e+02 +1.2500e-03 +2.2500e-03 -2.5000e-03
16 0 +5.246199936e-02 -9.999475380e+02 -9.999475380e+02 +2.0278e-03 +3.0000e-03 -4.1111e-03
18 0 +4.958443142e-02 -9.999504156e+02 -9.999504156e+02 +1.9630e-03 +3.9167e-03 -4.5185e-03
20 0 +3.767679227e-02 -9.999623232e+02 -9.999623232e+02 +2.3272e-03 +3.6111e-03 -4.2531e-03
24 0 +3.235351954e-02 -9.999676465e+02 -9.999676465e+02 +1.9510e-03 +3.9383e-03 -4.0014e-03
25 0 +2.564459608e-02 -9.999743554e+02 -9.999743554e+02 +1.9126e-03 +4.4074e-03 -3.9465e-03
27 0 +2.401692446e-02 -9.999759831e+02 -9.999759831e+02 +2.4699e-03 +4.6986e-03 -4.2110e-03
29 0 +1.635458786e-02 -9.999836454e+02 -9.999836454e+02 +1.9159e-03 +4.6920e-03 -3.3270e-03
33 0 +1.581765811e-02 -9.999841823e+02 -9.999841823e+02 +2.3719e-03 +4.5024e-03 -3.4258e-03
