% f evaluations | g evaluations | best noise-free fitness - Fopt (1.000000000000e+03) + sum g_i+ | measured fitness | best measured fitness or single-digit g-values | x1 | x2...
1 0 +6.423771670e+02 +1.642377167e+03 +1.642377167e+03 +0.0000e+00 +0.0000e+00 +0.0000e+00 +0.0000e+00 +0.0000e+00 +0.0000e+00 +0.0000e+00 +0.0000e+00 +0.0000e+00 +0.0000e+00 +0.0000e+00 +0.0000e+00 +0.0000e+00 +0.0000e+00 +0.0000e+00 +0.0000e+00 +0.0000e+00 +0.0000e+00 +0.0000e+00 +0.0000e+00
4 0 +6.423511159e+02 +1.642351116e+03 +1.642351116e+03 +0.0000e+00 +0.0000e+00 +2.5000e-04 +0.0000e+00 +0.0000e+00 +0.0000e+00 +0.0000e+00 +0.0000e+00 +0.0000e+00 +0.0000e+00 +0.0000e+00 +0.0000e+00 +0.0000e+00 +0.0000e+00 +0.0000e+00 +0.0000e+00 +0.0000e+00 +0.0000e+00 +0.0000e+00 +0.0000e+00
239 0 +6.305893467e+02 +1.630589347e+03 +1.630589347e+03 -2.1193e-03 +5.6017e-03 -1.9396e-02 +8.2363e-03 -8.2010e-03 -1.1298e-03 +3.2186e-03 -4.1139e-03 +6.7884e-05 -9.6666e-05 +5.0291e-03 +3.3655e-03 -2.5018e-03 +1.5456e-02 +7.7406e-04 +1.4120e-02 +1.2308e-03 -3.5331e-02 +9.6680e-03 +3.3220e-03
291 0 +6.147304392e+02 +1.614730439e+03 +1.614730439e+03 -4.6667e-03 +1.5893e-02 -5.0725e-02 +2.0385e-02 -2.1023e-02 -2.9659e-03 +8.2514e-03 -9.4018e-03 -1.7182e-03 -2.9533e-05 +1.1383e-02 +8.8917e-03 -5.8085e-03 +3.7498e-02 +2.6991e-03 +3.4226e-02 +4.3229e-03 -8.5700e-02 +2.2495e-02 +8.7124e-03
316 0 +6.016179780e+02 +1.601617978e+03 +1.601617978e+03 -7.6860e-03 +2.5495e-02 -8.1762e-02 +3.2226e-02 -3.3771e-02 -4.5390e-03 +1.1820e-02 -1.4805e-02 -2.1409e-03 -3.9495e-04 +1.7121e-02 +1.3407e-02 -9.7641e-03 +5.9224e-02 +4.1779e-03 +5.4875e-02 +6.7576e-03 -1.3364e-01 +3.6388e-02 +1.5416e-02
534 0 +5.887641437e+02 +1.588764144e+03 +1.588764144e+03 -1.0609e-02 +4.2424e-02 -1.1981e-01 +5.0965e-02 -5.1763e-02 -5.7421e-03 +1.3248e-02 -2.2967e-02 -9.0311e-03 +5.5964e-03 +2.8256e-02 +1.3897e-02 -1.5648e-02 +9.5882e-02 +5.9744e-03 +9.1588e-02 +1.0388e-02 -2.2458e-01 +6.2118e-02 +1.9565e-02
905 0 +5.746933144e+02 +1.574693314e+03 +1.574693314e+03 -1.8563e-03 +5.4484e-02 -6.4110e-02 +4.0579e-02 -6.4348e-02 -8.0996e-03 -1.3090e-02 -4.0442e-02 -4.0908e-02 +1.9908e-02 +2.8575e-02 -4.5058e-02 -2.9556e-02 +1.3819e-01 +2.9304e-03 +1.2928e-01 +3.1733e-03 -2.4644e-01 +1.1826e-01 -1.2629e-02
1169 0 +5.617880095e+02 +1.561788010e+03 +1.561788010e+03 +1.6335e-02 +5.1051e-02 -5.4828e-02 +2.8287e-02 -9.0591e-02 -3.8621e-02 +1.8297e-02 -7.5597e-02 -6.9093e-02 -3.3355e-02 +2.5407e-02 -5.5480e-02 -2.7331e-02 +2.2229e-01 +1.3664e-02 +1.3217e-01 -1.3466e-02 -1.6166e-01 +1.7515e-01 -7.9814e-02
1228 0 +5.485445436e+02 +1.548544544e+03 +1.548544544e+03 +5.2820e-02 +3.8167e-02 -9.7219e-03 +1.5837e-02 -9.7623e-02 -8.1100e-02 +7.0134e-02 -1.1370e-01 -1.3073e-01 -9.7819e-02 +3.5187e-02 -5.8078e-02 -3.6546e-03 +3.3537e-01 +3.1377e-02 +1.1075e-01 -3.9825e-02 -6.2866e-02 +2.3819e-01 -2.2247e-01
1485 0 +5.365870421e+02 +1.536587042e+03 +1.536587042e+03 +5.6068e-02 +5.6752e-02 -2.9660e-02 +3.2319e-02 -8.3042e-02 -8.1755e-02 +7.9594e-02 -1.2881e-01 -1.5955e-01 -1.1679e-01 +3.7015e-02 -4.8607e-02 +8.4784e-04 +3.6106e-01 +4.5067e-02 +9.3895e-02 -3.3492e-02 -2.8314e-02 +2.4487e-01 -2.7750e-01
1653 0 +5.247733238e+02 +1.524773324e+03 +1.524773324e+03 +5.3471e-02 +9.7258e-02 -3.5954e-02 +5.6407e-02 -4.4917e-02 -6.7373e-02 +6.8654e-02 -1.5378e-01 -2.0836e-01 -1.2985e-01 +2.6561e-02 -5.3045e-02 -1.6148e-03 +3.7189e-01 +6.7885e-02 +5.7085e-02 -1.3763e-02 +6.0402e-02 +2.4374e-01 -3.6319e-01
1895 0 +5.128394658e+02 +1.512839466e+03 +1.512839466e+03 -2.1579e-03 +1.2364e-01 -2.1753e-02 +8.8085e-02 -4.9383e-02 -1.0786e-01 +2.6043e-02 -1.6718e-01 -1.9256e-01 -1.2764e-01 +1.3022e-02 +3.2686e-02 -2.4178e-03 +3.7415e-01 +9.6877e-02 +6.4168e-02 +9.2905e-03 +4.3490e-02 +2.6145e-01 -3.9944e-01
% f evaluations | g evaluations | best noise-free fitness - Fopt (7.003000000000e+01) + sum g_i+ | measured fitness | best measured fitness or single-digit g-values | x1 | x2...
1 0 +7.420924595e+02 +8.121224595e+02 +8.121224595e+02 +0.0000e+00 +0.0000e+00 +0.0000e+00 +0.0000e+00 +0.0000e+00 +0.0000e+00 +0.0000e+00 +0.0000e+00 +0.0000e+00 +0.0000e+00 +0.0000e+00 +0.0000e+00 +0.0000e+00 +0.0000e+00 +0.0000e+00 +0.0000e+00 +0.0000e+00 +0.0000e+00 +0.0000e+00 +0.0000e+00
12 0 +7.420869178e+02 +8.121169178e+02 +8.121169178e+02 +0.0000e+00 +0.0000e+00 +0.0000e+00 +0.0000e+00 +0.0000e+00 +0.0000e+00 +0.0000e+00 +0.0000e+00 +0.0000e+00 +0.0000e+00 +2.5000e-04 +0.0000e+00 +0.0000e+00 +0.0000e+00 +0.0000e+00 +0.0000e+00 +0.0000e+00 +0.0000e+00 +0.0000e+00 +0.0000e+00
93 0 +7.412529630e+02 +8.112829630e+02 +8.112829630e+02 -1.6741e-03 +3.1423e-04 -8.4547e-05 -4.0763e-04 +1.5998e-04 -5.6812e-04 -1.1054e-04 -3.8814e-04 +3.1895e-04 +5.3337e-04 +4.2769e-04 +9.9261e-05 +5.0978e-04 +6.9858e-05 +3.1965e-05 -2.0749e-05 +4.8590e-04 +4.5219e-04 +1.9211e-04 -4.0193e-04
261 0 +7.215331709e+02 +7.915631709e+02 +7.915631709e+02 -4.1047e-02 +1.6085e-02 -5.0256e-04 -1.2577e-02 +1.6044e-03 -1.6866e-02 -9.7427e-05 -6.7859e-03 +2.9702e-03 +1.8323e-02 +1.3369e-02 -2.5346e-03 +7.5965e-03 -2.1672e-03 +9.4453e-03 +2.9696e-03 +9.0567e-03 +1.5545e-02 +3.1503e-03 -1.6367e-02
297 0 +7.079399680e+02 +7.779699680e+02 +7.779699680e+02 -6.7408e-02 +2.7340e-02 -1.6246e-03 -2.0336e-02 +3.3277e-03 -2.8445e-02 -3.8936e-04 -1.1020e-02 +4.6560e-03 +3.0356e-02 +2.2287e-02 -4.3576e-03 +1.2230e-02 -4.5252e-03 +1.6605e-02 +5.1740e-03 +1.4823e-02 +2.5235e-02 +5.8885e-03 -2.7959e-02
317 0 +6.891567612e+02 +7.591867612e+02 +7.591867612e+02 -1.0970e-01 +4.4500e-02 -2.7051e-03 -3.2061e-02 +5.5187e-03 -4.5618e-02 -1.0306e-03 -1.7846e-02 +7.1680e-03 +4.9321e-02 +3.6433e-02 -7.5003e-03 +1.8306e-02 -7.4555e-03 +2.8147e-02 +8.2289e-03 +2.4052e-02 +3.9986e-02 +1.0117e-02 -4.4978e-02
336 0 +6.746813675e+02 +7.447113675e+02 +7.447113675e+02 -1.5321e-01 +6.2378e-02 -3.4651e-03 -4.4066e-02 +8.4157e-03 -6.3900e-02 -1.5815e-03 -2.5466e-02 +9.4763e-03 +6.9128e-02 +5.0798e-02 -1.0851e-02 +2.4632e-02 -1.0555e-02 +4.0117e-02 +1.2468e-02 +3.3535e-02 +5.5676e-02 +1.4286e-02 -6.3332e-02
531 0 +6.606561467e+02 +7.306861467e+02 +7.306861467e+02 -2.4697e-01 +9.6755e-02 -6.3548e-03 -7.4697e-02 +1.5489e-02 -1.0372e-01 -2.1098e-03 -3.8382e-02 +1.5739e-02 +1.1045e-01 +8.1313e-02 -1.7795e-02 +4.1615e-02 -1.6598e-02 +6.6875e-02 +2.0291e-02 +5.3442e-02 +8.7886e-02 +2.2953e-02 -1.0064e-01
635 0 +6.443260360e+02 +7.143560360e+02 +7.143560360e+02 -2.7044e-01 +7.3717e-02 -9.8265e-03 -1.0695e-01 +2.6474e-02 -1.1436e-01 +5.6893e-03 -2.4013e-02 +2.2024e-02 +1.1026e-01 +8.3015e-02 -1.6923e-02 +6.9280e-02 -1.0861e-02 +8.0471e-02 +1.5057e-02 +5.2124e-02 +8.9226e-02 +2.2748e-02 -9.7463e-02
670 0 +6.273585904e+02 +6.973885904e+02 +6.973885904e+02 -2.6007e-01 +3.4663e-02 -1.2938e-02 -1.3175e-01 +3.6268e-02 -1.1085e-01 +1.5424e-02 -2.1080e-03 +2.7124e-02 +9.3742e-02 +7.3669e-02 -1.3203e-02 +9.3717e-02 -3.0597e-03 +8.3942e-02 +6.7586e-03 +4.1142e-02 +7.8045e-02 +1.8893e-02 -7.8816e-02
698 0 +6.143234894e+02 +6.843534894e+02 +6.843534894e+02 -2.5250e-01 -1.3679e-02 -1.6307e-02 -1.6414e-01 +4.8873e-02 -1.0843e-01 +2.7595e-02 +2.3468e-02 +3.4654e-02 +7.5541e-02 +6.3099e-02 -8.7441e-03 +1.2591e-01 +7.0411e-03 +9.0746e-02 -4.8726e-03 +2.9971e-02 +6.5508e-02 +1.5147e-02 -5.8120e-02
757 0 +6.007946282e+02 +6.708246282e+02 +6.708246282e+02 -4.7430e-01 -5.1107e-02 -3.2608e-02 -3.2521e-01 +1.0103e-01 -2.0035e-01 +5.6718e-02 +6.1073e-02 +6.8606e-02 +1.2733e-01 +1.1584e-01 -1.3462e-02 +2.5242e-01 +1.7133e-02 +1.7759e-01 -1.3654e-02 +4.6840e-02 +1.1512e-01 +2.8469e-02 -9.9954e-02
1008 0 +5.886340308e+02 +6.586640308e+02 +6.586640308e+02 -5.2797e-01 -4.5149e-03 -2.5305e-02 -3.0978e-01 +8.4298e-02 -2.2295e-01 +4.5648e-02 +4.4297e-02 +5.0087e-02 +1.9017e-01 +1.3607e-01 -3.9234e-02 +2.2864e-01 +1.4804e-02 +1.8824e-01 +2.0093e-02 +6.1407e-02 +1.3220e-01 +1.6603e-02 -1.2661e-01
1259 0 +5.753821382e+02 +6.454121382e+02 +6.454121382e+02 -4.7572e-01 -6.0363e-02 -1.4176e-02 -3.1695e-01 +8.0770e-02 -2.2931e-01 +5.9805e-02 +7.3928e-02 +3.0585e-02 +2.3080e-01 +1.1546e-01 -7.0520e-02 +2.4136e-01 +4.2625e-02 +1.8259e-01 +4.7910e-02 +3.7640e-02 +1.0157e-01 -2.1357e-02 -1.1214e-01
1583 0 +5.614385638e+02 +6.314685638e+02 +6.314685638e+02 -4.3755e-01 -3.3043e-02 -1.4996e-02 -3.3234e-01 +1.1261e-01 -2.7374e-01 +4.0473e-02 +8.0338e-02 +6.6783e-03 +2.4240e-01 +1.2289e-01 -6.3402e-02 +2.6328e-01 +2.6906e-02 +2.0202e-01 +9.5563e-02 -2.6246e-02 +1.1290e-01 -3.5366e-02 -1.3823e-01
1638 0 +5.493500410e+02 +6.193800410e+02 +6.193800410e+02 -3.9430e-01 +1.3946e-03 -2.5346e-02 -3.3382e-01 +1.3716e-01 -3.0126e-01 -1.7354e-02 +1.3359e-01 -6.7621e-02 +2.2373e-01 +1.2346e-01 -5.1113e-02 +2.6199e-01 -6.3476e-03 +2.4203e-01 +1.8771e-01 -1.4960e-01 +1.1686e-01 -7.0040e-02 -1.0059e-01
2198 0 +5.369574224e+02 +6.069874224e+02 +6.069874224e+02 -3.8314e-01 +7.5467e-02 -3.0488e-02 -3.5125e-01 +1.9749e-01 -2.0433e-01 +7.5597e-02 +1.2293e-01 +7.8531e-04 +2.1115e-01 +1.9857e-01 -5.9649e-02 +3.1318e-01 -1.3981e-01 +1.4639e-01 +2.1709e-01 -2.3869e-01 +5.3706e-02 -1.3532e-01 -1.3806e-01
3546 0 +5.247495313e+02 +5.947795313e+02 +5.947795313e+02 -4.0133e-01 +1.1729e-01 +1.1016e-02 -3.9954e-01 +1.9638e-01 -2.0680e-01 +5.9955e-02 +6.0144e-02 -2.0298e-02 +2.0889e-01 +1.0909e-01 -3.2844e-02 +3.3891e-01 -9.5421e-03 +1.1651e-01 +2.8409e-01 -2.4636e-01 +7.6518e-02 -1.5396e-01 -1.1801e-01
% f evaluations | g evaluations | best noise-free fitness - Fopt (-4.822000000000e+01) + sum g_i+ | measured fitness | best measured fitness or single-digit g-values | x1 | x2...
1 0 +9.669989686e+02 +9.187789686e+02 +9.187789686e+02 +0.0000e+00 +0.0000e+00 +0.0000e+00 +0.0000e+00 +0.0000e+00 +0.0000e+00 +0.0000e+00 +0.0000e+00 +0.0000e+00 +0.0000e+00 +0.0000e+00 +0.0000e+00 +0.0000e+00 +0.0000e+00 +0.0000e+00 +0.0000e+00 +0.0000e+00 +0.0000e+00 +0.0000e+00 +0.0000e+00
4 0 +9.669901619e+02 +9.187701619e+02 +9.187701619e+02 +0.0000e+00 +0.0000e+00 +2.5000e-04 +0.0000e+00 +0.0000e+00 +0.0000e+00 +0.0000e+00 +0.0000e+00 +0.0000e+00 +0.0000e+00 +0.0000e+00 +0.0000e+00 +0.0000e+00 +0.0000e+00 +0.0000e+00 +0.0000e+00 +0.0000e+00 +0.0000e+00 +0.0000e+00 +0.0000e+00
213 0 +9.538890820e+02 +9.056690820e+02 +9.056690820e+02 -6.4244e-03 +2.6836e-03 -1.8664e-03 +1.3886e-03 -4.1163e-03 +5.5031e-03 -5.2172e-03 -3.0432e-04 -1.2673e-02 +5.5078e-03 +2.1362e-03 -9.6216e-04 +9.9850e-03 +3.9870e-03 +6.3458e-03 +4.4686e-03 -8.3341e-04 -2.9605e-03 +1.9689e-03 +5.3077e-03
269 0 +9.327087715e+02 +8.844887715e+02 +8.844887715e+02 -1.8587e-02 +6.6480e-03 -6.0880e-03 +4.1066e-03 -1.0555e-02 +1.5413e-02 -1.4462e-02 -1.1694e-03 -3.1553e-02 +1.4751e-02 +4.9998e-03 -2.3517e-03 +2.8004e-02 +1.0913e-02 +1.6707e-02 +1.1496e-02 -2.6943e-03 -7.7546e-03 +7.1786e-03 +1.2645e-02
305 0 +9.068524973e+02 +8.586324973e+02 +8.586324973e+02 -3.6912e-02 +1.1074e-02 -1.2239e-02 +8.0830e-03 -1.8969e-02 +2.8661e-02 -2.7387e-02 -3.0743e-03 -5.5824e-02 +2.8085e-02 +1.0269e-02 -4.1528e-03 +5.4197e-02 +2.0563e-02 +3.0922e-02 +2.0875e-02 -5.4200e-03 -1.4185e-02 +1.5157e-02 +2.1339e-02
323 0 +8.909832408e+02 +8.427632408e+02 +8.427632408e+02 -4.8679e-02 +1.5116e-02 -1.7110e-02 +1.0505e-02 -2.5081e-02 +3.9027e-02 -3.6781e-02 -3.5084e-03 -7.5847e-02 +3.7301e-02 +1.1887e-02 -5.1007e-03 +7.2188e-02 +2.7599e-02 +4.0329e-02 +2.8053e-02 -7.1228e-03 -1.9263e-02 +2.0517e-02 +2.9012e-02
426 0 +8.709609177e+02 +8.227409177e+02 +8.227409177e+02 -8.7343e-02 +2.4857e-02 -3.0856e-02 +1.9341e-02 -4.3028e-02 +6.9584e-02 -6.5516e-02 -6.5514e-03 -1.3207e-01 +6.6229e-02 +2.1851e-02 -9.6732e-03 +1.2899e-01 +4.8968e-02 +7.1587e-02 +4.9295e-02 -1.3247e-02 -3.4012e-02 +3.7595e-02 +4.9528e-02
571 0 +8.492006145e+02 +8.009806145e+02 +8.009806145e+02 -5.8917e-02 +2.5059e-02 -2.3603e-02 +2.5588e-02 -2.5512e-02 +8.1173e-02 -6.5810e-02 -6.1886e-03 -1.8999e-01 +5.1719e-02 +3.2198e-02 -3.1198e-02 +1.1867e-01 +5.0344e-02 +8.1880e-02 +6.6897e-02 -1.3871e-02 -3.6606e-02 +3.2250e-02 +3.5728e-02
835 0 +8.308629737e+02 +7.826429737e+02 +7.826429737e+02 -5.3067e-02 +8.5847e-03 -3.1413e-02 +3.1181e-02 -1.4335e-02 +9.0567e-02 -8.2187e-02 -6.8749e-04 -2.1650e-01 +3.9634e-02 +3.8038e-02 -4.5664e-02 +1.4255e-01 +6.7648e-02 +1.1620e-01 +7.7548e-02 +6.0205e-04 -4.6900e-02 +9.5640e-03 +3.6975e-02
1028 0 +8.127670775e+02 +7.645470775e+02 +7.645470775e+02 -5.2622e-02 -5.2994e-02 -5.2462e-02 +4.2110e-02 +1.3369e-02 +9.5647e-02 -1.1409e-01 +1.2831e-02 -2.1059e-01 +1.4964e-02 +4.9593e-02 -6.6799e-02 +1.9603e-01 +1.0530e-01 +1.8588e-01 +8.2097e-02 +4.1175e-02 -6.8791e-02 -4.3053e-02 +3.9050e-02
% f evaluations | g evaluations | best noise-free fitness - Fopt (2.547000000000e+01) + sum g_i+ | measured fitness | best measured fitness or single-digit g-values | x1 | x2...
1 0 +1.228006449e+03 +1.253476449e+03 +1.253476449e+03 +0.0000e+00 +0.0000e+00 +0.0000e+00 +0.0000e+00 +0.0000e+00 +0.0000e+00 +0.0000e+00 +0.0000e+00 +0.0000e+00 +0.0000e+00 +0.0000e+00 +0.0000e+00 +0.0000e+00 +0.0000e+00 +0.0000e+00 +0.0000e+00 +0.0000e+00 +0.0000e+00 +0.0000e+00 +0.0000e+00
3 0 +1.227990740e+03 +1.253460740e+03 +1.253460740e+03 +0.0000e+00 +2.5000e-04 +0.0000e+00 +0.0000e+00 +0.0000e+00 +0.0000e+00 +0.0000e+00 +0.0000e+00 +0.0000e+00 +0.0000e+00 +0.0000e+00 +0.0000e+00 +0.0000e+00 +0.0000e+00 +0.0000e+00 +0.0000e+00 +0.0000e+00 +0.0000e+00 +0.0000e+00 +0.0000e+00
247 0 +1.202092389e+03 +1.227562389e+03 +1.227562389e+03 -4.2363e-03 +6.3665e-03 -7.6611e-03 +1.5064e-02 +1.6431e-03 -1.2652e-02 -3.6358e-03 +1.1946e-02 +4.2205e-03 +1.3298e-02 -6.2256e-03 +4.1544e-03 -4.4981e-03 +1.8624e-04 +3.6389e-03 +3.7978e-03 +5.5179e-03 +2.2781e-03 +1.0090e-02 -4.5115e-02
520 0 +1.173913463e+03 +1.199383463e+03 +1.199383463e+03 -2.3591e-02 +3.0849e-02 -1.5920e-02 +3.4214e-02 +1.2634e-03 -3.9340e-02 -1.8297e-02 +3.5176e-02 +1.8738e-02 +2.1743e-02 -3.9489e-02 +9.4457e-03 -1.1293e-02 +2.0412e-02 +1.6300e-02 +1.1391e-02 +1.7456e-02 +1.4451e-02 +1.4026e-02 -1.1500e-01
585 0 +1.142332111e+03 +1.167802111e+03 +1.167802111e+03 -5.4943e-02 +6.7608e-02 -1.9782e-03 +1.4486e-02 -4.1677e-03 -4.8839e-02 -3.6156e-02 +4.0314e-02 +3.4017e-02 -1.7194e-02 -1.0194e-01 +9.9014e-04 -4.9143e-03 +7.6522e-02 +3.3161e-02 +1.1896e-02 +2.3256e-02 +3.3150e-02 -2.3948e-02 -8.5637e-02
612 0 +1.119001095e+03 +1.144471095e+03 +1.144471095e+03 -8.5349e-02 +1.0468e-01 +7.6871e-03 +2.2126e-03 -9.7680e-03 -6.1641e-02 -5.5371e-02 +4.8692e-02 +5.0342e-02 -5.0481e-02 -1.6160e-01 -5.1922e-03 -2.3825e-04 +1.2947e-01 +5.0648e-02 +1.3291e-02 +3.1270e-02 +5.2188e-02 -5.6999e-02 -7.3972e-02
818 0 +1.094691066e+03 +1.120161066e+03 +1.120161066e+03 -1.3183e-01 +1.5390e-01 +2.1138e-02 -4.9775e-02 -1.9343e-02 -7.8603e-02 -9.5981e-02 +6.3721e-02 +7.9323e-02 -8.2829e-02 -2.3585e-01 -2.8682e-03 -4.5254e-03 +2.0617e-01 +8.1082e-02 +6.5006e-03 +3.6376e-02 +9.0048e-02 -1.1537e-01 -3.2845e-02
1087 0 +1.071425510e+03 +1.096895510e+03 +1.096895510e+03 -1.3082e-01 +1.2477e-01 +2.4939e-02 -1.9454e-01 -3.0214e-02 -4.9144e-02 -1.4161e-01 +5.8740e-02 +9.4267e-02 -4.1948e-02 -1.7288e-01 +3.4390e-02 -3.9310e-02 +2.0190e-01 +9.4346e-02 -3.4517e-02 +7.1883e-03 +1.2649e-01 -1.6261e-01 +1.1232e-01
1578 0 +1.047084912e+03 +1.072554912e+03 +1.072554912e+03 -1.2281e-01 +8.4080e-02 -4.6006e-02 -3.4545e-01 -9.8481e-02 +6.2391e-02 -2.0797e-01 +4.2974e-02 +1.2274e-01 -9.1868e-02 -7.5326e-02 +1.7869e-01 -1.3108e-01 +9.9989e-02 +1.3296e-01 +1.4803e-03 -5.3496e-02 +1.6913e-01 -1.0521e-01 +1.3572e-01
% f evaluations | g evaluations | best noise-free fitness - Fopt (-1.008100000000e+02) + sum g_i+ | measured fitness | best measured fitness or single-digit g-values | x1 | x2...
1 0 +6.498547399e+02 +5.490447399e+02 +5.490447399e+02 +0.0000e+00 +0.0000e+00 +0.0000e+00 +0.0000e+00 +0.0000e+00 +0.0000e+00 +0.0000e+00 +0.0000e+00 +0.0000e+00 +0.0000e+00 +0.0000e+00 +0.0000e+00 +0.0000e+00 +0.0000e+00 +0.0000e+00 +0.0000e+00 +0.0000e+00 +0.0000e+00 +0.0000e+00 +0.0000e+00
2 0 +6.498284295e+02 +5.490184295e+02 +5.490184295e+02 +2.5000e-04 +0.0000e+00 +0.0000e+00 +0.0000e+00 +0.0000e+00 +0.0000e+00 +0.0000e+00 +0.0000e+00 +0.0000e+00 +0.0000e+00 +0.0000e+00 +0.0000e+00 +0.0000e+00 +0.0000e+00 +0.0000e+00 +0.0000e+00 +0.0000e+00 +0.0000e+00 +0.0000e+00 +0.0000e+00
206 0 +6.453895075e+02 +5.445795075e+02 +5.445795075e+02 +8.8171e-03 -1.5508e-03 -3.1844e-03 +5.4746e-04 +3.3793e-03 +2.8773e-04 -2.5708e-04 +2.9378e-03 -1.9419e-03 +1.4890e-03 -2.2179e-03 +4.7860e-04 -1.6260e-02 -2.8683e-03 +4.2407e-03 -1.7901e-03 +4.1171e-03 -5.0696e-03 -2.8162e-04 +6.5719e-03
295 0 +6.293767782e+02 +5.285667782e+02 +5.285667782e+02 +4.0594e-02 -7.0484e-03 -9.8521e-03 +2.0091e-03 +1.4894e-02 +1.8466e-04 -2.0002e-03 +1.2897e-02 -1.1408e-02 +9.8559e-03 -1.1013e-02 +1.0125e-03 -7.3242e-02 -1.3430e-02 +1.8881e-02 -7.8171e-03 +2.1102e-02 -2.3659e-02 -3.7358e-03 +2.8645e-02
331 0 +6.142962451e+02 +5.134862451e+02 +5.134862451e+02 +7.3561e-02 -1.2794e-02 -1.5965e-02 +3.2193e-03 +2.7333e-02 +2.4173e-05 -3.8731e-03 +2.3523e-02 -2.2238e-02 +1.9233e-02 -2.0334e-02 +1.2721e-03 -1.3294e-01 -2.4686e-02 +3.4789e-02 -1.4150e-02 +3.8562e-02 -4.3183e-02 -6.9219e-03 +5.1051e-02
357 0 +6.008931368e+02 +5.000831368e+02 +5.000831368e+02 +1.1379e-01 -1.9726e-02 -2.2024e-02 +4.9295e-03 +4.2603e-02 -3.8244e-04 -6.0681e-03 +3.6609e-02 -3.4926e-02 +3.0377e-02 -3.2108e-02 +2.1263e-03 -2.0669e-01 -3.8335e-02 +5.3529e-02 -2.3428e-02 +6.0190e-02 -6.7264e-02 -1.1148e-02 +7.9134e-02
590 0 +5.885771379e+02 +4.877671379e+02 +4.877671379e+02 +1.5644e-01 -2.5726e-02 -2.4063e-02 +5.7987e-03 +5.8473e-02 -9.7804e-03 -4.2001e-03 +5.7793e-02 -4.6471e-02 +4.0628e-02 -4.1825e-02 +8.1309e-03 -2.7189e-01 -5.2719e-02 +6.0017e-02 -2.8162e-02 +8.9877e-02 -9.5139e-02 -2.3625e-02 +1.0600e-01
867 0 +5.751703507e+02 +4.743603507e+02 +4.743603507e+02 +1.7282e-01 -2.3826e-02 -1.1905e-02 +6.2429e-03 +5.7999e-02 -4.1299e-02 +4.5591e-03 +8.7112e-02 -4.0636e-02 +4.5050e-02 -4.1081e-02 +3.0391e-02 -2.5796e-01 -5.5060e-02 +1.7569e-02 -1.5245e-02 +1.2378e-01 -1.1231e-01 -5.2399e-02 +1.0548e-01
1012 0 +5.621428815e+02 +4.613328815e+02 +4.613328815e+02 +1.6588e-01 -2.3391e-02 -3.5561e-02 +2.4929e-02 -1.1982e-02 -1.8388e-03 -3.2256e-02 +5.7208e-02 -2.5332e-02 +7.4617e-02 -5.7065e-02 +5.6191e-02 -2.7457e-01 -4.3049e-02 +1.9188e-02 +3.5084e-02 +1.4761e-01 -1.2993e-01 -4.2648e-02 +8.5661e-02
1654 0 +5.494223230e+02 +4.486123230e+02 +4.486123230e+02 +1.6271e-01 -4.6815e-02 +3.3005e-02 +3.9897e-02 -8.3500e-02 +5.3519e-02 -1.4367e-01 +7.6236e-03 -2.7686e-03 +1.3309e-01 -1.1738e-01 +5.8170e-02 -3.3417e-01 -4.5001e-02 +7.6793e-02 +6.7779e-02 +1.4139e-01 -8.9398e-02 -8.0981e-02 +1.5192e-01
1989 0 +5.364976014e+02 +4.356876014e+02 +4.356876014e+02 +9.0356e-02 -2.9503e-02 +1.8392e-01 +1.1761e-01 +1.0859e-02 +1.6688e-01 -1.8757e-01 +1.8956e-03 -4.0259e-02 +1.0643e-02 -1.2301e-01 +1.3044e-01 -2.9665e-01 -1.0819e-01 -1.0534e-02 +4.1399e-02 +2.5046e-01 -9.1718e-02 -1.7218e-01 +4.3873e-02
% f evaluations | g evaluations | best noise-free fitness - Fopt (1.000000000000e+03) + sum g_i+ | measured fitness | best measured fitness or single-digit g-values | x1 | x2...
1 0 +8.817608968e+02 +1.881760897e+03 +1.881760897e+03 +0.0000e+00 +0.0000e+00 +0.0000e+00 +0.0000e+00 +0.0000e+00 +0.0000e+00 +0.0000e+00 +0.0000e+00 +0.0000e+00 +0.0000e+00 +0.0000e+00 +0.0000e+00 +0.0000e+00 +0.0000e+00 +0.0000e+00 +0.0000e+00 +0.0000e+00 +0.0000e+00 +0.0000e+00 +0.0000e+00
5 0 +8.817574402e+02 +1.881757440e+03 +1.881757440e+03 +0.0000e+00 +0.0000e+00 +0.0000e+00 +2.5000e-04 +0.0000e+00 +0.0000e+00 +0.0000e+00 +0.0000e+00 +0.0000e+00 +0.0000e+00 +0.0000e+00 +0.0000e+00 +0.0000e+00 +0.0000e+00 +0.0000e+00 +0.0000e+00 +0.0000e+00 +0.0000e+00 +0.0000e+00 +0.0000e+00
247 0 +8.701324128e+02 +1.870132413e+03 +1.870132413e+03 -3.4173e-02 -1.8710e-03 +1.2080e-03 +1.4719e-02 -6.8184e-04 -5.5359e-03 -8.1955e-03 +2.5929e-03 +1.0227e-02 -5.4364e-05 +5.8946e-03 -1.0923e-02 +1.8850e-02 +1.1105e-03 -8.5514e-04 +2.9045e-03 +7.4747e-03 -7.3884e-03 -5.7151e-03 +4.5617e-03
487 0 +8.511349300e+02 +1.851134930e+03 +1.851134930e+03 -1.2845e-01 -9.4134e-03 +9.9250e-03 +6.6762e-02 +5.4068e-04 -2.8102e-02 -4.0615e-02 +1.2275e-02 +4.4552e-02 +2.3324e-03 +1.7253e-02 -3.7442e-02 +4.4857e-02 +8.8660e-03 +7.7536e-03 +9.6209e-03 +3.2744e-02 -3.2398e-02 -2.7438e-02 +2.0383e-02
575 0 +8.310251920e+02 +1.831025192e+03 +1.831025192e+03 -1.4170e-01 -1.8583e-02 +2.8529e-02 +1.1427e-01 +2.1969e-02 -5.8146e-02 -8.2333e-02 +2.9394e-02 +7.5550e-02 +3.7781e-03 +4.4411e-03 -3.0094e-02 -5.1901e-02 +3.7026e-02 +4.4084e-02 +4.4018e-03 +4.6715e-02 -5.4803e-02 -4.3801e-02 +3.1238e-02
920 0 +8.126120439e+02 +1.812612044e+03 +1.812612044e+03 -1.5490e-01 -4.5226e-02 +6.1909e-02 +1.3344e-01 +4.7580e-02 -1.0176e-01 -1.0406e-01 +2.9891e-02 +7.6664e-02 +1.8456e-02 +2.3766e-02 +3.7527e-02 -1.7886e-02 +4.9812e-02 +1.8756e-02 -5.3983e-03 +4.2899e-02 -5.5324e-02 -9.5348e-02 +2.4214e-02
1597 0 +7.942447650e+02 +1.794244765e+03 +1.794244765e+03 -1.3550e-01 -7.9973e-02 +9.1645e-02 +1.1871e-01 +6.2021e-02 -1.5842e-01 -5.5153e-02 +2.9936e-02 +1.0286e-01 +4.7758e-03 +2.4419e-02 +7.5345e-03 +6.0425e-02 +8.2347e-02 +2.1102e-02 +5.5176e-03 +3.8453e-02 -1.3765e-01 -1.5562e-01 +5.9436e-02
2441 0 +7.761223419e+02 +1.776122342e+03 +1.776122342e+03 -1.1990e-01 -7.0804e-02 +9.9253e-02 +1.0697e-01 +9.8598e-02 -1.8266e-01 -9.4526e-02 -2.7204e-02 +1.7397e-01 -5.5994e-02 -7.6463e-02 -2.6868e-02 +6.0047e-02 +6.6219e-02 +5.8602e-02 +1.1946e-02 +2.6188e-02 -1.5990e-01 -5.7452e-02 +3.7204e-02
% f evaluations | g evaluations | best noise-free fitness - Fopt (-3.578600000000e+02) + sum g_i+ | measured fitness | best measured fitness or single-digit g-values | x1 | x2...
1 0 +8.632638228e+02 +5.054038228e+02 +5.054038228e+02 +0.0000e+00 +0.0000e+00 +0.0000e+00 +0.0000e+00 +0.0000e+00 +0.0000e+00 +0.0000e+00 +0.0000e+00 +0.0000e+00 +0.0000e+00 +0.0000e+00 +0.0000e+00 +0.0000e+00 +0.0000e+00 +0.0000e+00 +0.0000e+00 +0.0000e+00 +0.0000e+00 +0.0000e+00 +0.0000e+00
3 0 +8.632444290e+02 +5.053844290e+02 +5.053844290e+02 +0.0000e+00 +2.5000e-04 +0.0000e+00 +0.0000e+00 +0.0000e+00 +0.0000e+00 +0.0000e+00 +0.0000e+00 +0.0000e+00 +0.0000e+00 +0.0000e+00 +0.0000e+00 +0.0000e+00 +0.0000e+00 +0.0000e+00 +0.0000e+00 +0.0000e+00 +0.0000e+00 +0.0000e+00 +0.0000e+00
237 0 +8.504843526e+02 +4.926243526e+02 +4.926243526e+02 -3.2102e-03 +8.3917e-03 +5.4052e-03 -1.0259e-03 +5.5514e-03 +1.1812e-02 -5.9776e-03 -4.0225e-03 +1.5962e-02 -8.8107e-03 -1.7326e-03 +1.7090e-02 -7.1062e-03 +6.5599e-04 -6.5406e-03 +1.1944e-03 -2.2030e-02 -4.2186e-04 +5.3562e-03 +6.5890e-03
296 0 +8.315384875e+02 +4.736784875e+02 +4.736784875e+02 -8.2636e-03 +2.3876e-02 +1.4730e-02 -2.5244e-03 +1.4516e-02 +3.2538e-02 -1.7448e-02 -1.0049e-02 +4.4726e-02 -2.4897e-02 -4.1323e-03 +4.9264e-02 -2.0164e-02 +1.4834e-03 -1.7956e-02 +3.1578e-03 -6.2544e-02 -2.2038e-03 +1.6183e-02 +1.7643e-02
334 0 +8.059127416e+02 +4.480527416e+02 +4.480527416e+02 -1.6120e-02 +4.7228e-02 +2.9087e-02 -5.0425e-03 +2.7639e-02 +6.3166e-02 -3.4928e-02 -1.9856e-02 +8.7284e-02 -4.8333e-02 -7.9698e-03 +9.8391e-02 -3.9528e-02 +2.8774e-03 -3.5428e-02 +6.7257e-03 -1.2224e-01 -5.1024e-03 +3.3324e-02 +3.4426e-02
353 0 +7.930773347e+02 +4.352173347e+02 +4.352173347e+02 -1.9456e-02 +5.7498e-02 +3.5445e-02 -6.0259e-03 +3.3535e-02 +7.6064e-02 -4.2684e-02 -2.3984e-02 +1.0623e-01 -5.8891e-02 -9.7075e-03 +1.1887e-01 -4.8119e-02 +3.7295e-03 -4.3035e-02 +8.0050e-03 -1.4722e-01 -5.8827e-03 +4.0101e-02 +4.1698e-02
363 0 +7.651323669e+02 +4.072723669e+02 +4.072723669e+02 -2.5956e-02 +7.7706e-02 +4.7811e-02 -7.9981e-03 +4.5113e-02 +1.0308e-01 -5.8170e-02 -3.2423e-02 +1.4424e-01 -7.9935e-02 -1.3256e-02 +1.6244e-01 -6.5451e-02 +4.9654e-03 -5.7541e-02 +1.0577e-02 -1.9999e-01 -8.7463e-03 +5.4579e-02 +5.6606e-02
372 0 +7.494037877e+02 +3.915437877e+02 +3.915437877e+02 -3.0904e-02 +9.1300e-02 +5.6471e-02 -9.4827e-03 +5.2559e-02 +1.2023e-01 -6.7654e-02 -3.8620e-02 +1.6819e-01 -9.3079e-02 -1.5503e-02 +1.9009e-01 -7.6171e-02 +6.1355e-03 -6.8242e-02 +1.3119e-02 -2.3302e-01 -9.9942e-03 +6.4228e-02 +6.5830e-02
381 0 +7.392841013e+02 +3.814241013e+02 +3.814241013e+02 -3.5978e-02 +1.0733e-01 +6.6019e-02 -1.0800e-02 +6.1590e-02 +1.4210e-01 -7.9971e-02 -4.4489e-02 +1.9818e-01 -1.1058e-01 -1.7606e-02 +2.2376e-01 -8.9795e-02 +7.4360e-03 -8.0251e-02 +1.4781e-02 -2.7430e-01 -1.2459e-02 +7.4993e-02 +7.7164e-02
742 0 +7.235245050e+02 +3.656645050e+02 +3.656645050e+02 -5.4842e-02 +1.6692e-01 +9.6182e-02 -1.5698e-03 +9.9769e-02 +1.9322e-01 -6.8456e-02 -3.9871e-02 +2.7278e-01 -1.5207e-01 -4.7807e-03 +2.5750e-01 -9.4802e-02 -2.5573e-03 -1.5557e-01 +1.6886e-02 -3.7200e-01 -1.1574e-02 +9.2139e-02 +6.6257e-02
812 0 +7.075512381e+02 +3.496912381e+02 +3.496912381e+02 -7.3325e-02 +2.1927e-01 +1.1812e-01 +1.4099e-02 +1.3627e-01 +2.2323e-01 -2.3261e-02 -1.9101e-02 +3.1665e-01 -1.7807e-01 +2.1482e-02 +2.2797e-01 -7.1360e-02 -1.8130e-02 -2.4425e-01 +1.7232e-02 -4.2000e-01 -3.8740e-03 +9.3093e-02 +2.2975e-02
1470 0 +6.915960071e+02 +3.337360071e+02 +3.337360071e+02 -7.4680e-02 +2.6203e-01 +1.4624e-01 +4.6170e-02 +1.5992e-01 +2.4452e-01 -1.6686e-02 -3.0510e-02 +3.6946e-01 -2.6669e-01 +9.3299e-02 +1.8564e-01 -6.6931e-02 -4.6469e-02 -2.5225e-01 +3.9311e-02 -4.6967e-01 -2.0545e-02 +9.7512e-02 +2.7017e-02
2782 0 +6.760189696e+02 +3.181589696e+02 +3.181589696e+02 -9.8904e-02 +2.1232e-01 +1.7119e-01 +2.8623e-02 +1.8762e-01 +3.1055e-01 -6.6096e-03 -7.0467e-02 +2.9830e-01 -3.0868e-01 +1.5785e-01 +2.4619e-01 -3.8667e-02 -8.3138e-02 -1.8583e-01 +7.7651e-02 -4.6648e-01 -7.0888e-02 +1.1777e-01 +1.2859e-02
2980 0 +6.606679846e+02 +3.028079846e+02 +3.028079846e+02 -6.3054e-02 +2.8309e-01 +1.7596e-01 +6.0630e-02 +1.9511e-01 +2.7701e-01 -2.3895e-02 -8.4398e-02 +2.2194e-01 -2.8329e-01 +1.4583e-01 +2.5930e-01 -4.5725e-02 -1.2269e-01 -1.6581e-01 +9.7897e-02 -5.2538e-01 -4.4901e-02 +2.0103e-01 +6.5829e-03
% f evaluations | g evaluations | best noise-free fitness - Fopt (6.270000000000e+01) + sum g_i+ | measured fitness | best measured fitness or single-digit g-values | x1 | x2...
1 0 +5.276555101e+02 +5.903555101e+02 +5.903555101e+02 +0.0000e+00 +0.0000e+00 +0.0000e+00 +0.0000e+00 +0.0000e+00 +0.0000e+00 +0.0000e+00 +0.0000e+00 +0.0000e+00 +0.0000e+00 +0.0000e+00 +0.0000e+00 +0.0000e+00 +0.0000e+00 +0.0000e+00 +0.0000e+00 +0.0000e+00 +0.0000e+00 +0.0000e+00 +0.0000e+00
3 0 +5.276493682e+02 +5.903493682e+02 +5.903493682e+02 +0.0000e+00 +2.5000e-04 +0.0000e+00 +0.0000e+00 +0.0000e+00 +0.0000e+00 +0.0000e+00 +0.0000e+00 +0.0000e+00 +0.0000e+00 +0.0000e+00 +0.0000e+00 +0.0000e+00 +0.0000e+00 +0.0000e+00 +0.0000e+00 +0.0000e+00 +0.0000e+00 +0.0000e+00 +0.0000e+00
187 0 +5.245669267e+02 +5.872669267e+02 +5.872669267e+02 +1.5434e-03 +4.8400e-04 -1.9118e-03 -2.5761e-04 -1.1473e-03 -1.1813e-02 +3.2630e-03 +9.2136e-05 -4.0774e-04 +1.2532e-03 -2.7647e-03 +2.4975e-03 -4.6422e-04 +1.8175e-03 +1.9525e-03 +2.4454e-03 -2.7749e-03 -2.2324e-03 -4.1800e-05 +7.4385e-04
280 0 +5.126795220e+02 +5.753795220e+02 +5.753795220e+02 +7.2862e-03 +7.2354e-04 -1.1056e-02 -3.2830e-03 -5.9339e-03 -5.9716e-02 +1.9205e-02 -1.9038e-03 -1.6244e-03 +2.5695e-03 -1.3976e-02 +1.1785e-02 -3.9837e-03 +9.0248e-03 +9.8211e-03 +1.4482e-02 -1.5418e-02 -1.2470e-02 +8.9377e-05 +5.4386e-03
327 0 +4.994387499e+02 +5.621387499e+02 +5.621387499e+02 +1.5710e-02 +1.6051e-03 -2.3270e-02 -8.2719e-03 -1.2888e-02 -1.3300e-01 +4.3803e-02 -5.7068e-03 -3.3413e-03 +4.9713e-03 -3.1742e-02 +2.5862e-02 -9.3936e-03 +1.8674e-02 +2.1340e-02 +3.2946e-02 -3.6186e-02 -2.7655e-02 -5.4854e-04 +1.3238e-02
565 0 +4.894659635e+02 +5.521659635e+02 +5.521659635e+02 +2.1100e-02 +1.9675e-03 -4.4862e-02 -1.8526e-02 -2.1245e-02 -2.1222e-01 +7.6163e-02 -1.0779e-02 -3.6551e-03 +7.7593e-03 -5.6255e-02 +3.9903e-02 -7.3971e-03 +2.7881e-02 +4.7406e-02 +5.5081e-02 -6.4973e-02 -3.5561e-02 -6.9407e-03 +2.0441e-02
627 0 +4.771905427e+02 +5.398905427e+02 +5.398905427e+02 +1.4886e-02 +7.5798e-04 -6.9548e-02 -3.1406e-02 -2.6495e-02 -2.4058e-01 +1.0019e-01 -1.4151e-02 -8.0731e-04 +8.6685e-03 -7.6112e-02 +4.2021e-02 +8.5048e-03 +2.9418e-02 +8.2801e-02 +7.0293e-02 -8.7861e-02 -2.2093e-02 -2.1630e-02 +2.3231e-02
663 0 +4.662790993e+02 +5.289790993e+02 +5.289790993e+02 -2.7158e-03 -1.3029e-03 -8.4722e-02 -3.9993e-02 -2.5454e-02 -1.8951e-01 +1.0198e-01 -1.2844e-02 +4.8042e-03 +7.3082e-03 -7.9595e-02 +2.8092e-02 +3.3925e-02 +1.9762e-02 +1.1077e-01 +6.7307e-02 -9.2420e-02 +1.1657e-02 -3.8703e-02 +1.7050e-02
930 0 +4.569874617e+02 +5.196874617e+02 +5.196874617e+02 -5.6304e-03 -2.9774e-03 -7.4684e-02 -4.5886e-02 -2.7455e-02 -1.9352e-01 +7.4285e-02 -2.6142e-02 +1.1169e-02 +9.6831e-03 -8.0483e-02 +1.4741e-02 +5.2391e-02 +1.1561e-02 +1.4010e-01 +7.0015e-02 -9.2985e-02 +3.7493e-02 -4.6947e-02 +1.7498e-02
984 0 +4.464091147e+02 +5.091091147e+02 +5.091091147e+02 -6.6757e-03 -3.1532e-03 -4.3591e-02 -4.6233e-02 -2.8231e-02 -1.8193e-01 +1.7774e-02 -4.1653e-02 +1.8675e-02 +1.2747e-02 -7.1949e-02 -7.2906e-03 +7.0846e-02 -8.8406e-04 +1.6277e-01 +6.6505e-02 -8.2525e-02 +6.8797e-02 -5.4109e-02 +1.8649e-02
1010 0 +4.354248301e+02 +4.981248301e+02 +4.981248301e+02 -5.2714e-03 -3.6877e-03 -1.0694e-02 -4.9539e-02 -3.0826e-02 -1.9524e-01 -4.4222e-02 -6.3029e-02 +2.7618e-02 +1.6837e-02 -6.7146e-02 -2.9205e-02 +9.2951e-02 -1.3504e-02 +1.9788e-01 +6.8419e-02 -7.7029e-02 +1.0258e-01 -6.2923e-02 +2.2168e-02
1241 0 +4.260489668e+02 +4.887489668e+02 +4.887489668e+02 -4.0833e-03 -2.0747e-03 +3.5192e-02 -4.4594e-02 -4.3715e-02 -2.0198e-01 -1.1738e-01 -8.6329e-02 +4.1581e-02 +2.6780e-02 -6.4305e-02 -6.0758e-02 +1.2596e-01 -3.2666e-02 +2.3682e-01 +8.5708e-02 -8.3983e-02 +1.4419e-01 -7.4759e-02 +3.5353e-02
1300 0 +4.156690688e+02 +4.783690688e+02 +4.783690688e+02 -9.4874e-03 +7.0310e-04 +9.0544e-02 -2.8879e-02 -6.4393e-02 -1.6352e-01 -1.9351e-01 -1.0506e-01 +6.0113e-02 +3.9106e-02 -5.6153e-02 -1.0300e-01 +1.6932e-01 -6.1578e-02 +2.6634e-01 +1.1215e-01 -9.9614e-02 +1.9320e-01 -8.7535e-02 +5.5337e-02
1334 0 +4.065391457e+02 +4.692391457e+02 +4.692391457e+02 -1.2094e-02 +4.5977e-03 +1.1827e-01 -1.7323e-02 -8.5946e-02 -1.5752e-01 -2.2458e-01 -1.1458e-01 +7.2565e-02 +4.8748e-02 -6.1036e-02 -1.2600e-01 +1.9914e-01 -7.7235e-02 +2.8876e-01 +1.4566e-01 -1.2875e-01 +2.1976e-01 -9.8347e-02 +7.6531e-02
1386 0 +3.971683201e+02 +4.598683201e+02 +4.598683201e+02 -5.9392e-03 +9.1419e-03 +1.0498e-01 +5.0721e-03 -1.0271e-01 -1.6691e-01 -1.6067e-01 -9.2673e-02 +6.7697e-02 +5.4103e-02 -7.0559e-02 -1.0474e-01 +1.7978e-01 -6.9894e-02 +2.4012e-01 +1.7692e-01 -1.6101e-01 +1.6990e-01 -8.2936e-02 +9.4976e-02
1730 0 +3.888498146e+02 +4.515498146e+02 +4.515498146e+02 -3.5913e-02 +2.4913e-02 +1.1527e-01 +8.4459e-03 -1.2712e-01 -1.3037e-01 -1.3330e-01 -6.9073e-02 +5.9301e-02 +2.5929e-02 -6.7019e-02 -1.0963e-01 +1.7680e-01 -6.4563e-02 +2.1797e-01 +1.9499e-01 -1.8502e-01 +1.9686e-01 -1.1672e-01 +1.3349e-01
2171 0 +3.800319597e+02 +4.427319597e+02 +4.427319597e+02 -1.2046e-01 +1.4572e-02 +1.3303e-01 -2.8347e-02 -1.4730e-01 -6.1653e-02 -6.0709e-02 -5.0443e-02 +3.0795e-02 -7.2043e-02 -1.5521e-02 -9.6566e-02 +1.3885e-01 -5.3787e-02 +1.7464e-01 +1.7482e-01 -1.9011e-01 +2.4588e-01 -1.6193e-01 +1.8954e-01
3217 0 +3.714908010e+02 +4.341908010e+02 +4.341908010e+02 -9.9401e-02 +4.8516e-02 +1.2363e-01 +1.0989e-02 -8.5839e-02 -1.9341e-01 -3.7830e-02 -4.5793e-02 +6.7650e-02 +1.9641e-02 +3.5076e-03 -1.2780e-01 +1.9742e-01 -7.6952e-02 +1.6941e-01 +2.1931e-01 -1.8515e-01 +2.1916e-01 -1.4344e-01 +1.3076e-01
3425 0 +3.629925696e+02 +4.256925696e+02 +4.256925696e+02 -6.7615e-02 +8.9996e-02 +1.3242e-01 +2.3230e-02 -8.8132e-02 -1.7997e-01 -6.4289e-02 -6.3118e-02 +8.2880e-02 +4.4285e-02 +1.8990e-03 -1.6696e-01 +1.8028e-01 -3.4348e-02 +1.3554e-01 +2.4900e-01 -2.0759e-01 +2.6500e-01 -1.4062e-01 +1.2013e-01
% f evaluations | g evaluations | best noise-free fitness - Fopt (5.688000000000e+01) + sum g_i+ | measured fitness | best measured fitness or single-digit g-values | x1 | x2...
1 0 +7.365541657e+02 +7.934341657e+02 +7.934341657e+02 +0.0000e+00 +0.0000e+00 +0.0000e+00 +0.0000e+00 +0.0000e+00 +0.0000e+00 +0.0000e+00 +0.0000e+00 +0.0000e+00 +0.0000e+00 +0.0000e+00 +0.0000e+00 +0.0000e+00 +0.0000e+00 +0.0000e+00 +0.0000e+00 +0.0000e+00 +0.0000e+00 +0.0000e+00 +0.0000e+00
2 0 +7.365476331e+02 +7.934276331e+02 +7.934276331e+02 +2.5000e-04 +0.0000e+00 +0.0000e+00 +0.0000e+00 +0.0000e+00 +0.0000e+00 +0.0000e+00 +0.0000e+00 +0.0000e+00 +0.0000e+00 +0.0000e+00 +0.0000e+00 +0.0000e+00 +0.0000e+00 +0.0000e+00 +0.0000e+00 +0.0000e+00 +0.0000e+00 +0.0000e+00 +0.0000e+00
245 0 +7.237179654e+02 +7.805979654e+02 +7.805979654e+02 -4.5095e-04 -7.8702e-05 +8.1599e-03 +7.6746e-03 -1.2512e-02 +7.3324e-03 +3.3401e-03 +1.3339e-03 -1.9212e-02 -3.9471e-03 +9.3076e-03 +5.1655e-03 -3.0806e-02 +2.9686e-03 -3.7635e-03 +1.1649e-02 +1.7256e-02 +3.7051e-03 -9.1466e-03 +2.1172e-03
298 0 +7.076264776e+02 +7.645064776e+02 +7.645064776e+02 -2.9958e-03 +1.1802e-04 +2.0298e-02 +1.8885e-02 -3.1870e-02 +1.8511e-02 +6.2758e-03 +3.9847e-03 -4.8101e-02 -1.2844e-02 +2.3031e-02 +1.3967e-02 -7.3368e-02 +9.2418e-03 -1.0675e-02 +2.8584e-02 +4.2614e-02 +1.0795e-02 -2.2728e-02 +6.0191e-03
342 0 +6.905959870e+02 +7.474759870e+02 +7.474759870e+02 -7.1011e-03 +1.3141e-03 +4.1462e-02 +3.9153e-02 -6.6840e-02 +3.8369e-02 +1.2707e-02 +8.8951e-03 -1.0185e-01 -2.7676e-02 +4.7831e-02 +2.8384e-02 -1.5269e-01 +2.0292e-02 -2.2728e-02 +6.0077e-02 +8.9557e-02 +2.2893e-02 -4.8137e-02 +1.3904e-02
591 0 +6.759782916e+02 +7.328582916e+02 +7.328582916e+02 +3.0006e-02 -2.2626e-03 +5.4102e-02 +4.3998e-02 -4.7958e-02 +3.1716e-02 +2.3787e-02 +3.4817e-03 -8.2468e-02 -2.9593e-02 +5.0857e-02 +2.3787e-03 -1.7204e-01 +2.1785e-02 -1.3428e-02 +8.0832e-02 +9.9592e-02 +5.3853e-03 -6.6169e-02 -2.0656e-02
636 0 +6.605210024e+02 +7.174010024e+02 +7.174010024e+02 +6.9731e-02 -7.1960e-03 +8.1373e-02 +5.8964e-02 -4.6012e-02 +3.4083e-02 +3.9025e-02 -1.9707e-05 -8.6753e-02 -4.0834e-02 +6.9313e-02 -1.7879e-02 -2.3087e-01 +2.8978e-02 -1.0473e-02 +1.2171e-01 +1.3431e-01 -9.6685e-03 -9.9929e-02 -5.7607e-02
681 0 +6.437302345e+02 +7.006102345e+02 +7.006102345e+02 +1.6936e-01 -2.0702e-02 +1.2296e-01 +7.1682e-02 -3.6431e-03 +1.9674e-02 +7.0352e-02 -1.2307e-02 -3.6193e-02 -5.2926e-02 +8.7238e-02 -8.2672e-02 -2.9074e-01 +3.6209e-02 +9.1697e-03 +1.8659e-01 +1.6905e-01 -5.9447e-02 -1.5495e-01 -1.5523e-01
875 0 +6.305472806e+02 +6.874272806e+02 +6.874272806e+02 +2.0186e-01 -4.2131e-02 +1.7034e-01 +5.1368e-02 -1.6625e-03 +4.1743e-02 +6.9146e-02 -1.8116e-02 -2.9329e-02 -9.9877e-02 +1.2500e-01 -6.9087e-02 -2.8600e-01 +5.0218e-02 +4.5370e-03 +2.1769e-01 +2.0117e-01 -8.8016e-02 -1.9031e-01 -2.1161e-01
1192 0 +6.162239199e+02 +6.731039199e+02 +6.731039199e+02 +2.3695e-01 -6.5352e-02 +2.1600e-01 +4.8291e-02 +2.2663e-02 +6.4521e-02 +4.4029e-02 -4.6136e-02 +3.2071e-02 -1.3826e-01 +1.2950e-01 -3.5210e-02 -2.5267e-01 +7.5205e-02 +4.8599e-03 +2.4028e-01 +1.9535e-01 -1.5545e-01 -2.1290e-01 -2.7596e-01
1260 0 +6.020496261e+02 +6.589296261e+02 +6.589296261e+02 +1.6670e-01 -6.1118e-02 +2.1554e-01 +8.1873e-02 -1.4175e-02 +1.0238e-01 -1.2841e-02 -6.8023e-02 +3.6843e-02 -1.4467e-01 +9.8417e-02 +7.1780e-02 -2.3544e-01 +1.0195e-01 -1.8334e-02 +2.1681e-01 +1.5973e-01 -1.8236e-01 -1.8687e-01 -2.1776e-01
1548 0 +5.885769644e+02 +6.454569644e+02 +6.454569644e+02 +1.4849e-01 -4.9831e-02 +1.7425e-01 +1.0332e-01 -3.9936e-02 +1.0408e-01 -4.1616e-03 -6.3684e-02 +6.4129e-02 -1.0425e-01 +8.7177e-02 +1.2555e-01 -2.0808e-01 +6.5047e-02 -3.4680e-02 +2.0360e-01 +1.1908e-01 -2.4916e-01 -1.7899e-01 -1.6820e-01
1609 0 +5.748286919e+02 +6.317086919e+02 +6.317086919e+02 +1.2077e-01 -5.3998e-02 +1.2773e-01 +1.4027e-01 -9.2096e-02 +8.5567e-02 +2.9925e-02 -4.0246e-02 +1.3125e-01 -4.2770e-02 +1.0426e-01 +1.7664e-01 -2.0228e-01 +8.1305e-03 -9.0873e-02 +2.1106e-01 +7.7450e-02 -3.2306e-01 -1.7104e-01 -1.1234e-01
2328 0 +5.622978037e+02 +6.191778037e+02 +6.191778037e+02 +1.2124e-01 -5.0035e-02 +1.6042e-01 +2.1711e-01 -1.9312e-01 +1.0315e-01 +1.8207e-02 -6.8572e-02 +1.5457e-01 -1.7915e-02 +1.2189e-01 +2.6966e-01 -2.1102e-01 +2.7704e-02 -1.2706e-01 +2.2403e-01 +7.4173e-02 -4.1802e-01 -2.0798e-01 -9.0419e-02
3109 0 +5.495407693e+02 +6.064207693e+02 +6.064207693e+02 +1.4267e-01 -4.1303e-02 +1.4729e-01 +1.8439e-01 -2.3986e-01 +6.7682e-02 -1.3193e-02 -6.0121e-02 +1.8436e-01 +1.7023e-02 +1.2136e-01 +2.2201e-01 -1.9089e-01 -2.3339e-02 -9.2021e-02 +2.9854e-01 +4.8036e-02 -4.0740e-01 -2.0221e-01 -7.6088e-02
% f evaluations | g evaluations | best noise-free fitness - Fopt (1.620800000000e+02) + sum g_i+ | measured fitness | best measured fitness or single-digit g-values | x1 | x2...
1 0 +6.112048645e+02 +7.732848645e+02 +7.732848645e+02 +0.0000e+00 +0.0000e+00 +0.0000e+00 +0.0000e+00 +0.0000e+00 +0.0000e+00 +0.0000e+00 +0.0000e+00 +0.0000e+00 +0.0000e+00 +0.0000e+00 +0.0000e+00 +0.0000e+00 +0.0000e+00 +0.0000e+00 +0.0000e+00 +0.0000e+00 +0.0000e+00 +0.0000e+00 +0.0000e+00
2 0 +6.111990358e+02 +7.732790358e+02 +7.732790358e+02 +2.5000e-04 +0.0000e+00 +0.0000e+00 +0.0000e+00 +0.0000e+00 +0.0000e+00 +0.0000e+00 +0.0000e+00 +0.0000e+00 +0.0000e+00 +0.0000e+00 +0.0000e+00 +0.0000e+00 +0.0000e+00 +0.0000e+00 +0.0000e+00 +0.0000e+00 +0.0000e+00 +0.0000e+00 +0.0000e+00
232 0 +6.012544011e+02 +7.633344011e+02 +7.633344011e+02 -4.5186e-04 -4.7307e-03 +1.7179e-02 +1.1968e-02 -1.5071e-03 -2.6837e-03 -1.7036e-03 -6.2695e-03 -5.1609e-03 +4.8862e-03 +2.6812e-03 -1.1468e-02 -3.6109e-03 -1.2969e-03 +7.5111e-03 +3.6826e-03 -3.7482e-03 +4.6775e-03 -1.7528e-02 -1.7152e-03
279 0 +5.884027252e+02 +7.504827252e+02 +7.504827252e+02 -1.1177e-03 -1.0465e-02 +3.9424e-02 +2.6529e-02 -2.2130e-03 -7.5078e-03 -4.2135e-03 -1.4329e-02 -1.1342e-02 +1.0119e-02 +6.8895e-03 -2.5519e-02 -7.2041e-03 -3.3463e-03 +1.7257e-02 +8.3183e-03 -1.0430e-02 +9.8567e-03 -3.9096e-02 -3.3279e-03
307 0 +5.746193531e+02 +7.366993531e+02 +7.366993531e+02 -1.3837e-03 -1.6800e-02 +6.3414e-02 +4.3199e-02 -2.6063e-03 -1.2899e-02 -7.3682e-03 -2.3191e-02 -1.8143e-02 +1.6060e-02 +1.0879e-02 -4.0966e-02 -1.0461e-02 -5.9645e-03 +2.7994e-02 +1.3047e-02 -1.7111e-02 +1.5924e-02 -6.3263e-02 -5.3645e-03
326 0 +5.622136169e+02 +7.242936169e+02 +7.242936169e+02 -2.0447e-03 -2.3896e-02 +8.8107e-02 +5.9074e-02 -2.7618e-03 -1.8655e-02 -1.0219e-02 -3.1986e-02 -2.5388e-02 +2.2228e-02 +1.5304e-02 -5.6895e-02 -1.4199e-02 -8.2732e-03 +3.9107e-02 +1.8230e-02 -2.4170e-02 +2.2869e-02 -8.9224e-02 -7.1122e-03
354 0 +5.468776913e+02 +7.089576913e+02 +7.089576913e+02 -2.3827e-03 -3.8405e-02 +1.4263e-01 +9.5181e-02 -4.0544e-03 -3.0836e-02 -1.6563e-02 -5.1176e-02 -4.0876e-02 +3.5569e-02 +2.4344e-02 -9.2441e-02 -2.2835e-02 -1.4231e-02 +6.3757e-02 +2.9157e-02 -4.0577e-02 +3.6187e-02 -1.4167e-01 -1.1361e-02
566 0 +5.356467127e+02 +6.977267127e+02 +6.977267127e+02 -4.7903e-03 -3.3990e-02 +1.7292e-01 +1.2473e-01 +7.6229e-03 -3.0070e-02 -1.6430e-02 -6.6826e-02 -5.3710e-02 +3.6260e-02 +3.1016e-02 -1.3680e-01 -2.8185e-02 -1.9847e-02 +7.8602e-02 +3.4635e-02 -3.7647e-02 +3.6314e-02 -1.6421e-01 -1.9595e-02
612 0 +5.237133173e+02 +6.857933173e+02 +6.857933173e+02 -7.7920e-03 -2.1009e-02 +1.8460e-01 +1.4313e-01 +2.4962e-02 -2.2595e-02 -1.2101e-02 -7.6435e-02 -6.3190e-02 +2.9470e-02 +3.5666e-02 -1.7855e-01 -3.1349e-02 -2.4525e-02 +8.6831e-02 +3.5962e-02 -2.6238e-02 +2.8948e-02 -1.6374e-01 -2.9098e-02
818 0 +5.126983739e+02 +6.747783739e+02 +6.747783739e+02 -1.3071e-02 +7.6358e-03 +2.0020e-01 +1.7503e-01 +5.2179e-02 -7.5582e-03 -3.6116e-03 -9.2655e-02 -7.7326e-02 +1.4509e-02 +4.1967e-02 -2.4428e-01 -3.5574e-02 -3.1298e-02 +9.7918e-02 +3.7828e-02 -3.7330e-03 +1.3671e-02 -1.6119e-01 -4.6991e-02
926 0 +4.992650187e+02 +6.613450187e+02 +6.613450187e+02 -2.0646e-02 +1.7927e-02 +2.1191e-01 +1.9719e-01 +6.5721e-02 -1.2473e-02 +3.5131e-03 -9.8495e-02 -8.7053e-02 -3.0161e-03 +5.9915e-02 -2.5620e-01 -3.2003e-02 -1.9718e-02 +1.0880e-01 +4.3858e-02 +1.0478e-04 +8.0683e-03 -2.0081e-01 -6.3946e-02
954 0 +4.897729921e+02 +6.518529921e+02 +6.518529921e+02 -2.4470e-02 +2.7788e-02 +1.9712e-01 +1.9791e-01 +7.3950e-02 -1.3594e-02 +1.0201e-02 -9.3783e-02 -8.6568e-02 -1.8927e-02 +6.9091e-02 -2.4182e-01 -2.4319e-02 -8.9722e-03 +1.0439e-01 +4.3992e-02 +5.9052e-03 +6.6986e-04 -2.1267e-01 -7.2819e-02
1259 0 +4.785334995e+02 +6.406134995e+02 +6.406134995e+02 -4.7273e-02 +3.5681e-02 +2.0337e-01 +1.9098e-01 +6.6864e-02 -2.7749e-02 +2.3325e-02 -8.8250e-02 -8.6346e-02 -5.0764e-02 +9.3413e-02 -2.1579e-01 -1.7516e-02 +2.1718e-02 +1.2642e-01 +5.5588e-02 +4.0741e-03 -1.0240e-02 -2.4701e-01 -9.6396e-02
1872 0 +4.670225109e+02 +6.291025109e+02 +6.291025109e+02 -8.4887e-02 +6.0907e-02 +2.0551e-01 +1.7064e-01 +3.6274e-02 -1.4080e-02 +5.3169e-04 -9.9496e-02 -6.6030e-02 -4.2564e-02 +7.3962e-02 -2.1286e-01 -3.6894e-02 +4.4534e-02 +1.5442e-01 +6.1571e-02 -1.9076e-02 -2.3086e-03 -2.6169e-01 -7.6868e-02
2311 0 +4.568954808e+02 +6.189754808e+02 +6.189754808e+02 -8.6364e-02 +6.0107e-02 +1.7805e-01 +1.8478e-01 +4.4570e-02 +2.0988e-02 -2.2932e-02 -9.0999e-02 -4.7564e-02 -2.3029e-02 +7.6602e-02 -2.2701e-01 -8.3614e-02 +6.7644e-02 +1.6041e-01 +3.1417e-02 -2.6012e-02 +2.5907e-02 -3.3653e-01 -5.0911e-02
% f evaluations | g evaluations | best noise-free fitness - Fopt (-6.182100000000e+02) + sum g_i+ | measured fitness | best measured fitness or single-digit g-values | x1 | x2...
1 0 +8.157143111e+02 +1.975043111e+02 +1.975043111e+02 +0.0000e+00 +0.0000e+00 +0.0000e+00 +0.0000e+00 +0.0000e+00 +0.0000e+00 +0.0000e+00 +0.0000e+00 +0.0000e+00 +0.0000e+00 +0.0000e+00 +0.0000e+00 +0.0000e+00 +0.0000e+00 +0.0000e+00 +0.0000e+00 +0.0000e+00 +0.0000e+00 +0.0000e+00 +0.0000e+00
4 0 +8.156947099e+02 +1.974847099e+02 +1.974847099e+02 +0.0000e+00 +0.0000e+00 +2.5000e-04 +0.0000e+00 +0.0000e+00 +0.0000e+00 +0.0000e+00 +0.0000e+00 +0.0000e+00 +0.0000e+00 +0.0000e+00 +0.0000e+00 +0.0000e+00 +0.0000e+00 +0.0000e+00 +0.0000e+00 +0.0000e+00 +0.0000e+00 +0.0000e+00 +0.0000e+00
152 0 +8.126750728e+02 +1.944650728e+02 +1.944650728e+02 -9.9261e-04 +5.9048e-04 -3.0675e-03 +3.6548e-04 +4.7982e-04 +1.4613e-03 +1.6166e-03 -1.5401e-04 -3.6924e-04 -1.9714e-04 +6.3619e-04 +1.3199e-03 +1.2632e-03 +4.8026e-05 +2.4894e-03 -7.4386e-03 +2.5650e-03 +9.7114e-04 -1.3589e-03 -4.1081e-04
477 0 +7.940290632e+02 +1.758190632e+02 +1.758190632e+02 -1.4402e-02 +1.2410e-02 -5.1424e-02 +6.1837e-03 +9.2973e-03 +2.0221e-02 +2.5779e-02 -5.2622e-03 +2.5722e-03 -3.0203e-03 +1.2540e-02 +1.9742e-02 +2.2345e-02 +6.0588e-04 +2.9763e-02 -9.5893e-02 +2.4447e-02 +1.3445e-02 -2.3165e-02 -8.3090e-03
580 0 +7.736286901e+02 +1.554186901e+02 +1.554186901e+02 -7.2651e-03 +4.0874e-02 -7.0914e-02 +1.5285e-02 +3.3775e-02 +3.4699e-02 +5.5587e-02 -1.7622e-02 +1.8781e-02 -2.1472e-02 +3.0642e-02 +5.0123e-02 +3.8111e-02 -8.0383e-03 +1.5328e-02 -1.1129e-01 +1.1030e-02 -1.4945e-02 -7.4749e-02 -2.1551e-02
616 0 +7.562220452e+02 +1.380120452e+02 +1.380120452e+02 -7.2890e-04 +6.9737e-02 -9.3520e-02 +2.6179e-02 +5.8324e-02 +5.0659e-02 +8.6843e-02 -3.2261e-02 +3.5629e-02 -4.0984e-02 +5.0388e-02 +8.2985e-02 +5.6023e-02 -1.5887e-02 +2.1342e-03 -1.2790e-01 -5.3066e-03 -4.1399e-02 -1.3010e-01 -3.5395e-02
822 0 +7.410281920e+02 +1.228181920e+02 +1.228181920e+02 +4.0786e-03 +1.0210e-01 -8.6951e-02 +1.7615e-02 +9.8703e-02 +5.3527e-02 +1.2667e-01 -3.8338e-02 +3.2414e-02 -4.9530e-02 +5.4172e-02 +9.4429e-02 +7.0500e-02 -2.7554e-02 -2.9398e-02 -1.4921e-01 +2.1421e-02 -8.7630e-02 -1.6307e-01 -4.8855e-02
1342 0 +7.244226253e+02 +1.062126253e+02 +1.062126253e+02 +4.8546e-02 +1.1847e-01 -1.4829e-01 +3.4696e-02 +8.0613e-02 +3.6449e-02 +2.3393e-01 -7.0333e-02 -5.0564e-02 -5.9014e-02 +5.9038e-02 +9.0293e-02 +6.3280e-02 -4.9681e-02 +9.7561e-03 -1.3848e-01 +2.8945e-02 -8.4617e-02 -1.8450e-01 -5.6071e-02
1418 0 +7.059882884e+02 +8.777828841e+01 +8.777828841e+01 +4.2969e-02 +1.5567e-01 -2.2494e-01 -1.8795e-03 +5.2384e-02 +6.5113e-02 +2.4253e-01 -8.8306e-02 -6.9847e-02 -4.4544e-02 +7.8020e-02 +1.0234e-01 +5.8243e-02 -4.3493e-02 -4.6161e-02 -1.0485e-01 +6.5739e-02 -7.6539e-02 -1.7434e-01 -6.1047e-02
1789 0 +6.914873086e+02 +7.327730859e+01 +7.327730859e+01 +9.9214e-03 +2.0332e-01 -2.9758e-01 -4.9457e-02 +2.4924e-02 +1.0341e-01 +1.9929e-01 -8.4260e-02 -2.4926e-02 -8.0457e-03 +9.7323e-02 +1.1551e-01 +5.5353e-02 -3.4900e-02 -1.2568e-01 -1.0658e-01 +1.0746e-01 -7.7834e-02 -1.5326e-01 -5.5965e-02
3270 0 +6.747623085e+02 +5.655230849e+01 +5.655230849e+01 +1.1073e-01 +1.8748e-01 -3.1741e-01 +7.4574e-02 -5.1192e-02 +1.1504e-03 +3.5181e-01 -2.3906e-02 -1.0707e-01 -8.0383e-02 +1.6622e-01 +9.9863e-02 +9.1941e-02 -1.5041e-01 -7.5502e-02 -1.6641e-01 -6.1644e-02 +4.8032e-02 -2.5712e-01 -4.5466e-03
% f evaluations | g evaluations | best noise-free fitness - Fopt (5.232400000000e+02) + sum g_i+ | measured fitness | best measured fitness or single-digit g-values | x1 | x2...
1 0 +4.961895364e+02 +1.019429536e+03 +1.019429536e+03 +0.0000e+00 +0.0000e+00 +0.0000e+00 +0.0000e+00 +0.0000e+00 +0.0000e+00 +0.0000e+00 +0.0000e+00 +0.0000e+00 +0.0000e+00 +0.0000e+00 +0.0000e+00 +0.0000e+00 +0.0000e+00 +0.0000e+00 +0.0000e+00 +0.0000e+00 +0.0000e+00 +0.0000e+00 +0.0000e+00
4 0 +4.961530069e+02 +1.019393007e+03 +1.019393007e+03 +0.0000e+00 +0.0000e+00 +2.5000e-04 +0.0000e+00 +0.0000e+00 +0.0000e+00 +0.0000e+00 +0.0000e+00 +0.0000e+00 +0.0000e+00 +0.0000e+00 +0.0000e+00 +0.0000e+00 +0.0000e+00 +0.0000e+00 +0.0000e+00 +0.0000e+00 +0.0000e+00 +0.0000e+00 +0.0000e+00
205 0 +4.894412519e+02 +1.012681252e+03 +1.012681252e+03 -2.1589e-03 -1.4284e-03 +4.5474e-03 -1.0835e-02 -2.4538e-03 -2.5108e-03 +8.8017e-03 +1.0613e-03 +3.3368e-03 +8.0801e-03 -1.3536e-03 +4.8751e-03 -1.4937e-02 -4.8727e-04 -1.2689e-04 -4.0476e-03 +3.7914e-03 +2.6851e-03 +3.2679e-03 +1.7947e-03
270 0 +4.775261412e+02 +1.000766141e+03 +1.000766141e+03 -6.0050e-03 -4.7358e-03 +1.4598e-02 -3.5709e-02 -1.1201e-02 -7.0991e-03 +2.8653e-02 +3.1509e-03 +1.0727e-02 +2.6198e-02 -5.0445e-03 +1.6282e-02 -4.5882e-02 -5.5241e-04 -1.1609e-03 -1.0762e-02 +1.1968e-02 +7.2815e-03 +1.0211e-02 +5.4961e-03
316 0 +4.675855905e+02 +9.908255905e+02 +9.908255905e+02 -1.2740e-02 -8.6068e-03 +3.1872e-02 -7.9919e-02 -2.5660e-02 -1.6012e-02 +6.2742e-02 +6.5700e-03 +2.3556e-02 +5.7588e-02 -1.0960e-02 +3.6220e-02 -1.0012e-01 -1.1441e-03 -3.5637e-03 -2.1844e-02 +2.5384e-02 +1.5103e-02 +2.2628e-02 +1.2185e-02
498 0 +4.567280187e+02 +9.799680187e+02 +9.799680187e+02 -1.2260e-02 -1.8966e-02 +4.1709e-02 -1.0515e-01 -4.5538e-02 -1.6065e-02 +7.9333e-02 +5.0520e-03 +2.9407e-02 +7.8880e-02 -1.9240e-02 +5.1599e-02 -1.1937e-01 +7.1290e-03 -1.9001e-03 -2.4365e-02 +2.2683e-02 +2.5356e-02 +3.2923e-02 +1.2218e-02
529 0 +4.452271459e+02 +9.684671459e+02 +9.684671459e+02 -9.4347e-03 -2.8224e-02 +4.7723e-02 -1.2102e-01 -6.2796e-02 -1.3357e-02 +8.6311e-02 +2.6091e-03 +3.1745e-02 +9.3421e-02 -2.6510e-02 +6.2921e-02 -1.2512e-01 +1.6130e-02 +1.1766e-03 -2.3781e-02 +1.5263e-02 +3.3907e-02 +4.0802e-02 +1.0123e-02
549 0 +4.365048598e+02 +9.597448598e+02 +9.597448598e+02 -6.0242e-03 -3.5093e-02 +4.8020e-02 -1.2203e-01 -7.1938e-02 -8.8952e-03 +8.4029e-02 -4.4723e-04 +3.1431e-02 +9.7157e-02 -3.0710e-02 +6.6434e-02 -1.1573e-01 +2.3648e-02 +2.3771e-03 -1.9668e-02 +7.2422e-03 +3.7088e-02 +4.3462e-02 +6.5951e-03
566 0 +4.250839021e+02 +9.483239021e+02 +9.483239021e+02 -3.4070e-03 -4.4273e-02 +5.2262e-02 -1.3483e-01 -8.6420e-02 -5.5573e-03 +8.8232e-02 -2.9441e-03 +3.2874e-02 +1.1019e-01 -3.7430e-02 +7.5261e-02 -1.1886e-01 +3.2304e-02 +4.5073e-03 -1.8606e-02 -3.9671e-04 +4.5935e-02 +5.1005e-02 +4.4745e-03
585 0 +4.104020898e+02 +9.336420898e+02 +9.336420898e+02 +3.4159e-03 -5.6743e-02 +5.4542e-02 -1.4193e-01 -1.0478e-01 +1.7558e-03 +8.6428e-02 -8.0321e-03 +3.1837e-02 +1.1983e-01 -4.5723e-02 +8.3975e-02 -1.0671e-01 +4.5884e-02 +9.0999e-03 -1.2860e-02 -1.6726e-02 +5.4106e-02 +5.7593e-02 -1.4212e-03
596 0 +4.023639149e+02 +9.256039149e+02 +9.256039149e+02 +9.2273e-03 -6.5586e-02 +5.2163e-02 -1.3577e-01 -1.1672e-01 +9.4346e-03 +7.6516e-02 -1.2073e-02 +2.9118e-02 +1.2123e-01 -5.0879e-02 +8.5337e-02 -8.6464e-02 +5.6684e-02 +1.1560e-02 -5.6334e-03 -2.9776e-02 +5.9518e-02 +6.0030e-02 -7.6647e-03
605 0 +3.949631537e+02 +9.182031537e+02 +9.182031537e+02 +1.1132e-02 -7.5310e-02 +6.0449e-02 -1.5832e-01 -1.3481e-01 +1.0870e-02 +8.8353e-02 -1.3930e-02 +3.2219e-02 +1.3921e-01 -5.8110e-02 +9.9743e-02 -9.8692e-02 +6.5055e-02 +1.5314e-02 -6.9354e-03 -3.6431e-02 +6.8145e-02 +6.9448e-02 -8.6909e-03
726 0 +3.889550733e+02 +9.121950733e+02 +9.121950733e+02 +2.1152e-02 -9.5439e-02 +6.2728e-02 -1.6651e-01 -1.6333e-01 +2.3128e-02 +8.3509e-02 -2.2205e-02 +3.0708e-02 +1.5447e-01 -7.1377e-02 +1.1125e-01 -7.8677e-02 +8.6729e-02 +2.0313e-02 +2.6778e-03 -6.0414e-02 +8.2524e-02 +8.0355e-02 -1.7828e-02
847 0 +3.795378020e+02 +9.027778020e+02 +9.027778020e+02 +1.8827e-02 -9.9772e-02 +5.3075e-02 -1.6274e-01 -1.5015e-01 +2.3668e-02 +6.9701e-02 -3.2692e-02 +2.4651e-02 +1.6370e-01 -7.7017e-02 +9.0444e-02 -7.2337e-02 +9.1926e-02 -4.5889e-04 +1.0079e-02 -6.0648e-02 +1.0421e-01 +9.1069e-02 -9.6255e-03
1052 0 +3.714161291e+02 +8.946561291e+02 +8.946561291e+02 +1.6617e-02 -1.1073e-01 +3.7445e-02 -1.5717e-01 -1.3304e-01 +2.6240e-02 +5.0707e-02 -5.3813e-02 +1.2747e-02 +1.7710e-01 -8.6576e-02 +6.0191e-02 -5.3893e-02 +1.0273e-01 -2.8537e-02 +2.1221e-02 -6.6899e-02 +1.3993e-01 +1.0913e-01 +1.8869e-03
1149 0 +3.629963894e+02 +8.862363894e+02 +8.862363894e+02 +1.4516e-02 -1.1748e-01 +2.9224e-02 -1.9364e-01 -8.9608e-02 +2.0850e-02 +6.6342e-02 -8.0350e-02 -1.5337e-02 +1.8532e-01 -8.0548e-02 +5.1905e-02 -6.0995e-02 +9.9646e-02 -3.2949e-02 +3.6895e-03 -8.6383e-02 +1.5527e-01 +1.3859e-01 +3.0524e-02
1505 0 +3.546639840e+02 +8.779039840e+02 +8.779039840e+02 -9.5968e-03 -1.2969e-01 +2.3011e-02 -1.7536e-01 -8.7379e-02 +1.6870e-02 +8.7314e-02 -1.0982e-01 -4.0094e-02 +1.6885e-01 -6.3551e-02 +5.6422e-02 -4.9606e-02 +9.6076e-02 -2.4887e-02 -2.4781e-02 -4.8076e-02 +1.6042e-01 +1.4618e-01 +4.8218e-02
2008 0 +3.463686350e+02 +8.696086350e+02 +8.696086350e+02 -1.3259e-02 -1.3678e-01 +1.5046e-02 -1.3301e-01 -9.8529e-02 +2.3544e-02 +3.4125e-02 -8.9500e-02 -5.9130e-02 +1.5198e-01 -3.8873e-02 +8.3318e-02 -6.9309e-02 +1.0054e-01 +5.9191e-03 -6.5374e-02 -1.8400e-02 +1.7298e-01 +1.4213e-01 +4.2867e-02
3170 0 +3.388322065e+02 +8.620722065e+02 +8.620722065e+02 -9.2187e-03 -1.5044e-01 +3.8326e-03 -8.3403e-02 -7.0495e-02 +2.8081e-02 +2.0137e-02 -6.9706e-02 -7.3600e-02 +1.6740e-01 -1.6554e-02 +9.9663e-02 -1.0670e-01 +1.0983e-01 +2.2325e-02 -6.5721e-02 -1.3512e-02 +1.3725e-01 +1.1900e-01 +2.2756e-02
% f evaluations | g evaluations | best noise-free fitness - Fopt (-5.157900000000e+02) + sum g_i+ | measured fitness | best measured fitness or single-digit g-values | x1 | x2...
1 0 +1.080183795e+03 +5.643937952e+02 +5.643937952e+02 +0.0000e+00 +0.0000e+00 +0.0000e+00 +0.0000e+00 +0.0000e+00 +0.0000e+00 +0.0000e+00 +0.0000e+00 +0.0000e+00 +0.0000e+00 +0.0000e+00 +0.0000e+00 +0.0000e+00 +0.0000e+00 +0.0000e+00 +0.0000e+00 +0.0000e+00 +0.0000e+00 +0.0000e+00 +0.0000e+00
2 0 +1.080153548e+03 +5.643635480e+02 +5.643635480e+02 +2.5000e-04 +0.0000e+00 +0.0000e+00 +0.0000e+00 +0.0000e+00 +0.0000e+00 +0.0000e+00 +0.0000e+00 +0.0000e+00 +0.0000e+00 +0.0000e+00 +0.0000e+00 +0.0000e+00 +0.0000e+00 +0.0000e+00 +0.0000e+00 +0.0000e+00 +0.0000e+00 +0.0000e+00 +0.0000e+00
232 0 +1.071459147e+03 +5.556691468e+02 +5.556691468e+02 +3.7562e-03 -2.7691e-03 -2.7451e-03 -3.1371e-05 +5.4403e-03 -1.5239e-03 +1.3949e-02 +1.8152e-03 +7.3635e-03 +6.1314e-03 +2.1979e-03 -3.3078e-03 -2.0476e-02 +8.5724e-03 -5.0699e-03 -2.4671e-03 +4.7092e-03 -2.0811e-02 -4.4547e-03 -7.1021e-04
311 0 +1.043390164e+03 +5.276001642e+02 +5.276001642e+02 +1.4047e-02 -1.0607e-02 -1.3622e-02 +2.3319e-03 +2.1416e-02 -5.5104e-03 +5.6871e-02 +6.8720e-03 +3.1123e-02 +2.3486e-02 +8.7163e-03 -1.2642e-02 -7.6750e-02 +3.6457e-02 -1.9995e-02 -1.2674e-02 +1.7820e-02 -8.6424e-02 -1.6829e-02 -5.9677e-03
346 0 +1.016230248e+03 +5.004402479e+02 +5.004402479e+02 +2.4930e-02 -1.8652e-02 -2.4748e-02 +4.3821e-03 +3.7841e-02 -9.6822e-03 +1.0349e-01 +1.2145e-02 +5.5855e-02 +4.2190e-02 +1.5990e-02 -2.1750e-02 -1.3865e-01 +6.6446e-02 -3.6485e-02 -2.2551e-02 +3.1662e-02 -1.5777e-01 -3.0165e-02 -1.0340e-02
373 0 +9.951666873e+02 +4.793766873e+02 +4.793766873e+02 +3.9490e-02 -2.9625e-02 -3.9706e-02 +6.9151e-03 +5.9626e-02 -1.5663e-02 +1.6376e-01 +1.9051e-02 +8.8443e-02 +6.6501e-02 +2.5360e-02 -3.4824e-02 -2.1710e-01 +1.0495e-01 -5.7195e-02 -3.6246e-02 +5.0351e-02 -2.5021e-01 -4.7312e-02 -1.6931e-02
400 0 +9.754151456e+02 +4.596251456e+02 +4.596251456e+02 +6.1126e-02 -4.4971e-02 -6.2201e-02 +1.0928e-02 +9.1791e-02 -2.4115e-02 +2.5526e-01 +2.8886e-02 +1.3684e-01 +1.0312e-01 +3.8714e-02 -5.3091e-02 -3.3852e-01 +1.6238e-01 -8.8996e-02 -5.5004e-02 +7.7743e-02 -3.8725e-01 -7.2919e-02 -2.5522e-02
417 0 +9.391852399e+02 +4.233952399e+02 +4.233952399e+02 +8.1604e-02 -6.0454e-02 -8.3883e-02 +1.4524e-02 +1.2317e-01 -3.2802e-02 +3.4381e-01 +3.9138e-02 +1.8305e-01 +1.3818e-01 +5.1471e-02 -7.1556e-02 -4.5246e-01 +2.1775e-01 -1.1923e-01 -7.4056e-02 +1.0484e-01 -5.2051e-01 -9.7622e-02 -3.5022e-02
426 0 +9.213841134e+02 +4.055941134e+02 +4.055941134e+02 +9.4107e-02 -6.9476e-02 -9.8332e-02 +1.6367e-02 +1.4338e-01 -3.8094e-02 +3.9924e-01 +4.4152e-02 +2.1245e-01 +1.6060e-01 +5.9777e-02 -8.2745e-02 -5.2686e-01 +2.5329e-01 -1.3737e-01 -8.6344e-02 +1.2185e-01 -6.0384e-01 -1.1323e-01 -4.0040e-02
444 0 +9.061902229e+02 +3.904002229e+02 +3.904002229e+02 +1.2848e-01 -9.4518e-02 -1.3274e-01 +2.2988e-02 +1.9332e-01 -5.1900e-02 +5.4149e-01 +6.0894e-02 +2.8878e-01 +2.1744e-01 +8.1111e-02 -1.1265e-01 -7.1271e-01 +3.4249e-01 -1.8705e-01 -1.1709e-01 +1.6564e-01 -8.1917e-01 -1.5364e-01 -5.4948e-02
453 0 +8.711158267e+02 +3.553258267e+02 +3.553258267e+02 +1.4734e-01 -1.0860e-01 -1.5123e-01 +2.6902e-02 +2.2282e-01 -5.8698e-02 +6.2486e-01 +6.9915e-02 +3.3231e-01 +2.5124e-01 +9.2205e-02 -1.2832e-01 -8.2423e-01 +3.9520e-01 -2.1752e-01 -1.3262e-01 +1.8972e-01 -9.4526e-01 -1.7730e-01 -6.1862e-02
461 0 +8.694434640e+02 +3.536534640e+02 +3.536534640e+02 +1.4835e-01 -1.0947e-01 -1.5321e-01 +2.6183e-02 +2.2500e-01 -5.9831e-02 +6.3014e-01 +7.0785e-02 +3.3486e-01 +2.5274e-01 +9.3881e-02 -1.3010e-01 -8.2926e-01 +3.9798e-01 -2.1785e-01 -1.3554e-01 +1.9217e-01 -9.5377e-01 -1.7883e-01 -6.3060e-02
462 0 +8.468044325e+02 +3.310144325e+02 +3.310144325e+02 +1.6961e-01 -1.2534e-01 -1.7524e-01 +3.0039e-02 +2.5794e-01 -6.8581e-02 +7.2268e-01 +8.1200e-02 +3.8380e-01 +2.8953e-01 +1.0764e-01 -1.4891e-01 -9.5076e-01 +4.5617e-01 -2.4983e-01 -1.5556e-01 +2.2044e-01 -1.0940e+00 -2.0522e-01 -7.2218e-02
758 0 +8.302222221e+02 +3.144322221e+02 +3.144322221e+02 +1.9178e-01 -1.3181e-01 -1.7097e-01 +4.9461e-02 +2.5178e-01 -6.1893e-02 +7.4681e-01 +8.4643e-02 +3.9830e-01 +3.0617e-01 +9.9048e-02 -1.4674e-01 -9.9433e-01 +4.6716e-01 -2.8847e-01 -1.2505e-01 +2.0960e-01 -1.1022e+00 -2.0828e-01 -6.9874e-02
806 0 +8.119319122e+02 +2.961419122e+02 +2.961419122e+02 +2.1291e-01 -1.3207e-01 -1.4678e-01 +7.8748e-02 +2.2101e-01 -4.5013e-02 +7.3066e-01 +8.5609e-02 +3.8988e-01 +3.0957e-01 +7.8149e-02 -1.3060e-01 -9.9166e-01 +4.4704e-01 -3.3307e-01 -6.2180e-02 +1.7380e-01 -1.0318e+00 -1.9717e-01 -5.9315e-02
1374 0 +7.943153222e+02 +2.785253222e+02 +2.785253222e+02 +2.2901e-01 -8.5994e-02 -6.8888e-02 +9.7345e-02 +1.9757e-01 -4.3664e-02 +7.0914e-01 +1.1007e-01 +3.8774e-01 +2.7703e-01 +1.1710e-01 -1.1351e-01 -1.0569e+00 +3.9092e-01 -3.7664e-01 -2.6257e-02 +1.6241e-01 -1.0810e+00 -2.2138e-01 -1.1507e-02
1983 0 +7.762314820e+02 +2.604414820e+02 +2.604414820e+02 +2.1792e-01 -3.6837e-02 -1.2023e-01 +1.1141e-01 +1.8301e-01 -5.9515e-02 +6.3905e-01 +8.7032e-02 +3.5141e-01 +2.4217e-01 +6.7464e-02 -7.1678e-02 -1.0854e+00 +3.8909e-01 -3.3571e-01 +4.4213e-02 +1.7700e-01 -1.0196e+00 -1.9807e-01 +3.9848e-02
2504 0 +7.582487716e+02 +2.424587716e+02 +2.424587716e+02 +2.8090e-01 -1.6224e-02 -1.6191e-01 +1.8467e-01 +1.8098e-01 -8.0026e-02 +5.7278e-01 +1.1927e-01 +3.8227e-01 +2.2747e-01 -2.5389e-03 -3.5405e-02 -1.1089e+00 +4.3294e-01 -4.0490e-01 +1.2319e-01 +1.9763e-01 -1.0035e+00 -2.6756e-01 +4.4609e-02
% f evaluations | g evaluations | best noise-free fitness - Fopt (-1.000000000000e+03) + sum g_i+ | measured fitness | best measured fitness or single-digit g-values | x1 | x2...
1 0 +9.128026682e+02 -8.719733180e+01 -8.719733180e+01 +0.0000e+00 +0.0000e+00 +0.0000e+00 +0.0000e+00 +0.0000e+00 +0.0000e+00 +0.0000e+00 +0.0000e+00 +0.0000e+00 +0.0000e+00 +0.0000e+00 +0.0000e+00 +0.0000e+00 +0.0000e+00 +0.0000e+00 +0.0000e+00 +0.0000e+00 +0.0000e+00 +0.0000e+00 +0.0000e+00
4 0 +9.127639562e+02 -8.723604380e+01 -8.723604380e+01 +0.0000e+00 +0.0000e+00 +2.5000e-04 +0.0000e+00 +0.0000e+00 +0.0000e+00 +0.0000e+00 +0.0000e+00 +0.0000e+00 +0.0000e+00 +0.0000e+00 +0.0000e+00 +0.0000e+00 +0.0000e+00 +0.0000e+00 +0.0000e+00 +0.0000e+00 +0.0000e+00 +0.0000e+00 +0.0000e+00
79 0 +9.118902127e+02 -8.810978727e+01 -8.810978727e+01 -1.0367e-04 +3.1932e-04 +3.3747e-04 -2.0231e-04 -1.5207e-04 +2.9348e-04 +1.7580e-05 -6.6142e-05 +3.2309e-04 +3.1796e-04 +4.0155e-04 +2.7683e-04 -3.1087e-04 -3.2944e-04 -4.4297e-05 +4.2556e-04 -1.2369e-03 +2.2514e-04 -1.5887e-04 -6.1883e-05
250 0 +8.899978465e+02 -1.100021535e+02 -1.100021535e+02 +1.8551e-04 +1.3701e-02 +1.7930e-03 -4.1589e-03 -4.1323e-03 +4.5959e-03 +4.3108e-04 -2.5482e-03 +7.3590e-03 +1.1388e-02 +1.1017e-02 +8.1759e-03 -2.5156e-02 -4.5820e-03 +3.4702e-03 +1.7707e-02 -3.2376e-02 +6.1387e-03 -1.1549e-02 +1.3966e-04
293 0 +8.708718297e+02 -1.291281703e+02 -1.291281703e+02 +4.5742e-04 +2.5241e-02 +3.0003e-03 -7.3734e-03 -7.8756e-03 +8.8418e-03 +7.1659e-04 -4.8203e-03 +1.2810e-02 +2.1462e-02 +2.0570e-02 +1.5104e-02 -4.7330e-02 -8.2542e-03 +6.5904e-03 +3.3381e-02 -5.9446e-02 +1.0939e-02 -2.1168e-02 +1.3378e-04
312 0 +8.496259258e+02 -1.503740742e+02 -1.503740742e+02 +3.0642e-04 +3.9567e-02 +4.9797e-03 -1.1444e-02 -1.2346e-02 +1.4235e-02 +8.1053e-04 -7.9742e-03 +1.9964e-02 +3.3103e-02 +3.1416e-02 +2.4273e-02 -7.3925e-02 -1.3497e-02 +1.0272e-02 +5.1634e-02 -9.1987e-02 +1.7219e-02 -3.1772e-02 -2.6903e-04
337 0 +8.316847970e+02 -1.683152030e+02 -1.683152030e+02 +5.8756e-04 +5.4090e-02 +6.0846e-03 -1.5617e-02 -1.6826e-02 +1.9497e-02 +1.2467e-03 -1.0406e-02 +2.7982e-02 +4.4944e-02 +4.2517e-02 +3.3204e-02 -9.9917e-02 -1.9308e-02 +1.3634e-02 +7.0174e-02 -1.2476e-01 +2.3414e-02 -4.3991e-02 -2.6330e-04
496 0 +8.127980329e+02 -1.872019671e+02 -1.872019671e+02 -1.3380e-05 +8.8895e-02 +9.9089e-03 -2.4726e-02 -2.7223e-02 +3.3109e-02 +1.7094e-03 -1.7192e-02 +4.6256e-02 +7.4194e-02 +6.8889e-02 +5.5484e-02 -1.6369e-01 -3.2710e-02 +2.1537e-02 +1.1534e-01 -2.0603e-01 +3.9229e-02 -7.1638e-02 -8.0645e-04
700 0 +7.924170605e+02 -2.075829395e+02 -2.075829395e+02 -1.4234e-02 +8.0177e-02 -1.5750e-02 +2.3686e-02 -1.8225e-02 +5.6969e-02 -1.5346e-02 +9.4310e-03 +3.9718e-02 +9.0383e-02 +5.7022e-02 +5.4716e-02 -1.0644e-01 -4.5937e-02 -3.4908e-02 +9.7981e-02 -2.2818e-01 +6.4722e-02 -6.3607e-02 -8.1003e-03
976 0 +7.758940302e+02 -2.241059698e+02 -2.241059698e+02 -3.8791e-02 +1.1087e-01 -2.7383e-02 +6.5077e-02 -1.3880e-02 +6.2916e-02 -6.5595e-02 +2.1117e-02 +5.2516e-02 +1.1521e-01 +8.6788e-02 +8.0442e-02 -6.7521e-02 -5.7754e-02 -8.4397e-02 +4.6535e-02 -2.5372e-01 +1.0767e-01 -8.1627e-02 -3.0154e-02
1566 0 +7.584469655e+02 -2.415530345e+02 -2.415530345e+02 -6.4106e-02 +1.3120e-01 -5.3850e-03 +8.7996e-02 +3.0371e-03 +2.5111e-02 -1.5199e-01 +1.5438e-02 +5.2939e-02 +1.5546e-01 +1.0193e-01 +8.6687e-02 -2.3200e-02 +1.3524e-02 -9.4680e-02 -5.1112e-02 -2.3337e-01 +1.1786e-01 -9.2740e-02 -5.4782e-02
2504 0 +7.412277373e+02 -2.587722627e+02 -2.587722627e+02 -6.0310e-02 +1.0606e-01 -8.1561e-04 +6.4770e-02 -7.9055e-03 +1.0701e-02 -1.2744e-01 +1.1971e-01 -1.5074e-02 +2.6789e-01 +3.4470e-02 +8.0241e-02 +8.1790e-02 -1.5498e-02 -9.1906e-02 -1.6376e-02 -3.8256e-01 +1.6104e-01 -1.7375e-01 -9.2231e-02
3343 0 +7.233731975e+02 -2.766268025e+02 -2.766268025e+02 -4.4288e-02 +1.3672e-01 -1.4814e-03 +8.6801e-03 -1.4264e-02 -2.3469e-02 -1.2262e-01 +1.2815e-01 -9.0875e-02 +2.4321e-01 +9.0141e-02 +2.2034e-02 +1.9894e-01 -8.8459e-03 -8.8382e-02 -6.9273e-03 -3.5790e-01 +1.0629e-01 -1.3719e-01 -9.9709e-02
3467 0 +7.077012505e+02 -2.922987495e+02 -2.922987495e+02 -1.0795e-01 +2.0529e-01 +1.4258e-02 +2.6577e-02 -7.8523e-02 -6.0368e-02 -1.5089e-01 +1.7041e-01 -2.3803e-01 +1.8156e-01 +1.7735e-01 +8.0646e-02 +4.0359e-01 -8.4959e-02 -1.6591e-01 -1.0716e-01 -3.5833e-01 +2.0297e-01 -4.2481e-02 -1.7420e-01
3522 0 +6.917854628e+02 -3.082145372e+02 -3.082145372e+02 -1.8277e-01 +2.0891e-01 +9.4662e-02 +4.1003e-02 -1.3638e-01 -5.2708e-02 -1.6931e-01 +2.0806e-01 -3.4938e-01 +1.7825e-01 +1.6448e-01 +1.4166e-01 +4.2278e-01 -1.2106e-01 -1.9933e-01 -1.7542e-01 -3.9054e-01 +3.2394e-01 +6.5480e-02 -2.7024e-01
3644 0 +6.750820866e+02 -3.249179134e+02 -3.249179134e+02 -2.1769e-01 +2.2187e-01 +1.6257e-01 +1.3815e-02 -1.8317e-01 -1.9857e-02 -1.4736e-01 +2.0898e-01 -3.7852e-01 +1.6856e-01 +1.6952e-01 +1.9095e-01 +3.0862e-01 -1.7896e-01 -1.8750e-01 -1.5799e-01 -4.3741e-01 +4.0672e-01 +1.2087e-01 -3.3035e-01
3762 0 +6.579338532e+02 -3.420661468e+02 -3.420661468e+02 -3.2224e-01 +3.1478e-01 +2.5165e-01 +3.2678e-02 -2.6141e-01 -8.1485e-02 -2.3221e-01 +2.1418e-01 -5.1337e-01 +1.4436e-01 +2.6271e-01 +3.1554e-01 +3.9566e-01 -1.9362e-01 -2.2377e-01 -3.0855e-01 -4.7303e-01 +5.5657e-01 +2.1727e-01 -4.3742e-01
3791 0 +6.415180386e+02 -3.584819614e+02 -3.584819614e+02 -3.3449e-01 +3.0120e-01 +2.7641e-01 +2.2778e-02 -2.9214e-01 -8.3337e-02 -1.9647e-01 +2.1806e-01 -5.6018e-01 +1.1756e-01 +2.4239e-01 +3.4009e-01 +3.7719e-01 -2.1084e-01 -2.0597e-01 -2.9037e-01 -4.8239e-01 +5.7989e-01 +2.6094e-01 -4.4521e-01
3875 0 +6.285461855e+02 -3.714538145e+02 -3.714538145e+02 -3.2997e-01 +2.5979e-01 +3.0108e-01 +2.2509e-03 -3.1049e-01 -1.0015e-01 -1.4890e-01 +2.2401e-01 -5.9472e-01 +1.1232e-01 +1.8277e-01 +3.5201e-01 +3.4793e-01 -1.9773e-01 -1.5474e-01 -2.5794e-01 -4.9051e-01 +5.7577e-01 +2.7067e-01 -4.3324e-01
% f evaluations | g evaluations | best noise-free fitness - Fopt (-2.675600000000e+02) + sum g_i+ | measured fitness | best measured fitness or single-digit g-values | x1 | x2...
1 0 +9.315645752e+02 +6.640045752e+02 +6.640045752e+02 +0.0000e+00 +0.0000e+00 +0.0000e+00 +0.0000e+00 +0.0000e+00 +0.0000e+00 +0.0000e+00 +0.0000e+00 +0.0000e+00 +0.0000e+00 +0.0000e+00 +0.0000e+00 +0.0000e+00 +0.0000e+00 +0.0000e+00 +0.0000e+00 +0.0000e+00 +0.0000e+00 +0.0000e+00 +0.0000e+00
2 0 +9.315376914e+02 +6.639776914e+02 +6.639776914e+02 +2.5000e-04 +0.0000e+00 +0.0000e+00 +0.0000e+00 +0.0000e+00 +0.0000e+00 +0.0000e+00 +0.0000e+00 +0.0000e+00 +0.0000e+00 +0.0000e+00 +0.0000e+00 +0.0000e+00 +0.0000e+00 +0.0000e+00 +0.0000e+00 +0.0000e+00 +0.0000e+00 +0.0000e+00 +0.0000e+00
293 0 +9.101823780e+02 +6.426223780e+02 +6.426223780e+02 +4.3696e-02 +3.7806e-02 +1.0722e-02 -7.7188e-03 -3.5165e-03 +1.5416e-02 -2.3966e-03 -2.9912e-03 -6.9313e-02 -1.9489e-02 +9.7727e-03 -9.1281e-03 -7.3287e-03 +2.5990e-02 -3.4364e-03 -9.8069e-03 -2.4087e-02 +1.9103e-02 -5.5493e-05 -2.9383e-03
590 0 +8.907921674e+02 +6.232321674e+02 +6.232321674e+02 +5.9475e-02 +9.7949e-02 +2.8573e-02 -1.7627e-02 +1.5050e-02 +2.4435e-02 -1.6594e-02 -2.3460e-03 -1.6089e-01 -3.9337e-02 +2.5145e-02 -1.6247e-02 -2.7437e-02 +7.3382e-02 -3.1114e-02 -2.1069e-02 -2.5841e-02 +4.0166e-02 -1.2514e-02 -1.3784e-02
663 0 +8.700347890e+02 +6.024747890e+02 +6.024747890e+02 -2.1097e-02 +1.7275e-01 +5.1355e-02 -2.1798e-02 +7.6862e-02 +7.8774e-03 -5.0404e-02 +6.5792e-03 -2.3718e-01 -4.1232e-02 +4.4641e-02 -6.5500e-03 -6.1413e-02 +1.3258e-01 -1.0152e-01 -1.9044e-02 +3.3090e-02 +4.7813e-02 -5.3699e-02 -3.7243e-02
748 0 +8.452172490e+02 +5.776572490e+02 +5.776572490e+02 -4.2428e-01 +4.2526e-01 +1.2696e-01 -2.6127e-02 +3.3772e-01 -9.1811e-02 -1.8019e-01 +4.7475e-02 -4.3739e-01 -2.2582e-02 +1.0647e-01 +4.6788e-02 -1.8553e-01 +3.3096e-01 -3.8245e-01 +4.3387e-03 +3.1108e-01 +4.6501e-02 -2.2116e-01 -1.2690e-01
994 0 +8.316847058e+02 +5.641247058e+02 +5.641247058e+02 -5.9299e-01 +4.1420e-01 +1.1219e-01 -1.5600e-02 +3.9385e-01 -1.5011e-01 -2.0197e-01 +6.4126e-02 -3.2967e-01 +6.2359e-03 +9.6456e-02 +6.6126e-02 -1.9749e-01 +3.2505e-01 -4.3013e-01 +1.6357e-02 +4.2315e-01 +1.3740e-02 -2.3555e-01 -1.4298e-01
1061 0 +8.093188675e+02 +5.417588675e+02 +5.417588675e+02 -5.2448e-01 +4.7903e-01 +1.0107e-01 -3.7720e-02 +3.6058e-01 -1.5341e-01 -2.1812e-01 +6.1851e-02 -3.6668e-01 -4.0525e-02 +9.9621e-02 +3.0269e-02 -2.0578e-01 +3.8827e-01 -4.1483e-01 -3.5040e-02 +4.0453e-01 +5.4558e-02 -1.7252e-01 -1.6283e-01
1092 0 +7.910618011e+02 +5.235018011e+02 +5.235018011e+02 -4.9550e-01 +5.0270e-01 +7.9977e-02 -5.0148e-02 +3.2959e-01 -1.6774e-01 -2.2519e-01 +6.2233e-02 -3.3417e-01 -6.8717e-02 +9.3000e-02 +3.5391e-03 -2.0586e-01 +4.1617e-01 -3.9418e-01 -7.3385e-02 +4.0322e-01 +7.5015e-02 -1.1340e-01 -1.7521e-01
1110 0 +7.748157209e+02 +5.072557209e+02 +5.072557209e+02 -5.4474e-01 +5.1056e-01 +6.0530e-02 -5.2661e-02 +3.3198e-01 -1.9922e-01 -2.3803e-01 +6.8452e-02 -2.7031e-01 -7.1466e-02 +8.5531e-02 -3.7054e-03 -2.0932e-01 +4.2915e-01 -3.9884e-01 -8.9586e-02 +4.4431e-01 +7.3986e-02 -8.4575e-02 -1.8904e-01
1147 0 +7.580880943e+02 +4.905280943e+02 +4.905280943e+02 -5.2330e-01 +5.5403e-01 +1.9471e-02 -7.4228e-02 +2.8716e-01 -2.3776e-01 -2.5624e-01 +7.1765e-02 -1.9407e-01 -1.1762e-01 +7.2384e-02 -4.8586e-02 -2.1076e-01 +4.8216e-01 -3.7057e-01 -1.5800e-01 +4.6385e-01 +1.0541e-01 +2.0194e-02 -2.1627e-01
2145 0 +7.412958219e+02 +4.737358219e+02 +4.737358219e+02 -4.9710e-01 +4.8825e-01 +6.4114e-02 -1.0837e-01 +3.3205e-01 -2.9945e-01 -2.2388e-01 +3.0576e-02 -8.6069e-02 -1.5306e-01 +6.7740e-02 -5.7371e-02 -1.9174e-01 +5.2020e-01 -3.6167e-01 -2.3400e-01 +4.8101e-01 +5.5036e-02 +6.6169e-03 -2.3356e-01
