% f evaluations | g evaluations | best noise-free fitness - Fopt (1.000000000000e+03) + sum g_i+ | measured fitness | best measured fitness or single-digit g-values | x1 | x2...
1 0 +4.236494560e+02 +1.423649456e+03 +1.423649456e+03 +0.0000e+00 +0.0000e+00 +0.0000e+00
3 0 +4.236432488e+02 +1.423643249e+03 +1.423643249e+03 +0.0000e+00 +2.5000e-04 +0.0000e+00
46 0 +4.159485585e+02 +1.415948558e+03 +1.415948558e+03 -8.1574e-02 +4.6824e-02 +1.4102e-02
50 0 +4.030155251e+02 +1.403015525e+03 +1.403015525e+03 -1.8078e-01 +1.0978e-01 +2.6944e-02
52 0 +3.976994008e+02 +1.397699401e+03 +1.397699401e+03 -2.4167e-01 +1.6067e-01 +2.0917e-02
54 0 +3.791997327e+02 +1.379199733e+03 +1.379199733e+03 -3.9513e-01 +2.5138e-01 +4.4991e-02
56 0 +3.624172698e+02 +1.362417270e+03 +1.362417270e+03 -5.4591e-01 +3.7266e-01 +4.2185e-02
58 0 +2.967477543e+02 +1.296747754e+03 +1.296747754e+03 -8.2115e-01 +5.6515e-01 +5.4204e-02
60 0 +2.670120845e+02 +1.267012085e+03 +1.267012085e+03 -1.1383e+00 +7.9524e-01 +6.8159e-02
61 0 +2.527091242e+02 +1.252709124e+03 +1.252709124e+03 -1.5099e+00 +1.0672e+00 +7.9744e-02
62 0 +2.188015631e+02 +1.218801563e+03 +1.218801563e+03 -1.6302e+00 +1.1370e+00 +9.6004e-02
63 0 +1.922756312e+02 +1.192275631e+03 +1.192275631e+03 -2.1724e+00 +1.5191e+00 +1.2291e-01
65 0 +1.573170644e+02 +1.157317064e+03 +1.157317064e+03 -3.0132e+00 +2.1383e+00 +1.4617e-01
66 0 +1.064037078e+02 +1.106403708e+03 +1.106403708e+03 -4.1092e+00 +2.9248e+00 +1.9215e-01
68 0 +4.996586574e+01 +1.049965866e+03 +1.049965866e+03 -5.3309e+00 +3.7785e+00 +2.5348e-01
69 0 +3.097541725e+01 +1.030975417e+03 +1.030975417e+03 -5.6724e+00 +4.0128e+00 +2.8113e-01
99 0 +3.083006829e+01 +1.030830068e+03 +1.030830068e+03 -5.6727e+00 +4.0196e+00 +2.7467e-01
121 0 +3.014799396e+01 +1.030147994e+03 +1.030147994e+03 -5.6413e+00 +4.0479e+00 +2.2099e-01
% f evaluations | g evaluations | best noise-free fitness - Fopt (7.003000000000e+01) + sum g_i+ | measured fitness | best measured fitness or single-digit g-values | x1 | x2...
1 0 +1.296769467e+02 +1.997069467e+02 +1.997069467e+02 +0.0000e+00 +0.0000e+00 +0.0000e+00
3 0 +1.296495102e+02 +1.996795102e+02 +1.996795102e+02 +0.0000e+00 +2.5000e-04 +0.0000e+00
16 0 +1.287079121e+02 +1.987379121e+02 +1.987379121e+02 -4.5000e-03 +3.5000e-03 -2.5000e-04
23 0 +1.257408337e+02 +1.957708337e+02 +1.957708337e+02 -1.7833e-02 +1.3500e-02 -2.9167e-03
26 0 +1.218851859e+02 +1.919151859e+02 +1.919151859e+02 -3.7000e-02 +2.9000e-02 -6.0000e-03
28 0 +1.196495046e+02 +1.896795046e+02 +1.896795046e+02 -5.8000e-02 +4.3250e-02 -8.0000e-03
72 0 +1.171185328e+02 +1.871485328e+02 +1.871485328e+02 -3.0271e-02 +9.0679e-02 -1.9614e-02
77 0 +1.147955546e+02 +1.848255546e+02 +1.848255546e+02 +3.2377e-02 +1.5604e-01 -3.4420e-02
103 0 +1.118919871e+02 +1.819219871e+02 +1.819219871e+02 +5.0979e-02 +2.2008e-01 -2.4510e-02
110 0 +1.095197652e+02 +1.795497652e+02 +1.795497652e+02 +5.7880e-02 +2.2028e-01 +7.7778e-03
% f evaluations | g evaluations | best noise-free fitness - Fopt (-4.822000000000e+01) + sum g_i+ | measured fitness | best measured fitness or single-digit g-values | x1 | x2...
1 0 +2.095914222e+02 +1.613714222e+02 +1.613714222e+02 +0.0000e+00 +0.0000e+00 +0.0000e+00
2 0 +2.095718593e+02 +1.613518593e+02 +1.613518593e+02 +2.5000e-04 +0.0000e+00 +0.0000e+00
18 0 +2.088075176e+02 +1.605875176e+02 +1.605875176e+02 +9.1667e-04 +2.0000e-03 +3.6667e-03
27 0 +2.041664983e+02 +1.559464983e+02 +1.559464983e+02 +6.6667e-03 +1.2000e-02 +2.1917e-02
30 0 +1.983394938e+02 +1.501194938e+02 +1.501194938e+02 +1.3250e-02 +2.3917e-02 +4.7583e-02
65 0 +1.947478557e+02 +1.465278557e+02 +1.465278557e+02 +1.1505e-02 +4.9615e-02 +7.6784e-02
72 0 +1.905075637e+02 +1.422875637e+02 +1.422875637e+02 -1.4273e-02 +8.1824e-02 +9.3194e-02
75 0 +1.858417882e+02 +1.376217882e+02 +1.376217882e+02 -4.2580e-02 +1.1006e-01 +1.0078e-01
78 0 +1.816952169e+02 +1.334752169e+02 +1.334752169e+02 -1.0131e-01 +1.7925e-01 +1.3303e-01
% f evaluations | g evaluations | best noise-free fitness - Fopt (2.547000000000e+01) + sum g_i+ | measured fitness | best measured fitness or single-digit g-values | x1 | x2...
1 0 +3.449735612e+02 +3.704435612e+02 +3.704435612e+02 +0.0000e+00 +0.0000e+00 +0.0000e+00
4 0 +3.449465024e+02 +3.704165024e+02 +3.704165024e+02 +0.0000e+00 +0.0000e+00 +2.5000e-04
20 0 +3.387198760e+02 +3.641898760e+02 +3.641898760e+02 -1.0000e-02 -2.0000e-03 +8.2500e-03
24 0 +3.295652698e+02 +3.550352698e+02 +3.550352698e+02 -2.4500e-02 -4.2500e-03 +1.8500e-02
26 0 +3.214595463e+02 +3.469295463e+02 +3.469295463e+02 -3.7000e-02 -6.0000e-03 +2.9000e-02
28 0 +3.093800066e+02 +3.348500066e+02 +3.348500066e+02 -5.8000e-02 -8.0000e-03 +4.3250e-02
29 0 +3.062631271e+02 +3.317331271e+02 +3.317331271e+02 -6.3167e-02 -1.0417e-02 +4.8250e-02
30 0 +2.964915405e+02 +3.219615405e+02 +3.219615405e+02 -8.6500e-02 -1.4750e-02 +6.6250e-02
31 0 +2.938397323e+02 +3.193097323e+02 +3.193097323e+02 -9.6500e-02 -1.4917e-02 +7.3833e-02
% f evaluations | g evaluations | best noise-free fitness - Fopt (-1.008100000000e+02) + sum g_i+ | measured fitness | best measured fitness or single-digit g-values | x1 | x2...
1 0 +4.702658538e+01 -5.378341462e+01 -5.378341462e+01 +0.0000e+00 +0.0000e+00 +0.0000e+00
2 0 +4.702343265e+01 -5.378656735e+01 -5.378656735e+01 +2.5000e-04 +0.0000e+00 +0.0000e+00
13 0 +4.668341665e+01 -5.412658335e+01 -5.412658335e+01 +4.7222e-04 -2.2778e-03 +1.5833e-03
20 0 +4.557867236e+01 -5.523132764e+01 -5.523132764e+01 +2.6667e-03 -1.1000e-02 +6.5833e-03
24 0 +4.440702179e+01 -5.640297821e+01 -5.640297821e+01 +6.7500e-03 -2.3500e-02 +1.3500e-02
26 0 +4.360601772e+01 -5.720398228e+01 -5.720398228e+01 +1.0333e-02 -3.7667e-02 +2.1000e-02
45 0 +4.260573079e+01 -5.820426921e+01 -5.820426921e+01 +2.4155e-02 -6.4128e-02 +2.7917e-02
50 0 +4.163735516e+01 -5.917264484e+01 -5.917264484e+01 +3.9577e-02 -8.3048e-02 +2.5938e-02
52 0 +4.057778676e+01 -6.023221324e+01 -6.023221324e+01 +5.3143e-02 -9.7244e-02 +2.0280e-02
54 0 +3.961019317e+01 -6.119980683e+01 -6.119980683e+01 +6.4133e-02 -1.0465e-01 +1.3815e-02
55 0 +3.830900489e+01 -6.250099511e+01 -6.250099511e+01 +7.6280e-02 -1.0730e-01 +1.0627e-03
56 0 +3.783974868e+01 -6.297025132e+01 -6.297025132e+01 +8.8864e-02 -1.3711e-01 +1.0614e-02
57 0 +3.569893648e+01 -6.511106352e+01 -6.511106352e+01 +1.1351e-01 -1.6414e-01 +2.9527e-03
59 0 +3.455125504e+01 -6.625874496e+01 -6.625874496e+01 +1.3919e-01 -1.6378e-01 -2.9129e-02
63 0 +3.299707443e+01 -6.781292557e+01 -6.781292557e+01 +1.7508e-01 -2.2610e-01 -2.0188e-02
68 0 +3.233904501e+01 -6.847095499e+01 -6.847095499e+01 +1.9016e-01 -2.6886e-01 -3.7197e-03
73 0 +3.160517282e+01 -6.920482718e+01 -6.920482718e+01 +2.1300e-01 -3.4964e-01 +3.8078e-02
123 0 +3.088643543e+01 -6.992356457e+01 -6.992356457e+01 +2.1965e-01 -3.9594e-01 +5.6070e-02
129 0 +3.009260657e+01 -7.071739343e+01 -7.071739343e+01 +2.2393e-01 -4.2410e-01 +4.9291e-02
133 0 +2.915902811e+01 -7.165097189e+01 -7.165097189e+01 +2.4630e-01 -4.9512e-01 +4.5433e-02
134 0 +2.807642500e+01 -7.273357500e+01 -7.273357500e+01 +2.3649e-01 -4.9456e-01 +4.0710e-02
135 0 +2.694748416e+01 -7.386251584e+01 -7.386251584e+01 +2.4220e-01 -5.3210e-01 +3.1671e-02
141 0 +2.569966884e+01 -7.511033116e+01 -7.511033116e+01 +2.4627e-01 -5.4557e-01 +2.1502e-02
151 0 +2.447437727e+01 -7.633562273e+01 -7.633562273e+01 +2.3885e-01 -5.5520e-01 +1.2235e-02
152 0 +2.391119848e+01 -7.689880152e+01 -7.689880152e+01 +2.3830e-01 -5.5882e-01 +7.1201e-03
157 0 +2.318661530e+01 -7.762338470e+01 -7.762338470e+01 +2.1780e-01 -5.4541e-01 +5.0679e-03
159 0 +2.253380517e+01 -7.827619483e+01 -7.827619483e+01 +2.1829e-01 -5.3647e-01 +3.7211e-03
160 0 +2.184352896e+01 -7.896647104e+01 -7.896647104e+01 +2.0958e-01 -5.2721e-01 -1.2850e-03
164 0 +2.092153084e+01 -7.988846916e+01 -7.988846916e+01 +1.9076e-01 -5.1925e-01 -1.6677e-02
165 0 +2.037471107e+01 -8.043528893e+01 -8.043528893e+01 +1.8786e-01 -5.2308e-01 -2.7381e-02
170 0 +1.902393790e+01 -8.178606210e+01 -8.178606210e+01 +2.0382e-01 -5.4143e-01 -5.2011e-02
174 0 +1.764257348e+01 -8.316742652e+01 -8.316742652e+01 +1.9416e-01 -5.0974e-01 -8.4654e-02
182 0 +1.670513120e+01 -8.410486880e+01 -8.410486880e+01 +1.5946e-01 -4.3999e-01 -1.4747e-01
183 0 +1.635919850e+01 -8.445080150e+01 -8.445080150e+01 +1.3973e-01 -4.0173e-01 -1.9108e-01
184 0 +1.611310078e+01 -8.469689922e+01 -8.469689922e+01 +1.3053e-01 -4.1330e-01 -1.8372e-01
% f evaluations | g evaluations | best noise-free fitness - Fopt (1.000000000000e+03) + sum g_i+ | measured fitness | best measured fitness or single-digit g-values | x1 | x2...
1 0 +7.186925982e+01 +1.071869260e+03 +1.071869260e+03 +0.0000e+00 +0.0000e+00 +0.0000e+00
2 0 +7.186110011e+01 +1.071861100e+03 +1.071861100e+03 +2.5000e-04 +0.0000e+00 +0.0000e+00
19 0 +7.046690660e+01 +1.070466907e+03 +1.070466907e+03 +4.5833e-03 -3.0000e-03 -6.3333e-03
23 0 +6.846498611e+01 +1.068464986e+03 +1.068464986e+03 +1.0667e-02 -6.0000e-03 -1.6667e-02
25 0 +6.692131184e+01 +1.066921312e+03 +1.066921312e+03 +1.5167e-02 -1.0250e-02 -2.3167e-02
27 0 +6.430126966e+01 +1.064301270e+03 +1.064301270e+03 +2.2917e-02 -1.4000e-02 -3.7667e-02
29 0 +6.062579588e+01 +1.060625796e+03 +1.060625796e+03 +3.6250e-02 -2.2750e-02 -5.6500e-02
30 0 +5.973171803e+01 +1.059731718e+03 +1.059731718e+03 +3.8889e-02 -2.5333e-02 -6.1556e-02
31 0 +5.626423943e+01 +1.056264239e+03 +1.056264239e+03 +5.3000e-02 -3.5000e-02 -8.4000e-02
32 0 +5.489461104e+01 +1.054894611e+03 +1.054894611e+03 +5.9611e-02 -3.7583e-02 -9.5611e-02
33 0 +5.170333539e+01 +1.051703335e+03 +1.051703335e+03 +8.1833e-02 -5.1250e-02 -1.3183e-01
34 0 +5.114629506e+01 +1.051146295e+03 +1.051146295e+03 +9.1139e-02 -5.8667e-02 -1.4389e-01
113 0 +5.010609827e+01 +1.050106098e+03 +1.050106098e+03 +9.8798e-02 -3.6416e-02 -1.8878e-01
125 0 +4.890322280e+01 +1.048903223e+03 +1.048903223e+03 +1.2773e-01 -4.0411e-02 -1.9230e-01
128 0 +4.727756178e+01 +1.047277562e+03 +1.047277562e+03 +1.5777e-01 -2.7854e-02 -2.0714e-01
131 0 +4.625343510e+01 +1.046253435e+03 +1.046253435e+03 +2.2122e-01 -4.1741e-02 -2.1790e-01
132 0 +4.525677973e+01 +1.045256780e+03 +1.045256780e+03 +2.2147e-01 -3.0402e-02 -2.1568e-01
133 0 +4.399880512e+01 +1.043998805e+03 +1.043998805e+03 +2.6196e-01 -2.3286e-02 -2.2694e-01
136 0 +4.324588604e+01 +1.043245886e+03 +1.043245886e+03 +3.5563e-01 -5.1851e-03 -2.6679e-01
% f evaluations | g evaluations | best noise-free fitness - Fopt (-3.578600000000e+02) + sum g_i+ | measured fitness | best measured fitness or single-digit g-values | x1 | x2...
1 0 +2.365382370e+02 -1.213217630e+02 -1.213217630e+02 +0.0000e+00 +0.0000e+00 +0.0000e+00
5 0 +2.365208544e+02 -1.213391456e+02 -1.213391456e+02 +1.6667e-04 +1.6667e-04 -2.5000e-04
47 0 +2.343210992e+02 -1.235389008e+02 -1.235389008e+02 -2.4691e-05 +3.8920e-03 -1.9278e-02
% f evaluations | g evaluations | best noise-free fitness - Fopt (6.270000000000e+01) + sum g_i+ | measured fitness | best measured fitness or single-digit g-values | x1 | x2...
1 0 +9.774418219e+01 +1.604441822e+02 +1.604441822e+02 +0.0000e+00 +0.0000e+00 +0.0000e+00
2 0 +9.774323162e+01 +1.604432316e+02 +1.604432316e+02 +2.5000e-04 +0.0000e+00 +0.0000e+00
5 0 +9.771310326e+01 +1.604131033e+02 +1.604131033e+02 +1.6667e-04 +1.6667e-04 -2.5000e-04
21 0 +9.535038055e+01 +1.580503805e+02 +1.580503805e+02 +2.3333e-03 +8.3333e-03 -1.4333e-02
24 0 +9.322657086e+01 +1.559265709e+02 +1.559265709e+02 +3.1944e-03 +1.3611e-02 -2.3944e-02
25 0 +9.101632018e+01 +1.537163202e+02 +1.537163202e+02 +4.0833e-03 +1.8833e-02 -3.2833e-02
27 0 +8.643313858e+01 +1.491331386e+02 +1.491331386e+02 +8.0000e-03 +2.8250e-02 -5.1000e-02
29 0 +8.078372355e+01 +1.434837235e+02 +1.434837235e+02 +1.1000e-02 +4.2000e-02 -7.7000e-02
30 0 +7.922382237e+01 +1.419238224e+02 +1.419238224e+02 +1.1806e-02 +4.7806e-02 -8.5389e-02
31 0 +7.481096391e+01 +1.375109639e+02 +1.375109639e+02 +1.5917e-02 +6.5917e-02 -1.1717e-01
32 0 +7.345529391e+01 +1.361552939e+02 +1.361552939e+02 +1.9194e-02 +7.1944e-02 -1.3061e-01
33 0 +6.991493293e+01 +1.326149329e+02 +1.326149329e+02 +2.6750e-02 +9.8500e-02 -1.7950e-01
34 0 +6.867512092e+01 +1.313751209e+02 +1.313751209e+02 +2.7778e-02 +1.0936e-01 -1.9811e-01
39 0 +6.343118225e+01 +1.261311823e+02 +1.261311823e+02 +6.0174e-02 +2.3503e-01 -4.2850e-01
68 0 +6.297126164e+01 +1.256712616e+02 +1.256712616e+02 +6.3355e-02 +2.3834e-01 -4.3577e-01
76 0 +6.131184797e+01 +1.240118480e+02 +1.240118480e+02 +7.1542e-02 +2.3478e-01 -4.3175e-01
79 0 +6.018665180e+01 +1.228866518e+02 +1.228866518e+02 +7.7585e-02 +2.3289e-01 -4.3113e-01
81 0 +5.865337519e+01 +1.213533752e+02 +1.213533752e+02 +8.6873e-02 +2.2950e-01 -4.2755e-01
82 0 +5.747610160e+01 +1.201761016e+02 +1.201761016e+02 +9.5845e-02 +2.2578e-01 -4.2356e-01
88 0 +5.607691035e+01 +1.187769103e+02 +1.187769103e+02 +1.3001e-01 +2.1521e-01 -4.1613e-01
136 0 +5.493709949e+01 +1.176370995e+02 +1.176370995e+02 +1.2395e-01 +2.1678e-01 -4.3041e-01
143 0 +5.364372497e+01 +1.163437250e+02 +1.163437250e+02 +1.2750e-01 +2.0630e-01 -4.4427e-01
147 0 +5.162637953e+01 +1.143263795e+02 +1.143263795e+02 +1.1594e-01 +1.9217e-01 -4.6615e-01
148 0 +5.038553373e+01 +1.130855337e+02 +1.130855337e+02 +1.1112e-01 +1.8118e-01 -4.8042e-01
150 0 +4.983557042e+01 +1.125355704e+02 +1.125355704e+02 +9.7788e-02 +1.7420e-01 -5.0355e-01
152 0 +4.759617559e+01 +1.102961756e+02 +1.102961756e+02 +9.3364e-02 +1.4847e-01 -5.3585e-01
153 0 +4.658571506e+01 +1.092857151e+02 +1.092857151e+02 +8.3401e-02 +1.2236e-01 -5.7219e-01
159 0 +4.558775493e+01 +1.082877549e+02 +1.082877549e+02 +1.0556e-01 +1.1881e-01 -5.5872e-01
% f evaluations | g evaluations | best noise-free fitness - Fopt (5.688000000000e+01) + sum g_i+ | measured fitness | best measured fitness or single-digit g-values | x1 | x2...
1 0 +1.100337716e+02 +1.669137716e+02 +1.669137716e+02 +0.0000e+00 +0.0000e+00 +0.0000e+00
5 0 +1.100269105e+02 +1.669069105e+02 +1.669069105e+02 +1.6667e-04 -2.5000e-04 +1.6667e-04
16 0 +1.096395585e+02 +1.665195585e+02 +1.665195585e+02 -2.5000e-04 -4.5000e-03 +1.5000e-03
25 0 +1.070629146e+02 +1.639429146e+02 +1.639429146e+02 -4.3333e-03 -2.7000e-02 +1.0583e-02
28 0 +1.024693485e+02 +1.593493485e+02 +1.593493485e+02 -8.0000e-03 -5.8000e-02 +2.3000e-02
29 0 +1.015862489e+02 +1.584662489e+02 +1.584662489e+02 -1.0417e-02 -6.3167e-02 +2.5583e-02
30 0 +9.748227706e+01 +1.543622771e+02 +1.543622771e+02 -1.4750e-02 -8.6500e-02 +3.5250e-02
32 0 +8.904427257e+01 +1.459242726e+02 +1.459242726e+02 -2.0250e-02 -1.3250e-01 +5.1500e-02
33 0 +8.692934464e+01 +1.438093446e+02 +1.438093446e+02 -2.2667e-02 -1.4767e-01 +5.8917e-02
34 0 +8.154052539e+01 +1.384205254e+02 +1.384205254e+02 -3.1000e-02 -2.0300e-01 +8.1250e-02
35 0 +8.091649063e+01 +1.377964906e+02 +1.377964906e+02 -3.6000e-02 -2.2333e-01 +8.9000e-02
38 0 +7.717834853e+01 +1.340583485e+02 +1.340583485e+02 -5.7750e-02 -3.8583e-01 +1.5125e-01
39 0 +7.460010464e+01 +1.314801046e+02 +1.314801046e+02 -6.2917e-02 -4.0894e-01 +1.6283e-01
40 0 +5.443806565e+01 +1.113180656e+02 +1.113180656e+02 -8.4250e-02 -5.4717e-01 +2.1850e-01
41 0 +5.255831392e+01 +1.094383139e+02 +1.094383139e+02 -8.7667e-02 -5.6789e-01 +2.2458e-01
49 0 +5.188250651e+01 +1.087625065e+02 +1.087625065e+02 -9.8577e-02 -6.3517e-01 +2.5321e-01
50 0 +5.117388785e+01 +1.080538878e+02 +1.080538878e+02 -9.8217e-02 -6.2148e-01 +2.4723e-01
117 0 +5.011391772e+01 +1.069939177e+02 +1.069939177e+02 -1.5178e-01 -6.0508e-01 +2.4045e-01
% f evaluations | g evaluations | best noise-free fitness - Fopt (1.620800000000e+02) + sum g_i+ | measured fitness | best measured fitness or single-digit g-values | x1 | x2...
1 0 +2.560243005e+01 +1.876824301e+02 +1.876824301e+02 +0.0000e+00 +0.0000e+00 +0.0000e+00
2 0 +2.558356137e+01 +1.876635614e+02 +1.876635614e+02 +2.5000e-04 +0.0000e+00 +0.0000e+00
14 0 +2.497916222e+01 +1.870591622e+02 +1.870591622e+02 +5.8333e-04 -3.1667e-03 +2.2500e-03
18 0 +2.438943060e+01 +1.864694306e+02 +1.864694306e+02 +2.0000e-03 -6.3333e-03 +3.6667e-03
20 0 +2.359469694e+01 +1.856746969e+02 +1.856746969e+02 +2.6667e-03 -1.1000e-02 +6.5833e-03
22 0 +2.281245066e+01 +1.848924507e+02 +1.848924507e+02 +4.9167e-03 -1.5833e-02 +8.2500e-03
24 0 +2.158797945e+01 +1.836679795e+02 +1.836679795e+02 +6.7500e-03 -2.3500e-02 +1.3500e-02
25 0 +2.112448767e+01 +1.832044877e+02 +1.832044877e+02 +7.5556e-03 -2.7222e-02 +1.5222e-02
26 0 +1.989135112e+01 +1.819713511e+02 +1.819713511e+02 +1.0333e-02 -3.7667e-02 +2.1000e-02
28 0 +1.850487813e+01 +1.805848781e+02 +1.805848781e+02 +1.6667e-02 -5.5000e-02 +2.9583e-02
55 0 +1.817893647e+01 +1.802589365e+02 +1.802589365e+02 +2.2414e-02 -6.9371e-02 +3.5422e-02
67 0 +1.777629144e+01 +1.798562914e+02 +1.798562914e+02 +3.6364e-02 -7.4195e-02 +2.2655e-02
91 0 +1.737321576e+01 +1.794532158e+02 +1.794532158e+02 +6.0837e-02 -7.9414e-02 +7.6447e-04
97 0 +1.698185668e+01 +1.790618567e+02 +1.790618567e+02 +5.9730e-02 -7.4915e-02 +7.4067e-03
100 0 +1.659045061e+01 +1.786704506e+02 +1.786704506e+02 +6.1286e-02 -6.3312e-02 +5.1696e-03
102 0 +1.613258876e+01 +1.782125888e+02 +1.782125888e+02 +6.2506e-02 -6.4880e-02 +1.6387e-02
104 0 +1.558182857e+01 +1.776618286e+02 +1.776618286e+02 +7.3490e-02 -5.6532e-02 +7.7824e-03
105 0 +1.502548610e+01 +1.771054861e+02 +1.771054861e+02 +8.0369e-02 -4.7340e-02 +7.9702e-03
107 0 +1.419376654e+01 +1.762737665e+02 +1.762737665e+02 +9.6339e-02 -5.4575e-02 +1.5245e-02
108 0 +1.407709186e+01 +1.761570919e+02 +1.761570919e+02 +8.3440e-02 -4.2218e-02 +2.5175e-02
109 0 +1.337743663e+01 +1.754574366e+02 +1.754574366e+02 +8.7141e-02 -2.8837e-02 +3.7149e-02
110 0 +1.267697575e+01 +1.747569757e+02 +1.747569757e+02 +1.1339e-01 -2.2289e-02 +2.3856e-02
111 0 +1.241872643e+01 +1.744987264e+02 +1.744987264e+02 +1.3884e-01 -9.9320e-04 +2.7590e-02
112 0 +1.157035807e+01 +1.736503581e+02 +1.736503581e+02 +1.3451e-01 -8.9305e-03 +4.5352e-02
113 0 +1.131547872e+01 +1.733954787e+02 +1.733954787e+02 +1.6158e-01 +1.0274e-02 +6.4043e-02
120 0 +1.114330655e+01 +1.732233066e+02 +1.732233066e+02 +1.7758e-01 +1.9584e-02 +1.0017e-01
122 0 +1.067348339e+01 +1.727534834e+02 +1.727534834e+02 +1.7294e-01 +1.2194e-03 +7.3883e-02
123 0 +1.037417084e+01 +1.724541708e+02 +1.724541708e+02 +1.8713e-01 -4.6109e-03 +6.9913e-02
126 0 +9.992529071e+00 +1.720725291e+02 +1.720725291e+02 +2.3906e-01 +5.5256e-03 +7.5709e-02
% f evaluations | g evaluations | best noise-free fitness - Fopt (-6.182100000000e+02) + sum g_i+ | measured fitness | best measured fitness or single-digit g-values | x1 | x2...
1 0 +2.719413319e+02 -3.462686681e+02 -3.462686681e+02 +0.0000e+00 +0.0000e+00 +0.0000e+00
2 0 +2.719056753e+02 -3.463043247e+02 -3.463043247e+02 +2.5000e-04 +0.0000e+00 +0.0000e+00
25 0 +2.685340577e+02 -3.496759423e+02 -3.496759423e+02 +2.5500e-02 +2.7500e-03 -1.0500e-02
31 0 +2.596538564e+02 -3.585561436e+02 -3.585561436e+02 +8.9750e-02 +8.7500e-03 -3.5250e-02
33 0 +2.532766011e+02 -3.649333989e+02 -3.649333989e+02 +1.3583e-01 +1.4083e-02 -5.1500e-02
35 0 +2.492036853e+02 -3.690063147e+02 -3.690063147e+02 +2.0717e-01 +2.3167e-02 -8.1250e-02
37 0 +2.449665933e+02 -3.732434067e+02 -3.732434067e+02 +3.1558e-01 +3.1333e-02 -1.2200e-01
% f evaluations | g evaluations | best noise-free fitness - Fopt (5.232400000000e+02) + sum g_i+ | measured fitness | best measured fitness or single-digit g-values | x1 | x2...
1 0 +1.219961343e+02 +6.452361343e+02 +6.452361343e+02 +0.0000e+00 +0.0000e+00 +0.0000e+00
2 0 +1.219387398e+02 +6.451787398e+02 +6.451787398e+02 +2.5000e-04 +0.0000e+00 +0.0000e+00
20 0 +1.199848852e+02 +6.432248852e+02 +6.432248852e+02 +7.9167e-03 -5.0000e-03 -3.0000e-03
24 0 +1.171984621e+02 +6.404384621e+02 +6.404384621e+02 +1.8833e-02 -1.2250e-02 -8.5000e-03
27 0 +1.143134003e+02 +6.375534003e+02 +6.375534003e+02 +3.0806e-02 -2.1000e-02 -1.3222e-02
28 0 +1.118336357e+02 +6.350736357e+02 +6.350736357e+02 +4.2250e-02 -2.9000e-02 -1.8333e-02
30 0 +1.083101984e+02 +6.315501984e+02 +6.315501984e+02 +6.5083e-02 -4.3250e-02 -2.7667e-02
42 0 +1.071208501e+02 +6.303608501e+02 +6.303608501e+02 +8.1921e-02 -5.5718e-02 -3.5312e-02
73 0 +1.042792531e+02 +6.275192531e+02 +6.275192531e+02 +8.8135e-02 -5.6171e-02 -7.4193e-02
77 0 +1.013167584e+02 +6.245567584e+02 +6.245567584e+02 +7.3051e-02 -4.0819e-02 -1.1996e-01
82 0 +9.969336417e+01 +6.229333642e+02 +6.229333642e+02 +7.2207e-02 -3.4343e-02 -1.7863e-01
% f evaluations | g evaluations | best noise-free fitness - Fopt (-5.157900000000e+02) + sum g_i+ | measured fitness | best measured fitness or single-digit g-values | x1 | x2...
1 0 +1.262804573e+02 -3.895095427e+02 -3.895095427e+02 +0.0000e+00 +0.0000e+00 +0.0000e+00
2 0 +1.262773960e+02 -3.895126040e+02 -3.895126040e+02 +2.5000e-04 +0.0000e+00 +0.0000e+00
24 0 +1.258868326e+02 -3.899031674e+02 -3.899031674e+02 +1.0500e-02 -4.2500e-03 +1.8500e-02
32 0 +1.206478914e+02 -3.951421086e+02 -3.951421086e+02 +5.1500e-02 -2.0250e-02 +1.0150e-01
33 0 +1.189104786e+02 -3.968795214e+02 -3.968795214e+02 +5.8917e-02 -2.2667e-02 +1.1167e-01
34 0 +1.098798633e+02 -4.059101367e+02 -4.059101367e+02 +8.1250e-02 -3.1000e-02 +1.5300e-01
35 0 +1.058053342e+02 -4.099846658e+02 -4.099846658e+02 +8.9000e-02 -3.6000e-02 +1.7058e-01
36 0 +9.783942328e+01 -4.179505767e+02 -4.179505767e+02 +1.2200e-01 -5.0000e-02 +2.3425e-01
47 0 +9.772143282e+01 -4.180685672e+02 -4.180685672e+02 +1.2155e-01 -4.8171e-02 +2.3241e-01
73 0 +9.514985197e+01 -4.206401480e+02 -4.206401480e+02 +1.3657e-01 -9.7913e-03 +2.4676e-01
86 0 +9.331022301e+01 -4.224797770e+02 -4.224797770e+02 +1.8149e-01 +1.0866e-01 +2.8416e-01
107 0 +9.094240626e+01 -4.248475937e+02 -4.248475937e+02 +2.3458e-01 +1.7049e-01 +3.0289e-01
112 0 +8.905518075e+01 -4.267348193e+02 -4.267348193e+02 +2.6642e-01 +1.7363e-01 +3.0209e-01
119 0 +8.686877572e+01 -4.289212243e+02 -4.289212243e+02 +3.5672e-01 +1.8037e-01 +3.1628e-01
% f evaluations | g evaluations | best noise-free fitness - Fopt (-1.000000000000e+03) + sum g_i+ | measured fitness | best measured fitness or single-digit g-values | x1 | x2...
1 0 +1.370539936e+02 -8.629460064e+02 -8.629460064e+02 +0.0000e+00 +0.0000e+00 +0.0000e+00
3 0 +1.370054117e+02 -8.629945883e+02 -8.629945883e+02 +0.0000e+00 +2.5000e-04 +0.0000e+00
21 0 +1.347173483e+02 -8.652826517e+02 -8.652826517e+02 -1.1833e-02 +8.9167e-03 +4.5833e-03
25 0 +1.315161101e+02 -8.684838899e+02 -8.684838899e+02 -2.7000e-02 +2.1000e-02 +1.0583e-02
27 0 +1.286521504e+02 -8.713478496e+02 -8.713478496e+02 -4.2000e-02 +3.1583e-02 +1.6667e-02
28 0 +1.256393126e+02 -8.743606874e+02 -8.743606874e+02 -5.8000e-02 +4.3250e-02 +2.3000e-02
30 0 +1.203491743e+02 -8.796508257e+02 -8.796508257e+02 -8.6500e-02 +6.6250e-02 +3.5250e-02
31 0 +1.188442555e+02 -8.811557445e+02 -8.811557445e+02 -9.6500e-02 +7.3833e-02 +3.7833e-02
32 0 +1.145161671e+02 -8.854838329e+02 -8.854838329e+02 -1.3250e-01 +1.0150e-01 +5.1500e-02
34 0 +1.121821048e+02 -8.878178952e+02 -8.878178952e+02 -2.0300e-01 +1.5300e-01 +8.1250e-02
65 0 +1.094548820e+02 -8.905451180e+02 -8.905451180e+02 -1.7505e-01 +1.4915e-01 +6.3403e-02
69 0 +1.068756691e+02 -8.931243309e+02 -8.931243309e+02 -1.8278e-01 +1.7053e-01 +6.0849e-02
72 0 +1.034326678e+02 -8.965673322e+02 -8.965673322e+02 -1.5725e-01 +1.7905e-01 +4.0551e-02
73 0 +1.014109723e+02 -8.985890277e+02 -8.985890277e+02 -1.4836e-01 +1.9400e-01 +2.9125e-02
85 0 +9.990252461e+01 -9.000974754e+02 -9.000974754e+02 -1.1947e-01 +2.2156e-01 -1.5149e-03
147 0 +9.751200529e+01 -9.024879947e+02 -9.024879947e+02 -1.4420e-01 +2.3165e-01 -5.3352e-02
149 0 +9.517773967e+01 -9.048222603e+02 -9.048222603e+02 -1.8257e-01 +2.4198e-01 -6.5507e-02
155 0 +9.287546129e+01 -9.071245387e+02 -9.071245387e+02 -2.3308e-01 +2.6286e-01 -1.5552e-01
167 0 +9.081678611e+01 -9.091832139e+02 -9.091832139e+02 -2.5489e-01 +2.4584e-01 -1.1004e-01
% f evaluations | g evaluations | best noise-free fitness - Fopt (-2.675600000000e+02) + sum g_i+ | measured fitness | best measured fitness or single-digit g-values | x1 | x2...
1 0 +5.193220261e+01 -2.156277974e+02 -2.156277974e+02 +0.0000e+00 +0.0000e+00 +0.0000e+00
2 0 +5.192650782e+01 -2.156334922e+02 -2.156334922e+02 +2.5000e-04 +0.0000e+00 +0.0000e+00
14 0 +5.123144725e+01 -2.163285527e+02 -2.163285527e+02 +4.7222e-04 +1.8056e-03 -2.7222e-03
20 0 +5.006162782e+01 -2.174983722e+02 -2.174983722e+02 +1.6667e-03 +6.0000e-03 -1.0333e-02
102 0 +4.894043617e+01 -2.186195638e+02 -2.186195638e+02 -4.6420e-02 +2.4505e-02 -2.1199e-02
112 0 +4.764559735e+01 -2.199144026e+02 -2.199144026e+02 -1.3921e-01 -7.8544e-02 -6.1183e-02
114 0 +4.486811397e+01 -2.226918860e+02 -2.226918860e+02 -1.8960e-01 -1.5095e-01 -9.0162e-02
115 0 +4.406244368e+01 -2.234975563e+02 -2.234975563e+02 -2.0415e-01 -1.6918e-01 -9.4997e-02
116 0 +3.607141785e+01 -2.314885822e+02 -2.314885822e+02 -2.6701e-01 -2.4644e-01 -1.2403e-01
117 0 +3.216523348e+01 -2.353947665e+02 -2.353947665e+02 -3.0216e-01 -2.7102e-01 -1.3704e-01
130 0 +3.143172870e+01 -2.361282713e+02 -2.361282713e+02 -3.2639e-01 -3.1103e-01 -1.5104e-01
134 0 +3.054879448e+01 -2.370112055e+02 -2.370112055e+02 -3.2429e-01 -2.9780e-01 -1.4800e-01
139 0 +3.005265840e+01 -2.375073416e+02 -2.375073416e+02 -3.2676e-01 -2.8593e-01 -1.4561e-01
143 0 +2.906551027e+01 -2.384944897e+02 -2.384944897e+02 -3.4110e-01 -2.9555e-01 -1.5141e-01
147 0 +2.801837383e+01 -2.395416262e+02 -2.395416262e+02 -3.5626e-01 -2.9188e-01 -1.5403e-01
148 0 +2.727867885e+01 -2.402813211e+02 -2.402813211e+02 -3.7101e-01 -2.9485e-01 -1.5824e-01
151 0 +2.637813604e+01 -2.411818640e+02 -2.411818640e+02 -3.9731e-01 -2.9472e-01 -1.6492e-01
152 0 +2.618440712e+01 -2.413755929e+02 -2.413755929e+02 -4.2457e-01 -3.0266e-01 -1.7338e-01
179 0 +2.554774134e+01 -2.420122587e+02 -2.420122587e+02 -4.1930e-01 -3.0026e-01 -1.7624e-01
183 0 +2.507738655e+01 -2.424826135e+02 -2.424826135e+02 -4.1105e-01 -2.9197e-01 -1.7772e-01
