% f evaluations | g evaluations | best noise-free fitness - Fopt (-5.494000000000e+01) + sum g_i+ | measured fitness | best measured fitness or single-digit g-values | x1 | x2...
1 0 +3.012777594e+06 +3.012722654e+06 +3.012722654e+06 +0.0000e+00 +0.0000e+00
4 0 +3.011824352e+06 +3.011769412e+06 +3.011769412e+06 +2.5000e-04 -2.5000e-04
17 0 +2.937062739e+06 +2.937007799e+06 +2.937007799e+06 +3.1816e-03 -1.6555e-02
20 0 +2.857447707e+06 +2.857392767e+06 +2.857392767e+06 +5.8545e-03 -3.4566e-02
21 0 +2.804163510e+06 +2.804108570e+06 +2.804108570e+06 +8.1782e-03 -4.7232e-02
23 0 +2.678453588e+06 +2.678398648e+06 +2.678398648e+06 +1.1724e-02 -7.8608e-02
24 0 +2.606326105e+06 +2.606271165e+06 +2.606271165e+06 +1.6022e-02 -9.8595e-02
25 0 +2.488240943e+06 +2.488186003e+06 +2.488186003e+06 +2.2093e-02 -1.3427e-01
26 0 +2.395946034e+06 +2.395891094e+06 +2.395891094e+06 +2.5639e-02 -1.6565e-01
27 0 +2.254869113e+06 +2.254814173e+06 +2.254814173e+06 +3.4369e-02 -2.2485e-01
28 0 +2.158244899e+06 +2.158189959e+06 +2.158189959e+06 +4.4739e-02 -2.8051e-01
29 0 +2.053223847e+06 +2.053168907e+06 +2.053168907e+06 +6.1246e-02 -3.8146e-01
30 0 +2.003999892e+06 +2.003944952e+06 +2.003944952e+06 +7.3523e-02 -4.7205e-01
31 0 +1.826676142e+06 +1.826621202e+06 +1.826621202e+06 +9.9237e-02 -6.4093e-01
32 0 +1.347288160e+06 +1.347233220e+06 +1.347233220e+06 +1.2611e-01 -7.9755e-01
33 0 +5.534676917e+05 +5.534127517e+05 +5.534127517e+05 +1.7199e-01 -1.0839e+00
34 0 +3.807024843e+05 +3.806475443e+05 +3.806475443e+05 +2.0998e-01 -1.3434e+00
35 0 +1.424169028e+04 +1.418675028e+04 +1.418675028e+04 +2.8434e-01 -1.8243e+00
42 0 +6.509096256e+03 +6.454156256e+03 +6.454156256e+03 +3.2052e-01 -2.0410e+00
45 0 +1.031965871e+02 +4.825658711e+01 +4.825658711e+01 +3.0263e-01 -1.9374e+00
50 0 +5.414846570e+01 -7.915343014e-01 -7.915343014e-01 +3.0680e-01 -1.9562e+00
54 0 +3.805593238e+01 -1.688406762e+01 -1.688406762e+01 +3.0544e-01 -1.9539e+00
56 0 +6.779194970e+00 -4.816080503e+01 -4.816080503e+01 +3.0437e-01 -1.9462e+00
63 0 +5.106688016e+00 -4.983331198e+01 -4.983331198e+01 +3.0483e-01 -1.9489e+00
65 0 +4.835999726e+00 -5.010400027e+01 -5.010400027e+01 +3.0459e-01 -1.9485e+00
67 0 +4.692837335e+00 -5.024716266e+01 -5.024716266e+01 +3.0454e-01 -1.9475e+00
69 0 +4.605801638e+00 -5.033419836e+01 -5.033419836e+01 +3.0443e-01 -1.9476e+00
71 0 +4.485551746e+00 -5.045444825e+01 -5.045444825e+01 +3.0454e-01 -1.9480e+00
95 0 +4.466347526e+00 -5.047365247e+01 -5.047365247e+01 +3.0265e-01 -1.9475e+00
105 0 +4.356863468e+00 -5.058313653e+01 -5.058313653e+01 +2.8700e-01 -1.9441e+00
108 0 +4.235037897e+00 -5.070496210e+01 -5.070496210e+01 +2.6720e-01 -1.9397e+00
109 0 +4.156016014e+00 -5.078398399e+01 -5.078398399e+01 +2.5644e-01 -1.9374e+00
110 0 +4.038361629e+00 -5.090163837e+01 -5.090163837e+01 +2.3896e-01 -1.9336e+00
112 0 +3.907774767e+00 -5.103222523e+01 -5.103222523e+01 +1.9801e-01 -1.9245e+00
113 0 +3.716815281e+00 -5.122318472e+01 -5.122318472e+01 +1.6977e-01 -1.9184e+00
114 0 +3.502798509e+00 -5.143720149e+01 -5.143720149e+01 +1.2106e-01 -1.9077e+00
116 0 +3.347984478e+00 -5.159201552e+01 -5.159201552e+01 +3.1518e-03 -1.8818e+00
118 0 +3.206824009e+00 -5.173317599e+01 -5.173317599e+01 +4.4104e-02 -1.8909e+00
119 0 +3.033855941e+00 -5.190614406e+01 -5.190614406e+01 +2.6103e-02 -1.8871e+00
121 0 +2.691418875e+00 -5.224858113e+01 -5.224858113e+01 -6.8851e-02 -1.8665e+00
122 0 +2.467317951e+00 -5.247268205e+01 -5.247268205e+01 -1.0485e-01 -1.8589e+00
124 0 +2.317719671e+00 -5.262228033e+01 -5.262228033e+01 -1.1790e-01 -1.8566e+00
126 0 +2.141406085e+00 -5.279859392e+01 -5.279859392e+01 -2.3581e-01 -1.8307e+00
127 0 +2.112404778e+00 -5.282759522e+01 -5.282759522e+01 -3.6024e-01 -1.8036e+00
128 0 +2.027069881e+00 -5.291293012e+01 -5.291293012e+01 -3.7329e-01 -1.8013e+00
130 0 +1.618216031e+00 -5.332178397e+01 -5.332178397e+01 -6.1563e-01 -1.7483e+00
131 0 +8.985597459e-01 -5.404144025e+01 -5.404144025e+01 -8.6449e-01 -1.6942e+00
132 0 +6.272773989e-01 -5.431272260e+01 -5.431272260e+01 -8.7754e-01 -1.6919e+00
133 0 +4.521989010e-01 -5.448780110e+01 -5.448780110e+01 -1.1362e+00 -1.6360e+00
134 0 +2.846865288e-01 -5.465531347e+01 -5.465531347e+01 -1.6274e+00 -1.5289e+00
136 0 +4.916702995e-02 -5.489083297e+01 -5.489083297e+01 -1.8991e+00 -1.4707e+00
143 0 +1.635427643e-02 -5.492364572e+01 -5.492364572e+01 -1.6123e+00 -1.5327e+00
145 0 +1.207207053e-02 -5.492792793e+01 -5.492792793e+01 -1.7033e+00 -1.5129e+00
147 0 +3.348522936e-03 -5.493665148e+01 -5.493665148e+01 -1.7785e+00 -1.4967e+00
151 0 +1.670855307e-03 -5.493832914e+01 -5.493832914e+01 -1.7396e+00 -1.5052e+00
153 0 +1.029032350e-04 -5.493989710e+01 -5.493989710e+01 -1.7178e+00 -1.5099e+00
162 0 +3.120401430e-05 -5.493996880e+01 -5.493996880e+01 -1.7308e+00 -1.5071e+00
164 0 +2.160470775e-05 -5.493997840e+01 -5.493997840e+01 -1.7256e+00 -1.5082e+00
166 0 +1.164161833e-05 -5.493998836e+01 -5.493998836e+01 -1.7230e+00 -1.5087e+00
168 0 +6.295102040e-06 -5.493999370e+01 -5.493999370e+01 -1.7275e+00 -1.5078e+00
171 0 +2.255960638e-06 -5.493999774e+01 -5.493999774e+01 -1.7279e+00 -1.5077e+00
173 0 +5.838338311e-07 -5.493999942e+01 -5.493999942e+01 -1.7263e+00 -1.5080e+00
176 0 +4.483865723e-07 -5.493999955e+01 -5.493999955e+01 -1.7258e+00 -1.5081e+00
179 0 +2.332182305e-07 -5.493999977e+01 -5.493999977e+01 -1.7267e+00 -1.5079e+00
181 0 +5.198751296e-08 -5.493999995e+01 -5.493999995e+01 -1.7263e+00 -1.5080e+00
185 0 +4.195182868e-08 -5.493999996e+01 -5.493999996e+01 -1.7264e+00 -1.5080e+00
187 0 +1.565886265e-08 -5.493999998e+01 -5.493999998e+01 -1.7265e+00 -1.5080e+00
189 0 +7.420091208e-09 -5.493999999e+01 -5.493999999e+01 -1.7264e+00 -1.5080e+00
% f evaluations | g evaluations | best noise-free fitness - Fopt (5.913000000000e+01) + sum g_i+ | measured fitness | best measured fitness or single-digit g-values | x1 | x2...
1 0 +8.442491678e+02 +9.033791678e+02 +9.033791678e+02 +0.0000e+00 +0.0000e+00
2 0 +8.382531675e+02 +8.973831675e+02 +8.973831675e+02 +2.5000e-04 +0.0000e+00
4 0 +8.313410128e+02 +8.904710128e+02 +8.904710128e+02 +2.5000e-04 +2.5000e-04
8 0 +7.998887121e+02 +8.590187121e+02 +8.590187121e+02 +4.3750e-04 +1.0625e-03
9 0 +7.770833744e+02 +8.362133744e+02 +8.362133744e+02 +6.5625e-04 +1.4688e-03
10 0 +7.659371720e+02 +8.250671720e+02 +8.250671720e+02 +3.4375e-04 +2.0313e-03
11 0 +7.300671230e+02 +7.891971230e+02 +7.891971230e+02 +3.2813e-04 +2.8594e-03
12 0 +6.769238006e+02 +7.360538006e+02 +7.360538006e+02 +9.2188e-04 +3.3906e-03
13 0 +5.896812744e+02 +6.488112744e+02 +6.488112744e+02 +1.3516e-03 +4.6172e-03
14 0 +5.304796379e+02 +5.896096379e+02 +5.896096379e+02 +1.0234e-03 +6.0078e-03
15 0 +4.115262699e+02 +4.706562699e+02 +4.706562699e+02 +1.2070e-03 +8.2773e-03
16 0 +3.183898049e+02 +3.775198049e+02 +3.775198049e+02 +2.2305e-03 +1.0035e-02
17 0 +2.351525891e+02 +2.942825891e+02 +2.942825891e+02 +3.1816e-03 +1.3623e-02
18 0 +1.693769183e+02 +2.285069183e+02 +2.285069183e+02 +3.0371e-03 +1.7283e-02
19 0 +6.198066884e+01 +1.211106688e+02 +1.211106688e+02 +3.8799e-03 +2.3616e-02
20 0 +1.389654249e+01 +7.302654249e+01 +7.302654249e+01 +5.8545e-03 +2.8962e-02
26 0 +1.193710250e+01 +7.106710250e+01 +7.106710250e+01 +6.0004e-03 +3.3915e-02
28 0 +1.028610158e+01 +6.941610158e+01 +6.941610158e+01 +6.3703e-03 +3.2764e-02
30 0 +9.167005583e+00 +6.829700558e+01 +6.829700558e+01 +6.0199e-03 +3.1151e-02
39 0 +9.099316045e+00 +6.822931605e+01 +6.822931605e+01 +6.1351e-03 +3.1257e-02
82 0 +8.874976325e+00 +6.800497632e+01 +6.800497632e+01 -2.7392e-02 +6.2317e-02
85 0 +8.666370059e+00 +6.779637006e+01 +6.779637006e+01 -6.8479e-02 +1.0039e-01
87 0 +8.370034574e+00 +6.750003457e+01 +6.750003457e+01 -1.2231e-01 +1.4987e-01
88 0 +8.290472724e+00 +6.742047272e+01 +6.742047272e+01 -1.5117e-01 +1.7670e-01
90 0 +7.869852455e+00 +6.699985246e+01 +6.699985246e+01 -2.6078e-01 +2.7776e-01
91 0 +7.541796786e+00 +6.667179679e+01 +6.667179679e+01 -3.5693e-01 +3.6644e-01
92 0 +7.405067883e+00 +6.653506788e+01 +6.653506788e+01 -4.4156e-01 +4.4484e-01
93 0 +6.917114250e+00 +6.604711425e+01 +6.604711425e+01 -6.0119e-01 +5.9232e-01
94 0 +5.631839053e+00 +6.476183905e+01 +6.476183905e+01 -7.5117e-01 +7.3049e-01
95 0 +4.766281594e+00 +6.389628159e+01 +6.389628159e+01 -1.0233e+00 +9.8160e-01
101 0 +4.254354820e+00 +6.338435482e+01 +6.338435482e+01 -9.3864e-01 +9.0320e-01
102 0 +3.692642006e+00 +6.282264201e+01 +6.282264201e+01 -9.7131e-01 +9.3309e-01
104 0 +2.891006302e+00 +6.202100630e+01 +6.202100630e+01 -1.1540e+00 +1.1011e+00
105 0 +2.445508802e+00 +6.157550880e+01 +6.157550880e+01 -1.2193e+00 +1.1609e+00
107 0 +2.021040251e+00 +6.115104025e+01 +6.115104025e+01 -1.2327e+00 +1.1722e+00
109 0 +1.360205862e+00 +6.049020586e+01 +6.049020586e+01 -1.4673e+00 +1.3887e+00
110 0 +5.458268579e-01 +5.967582686e+01 +5.967582686e+01 -1.7086e+00 +1.6109e+00
112 0 +5.844835176e-02 +5.918844835e+01 +5.918844835e+01 -2.1979e+00 +2.0610e+00
117 0 +5.213336137e-02 +5.918213336e+01 +5.918213336e+01 -2.3102e+00 +2.1650e+00
121 0 +2.025919952e-02 +5.915025920e+01 +5.915025920e+01 -2.3590e+00 +2.2097e+00
123 0 +2.916388864e-03 +5.913291639e+01 +5.913291639e+01 -2.2663e+00 +2.1241e+00
130 0 +7.341339126e-04 +5.913073413e+01 +5.913073413e+01 -2.2451e+00 +2.1048e+00
132 0 +3.252198023e-04 +5.913032522e+01 +5.913032522e+01 -2.2663e+00 +2.1243e+00
136 0 +1.370037573e-04 +5.913013700e+01 +5.913013700e+01 -2.2544e+00 +2.1133e+00
138 0 +1.094249576e-05 +5.913001094e+01 +5.913001094e+01 -2.2607e+00 +2.1191e+00
147 0 +1.508282885e-06 +5.913000151e+01 +5.913000151e+01 -2.2609e+00 +2.1193e+00
154 0 +1.721747722e-07 +5.913000017e+01 +5.913000017e+01 -2.2609e+00 +2.1193e+00
160 0 +9.897464537e-08 +5.913000010e+01 +5.913000010e+01 -2.2606e+00 +2.1190e+00
161 0 +4.240114038e-08 +5.913000004e+01 +5.913000004e+01 -2.2609e+00 +2.1193e+00
164 0 +3.443692975e-08 +5.913000003e+01 +5.913000003e+01 -2.2608e+00 +2.1192e+00
166 0 +1.216018575e-08 +5.913000001e+01 +5.913000001e+01 -2.2607e+00 +2.1191e+00
168 0 +3.768356294e-09 +5.913000000e+01 +5.913000000e+01 -2.2608e+00 +2.1192e+00
% f evaluations | g evaluations | best noise-free fitness - Fopt (-4.915300000000e+02) + sum g_i+ | measured fitness | best measured fitness or single-digit g-values | x1 | x2...
1 0 +3.132814721e+05 +3.127899421e+05 +3.127899421e+05 +0.0000e+00 +0.0000e+00
4 0 +3.132455080e+05 +3.127539780e+05 +3.127539780e+05 +2.5000e-04 -2.5000e-04
15 0 +3.082164789e+05 +3.077249489e+05 +3.077249489e+05 +1.2070e-03 -9.2344e-03
19 0 +2.987280510e+05 +2.982365210e+05 +2.982365210e+05 +3.8799e-03 -2.7246e-02
21 0 +2.890956878e+05 +2.886041578e+05 +2.886041578e+05 +8.1782e-03 -4.7232e-02
22 0 +2.833526924e+05 +2.828611624e+05 +2.828611624e+05 +8.8765e-03 -5.7924e-02
23 0 +2.730613363e+05 +2.725698063e+05 +2.725698063e+05 +1.1724e-02 -7.8608e-02
24 0 +2.639024348e+05 +2.634109048e+05 +2.634109048e+05 +1.6022e-02 -9.8595e-02
25 0 +2.469662924e+05 +2.464747624e+05 +2.464747624e+05 +2.2093e-02 -1.3427e-01
26 0 +2.311274984e+05 +2.306359684e+05 +2.306359684e+05 +2.5639e-02 -1.6565e-01
27 0 +2.007714967e+05 +2.002799667e+05 +2.002799667e+05 +3.4369e-02 -2.2485e-01
28 0 +1.712319719e+05 +1.707404419e+05 +1.707404419e+05 +4.4739e-02 -2.8051e-01
29 0 +1.146971639e+05 +1.142056339e+05 +1.142056339e+05 +6.1246e-02 -3.8146e-01
30 0 +7.080581269e+04 +7.031428269e+04 +7.031428269e+04 +7.3523e-02 -4.7205e-01
31 0 +2.469539868e+04 +2.420386868e+04 +2.420386868e+04 +9.9237e-02 -6.4093e-01
32 0 +1.836346065e+03 +1.344816065e+03 +1.344816065e+03 +1.2611e-01 -7.9755e-01
40 0 +6.651309476e+00 -4.848786905e+02 -4.848786905e+02 +1.3413e-01 -8.5738e-01
49 0 +3.405526779e-01 -4.911894473e+02 -4.911894473e+02 +1.3433e-01 -8.5348e-01
55 0 +2.468796575e-02 -4.915053120e+02 -4.915053120e+02 +1.3392e-01 -8.5402e-01
58 0 +1.917347300e-02 -4.915108265e+02 -4.915108265e+02 +1.3437e-01 -8.5404e-01
62 0 +1.475237866e-02 -4.915152476e+02 -4.915152476e+02 +1.3396e-01 -8.5374e-01
64 0 +5.746308457e-03 -4.915242537e+02 -4.915242537e+02 +1.3404e-01 -8.5396e-01
69 0 +5.561195434e-03 -4.915244388e+02 -4.915244388e+02 +1.3380e-01 -8.5377e-01
71 0 +5.410308736e-03 -4.915245897e+02 -4.915245897e+02 +1.3391e-01 -8.5382e-01
74 0 +5.310277318e-03 -4.915246897e+02 -4.915246897e+02 +1.3379e-01 -8.5374e-01
81 0 +5.239495621e-03 -4.915247605e+02 -4.915247605e+02 +1.3354e-01 -8.5355e-01
85 0 +5.020641869e-03 -4.915249794e+02 -4.915249794e+02 +1.3265e-01 -8.5287e-01
86 0 +4.902741353e-03 -4.915250973e+02 -4.915250973e+02 +1.3216e-01 -8.5249e-01
88 0 +4.647900168e-03 -4.915253521e+02 -4.915253521e+02 +1.3096e-01 -8.5157e-01
89 0 +4.462104792e-03 -4.915255379e+02 -4.915255379e+02 +1.2998e-01 -8.5082e-01
93 0 +4.006896971e-03 -4.915259931e+02 -4.915259931e+02 +1.2583e-01 -8.4765e-01
94 0 +3.841259554e-03 -4.915261587e+02 -4.915261587e+02 +1.2353e-01 -8.4589e-01
99 0 +3.665240062e-03 -4.915263348e+02 -4.915263348e+02 +1.2078e-01 -8.4377e-01
103 0 +3.459386245e-03 -4.915265406e+02 -4.915265406e+02 +1.1506e-01 -8.3939e-01
104 0 +2.779789618e-03 -4.915272202e+02 -4.915272202e+02 +1.1024e-01 -8.3570e-01
105 0 +1.942273751e-03 -4.915280577e+02 -4.915280577e+02 +1.0540e-01 -8.3197e-01
106 0 +1.300939805e-03 -4.915286991e+02 -4.915286991e+02 +9.6945e-02 -8.2548e-01
107 0 +7.927577936e-04 -4.915292072e+02 -4.915292072e+02 +8.9736e-02 -8.1997e-01
108 0 +3.662931489e-04 -4.915296337e+02 -4.915296337e+02 +7.5878e-02 -8.0935e-01
113 0 +3.201662462e-04 -4.915296798e+02 -4.915296798e+02 +6.5690e-02 -8.0155e-01
114 0 +2.817963048e-04 -4.915297182e+02 -4.915297182e+02 +6.1287e-02 -7.9818e-01
115 0 +1.268626585e-05 -4.915299873e+02 -4.915299873e+02 +7.2858e-02 -8.0705e-01
123 0 +4.914745602e-06 -4.915299951e+02 -4.915299951e+02 +7.2362e-02 -8.0668e-01
125 0 +3.957720480e-06 -4.915299960e+02 -4.915299960e+02 +7.0359e-02 -8.0514e-01
127 0 +1.894318132e-06 -4.915299981e+02 -4.915299981e+02 +7.2109e-02 -8.0648e-01
129 0 +6.160597650e-07 -4.915299994e+02 -4.915299994e+02 +7.1798e-02 -8.0625e-01
133 0 +3.214546496e-07 -4.915299997e+02 -4.915299997e+02 +7.1793e-02 -8.0624e-01
136 0 +1.334836952e-07 -4.915299999e+02 -4.915299999e+02 +7.1956e-02 -8.0637e-01
138 0 +7.263469115e-08 -4.915299999e+02 -4.915299999e+02 +7.2155e-02 -8.0652e-01
140 0 +3.004805649e-08 -4.915300000e+02 -4.915300000e+02 +7.1924e-02 -8.0634e-01
144 0 +1.136743322e-08 -4.915300000e+02 -4.915300000e+02 +7.2079e-02 -8.0646e-01
145 0 +9.972950465e-09 -4.915300000e+02 -4.915300000e+02 +7.1922e-02 -8.0634e-01
% f evaluations | g evaluations | best noise-free fitness - Fopt (-1.702000000000e+02) + sum g_i+ | measured fitness | best measured fitness or single-digit g-values | x1 | x2...
1 0 +7.988631075e+06 +7.988460875e+06 +7.988460875e+06 +0.0000e+00 +0.0000e+00
4 0 +7.988495673e+06 +7.988325473e+06 +7.988325473e+06 +2.5000e-04 -2.5000e-04
18 0 +7.943113558e+06 +7.942943358e+06 +7.942943358e+06 +3.0371e-03 -2.0070e-02
25 0 +7.690484976e+06 +7.690314776e+06 +7.690314776e+06 +2.2093e-02 -1.3427e-01
27 0 +7.480538317e+06 +7.480368117e+06 +7.480368117e+06 +3.4369e-02 -2.2485e-01
28 0 +7.352037049e+06 +7.351866849e+06 +7.351866849e+06 +4.4739e-02 -2.8051e-01
29 0 +7.096832772e+06 +7.096662572e+06 +7.096662572e+06 +6.1246e-02 -3.8146e-01
30 0 +6.834981141e+06 +6.834810941e+06 +6.834810941e+06 +7.3523e-02 -4.7205e-01
31 0 +6.266622837e+06 +6.266452637e+06 +6.266452637e+06 +9.9237e-02 -6.4093e-01
32 0 +5.643194186e+06 +5.643023986e+06 +5.643023986e+06 +1.2611e-01 -7.9755e-01
33 0 +4.324441586e+06 +4.324271386e+06 +4.324271386e+06 +1.7199e-01 -1.0839e+00
34 0 +3.200300683e+06 +3.200130483e+06 +3.200130483e+06 +2.0998e-01 -1.3434e+00
35 0 +2.115773748e+06 +2.115603548e+06 +2.115603548e+06 +2.8434e-01 -1.8243e+00
36 0 +1.842870716e+06 +1.842700516e+06 +1.842700516e+06 +3.5709e-01 -2.2673e+00
37 0 +4.898449992e+05 +4.896747992e+05 +4.896747992e+05 +4.8602e-01 -3.0804e+00
38 0 +2.980406728e+04 +2.963386728e+04 +2.963386728e+04 +5.9838e-01 -3.8209e+00
46 0 +7.845618301e+02 +6.143618301e+02 +6.143618301e+02 +6.4664e-01 -4.1138e+00
51 0 +6.518033774e+02 +4.816033774e+02 +4.816033774e+02 +6.4384e-01 -4.1088e+00
53 0 +3.296328499e+02 +1.594328499e+02 +1.594328499e+02 +6.3459e-01 -4.0464e+00
56 0 +3.632112956e+01 -1.338788704e+02 -1.338788704e+02 +6.3852e-01 -4.0763e+00
61 0 +2.998685455e+01 -1.402131454e+02 -1.402131454e+02 +6.3858e-01 -4.0707e+00
65 0 +2.840950689e+01 -1.417904931e+02 -1.417904931e+02 +6.3820e-01 -4.0733e+00
69 0 +2.812940896e+01 -1.420705910e+02 -1.420705910e+02 +6.3733e-01 -4.0712e+00
105 0 +2.747761134e+01 -1.427223887e+02 -1.427223887e+02 +6.0173e-01 -4.0438e+00
109 0 +2.683705489e+01 -1.433629451e+02 -1.433629451e+02 +5.5609e-01 -4.0076e+00
112 0 +2.592978503e+01 -1.442702150e+02 -1.442702150e+02 +4.8287e-01 -3.9494e+00
113 0 +2.526587063e+01 -1.449341294e+02 -1.449341294e+02 +4.2821e-01 -3.9061e+00
115 0 +2.407619773e+01 -1.461238023e+02 -1.461238023e+02 +3.0033e-01 -3.8046e+00
116 0 +2.298675421e+01 -1.472132458e+02 -1.472132458e+02 +1.9100e-01 -3.7180e+00
118 0 +2.207060595e+01 -1.481293941e+02 -1.481293941e+02 +1.4662e-01 -3.6839e+00
119 0 +1.970551102e+01 -1.504944890e+02 -1.504944890e+02 -9.0592e-02 -3.4959e+00
120 0 +1.691235167e+01 -1.532876483e+02 -1.532876483e+02 -3.4999e-01 -3.2907e+00
121 0 +1.639910020e+01 -1.538008998e+02 -1.538008998e+02 -3.9438e-01 -3.2566e+00
122 0 +1.369750658e+01 -1.565024934e+02 -1.565024934e+02 -6.8707e-01 -3.0259e+00
123 0 +9.043705543e+00 -1.611562945e+02 -1.611562945e+02 -1.1837e+00 -2.6327e+00
124 0 +5.553262604e+00 -1.646467374e+02 -1.646467374e+02 -1.8488e+00 -2.1072e+00
126 0 +2.481210310e+00 -1.677187897e+02 -1.677187897e+02 -3.3477e+00 -9.2360e-01
128 0 +5.563964332e-01 -1.696436036e+02 -1.696436036e+02 -3.0106e+00 -1.1884e+00
129 0 +3.155424002e-01 -1.698844576e+02 -1.698844576e+02 -3.4229e+00 -8.6144e-01
135 0 +2.009432054e-01 -1.699990568e+02 -1.699990568e+02 -3.8245e+00 -5.4507e-01
137 0 +1.049298119e-01 -1.700950702e+02 -1.700950702e+02 -3.5958e+00 -7.2586e-01
139 0 +1.210333713e-02 -1.701878967e+02 -1.701878967e+02 -3.5665e+00 -7.4845e-01
146 0 +2.862763464e-03 -1.701971372e+02 -1.701971372e+02 -3.5971e+00 -7.2444e-01
148 0 +9.275633051e-04 -1.701990724e+02 -1.701990724e+02 -3.5529e+00 -7.5940e-01
152 0 +7.155064980e-04 -1.701992845e+02 -1.701992845e+02 -3.5442e+00 -7.6622e-01
154 0 +3.729569780e-04 -1.701996270e+02 -1.701996270e+02 -3.5597e+00 -7.5400e-01
156 0 +1.134042152e-04 -1.701998866e+02 -1.701998866e+02 -3.5524e+00 -7.5975e-01
159 0 +5.149727843e-05 -1.701999485e+02 -1.701999485e+02 -3.5599e+00 -7.5382e-01
161 0 +2.110217534e-05 -1.701999789e+02 -1.701999789e+02 -3.5620e+00 -7.5216e-01
163 0 +1.193550375e-05 -1.701999881e+02 -1.701999881e+02 -3.5567e+00 -7.5637e-01
165 0 +5.640763078e-06 -1.701999944e+02 -1.701999944e+02 -3.5596e+00 -7.5404e-01
167 0 +3.016815015e-06 -1.701999970e+02 -1.701999970e+02 -3.5601e+00 -7.5368e-01
169 0 +1.871277931e-06 -1.701999981e+02 -1.701999981e+02 -3.5583e+00 -7.5512e-01
171 0 +6.123493108e-07 -1.701999994e+02 -1.701999994e+02 -3.5594e+00 -7.5422e-01
173 0 +4.953949713e-07 -1.701999995e+02 -1.701999995e+02 -3.5595e+00 -7.5418e-01
175 0 +2.565927844e-07 -1.701999997e+02 -1.701999997e+02 -3.5589e+00 -7.5466e-01
177 0 +3.010450200e-08 -1.702000000e+02 -1.702000000e+02 -3.5593e+00 -7.5432e-01
183 0 +1.509289405e-08 -1.702000000e+02 -1.702000000e+02 -3.5591e+00 -7.5444e-01
185 0 +5.292577043e-09 -1.702000000e+02 -1.702000000e+02 -3.5592e+00 -7.5444e-01
% f evaluations | g evaluations | best noise-free fitness - Fopt (-4.697500000000e+02) + sum g_i+ | measured fitness | best measured fitness or single-digit g-values | x1 | x2...
1 0 +8.560436696e+06 +8.559966946e+06 +8.559966946e+06 +0.0000e+00 +0.0000e+00
2 0 +8.560359770e+06 +8.559890020e+06 +8.559890020e+06 +2.5000e-04 +0.0000e+00
16 0 +8.511026830e+06 +8.510557080e+06 +8.510557080e+06 +1.0035e-02 -1.2016e-02
23 0 +8.251123639e+06 +8.250653889e+06 +8.250653889e+06 +6.7135e-02 -7.8608e-02
25 0 +8.049355516e+06 +8.048885766e+06 +8.048885766e+06 +1.1243e-01 -1.3427e-01
26 0 +7.938912786e+06 +7.938443036e+06 +7.938443036e+06 +1.4026e-01 -1.6565e-01
27 0 +7.734305263e+06 +7.733835513e+06 +7.733835513e+06 +1.9073e-01 -2.2485e-01
28 0 +7.540591249e+06 +7.540121499e+06 +7.540121499e+06 +2.3602e-01 -2.8051e-01
29 0 +7.161401063e+06 +7.160931313e+06 +7.160931313e+06 +3.2047e-01 -3.8146e-01
30 0 +6.762914516e+06 +6.762444766e+06 +6.762444766e+06 +3.9877e-01 -4.7205e-01
31 0 +5.809648250e+06 +5.809178500e+06 +5.809178500e+06 +5.4195e-01 -6.4093e-01
32 0 +4.713152533e+06 +4.712682783e+06 +4.712682783e+06 +6.7168e-01 -7.9755e-01
33 0 +2.861338052e+06 +2.860868302e+06 +2.860868302e+06 +9.1216e-01 -1.0839e+00
34 0 +2.100790603e+06 +2.100320853e+06 +2.100320853e+06 +1.1336e+00 -1.3434e+00
35 0 +1.076980600e+06 +1.076510850e+06 +1.076510850e+06 +1.5402e+00 -1.8243e+00
36 0 +3.422043929e+05 +3.417346429e+05 +3.417346429e+05 +1.9104e+00 -2.2673e+00
37 0 +1.029965943e+05 +1.025268443e+05 +1.025268443e+05 +2.5947e+00 -3.0804e+00
43 0 +4.248553175e+04 +4.201578175e+04 +4.201578175e+04 +2.1835e+00 -2.5918e+00
45 0 +1.816813100e+04 +1.769838100e+04 +1.769838100e+04 +2.2346e+00 -2.6513e+00
47 0 +4.249627408e+03 +3.779877408e+03 +3.779877408e+03 +2.4019e+00 -2.8510e+00
49 0 +2.645442637e+03 +2.175692637e+03 +2.175692637e+03 +2.3856e+00 -2.8308e+00
51 0 +1.469063241e+03 +9.993132413e+02 +9.993132413e+02 +2.3141e+00 -2.7461e+00
53 0 +8.697914211e+02 +4.000414211e+02 +4.000414211e+02 +2.3239e+00 -2.7572e+00
55 0 +5.923082482e+01 -4.105191752e+02 -4.105191752e+02 +2.3523e+00 -2.7912e+00
58 0 +5.798357697e+01 -4.117664230e+02 -4.117664230e+02 +2.3405e+00 -2.7770e+00
62 0 +3.620396043e+01 -4.335460396e+02 -4.335460396e+02 +2.3503e+00 -2.7886e+00
64 0 +1.928672356e+01 -4.504632764e+02 -4.504632764e+02 +2.3488e+00 -2.7870e+00
66 0 +7.934258211e+00 -4.618157418e+02 -4.618157418e+02 +2.3450e+00 -2.7824e+00
69 0 +6.439864874e+00 -4.633101351e+02 -4.633101351e+02 +2.3466e+00 -2.7843e+00
73 0 +6.245064571e+00 -4.635049354e+02 -4.635049354e+02 +2.3459e+00 -2.7834e+00
77 0 +6.105992574e+00 -4.636440074e+02 -4.636440074e+02 +2.3462e+00 -2.7839e+00
% f evaluations | g evaluations | best noise-free fitness - Fopt (-5.704700000000e+02) + sum g_i+ | measured fitness | best measured fitness or single-digit g-values | x1 | x2...
1 0 +1.030696526e+07 +1.030639479e+07 +1.030639479e+07 +0.0000e+00 +0.0000e+00
4 0 +1.030661559e+07 +1.030604512e+07 +1.030604512e+07 -2.5000e-04 +2.5000e-04
18 0 +1.021632955e+07 +1.021575908e+07 +1.021575908e+07 -2.0070e-02 +3.0371e-03
23 0 +9.960289596e+06 +9.959719126e+06 +9.959719126e+06 -7.8608e-02 +1.1724e-02
25 0 +9.736253202e+06 +9.735682732e+06 +9.735682732e+06 -1.3427e-01 +2.2093e-02
27 0 +9.382197752e+06 +9.381627282e+06 +9.381627282e+06 -2.2485e-01 +3.4369e-02
28 0 +9.188659997e+06 +9.188089527e+06 +9.188089527e+06 -2.8051e-01 +4.4739e-02
29 0 +8.859041954e+06 +8.858471484e+06 +8.858471484e+06 -3.8146e-01 +6.1246e-02
30 0 +8.585953108e+06 +8.585382638e+06 +8.585382638e+06 -4.7205e-01 +7.3523e-02
31 0 +8.142697236e+06 +8.142126766e+06 +8.142126766e+06 -6.4093e-01 +9.9237e-02
32 0 +7.777378373e+06 +7.776807903e+06 +7.776807903e+06 -7.9755e-01 +1.2611e-01
33 0 +7.064356203e+06 +7.063785733e+06 +7.063785733e+06 -1.0839e+00 +1.7199e-01
34 0 +6.179836649e+06 +6.179266179e+06 +6.179266179e+06 -1.3434e+00 +2.0998e-01
35 0 +3.931087627e+06 +3.930517157e+06 +3.930517157e+06 -1.8243e+00 +2.8434e-01
36 0 +2.390496669e+06 +2.389926199e+06 +2.389926199e+06 -2.2673e+00 +3.5709e-01
37 0 +1.397134429e+06 +1.396563959e+06 +1.396563959e+06 -3.0804e+00 +4.8602e-01
38 0 +3.723155746e+05 +3.717451046e+05 +3.717451046e+05 -3.8209e+00 +5.9838e-01
39 0 +1.830811035e+05 +1.825106335e+05 +1.825106335e+05 -5.1894e+00 +8.1157e-01
43 0 +1.099011286e+05 +1.093306586e+05 +1.093306586e+05 -4.1601e+00 +6.5366e-01
46 0 +8.471772875e+02 +2.767072875e+02 +2.767072875e+02 -4.6495e+00 +7.2775e-01
55 0 +5.252736785e+02 -4.519632155e+01 -4.519632155e+01 -4.6430e+00 +7.2840e-01
57 0 +3.701177411e+01 -5.334582259e+02 -5.334582259e+02 -4.6056e+00 +7.2230e-01
62 0 +3.474921878e+01 -5.357207812e+02 -5.357207812e+02 -4.6067e+00 +7.2343e-01
64 0 +2.300942756e+01 -5.474605724e+02 -5.474605724e+02 -4.6144e+00 +7.2419e-01
67 0 +1.987920507e+01 -5.505907949e+02 -5.505907949e+02 -4.6108e+00 +7.2409e-01
73 0 +1.920135044e+01 -5.512686496e+02 -5.512686496e+02 -4.6118e+00 +7.2426e-01
96 0 +1.905291537e+01 -5.514170846e+02 -5.514170846e+02 -4.6009e+00 +7.0884e-01
102 0 +1.845725571e+01 -5.520127443e+02 -5.520127443e+02 -4.5603e+00 +6.5295e-01
104 0 +1.800792961e+01 -5.524620704e+02 -5.524620704e+02 -4.5270e+00 +6.0687e-01
105 0 +1.759966946e+01 -5.528703305e+02 -5.528703305e+02 -4.4998e+00 +5.6961e-01
107 0 +1.685392754e+01 -5.536160725e+02 -5.536160725e+02 -4.4518e+00 +5.0390e-01
108 0 +1.604796008e+01 -5.544220399e+02 -5.544220399e+02 -4.3976e+00 +4.2937e-01
110 0 +1.509985572e+01 -5.553701443e+02 -5.553701443e+02 -4.3216e+00 +3.2399e-01
111 0 +1.337919954e+01 -5.570908005e+02 -5.570908005e+02 -4.2194e+00 +1.8376e-01
112 0 +1.144598866e+01 -5.590240113e+02 -5.590240113e+02 -4.0791e+00 -9.1627e-03
113 0 +1.093050480e+01 -5.595394952e+02 -5.595394952e+02 -4.0032e+00 -1.1455e-01
114 0 +9.606332121e+00 -5.608636679e+02 -5.608636679e+02 -3.8060e+00 -3.8651e-01
115 0 +7.728548911e+00 -5.627414511e+02 -5.627414511e+02 -3.5635e+00 -7.1966e-01
116 0 +4.151982373e+00 -5.663180176e+02 -5.663180176e+02 -3.1845e+00 -1.2415e+00
118 0 +2.188747727e+00 -5.682812523e+02 -5.682812523e+02 -2.2898e+00 -2.4738e+00
120 0 +1.013396464e+00 -5.694566035e+02 -5.694566035e+02 -2.5630e+00 -2.0965e+00
121 0 +4.159993187e-01 -5.700540007e+02 -5.700540007e+02 -2.3887e+00 -2.3353e+00
125 0 +2.712287297e-01 -5.701987713e+02 -5.701987713e+02 -1.7425e+00 -3.2249e+00
127 0 +2.579493578e-01 -5.702120506e+02 -5.702120506e+02 -1.8293e+00 -3.1046e+00
129 0 +8.102367060e-03 -5.704618976e+02 -5.704618976e+02 -2.0873e+00 -2.7500e+00
138 0 +6.454267022e-03 -5.704635457e+02 -5.704635457e+02 -2.0113e+00 -2.8546e+00
140 0 +2.528884458e-03 -5.704674711e+02 -5.704674711e+02 -2.0117e+00 -2.8541e+00
142 0 +1.936533811e-03 -5.704680635e+02 -5.704680635e+02 -2.0494e+00 -2.8022e+00
143 0 +6.627762742e-04 -5.704693372e+02 -5.704693372e+02 -2.0498e+00 -2.8017e+00
146 0 +3.236411454e-04 -5.704696764e+02 -5.704696764e+02 -2.0307e+00 -2.8280e+00
150 0 +6.290108945e-05 -5.704699371e+02 -5.704699371e+02 -2.0438e+00 -2.8100e+00
154 0 +5.658837210e-05 -5.704699434e+02 -5.704699434e+02 -2.0365e+00 -2.8200e+00
156 0 +2.299759149e-05 -5.704699770e+02 -5.704699770e+02 -2.0397e+00 -2.8156e+00
158 0 +7.362171459e-06 -5.704699926e+02 -5.704699926e+02 -2.0410e+00 -2.8139e+00
160 0 +6.993842135e-06 -5.704699930e+02 -5.704699930e+02 -2.0384e+00 -2.8173e+00
164 0 +1.506045919e-07 -5.704699998e+02 -5.704699998e+02 -2.0400e+00 -2.8152e+00
175 0 +1.025343863e-07 -5.704699999e+02 -5.704699999e+02 -2.0400e+00 -2.8152e+00
177 0 +5.712081474e-08 -5.704699999e+02 -5.704699999e+02 -2.0399e+00 -2.8153e+00
179 0 +3.311265573e-08 -5.704700000e+02 -5.704700000e+02 -2.0400e+00 -2.8152e+00
181 0 +4.734602044e-09 -5.704700000e+02 -5.704700000e+02 -2.0400e+00 -2.8152e+00
% f evaluations | g evaluations | best noise-free fitness - Fopt (-1.385000000000e+01) + sum g_i+ | measured fitness | best measured fitness or single-digit g-values | x1 | x2...
1 0 +5.567732926e+05 +5.567594426e+05 +5.567594426e+05 +0.0000e+00 +0.0000e+00
2 0 +5.565075963e+05 +5.564937463e+05 +5.564937463e+05 +2.5000e-04 +0.0000e+00
14 0 +5.492443556e+05 +5.492305056e+05 +5.492305056e+05 +6.0078e-03 -6.7813e-03
18 0 +5.368087649e+05 +5.367949149e+05 +5.367949149e+05 +1.7283e-02 -2.0070e-02
21 0 +5.185075823e+05 +5.184937323e+05 +5.184937323e+05 +3.9304e-02 -4.7232e-02
22 0 +5.126461706e+05 +5.126323206e+05 +5.126323206e+05 +4.9297e-02 -5.7924e-02
24 0 +4.992573936e+05 +4.992435436e+05 +4.992435436e+05 +8.2823e-02 -9.8595e-02
25 0 +4.893678470e+05 +4.893539970e+05 +4.893539970e+05 +1.1243e-01 -1.3427e-01
26 0 +4.734712580e+05 +4.734574080e+05 +4.734574080e+05 +1.4026e-01 -1.6565e-01
27 0 +4.075320430e+05 +4.075181930e+05 +4.075181930e+05 +1.9073e-01 -2.2485e-01
28 0 +3.101485559e+05 +3.101347059e+05 +3.101347059e+05 +2.3602e-01 -2.8051e-01
29 0 +1.634299090e+05 +1.634160590e+05 +1.634160590e+05 +3.2047e-01 -3.8146e-01
30 0 +1.150473893e+05 +1.150335393e+05 +1.150335393e+05 +3.9877e-01 -4.7205e-01
31 0 +2.449811879e+04 +2.448426879e+04 +2.448426879e+04 +5.4195e-01 -6.4093e-01
32 0 +1.169607264e+01 -2.153927363e+00 -2.153927363e+00 +6.7168e-01 -7.9755e-01
53 0 +1.045625973e+01 -3.393740265e+00 -3.393740265e+00 +6.7352e-01 -7.9918e-01
56 0 +1.006845751e+01 -3.781542488e+00 -3.781542488e+00 +6.7259e-01 -7.9849e-01
59 0 +9.987242305e+00 -3.862757695e+00 -3.862757695e+00 +6.7307e-01 -7.9871e-01
94 0 +9.699095116e+00 -4.150904884e+00 -4.150904884e+00 +6.8240e-01 -7.5278e-01
97 0 +9.526997346e+00 -4.323002654e+00 -4.323002654e+00 +6.8834e-01 -7.2298e-01
99 0 +9.172412253e+00 -4.677587747e+00 -4.677587747e+00 +7.0295e-01 -6.5249e-01
100 0 +9.099280188e+00 -4.750719812e+00 -4.750719812e+00 +7.0566e-01 -6.3833e-01
101 0 +8.906804954e+00 -4.943195046e+00 -4.943195046e+00 +7.1567e-01 -5.8893e-01
102 0 +8.568307437e+00 -5.281692563e+00 -5.281692563e+00 +7.3028e-01 -5.1844e-01
103 0 +8.185538723e+00 -5.664461277e+00 -5.664461277e+00 +7.5125e-01 -4.1617e-01
104 0 +8.058603812e+00 -5.791396188e+00 -5.791396188e+00 +7.6397e-01 -3.5261e-01
105 0 +7.722760169e+00 -6.127239831e+00 -6.127239831e+00 +7.9448e-01 -2.0266e-01
106 0 +6.902560914e+00 -6.947439086e+00 -6.947439086e+00 +8.3006e-01 -2.9910e-02
107 0 +5.333963971e+00 -8.516036029e+00 -8.516036029e+00 +8.8725e-01 +2.4960e-01
108 0 +4.530119892e+00 -9.319880108e+00 -9.319880108e+00 +9.3048e-01 +4.6311e-01
109 0 +3.765516410e+00 -1.008448359e+01 -1.008448359e+01 +1.0201e+00 +9.0275e-01
110 0 +2.788513229e+00 -1.106148677e+01 -1.106148677e+01 +1.1129e+00 +1.3550e+00
111 0 +2.322596781e+00 -1.152740322e+01 -1.152740322e+01 +1.2721e+00 +2.1338e+00
114 0 +1.623140480e+00 -1.222685952e+01 -1.222685952e+01 +1.2686e+00 +2.1150e+00
115 0 +1.552115287e+00 -1.229788471e+01 -1.229788471e+01 +1.3929e+00 +2.7212e+00
118 0 +4.605676740e-01 -1.338943233e+01 -1.338943233e+01 +1.2954e+00 +2.2431e+00
119 0 +5.308263869e-02 -1.379691736e+01 -1.379691736e+01 +1.3071e+00 +2.2977e+00
128 0 +4.327325945e-02 -1.380672674e+01 -1.380672674e+01 +1.3486e+00 +2.4985e+00
130 0 +1.757717008e-02 -1.383242283e+01 -1.383242283e+01 +1.3000e+00 +2.2618e+00
132 0 +4.395085048e-03 -1.384560491e+01 -1.384560491e+01 +1.3157e+00 +2.3389e+00
136 0 +1.980014091e-03 -1.384801999e+01 -1.384801999e+01 +1.3329e+00 +2.4229e+00
138 0 +1.261330996e-03 -1.384873867e+01 -1.384873867e+01 +1.3263e+00 +2.3902e+00
140 0 +2.153503037e-04 -1.384978465e+01 -1.384978465e+01 +1.3226e+00 +2.3727e+00
146 0 +5.444795930e-05 -1.384994555e+01 -1.384994555e+01 +1.3264e+00 +2.3908e+00
149 0 +4.700751908e-05 -1.384995299e+01 -1.384995299e+01 +1.3238e+00 +2.3784e+00
151 0 +6.800665034e-06 -1.384999320e+01 -1.384999320e+01 +1.3244e+00 +2.3810e+00
157 0 +1.601081323e-06 -1.384999840e+01 -1.384999840e+01 +1.3250e+00 +2.3843e+00
159 0 +8.020173361e-07 -1.384999920e+01 -1.384999920e+01 +1.3250e+00 +2.3840e+00
161 0 +6.350758710e-07 -1.384999936e+01 -1.384999936e+01 +1.3247e+00 +2.3826e+00
163 0 +3.479377320e-07 -1.384999965e+01 -1.384999965e+01 +1.3247e+00 +2.3827e+00
165 0 +5.544555037e-08 -1.384999994e+01 -1.384999994e+01 +1.3248e+00 +2.3833e+00
170 0 +1.648836268e-08 -1.384999998e+01 -1.384999998e+01 +1.3248e+00 +2.3831e+00
172 0 +9.806395695e-09 -1.384999999e+01 -1.384999999e+01 +1.3248e+00 +2.3833e+00
% f evaluations | g evaluations | best noise-free fitness - Fopt (1.222300000000e+02) + sum g_i+ | measured fitness | best measured fitness or single-digit g-values | x1 | x2...
1 0 +1.064502799e+06 +1.064625029e+06 +1.064625029e+06 +0.0000e+00 +0.0000e+00
4 0 +1.064166355e+06 +1.064288585e+06 +1.064288585e+06 -2.5000e-04 +2.5000e-04
15 0 +1.041741963e+06 +1.041864193e+06 +1.041864193e+06 -9.2344e-03 +1.2070e-03
18 0 +1.015942978e+06 +1.016065208e+06 +1.016065208e+06 -2.0070e-02 +3.0371e-03
19 0 +9.986198032e+05 +9.987420332e+05 +9.987420332e+05 -2.7246e-02 +3.8799e-03
21 0 +9.537695518e+05 +9.538917818e+05 +9.538917818e+05 -4.7232e-02 +8.1782e-03
22 0 +9.284378079e+05 +9.285600379e+05 +9.285600379e+05 -5.7924e-02 +8.8765e-03
23 0 +8.825236310e+05 +8.826458610e+05 +8.826458610e+05 -7.8608e-02 +1.1724e-02
24 0 +8.415142174e+05 +8.416364474e+05 +8.416364474e+05 -9.8595e-02 +1.6022e-02
25 0 +7.704607166e+05 +7.705829466e+05 +7.705829466e+05 -1.3427e-01 +2.2093e-02
26 0 +7.105715408e+05 +7.106937708e+05 +7.106937708e+05 -1.6565e-01 +2.5639e-02
27 0 +6.110991527e+05 +6.112213827e+05 +6.112213827e+05 -2.2485e-01 +3.4369e-02
28 0 +5.325172562e+05 +5.326394862e+05 +5.326394862e+05 -2.8051e-01 +4.4739e-02
29 0 +4.181344221e+05 +4.182566521e+05 +4.182566521e+05 -3.8146e-01 +6.1246e-02
30 0 +3.418522120e+05 +3.419744420e+05 +3.419744420e+05 -4.7205e-01 +7.3523e-02
31 0 +2.385726142e+05 +2.386948442e+05 +2.386948442e+05 -6.4093e-01 +9.9237e-02
32 0 +1.400024092e+05 +1.401246392e+05 +1.401246392e+05 -7.9755e-01 +1.2611e-01
33 0 +1.708036936e+04 +1.720259936e+04 +1.720259936e+04 -1.0839e+00 +1.7199e-01
34 0 +8.730567094e+03 +8.852797094e+03 +8.852797094e+03 -1.3434e+00 +2.0998e-01
41 0 +2.428483466e+02 +3.650783466e+02 +3.650783466e+02 -1.2170e+00 +1.9197e-01
46 0 +5.214910241e+01 +1.743791024e+02 +1.743791024e+02 -1.2435e+00 +1.9499e-01
48 0 +4.328009087e+01 +1.655100909e+02 +1.655100909e+02 -1.2436e+00 +1.9621e-01
50 0 +2.038126804e+01 +1.426112680e+02 +1.426112680e+02 -1.2303e+00 +1.9378e-01
53 0 +1.625639018e+00 +1.238556390e+02 +1.238556390e+02 -1.2370e+00 +1.9530e-01
58 0 +6.929374742e-01 +1.229229375e+02 +1.229229375e+02 -1.2361e+00 +1.9443e-01
60 0 +8.029714493e-02 +1.223102971e+02 +1.223102971e+02 -1.2351e+00 +1.9455e-01
67 0 +6.890492888e-02 +1.222989049e+02 +1.222989049e+02 -1.2350e+00 +1.9423e-01
69 0 +5.959231989e-02 +1.222895923e+02 +1.222895923e+02 -1.2352e+00 +1.9433e-01
72 0 +5.713062332e-02 +1.222871306e+02 +1.222871306e+02 -1.2350e+00 +1.9420e-01
90 0 +5.616909269e-02 +1.222861691e+02 +1.222861691e+02 -1.2344e+00 +1.9286e-01
95 0 +5.406891134e-02 +1.222840689e+02 +1.222840689e+02 -1.2323e+00 +1.8864e-01
96 0 +5.306023952e-02 +1.222830602e+02 +1.222830602e+02 -1.2313e+00 +1.8653e-01
99 0 +4.996562855e-02 +1.222799656e+02 +1.222799656e+02 -1.2272e+00 +1.7823e-01
100 0 +4.770939381e-02 +1.222777094e+02 +1.222777094e+02 -1.2244e+00 +1.7236e-01
102 0 +4.444284387e-02 +1.222744428e+02 +1.222744428e+02 -1.2174e+00 +1.5819e-01
103 0 +4.112339388e-02 +1.222711234e+02 +1.222711234e+02 -1.2116e+00 +1.4646e-01
104 0 +3.941564467e-02 +1.222694156e+02 +1.222694156e+02 -1.2140e+00 +1.5133e-01
105 0 +3.579482265e-02 +1.222657948e+02 +1.222657948e+02 -1.2100e+00 +1.4325e-01
106 0 +2.846603368e-02 +1.222584660e+02 +1.222584660e+02 -1.1973e+00 +1.1735e-01
107 0 +1.859831723e-02 +1.222485983e+02 +1.222485983e+02 -1.1837e+00 +8.9840e-02
108 0 +1.498467951e-02 +1.222449847e+02 +1.222449847e+02 -1.1821e+00 +8.6631e-02
109 0 +9.763753342e-03 +1.222397638e+02 +1.222397638e+02 -1.1673e+00 +5.6718e-02
110 0 +8.199913312e-04 +1.222308200e+02 +1.222308200e+02 -1.1411e+00 +3.3095e-03
116 0 +3.944646674e-04 +1.222303945e+02 +1.222303945e+02 -1.1210e+00 -3.7549e-02
120 0 +8.759076756e-05 +1.222300876e+02 +1.222300876e+02 -1.1313e+00 -1.6536e-02
125 0 +3.920993227e-05 +1.222300392e+02 +1.222300392e+02 -1.1294e+00 -2.0476e-02
127 0 +1.418393626e-05 +1.222300142e+02 +1.222300142e+02 -1.1281e+00 -2.3066e-02
129 0 +4.997523121e-06 +1.222300050e+02 +1.222300050e+02 -1.1300e+00 -1.9154e-02
133 0 +4.010192939e-06 +1.222300040e+02 +1.222300040e+02 -1.1289e+00 -2.1520e-02
135 0 +2.180278912e-06 +1.222300022e+02 +1.222300022e+02 -1.1293e+00 -2.0565e-02
137 0 +1.996506995e-07 +1.222300002e+02 +1.222300002e+02 -1.1296e+00 -2.0098e-02
144 0 +2.785201048e-08 +1.222300000e+02 +1.222300000e+02 -1.1297e+00 -1.9857e-02
146 0 +1.450642628e-08 +1.222300000e+02 +1.222300000e+02 -1.1296e+00 -2.0035e-02
150 0 +6.569933930e-09 +1.222300000e+02 +1.222300000e+02 -1.1296e+00 -1.9984e-02
% f evaluations | g evaluations | best noise-free fitness - Fopt (-4.114000000000e+02) + sum g_i+ | measured fitness | best measured fitness or single-digit g-values | x1 | x2...
1 0 +2.289957697e+04 +2.248817697e+04 +2.248817697e+04 +0.0000e+00 +0.0000e+00
4 0 +2.285604846e+04 +2.244464846e+04 +2.244464846e+04 +2.5000e-04 -2.5000e-04
10 0 +2.227905773e+04 +2.186765773e+04 +2.186765773e+04 +3.4375e-04 -2.1250e-03
12 0 +2.174895420e+04 +2.133755420e+04 +2.133755420e+04 +9.2188e-04 -4.0625e-03
13 0 +2.128586198e+04 +2.087446198e+04 +2.087446198e+04 +1.3516e-03 -5.7187e-03
15 0 +2.015204121e+04 +1.974064121e+04 +1.974064121e+04 +1.2070e-03 -9.2344e-03
16 0 +1.941569044e+04 +1.900429044e+04 +1.900429044e+04 +2.2305e-03 -1.2016e-02
17 0 +1.811658472e+04 +1.770518472e+04 +1.770518472e+04 +3.1816e-03 -1.6555e-02
18 0 +1.699571373e+04 +1.658431373e+04 +1.658431373e+04 +3.0371e-03 -2.0070e-02
19 0 +1.491152304e+04 +1.450012304e+04 +1.450012304e+04 +3.8799e-03 -2.7246e-02
20 0 +1.302337643e+04 +1.261197643e+04 +1.261197643e+04 +5.8545e-03 -3.4566e-02
21 0 +9.938283562e+03 +9.526883562e+03 +9.526883562e+03 +8.1782e-03 -4.7232e-02
22 0 +7.651577390e+03 +7.240177390e+03 +7.240177390e+03 +8.8765e-03 -5.7924e-02
23 0 +4.711525708e+03 +4.300125708e+03 +4.300125708e+03 +1.1724e-02 -7.8608e-02
24 0 +3.247485212e+03 +2.836085212e+03 +2.836085212e+03 +1.6022e-02 -9.8595e-02
25 0 +8.810568646e+02 +4.696568646e+02 +4.696568646e+02 +2.2093e-02 -1.3427e-01
26 0 +7.307199858e+00 -4.040928001e+02 -4.040928001e+02 +2.5639e-02 -1.6565e-01
39 0 +5.594003991e+00 -4.058059960e+02 -4.058059960e+02 +2.6768e-02 -1.6932e-01
42 0 +4.312599238e+00 -4.070874008e+02 -4.070874008e+02 +2.6062e-02 -1.6747e-01
49 0 +4.255693392e+00 -4.071443066e+02 -4.071443066e+02 +2.6331e-02 -1.6811e-01
87 0 +4.158879344e+00 -4.072411207e+02 -4.072411207e+02 +6.3175e-03 -1.5903e-01
91 0 +4.054120749e+00 -4.073458793e+02 -4.073458793e+02 -3.0141e-02 -1.4285e-01
93 0 +3.921630020e+00 -4.074783700e+02 -4.074783700e+02 -7.3173e-02 -1.2368e-01
95 0 +3.808578292e+00 -4.075914217e+02 -4.075914217e+02 -1.3454e-01 -9.6526e-02
96 0 +3.691039923e+00 -4.077089601e+02 -4.077089601e+02 -1.7757e-01 -7.7354e-02
97 0 +3.554176468e+00 -4.078458235e+02 -4.078458235e+02 -2.5128e-01 -4.4605e-02
99 0 +3.312972006e+00 -4.080870280e+02 -4.080870280e+02 -4.2939e-01 +3.4471e-02
100 0 +3.200037227e+00 -4.081999628e+02 -4.081999628e+02 -5.7682e-01 +9.9969e-02
101 0 +3.046445341e+00 -4.083535547e+02 -4.083535547e+02 -5.1546e-01 +7.2815e-02
102 0 +2.780407217e+00 -4.086195928e+02 -4.086195928e+02 -6.1686e-01 +1.1795e-01
103 0 +2.626899368e+00 -4.087731006e+02 -4.087731006e+02 -9.4240e-01 +2.6252e-01
105 0 +2.405962080e+00 -4.089940379e+02 -4.089940379e+02 -9.8244e-01 +2.8050e-01
106 0 +2.122420139e+00 -4.092775799e+02 -4.092775799e+02 -1.1852e+00 +3.7077e-01
109 0 +1.985742443e+00 -4.094142576e+02 -4.094142576e+02 -1.0832e+00 +3.2554e-01
110 0 +1.559936324e+00 -4.098400637e+02 -4.098400637e+02 -1.1536e+00 +3.5705e-01
112 0 +1.013513213e+00 -4.103864868e+02 -4.103864868e+02 -1.4668e+00 +4.9680e-01
113 0 +5.191182761e-01 -4.108808817e+02 -4.108808817e+02 -1.6076e+00 +5.5982e-01
115 0 +4.940397060e-01 -4.109059603e+02 -4.109059603e+02 -1.1448e+00 +3.5427e-01
116 0 +1.943537288e-01 -4.112056463e+02 -4.112056463e+02 -1.5989e+00 +5.5704e-01
120 0 +1.792089449e-02 -4.113820791e+02 -4.113820791e+02 -1.9438e+00 +7.1051e-01
127 0 +5.938481827e-03 -4.113940615e+02 -4.113940615e+02 -1.7715e+00 +6.3361e-01
129 0 +4.138871320e-03 -4.113958611e+02 -4.113958611e+02 -1.8695e+00 +6.7725e-01
131 0 +1.929116992e-03 -4.113980709e+02 -4.113980709e+02 -1.8821e+00 +6.8297e-01
133 0 +1.212168718e-03 -4.113987878e+02 -4.113987878e+02 -1.8237e+00 +6.5686e-01
135 0 +2.969917169e-04 -4.113997030e+02 -4.113997030e+02 -1.8446e+00 +6.6625e-01
137 0 +2.569265780e-04 -4.113997431e+02 -4.113997431e+02 -1.8581e+00 +6.7226e-01
139 0 +1.230890251e-04 -4.113998769e+02 -4.113998769e+02 -1.8375e+00 +6.6306e-01
141 0 +5.744627333e-05 -4.113999426e+02 -4.113999426e+02 -1.8462e+00 +6.6696e-01
145 0 +6.330700614e-06 -4.113999937e+02 -4.113999937e+02 -1.8428e+00 +6.6543e-01
149 0 +2.190530779e-06 -4.113999978e+02 -4.113999978e+02 -1.8418e+00 +6.6500e-01
151 0 +2.173148175e-06 -4.113999978e+02 -4.113999978e+02 -1.8443e+00 +6.6610e-01
153 0 +1.324147206e-06 -4.113999987e+02 -4.113999987e+02 -1.8430e+00 +6.6549e-01
155 0 +3.109370255e-07 -4.113999997e+02 -4.113999997e+02 -1.8427e+00 +6.6540e-01
157 0 +1.899174435e-07 -4.113999998e+02 -4.113999998e+02 -1.8436e+00 +6.6577e-01
162 0 +2.533704446e-08 -4.114000000e+02 -4.114000000e+02 -1.8431e+00 +6.6555e-01
168 0 +3.866091447e-09 -4.114000000e+02 -4.114000000e+02 -1.8432e+00 +6.6561e-01
% f evaluations | g evaluations | best noise-free fitness - Fopt (1.000000000000e+03) + sum g_i+ | measured fitness | best measured fitness or single-digit g-values | x1 | x2...
1 0 +2.280602090e+06 +2.281602090e+06 +2.281602090e+06 +0.0000e+00 +0.0000e+00
2 0 +2.279825998e+06 +2.280825998e+06 +2.280825998e+06 +2.5000e-04 +0.0000e+00
16 0 +2.232874668e+06 +2.233874668e+06 +2.233874668e+06 +1.0035e-02 -1.2016e-02
19 0 +2.169185406e+06 +2.170185406e+06 +2.170185406e+06 +2.3616e-02 -2.7246e-02
21 0 +2.091627694e+06 +2.092627694e+06 +2.092627694e+06 +3.9304e-02 -4.7232e-02
22 0 +2.044760823e+06 +2.045760823e+06 +2.045760823e+06 +4.9297e-02 -5.7924e-02
23 0 +1.958399620e+06 +1.959399620e+06 +1.959399620e+06 +6.7135e-02 -7.8608e-02
24 0 +1.879564158e+06 +1.880564158e+06 +1.880564158e+06 +8.2823e-02 -9.8595e-02
25 0 +1.733503929e+06 +1.734503929e+06 +1.734503929e+06 +1.1243e-01 -1.3427e-01
26 0 +1.600064661e+06 +1.601064661e+06 +1.601064661e+06 +1.4026e-01 -1.6565e-01
27 0 +1.360946001e+06 +1.361946001e+06 +1.361946001e+06 +1.9073e-01 -2.2485e-01
28 0 +1.155390076e+06 +1.156390076e+06 +1.156390076e+06 +2.3602e-01 -2.8051e-01
29 0 +8.252523126e+05 +8.262523126e+05 +8.262523126e+05 +3.2047e-01 -3.8146e-01
30 0 +5.936146315e+05 +5.946146315e+05 +5.946146315e+05 +3.9877e-01 -4.7205e-01
31 0 +3.383414784e+05 +3.393414784e+05 +3.393414784e+05 +5.4195e-01 -6.4093e-01
32 0 +2.057272435e+05 +2.067272435e+05 +2.067272435e+05 +6.7168e-01 -7.9755e-01
33 0 +1.195159013e+04 +1.295159013e+04 +1.295159013e+04 +9.1216e-01 -1.0839e+00
40 0 +1.467368287e+03 +2.467368287e+03 +2.467368287e+03 +1.0205e+00 -1.2103e+00
43 0 +1.066021668e+03 +2.066021668e+03 +2.066021668e+03 +9.6872e-01 -1.1504e+00
45 0 +4.214777182e+02 +1.421477718e+03 +1.421477718e+03 +9.7692e-01 -1.1587e+00
47 0 +5.004728914e+01 +1.050047289e+03 +1.050047289e+03 +9.9667e-01 -1.1824e+00
50 0 +2.147112410e+01 +1.021471124e+03 +1.021471124e+03 +9.8885e-01 -1.1726e+00
54 0 +2.432586511e+00 +1.002432587e+03 +1.002432587e+03 +9.9222e-01 -1.1771e+00
63 0 +1.747300398e+00 +1.001747300e+03 +1.001747300e+03 +9.9167e-01 -1.1761e+00
96 0 +1.735687758e+00 +1.001735688e+03 +1.001735688e+03 +9.9032e-01 -1.1794e+00
103 0 +1.694199992e+00 +1.001694200e+03 +1.001694200e+03 +9.8424e-01 -1.1933e+00
106 0 +1.652018461e+00 +1.001652018e+03 +1.001652018e+03 +9.7886e-01 -1.2055e+00
107 0 +1.615076089e+00 +1.001615076e+03 +1.001615076e+03 +9.7425e-01 -1.2160e+00
109 0 +1.547708798e+00 +1.001547709e+03 +1.001547709e+03 +9.6694e-01 -1.2325e+00
110 0 +1.471503014e+00 +1.001471503e+03 +1.001471503e+03 +9.5849e-01 -1.2518e+00
111 0 +1.353283315e+00 +1.001353283e+03 +1.001353283e+03 +9.4640e-01 -1.2794e+00
112 0 +1.275506639e+00 +1.001275507e+03 +1.001275507e+03 +9.3908e-01 -1.2959e+00
113 0 +1.098383557e+00 +1.001098384e+03 +1.001098384e+03 +9.2150e-01 -1.3358e+00
114 0 +9.086873957e-01 +1.000908687e+03 +1.000908687e+03 +9.0096e-01 -1.3826e+00
115 0 +6.773746202e-01 +1.000677375e+03 +1.000677375e+03 +8.6798e-01 -1.4577e+00
116 0 +5.702975782e-01 +1.000570298e+03 +1.000570298e+03 +8.4308e-01 -1.5141e+00
117 0 +5.011355198e-01 +1.000501136e+03 +1.000501136e+03 +7.9142e-01 -1.6315e+00
118 0 +3.778354745e-01 +1.000377835e+03 +1.000377835e+03 +7.3790e-01 -1.7534e+00
119 0 +1.183183557e-01 +1.000118318e+03 +1.000118318e+03 +6.4610e-01 -1.9622e+00
120 0 +3.928921152e-02 +1.000039289e+03 +1.000039289e+03 +5.6954e-01 -2.1359e+00
124 0 +2.515837829e-02 +1.000025158e+03 +1.000025158e+03 +5.7149e-01 -2.1317e+00
126 0 +5.833491555e-03 +1.000005833e+03 +1.000005833e+03 +4.9737e-01 -2.3002e+00
127 0 +8.783329407e-04 +1.000000878e+03 +1.000000878e+03 +4.9931e-01 -2.2960e+00
137 0 +7.587597054e-05 +1.000000076e+03 +1.000000076e+03 +5.1217e-01 -2.2668e+00
144 0 +5.599545386e-05 +1.000000056e+03 +1.000000056e+03 +5.0719e-01 -2.2781e+00
145 0 +2.748531699e-05 +1.000000027e+03 +1.000000027e+03 +5.0831e-01 -2.2755e+00
148 0 +8.080057114e-06 +1.000000008e+03 +1.000000008e+03 +5.0996e-01 -2.2718e+00
150 0 +7.421469945e-06 +1.000000007e+03 +1.000000007e+03 +5.0816e-01 -2.2759e+00
152 0 +3.147782195e-06 +1.000000003e+03 +1.000000003e+03 +5.0868e-01 -2.2747e+00
154 0 +1.505541832e-06 +1.000000002e+03 +1.000000002e+03 +5.0919e-01 -2.2735e+00
156 0 +1.089079092e-06 +1.000000001e+03 +1.000000001e+03 +5.0855e-01 -2.2750e+00
158 0 +2.037548938e-07 +1.000000000e+03 +1.000000000e+03 +5.0878e-01 -2.2745e+00
164 0 +4.606044968e-08 +1.000000000e+03 +1.000000000e+03 +5.0883e-01 -2.2743e+00
166 0 +3.882325927e-08 +1.000000000e+03 +1.000000000e+03 +5.0875e-01 -2.2745e+00
168 0 +2.319700343e-08 +1.000000000e+03 +1.000000000e+03 +5.0878e-01 -2.2744e+00
170 0 +1.082378276e-08 +1.000000000e+03 +1.000000000e+03 +5.0880e-01 -2.2744e+00
172 0 +9.589143701e-09 +1.000000000e+03 +1.000000000e+03 +5.0877e-01 -2.2745e+00
% f evaluations | g evaluations | best noise-free fitness - Fopt (6.730000000000e+00) + sum g_i+ | measured fitness | best measured fitness or single-digit g-values | x1 | x2...
1 0 +3.781135406e+06 +3.781142136e+06 +3.781142136e+06 +0.0000e+00 +0.0000e+00
3 0 +3.779925486e+06 +3.779932216e+06 +3.779932216e+06 +0.0000e+00 +2.5000e-04
15 0 +3.703359909e+06 +3.703366639e+06 +3.703366639e+06 -9.2344e-03 +8.2773e-03
18 0 +3.616979680e+06 +3.616986410e+06 +3.616986410e+06 -2.0070e-02 +1.7283e-02
20 0 +3.505783201e+06 +3.505789931e+06 +3.505789931e+06 -3.4566e-02 +2.8962e-02
21 0 +3.410647720e+06 +3.410654450e+06 +3.410654450e+06 -4.7232e-02 +3.9304e-02
22 0 +3.326965241e+06 +3.326971971e+06 +3.326971971e+06 -5.7924e-02 +4.9297e-02
23 0 +3.177775002e+06 +3.177781732e+06 +3.177781732e+06 -7.8608e-02 +6.7135e-02
24 0 +3.047693297e+06 +3.047700027e+06 +3.047700027e+06 -9.8595e-02 +8.2823e-02
25 0 +2.829423020e+06 +2.829429750e+06 +2.829429750e+06 -1.3427e-01 +1.1243e-01
26 0 +2.654906089e+06 +2.654912819e+06 +2.654912819e+06 -1.6565e-01 +1.4026e-01
27 0 +2.393980666e+06 +2.393987396e+06 +2.393987396e+06 -2.2485e-01 +1.9073e-01
28 0 +2.223276546e+06 +2.223283276e+06 +2.223283276e+06 -2.8051e-01 +2.3602e-01
29 0 +2.054911080e+06 +2.054917810e+06 +2.054917810e+06 -3.8146e-01 +3.2047e-01
30 0 +1.987007673e+06 +1.987014403e+06 +1.987014403e+06 -4.7205e-01 +3.9877e-01
31 0 +1.571278377e+06 +1.571285107e+06 +1.571285107e+06 -6.4093e-01 +5.4195e-01
32 0 +8.101495916e+05 +8.101563216e+05 +8.101563216e+05 -7.9755e-01 +6.7168e-01
33 0 +3.883181203e+05 +3.883248503e+05 +3.883248503e+05 -1.0839e+00 +9.1216e-01
34 0 +5.664084120e+04 +5.664757120e+04 +5.664757120e+04 -1.3434e+00 +1.1336e+00
41 0 +1.820551422e+03 +1.827281422e+03 +1.827281422e+03 -1.5601e+00 +1.3142e+00
46 0 +3.820600782e+02 +3.887900782e+02 +3.887900782e+02 -1.5130e+00 +1.2759e+00
48 0 +3.023735747e+02 +3.091035747e+02 +3.091035747e+02 -1.5153e+00 +1.2764e+00
50 0 +9.913224631e+01 +1.058622463e+02 +1.058622463e+02 -1.5371e+00 +1.2952e+00
53 0 +1.306774893e+01 +1.979774893e+01 +1.979774893e+01 -1.5268e+00 +1.2859e+00
56 0 +1.142416280e+01 +1.815416280e+01 +1.815416280e+01 -1.5314e+00 +1.2904e+00
58 0 +9.019510625e+00 +1.574951062e+01 +1.574951062e+01 -1.5268e+00 +1.2868e+00
60 0 +4.721821145e+00 +1.145182115e+01 +1.145182115e+01 -1.5279e+00 +1.2872e+00
62 0 +2.463947083e+00 +9.193947083e+00 +9.193947083e+00 -1.5294e+00 +1.2887e+00
65 0 +2.426094184e+00 +9.156094184e+00 +9.156094184e+00 -1.5289e+00 +1.2881e+00
71 0 +2.285558071e+00 +9.015558071e+00 +9.015558071e+00 -1.5291e+00 +1.2884e+00
107 0 +2.227801950e+00 +8.957801950e+00 +8.957801950e+00 -1.5153e+00 +1.3004e+00
110 0 +2.183577627e+00 +8.913577627e+00 +8.913577627e+00 -1.5002e+00 +1.3134e+00
114 0 +2.093016922e+00 +8.823016922e+00 +8.823016922e+00 -1.4741e+00 +1.3359e+00
115 0 +2.061368254e+00 +8.791368254e+00 +8.791368254e+00 -1.4710e+00 +1.3385e+00
118 0 +2.022004312e+00 +8.752004312e+00 +8.752004312e+00 -1.4711e+00 +1.3381e+00
119 0 +1.921860569e+00 +8.651860569e+00 +8.651860569e+00 -1.4457e+00 +1.3600e+00
120 0 +1.813046673e+00 +8.543046673e+00 +8.543046673e+00 -1.4204e+00 +1.3818e+00
122 0 +1.719772216e+00 +8.449772216e+00 +8.449772216e+00 -1.3953e+00 +1.4028e+00
123 0 +1.441430179e+00 +8.171430179e+00 +8.171430179e+00 -1.3447e+00 +1.4464e+00
124 0 +1.170325393e+00 +7.900325393e+00 +7.900325393e+00 -1.2815e+00 +1.5005e+00
126 0 +7.401046171e-01 +7.470104617e+00 +7.470104617e+00 -1.1425e+00 +1.6193e+00
127 0 +4.767802673e-01 +7.206780267e+00 +7.206780267e+00 -1.0162e+00 +1.7276e+00
130 0 +1.730914016e-01 +6.903091402e+00 +6.903091402e+00 -7.7594e-01 +1.9336e+00
131 0 +1.526621997e-02 +6.745266220e+00 +6.745266220e+00 -5.2317e-01 +2.1502e+00
136 0 +1.473555509e-02 +6.744735555e+00 +6.744735555e+00 -4.7567e-01 +2.1912e+00
140 0 +4.336389363e-04 +6.730433639e+00 +6.730433639e+00 -4.7830e-01 +2.1887e+00
149 0 +4.089179978e-04 +6.730408918e+00 +6.730408918e+00 -4.6371e-01 +2.2013e+00
151 0 +1.117367537e-04 +6.730111737e+00 +6.730111737e+00 -4.7554e-01 +2.1911e+00
154 0 +6.519922779e-05 +6.730065199e+00 +6.730065199e+00 -4.8579e-01 +2.1823e+00
157 0 +1.000988077e-05 +6.730010010e+00 +6.730010010e+00 -4.7731e-01 +2.1896e+00
163 0 +2.601615459e-06 +6.730002602e+00 +6.730002602e+00 -4.7907e-01 +2.1881e+00
165 0 +1.129434713e-06 +6.730001129e+00 +6.730001129e+00 -4.8003e-01 +2.1873e+00
169 0 +3.248254199e-07 +6.730000325e+00 +6.730000325e+00 -4.7915e-01 +2.1880e+00
171 0 +8.897755688e-08 +6.730000089e+00 +6.730000089e+00 -4.7901e-01 +2.1882e+00
175 0 +5.822948612e-08 +6.730000058e+00 +6.730000058e+00 -4.7921e-01 +2.1880e+00
177 0 +3.057277542e-08 +6.730000031e+00 +6.730000031e+00 -4.7933e-01 +2.1879e+00
179 0 +6.360203919e-09 +6.730000006e+00 +6.730000006e+00 -4.7914e-01 +2.1881e+00
% f evaluations | g evaluations | best noise-free fitness - Fopt (2.632300000000e+02) + sum g_i+ | measured fitness | best measured fitness or single-digit g-values | x1 | x2...
1 0 +1.000212101e+06 +1.000475331e+06 +1.000475331e+06 +0.0000e+00 +0.0000e+00
2 0 +9.997349180e+05 +9.999981480e+05 +9.999981480e+05 +2.5000e-04 +0.0000e+00
13 0 +9.731891881e+05 +9.734524181e+05 +9.734524181e+05 +4.6172e-03 -5.7187e-03
16 0 +9.435145585e+05 +9.437777885e+05 +9.437777885e+05 +1.0035e-02 -1.2016e-02
17 0 +9.231907159e+05 +9.234539459e+05 +9.234539459e+05 +1.3623e-02 -1.6555e-02
18 0 +9.061909463e+05 +9.064541763e+05 +9.064541763e+05 +1.7283e-02 -2.0070e-02
19 0 +8.744002282e+05 +8.746634582e+05 +8.746634582e+05 +2.3616e-02 -2.7246e-02
20 0 +8.450492216e+05 +8.453124516e+05 +8.453124516e+05 +2.8962e-02 -3.4566e-02
21 0 +7.954690011e+05 +7.957322311e+05 +7.957322311e+05 +3.9304e-02 -4.7232e-02
22 0 +7.550179739e+05 +7.552812039e+05 +7.552812039e+05 +4.9297e-02 -5.7924e-02
23 0 +6.878089400e+05 +6.880721700e+05 +6.880721700e+05 +6.7135e-02 -7.8608e-02
24 0 +6.354749728e+05 +6.357382028e+05 +6.357382028e+05 +8.2823e-02 -9.8595e-02
25 0 +5.656365054e+05 +5.658997354e+05 +5.658997354e+05 +1.1243e-01 -1.3427e-01
26 0 +5.274506641e+05 +5.277138941e+05 +5.277138941e+05 +1.4026e-01 -1.6565e-01
27 0 +4.969866749e+05 +4.972499049e+05 +4.972499049e+05 +1.9073e-01 -2.2485e-01
28 0 +4.661194620e+05 +4.663826920e+05 +4.663826920e+05 +2.3602e-01 -2.8051e-01
29 0 +2.677570664e+05 +2.680202964e+05 +2.680202964e+05 +3.2047e-01 -3.8146e-01
30 0 +1.393515783e+05 +1.396148083e+05 +1.396148083e+05 +3.9877e-01 -4.7205e-01
31 0 +2.978905493e+04 +3.005228493e+04 +3.005228493e+04 +5.4195e-01 -6.4093e-01
32 0 +8.455367547e+02 +1.108766755e+03 +1.108766755e+03 +6.7168e-01 -7.9755e-01
43 0 +6.396478183e+01 +3.271947818e+02 +3.271947818e+02 +6.4969e-01 -7.7016e-01
48 0 +2.601623691e+01 +2.892462369e+02 +2.892462369e+02 +6.5421e-01 -7.7634e-01
55 0 +2.499630272e+01 +2.882263027e+02 +2.882263027e+02 +6.5363e-01 -7.7507e-01
97 0 +2.448930742e+01 +2.877193074e+02 +2.877193074e+02 +6.0755e-01 -8.0272e-01
101 0 +2.386602953e+01 +2.870960295e+02 +2.870960295e+02 +5.2573e-01 -8.5135e-01
103 0 +2.340220732e+01 +2.866322073e+02 +2.866322073e+02 +4.4391e-01 -8.9998e-01
106 0 +2.203369748e+01 +2.852636975e+02 +2.852636975e+02 +2.5363e-01 -1.0127e+00
107 0 +2.144124401e+01 +2.846712440e+02 +2.846712440e+02 +1.1758e-01 -1.0933e+00
109 0 +2.079043395e+01 +2.840204339e+02 +2.840204339e+02 -1.6832e-01 -1.2630e+00
111 0 +1.959320808e+01 +2.828232081e+02 +2.828232081e+02 -4.1283e-01 -1.4077e+00
112 0 +1.911674619e+01 +2.823467462e+02 +2.823467462e+02 -6.6425e-01 -1.5566e+00
115 0 +1.849378350e+01 +2.817237835e+02 +2.817237835e+02 -4.4120e-01 -1.4242e+00
116 0 +1.774884400e+01 +2.809788440e+02 +2.809788440e+02 -4.4159e-01 -1.4241e+00
117 0 +1.641874745e+01 +2.796487474e+02 +2.796487474e+02 -8.8846e-01 -1.6888e+00
118 0 +1.555104341e+01 +2.787810434e+02 +2.787810434e+02 -1.2240e+00 -1.8873e+00
119 0 +1.326777619e+01 +2.764977762e+02 +2.764977762e+02 -1.0014e+00 -1.7548e+00
120 0 +1.096893025e+01 +2.741989302e+02 +2.741989302e+02 -1.1699e+00 -1.8540e+00
121 0 +1.061632256e+01 +2.738463226e+02 +2.738463226e+02 -1.9523e+00 -2.3171e+00
123 0 +6.458444281e+00 +2.696884443e+02 +2.696884443e+02 -1.8982e+00 -2.2838e+00
124 0 +3.896708916e+00 +2.671267089e+02 +2.671267089e+02 -2.2353e+00 -2.4821e+00
125 0 +3.488282596e+00 +2.667182826e+02 +2.667182826e+02 -3.0177e+00 -2.9452e+00
126 0 +3.116086886e+00 +2.663460869e+02 +2.663460869e+02 -3.9417e+00 -3.4909e+00
127 0 +3.520610076e-01 +2.635820610e+02 +2.635820610e+02 -4.2247e+00 -3.6558e+00
132 0 +2.079297615e-01 +2.634379298e+02 +2.634379298e+02 -3.5671e+00 -3.2672e+00
134 0 +1.293736944e-01 +2.633593737e+02 +2.633593737e+02 -3.5276e+00 -3.2446e+00
136 0 +2.890679008e-02 +2.632589068e+02 +2.632589068e+02 -3.8860e+00 -3.4558e+00
140 0 +2.257887335e-02 +2.632525789e+02 +2.632525789e+02 -3.6445e+00 -3.3134e+00
142 0 +8.335967725e-03 +2.632383360e+02 +2.632383360e+02 -3.7011e+00 -3.3467e+00
144 0 +2.358742805e-03 +2.632323587e+02 +2.632323587e+02 -3.7794e+00 -3.3929e+00
149 0 +4.988926609e-04 +2.632304989e+02 +2.632304989e+02 -3.7337e+00 -3.3660e+00
151 0 +4.427291595e-04 +2.632304427e+02 +2.632304427e+02 -3.7636e+00 -3.3837e+00
153 0 +3.760739192e-04 +2.632303761e+02 +2.632303761e+02 -3.7640e+00 -3.3839e+00
155 0 +3.448479481e-05 +2.632300345e+02 +2.632300345e+02 -3.7488e+00 -3.3749e+00
162 0 +1.077495602e-05 +2.632300108e+02 +2.632300108e+02 -3.7538e+00 -3.3779e+00
166 0 +4.695459609e-06 +2.632300047e+02 +2.632300047e+02 -3.7502e+00 -3.3758e+00
169 0 +2.201193354e-06 +2.632300022e+02 +2.632300022e+02 -3.7531e+00 -3.3774e+00
171 0 +1.694596676e-06 +2.632300017e+02 +2.632300017e+02 -3.7530e+00 -3.3774e+00
173 0 +3.333250334e-07 +2.632300003e+02 +2.632300003e+02 -3.7516e+00 -3.3766e+00
177 0 +9.946558066e-08 +2.632300001e+02 +2.632300001e+02 -3.7517e+00 -3.3766e+00
179 0 +4.924038421e-08 +2.632300000e+02 +2.632300000e+02 -3.7522e+00 -3.3769e+00
183 0 +1.763578439e-08 +2.632300000e+02 +2.632300000e+02 -3.7519e+00 -3.3768e+00
184 0 +1.557816631e-08 +2.632300000e+02 +2.632300000e+02 -3.7520e+00 -3.3768e+00
187 0 +1.128552185e-08 +2.632300000e+02 +2.632300000e+02 -3.7521e+00 -3.3768e+00
189 0 +1.208434242e-09 +2.632300000e+02 +2.632300000e+02 -3.7520e+00 -3.3768e+00
% f evaluations | g evaluations | best noise-free fitness - Fopt (1.803000000000e+02) + sum g_i+ | measured fitness | best measured fitness or single-digit g-values | x1 | x2...
1 0 +2.869701416e+06 +2.869881716e+06 +2.869881716e+06 +0.0000e+00 +0.0000e+00
3 0 +2.869067377e+06 +2.869247677e+06 +2.869247677e+06 +0.0000e+00 +2.5000e-04
17 0 +2.808318129e+06 +2.808498429e+06 +2.808498429e+06 -1.6555e-02 +1.3623e-02
20 0 +2.739179395e+06 +2.739359695e+06 +2.739359695e+06 -3.4566e-02 +2.8962e-02
21 0 +2.691064091e+06 +2.691244391e+06 +2.691244391e+06 -4.7232e-02 +3.9304e-02
23 0 +2.563548914e+06 +2.563729214e+06 +2.563729214e+06 -7.8608e-02 +6.7135e-02
24 0 +2.486070663e+06 +2.486250963e+06 +2.486250963e+06 -9.8595e-02 +8.2823e-02
25 0 +2.340158886e+06 +2.340339186e+06 +2.340339186e+06 -1.3427e-01 +1.1243e-01
26 0 +2.203467969e+06 +2.203648269e+06 +2.203648269e+06 -1.6565e-01 +1.4026e-01
27 0 +1.945165557e+06 +1.945345857e+06 +1.945345857e+06 -2.2485e-01 +1.9073e-01
28 0 +1.705823340e+06 +1.706003640e+06 +1.706003640e+06 -2.8051e-01 +2.3602e-01
29 0 +1.278847023e+06 +1.279027323e+06 +1.279027323e+06 -3.8146e-01 +3.2047e-01
30 0 +9.351324100e+05 +9.353127100e+05 +9.353127100e+05 -4.7205e-01 +3.9877e-01
31 0 +4.946090131e+05 +4.947893131e+05 +4.947893131e+05 -6.4093e-01 +5.4195e-01
32 0 +2.952768871e+05 +2.954571871e+05 +2.954571871e+05 -7.9755e-01 +6.7168e-01
33 0 +4.752930036e+04 +4.770960036e+04 +4.770960036e+04 -1.0839e+00 +9.1216e-01
34 0 +1.334492177e+04 +1.352522177e+04 +1.352522177e+04 -1.3434e+00 +1.1336e+00
41 0 +2.631053111e+03 +2.811353111e+03 +2.811353111e+03 -1.2170e+00 +1.0253e+00
44 0 +7.892279217e+02 +9.695279217e+02 +9.695279217e+02 -1.2768e+00 +1.0771e+00
47 0 +6.510666004e+01 +2.454066600e+02 +2.454066600e+02 -1.2503e+00 +1.0536e+00
50 0 +3.649964687e+01 +2.167996469e+02 +2.167996469e+02 -1.2602e+00 +1.0629e+00
54 0 +2.800243265e+01 +2.083024326e+02 +2.083024326e+02 -1.2598e+00 +1.0618e+00
56 0 +1.276846835e+01 +1.930684684e+02 +1.930684684e+02 -1.2551e+00 +1.0580e+00
59 0 +1.049279064e+01 +1.907927906e+02 +1.907927906e+02 -1.2574e+00 +1.0596e+00
61 0 +1.038753031e+01 +1.906875303e+02 +1.906875303e+02 -1.2570e+00 +1.0598e+00
63 0 +1.009856471e+01 +1.903985647e+02 +1.903985647e+02 -1.2562e+00 +1.0588e+00
66 0 +9.844456620e+00 +1.901444566e+02 +1.901444566e+02 -1.2565e+00 +1.0593e+00
111 0 +9.770557824e+00 +1.900705578e+02 +1.900705578e+02 -1.2702e+00 +1.0508e+00
118 0 +9.521002389e+00 +1.898210024e+02 +1.898210024e+02 -1.3076e+00 +1.0272e+00
120 0 +9.330834494e+00 +1.896308345e+02 +1.896308345e+02 -1.3352e+00 +1.0097e+00
122 0 +9.031769618e+00 +1.893317696e+02 +1.893317696e+02 -1.3914e+00 +9.7448e-01
123 0 +8.807561476e+00 +1.891075615e+02 +1.891075615e+02 -1.4399e+00 +9.4406e-01
124 0 +8.592707700e+00 +1.888927077e+02 +1.888927077e+02 -1.4747e+00 +9.2190e-01
125 0 +8.282324471e+00 +1.885823245e+02 +1.885823245e+02 -1.5493e+00 +8.7486e-01
126 0 +7.958322813e+00 +1.882583228e+02 +1.882583228e+02 -1.6288e+00 +8.2511e-01
127 0 +7.463427323e+00 +1.877634273e+02 +1.877634273e+02 -1.7631e+00 +7.4076e-01
128 0 +6.964248577e+00 +1.872642486e+02 +1.872642486e+02 -1.8724e+00 +6.7155e-01
129 0 +5.724563682e+00 +1.860245637e+02 +1.860245637e+02 -2.0887e+00 +5.3529e-01
130 0 +3.892118465e+00 +1.841921185e+02 +1.841921185e+02 -2.3025e+00 +4.0120e-01
131 0 +2.117211176e+00 +1.824172112e+02 +1.824172112e+02 -2.6791e+00 +1.6437e-01
132 0 +1.957756936e+00 +1.822577569e+02 +1.822577569e+02 -3.0048e+00 -4.1098e-02
133 0 +8.826556038e-01 +1.811826556e+02 +1.811826556e+02 -3.6256e+00 -4.3203e-01
134 0 +4.054507965e-01 +1.807054508e+02 +1.807054508e+02 -4.2160e+00 -8.0295e-01
138 0 +1.399857804e-02 +1.803139986e+02 +1.803139986e+02 -3.8904e+00 -5.9749e-01
150 0 +5.156324281e-03 +1.803051563e+02 +1.803051563e+02 -3.9529e+00 -6.3689e-01
152 0 +7.579298729e-04 +1.803007579e+02 +1.803007579e+02 -4.0102e+00 -6.7290e-01
157 0 +4.902257696e-04 +1.803004902e+02 +1.803004902e+02 -3.9689e+00 -6.4687e-01
160 0 +4.253274443e-04 +1.803004253e+02 +1.803004253e+02 -3.9914e+00 -6.6104e-01
162 0 +9.872911082e-05 +1.803000987e+02 +1.803000987e+02 -3.9952e+00 -6.6343e-01
165 0 +7.472527128e-05 +1.803000747e+02 +1.803000747e+02 -3.9849e+00 -6.5694e-01
168 0 +1.141670322e-05 +1.803000114e+02 +1.803000114e+02 -3.9856e+00 -6.5737e-01
172 0 +9.779288632e-06 +1.803000098e+02 +1.803000098e+02 -3.9864e+00 -6.5788e-01
174 0 +1.175243767e-06 +1.803000012e+02 +1.803000012e+02 -3.9881e+00 -6.5896e-01
180 0 +1.833817578e-07 +1.803000002e+02 +1.803000002e+02 -3.9870e+00 -6.5829e-01
186 0 +1.483343226e-08 +1.803000000e+02 +1.803000000e+02 -3.9873e+00 -6.5844e-01
192 0 +1.191102683e-08 +1.803000000e+02 +1.803000000e+02 -3.9871e+00 -6.5835e-01
194 0 +5.061963293e-09 +1.803000000e+02 +1.803000000e+02 -3.9871e+00 -6.5837e-01
% f evaluations | g evaluations | best noise-free fitness - Fopt (6.456000000000e+01) + sum g_i+ | measured fitness | best measured fitness or single-digit g-values | x1 | x2...
1 0 +1.300936700e+07 +1.300943156e+07 +1.300943156e+07 +0.0000e+00 +0.0000e+00
2 0 +1.300823134e+07 +1.300829590e+07 +1.300829590e+07 +2.5000e-04 +0.0000e+00
17 0 +1.284185997e+07 +1.284192453e+07 +1.284192453e+07 +1.3623e-02 -1.6555e-02
21 0 +1.253104190e+07 +1.253110646e+07 +1.253110646e+07 +3.9304e-02 -4.7232e-02
23 0 +1.220850643e+07 +1.220857099e+07 +1.220857099e+07 +6.7135e-02 -7.8608e-02
24 0 +1.201352155e+07 +1.201358611e+07 +1.201358611e+07 +8.2823e-02 -9.8595e-02
25 0 +1.166121134e+07 +1.166127590e+07 +1.166127590e+07 +1.1243e-01 -1.3427e-01
26 0 +1.134687410e+07 +1.134693866e+07 +1.134693866e+07 +1.4026e-01 -1.6565e-01
27 0 +1.077234951e+07 +1.077241407e+07 +1.077241407e+07 +1.9073e-01 -2.2485e-01
28 0 +1.025414608e+07 +1.025421064e+07 +1.025421064e+07 +2.3602e-01 -2.8051e-01
29 0 +9.341068097e+06 +9.341132657e+06 +9.341132657e+06 +3.2047e-01 -3.8146e-01
30 0 +8.558274518e+06 +8.558339078e+06 +8.558339078e+06 +3.9877e-01 -4.7205e-01
31 0 +7.244421466e+06 +7.244486026e+06 +7.244486026e+06 +5.4195e-01 -6.4093e-01
32 0 +6.205334371e+06 +6.205398931e+06 +6.205398931e+06 +6.7168e-01 -7.9755e-01
33 0 +4.712200209e+06 +4.712264769e+06 +4.712264769e+06 +9.1216e-01 -1.0839e+00
34 0 +3.700587743e+06 +3.700652303e+06 +3.700652303e+06 +1.1336e+00 -1.3434e+00
35 0 +1.770210169e+06 +1.770274729e+06 +1.770274729e+06 +1.5402e+00 -1.8243e+00
36 0 +3.674174339e+05 +3.674819939e+05 +3.674819939e+05 +1.9104e+00 -2.2673e+00
37 0 +1.439810662e+05 +1.440456262e+05 +1.440456262e+05 +2.5947e+00 -3.0804e+00
43 0 +5.636352509e+04 +5.642808509e+04 +5.642808509e+04 +2.4912e+00 -2.9550e+00
45 0 +1.829843098e+03 +1.894403098e+03 +1.894403098e+03 +2.3115e+00 -2.7421e+00
54 0 +7.458693853e+01 +1.391469385e+02 +1.391469385e+02 +2.3430e+00 -2.7788e+00
59 0 +5.386134850e+00 +6.994613485e+01 +6.994613485e+01 +2.3359e+00 -2.7709e+00
66 0 +2.209117997e+00 +6.676911800e+01 +6.676911800e+01 +2.3383e+00 -2.7736e+00
68 0 +1.150346551e+00 +6.571034655e+01 +6.571034655e+01 +2.3380e+00 -2.7732e+00
70 0 +8.984331109e-01 +6.545843311e+01 +6.545843311e+01 +2.3370e+00 -2.7721e+00
72 0 +8.262746330e-01 +6.538627463e+01 +6.538627463e+01 +2.3371e+00 -2.7721e+00
74 0 +5.190685448e-01 +6.507906854e+01 +6.507906854e+01 +2.3375e+00 -2.7726e+00
81 0 +5.060689085e-01 +6.506606891e+01 +6.506606891e+01 +2.3375e+00 -2.7725e+00
% f evaluations | g evaluations | best noise-free fitness - Fopt (-2.171400000000e+02) + sum g_i+ | measured fitness | best measured fitness or single-digit g-values | x1 | x2...
1 0 +5.624587862e+04 +5.602873862e+04 +5.602873862e+04 +0.0000e+00 +0.0000e+00
2 0 +5.612782115e+04 +5.591068115e+04 +5.591068115e+04 +2.5000e-04 +0.0000e+00
11 0 +5.488437904e+04 +5.466723904e+04 +5.466723904e+04 +2.8594e-03 +3.2813e-04
14 0 +5.340743753e+04 +5.319029753e+04 +5.319029753e+04 +6.0078e-03 +1.0234e-03
15 0 +5.240608382e+04 +5.218894382e+04 +5.218894382e+04 +8.2773e-03 +1.2070e-03
17 0 +5.001102130e+04 +4.979388130e+04 +4.979388130e+04 +1.3623e-02 +3.1816e-03
18 0 +4.857087188e+04 +4.835373188e+04 +4.835373188e+04 +1.7283e-02 +3.0371e-03
19 0 +4.608282443e+04 +4.586568443e+04 +4.586568443e+04 +2.3616e-02 +3.8799e-03
20 0 +4.394294019e+04 +4.372580019e+04 +4.372580019e+04 +2.8962e-02 +5.8545e-03
21 0 +3.993230277e+04 +3.971516277e+04 +3.971516277e+04 +3.9304e-02 +8.1782e-03
22 0 +3.602544313e+04 +3.580830313e+04 +3.580830313e+04 +4.9297e-02 +8.8765e-03
23 0 +2.843732996e+04 +2.822018996e+04 +2.822018996e+04 +6.7135e-02 +1.1724e-02
24 0 +2.196101603e+04 +2.174387603e+04 +2.174387603e+04 +8.2823e-02 +1.6022e-02
25 0 +1.497689408e+04 +1.475975408e+04 +1.475975408e+04 +1.1243e-01 +2.2093e-02
26 0 +1.022535868e+04 +1.000821868e+04 +1.000821868e+04 +1.4026e-01 +2.5639e-02
27 0 +2.043961691e+03 +1.826821691e+03 +1.826821691e+03 +1.9073e-01 +3.4369e-02
28 0 +1.798640316e+01 -1.991535968e+02 -1.991535968e+02 +2.3602e-01 +4.4739e-02
43 0 +1.347400195e+01 -2.036659980e+02 -2.036659980e+02 +2.3493e-01 +4.3962e-02
45 0 +1.184998987e+01 -2.052900101e+02 -2.052900101e+02 +2.3308e-01 +4.3557e-02
51 0 +1.162637157e+01 -2.055136284e+02 -2.055136284e+02 +2.3380e-01 +4.3799e-02
87 0 +1.147720666e+01 -2.056627933e+02 -2.056627933e+02 +2.3066e-01 +5.7668e-02
94 0 +1.111142413e+01 -2.060285759e+02 -2.060285759e+02 +2.1527e-01 +1.3141e-01
96 0 +1.090031024e+01 -2.062396898e+02 -2.062396898e+02 +2.1220e-01 +1.4534e-01
98 0 +1.052948020e+01 -2.066105198e+02 -2.066105198e+02 +1.9543e-01 +2.2482e-01
99 0 +1.018959118e+01 -2.069504088e+02 -2.069504088e+02 +1.8192e-01 +2.8876e-01
100 0 +9.933254446e+00 -2.072067456e+02 -2.072067456e+02 +1.8090e-01 +2.9241e-01
101 0 +9.420146589e+00 -2.077198534e+02 -2.077198534e+02 +1.6662e-01 +3.5910e-01
102 0 +8.970546426e+00 -2.081694536e+02 -2.081694536e+02 +1.4010e-01 +4.8517e-01
103 0 +8.399113252e+00 -2.087408867e+02 -2.087408867e+02 +1.0593e-01 +6.4641e-01
104 0 +7.560162201e+00 -2.095798378e+02 -2.095798378e+02 +9.0625e-02 +7.1674e-01
105 0 +6.530315499e+00 -2.106096845e+02 -2.106096845e+02 +4.4979e-02 +9.3073e-01
107 0 +5.310963951e+00 -2.118290360e+02 -2.118290360e+02 -7.6658e-02 +1.5024e+00
108 0 +4.320346356e+00 -2.128196536e+02 -2.128196536e+02 -1.6795e-01 +1.9303e+00
109 0 +3.940423870e+00 -2.131995761e+02 -2.131995761e+02 -1.0726e-01 +1.6430e+00
110 0 +2.955347855e+00 -2.141846521e+02 -2.141846521e+02 -1.5304e-01 +1.8555e+00
111 0 +8.171415201e-01 -2.163228585e+02 -2.163228585e+02 -3.6597e-01 +2.8551e+00
112 0 +6.832743364e-01 -2.164567257e+02 -2.164567257e+02 -5.7144e-01 +3.8173e+00
113 0 +2.082740135e-01 -2.169317260e+02 -2.169317260e+02 -5.5653e-01 +3.7425e+00
118 0 +1.592024884e-01 -2.169807975e+02 -2.169807975e+02 -5.1448e-01 +3.5487e+00
120 0 +4.980797499e-02 -2.170901920e+02 -2.170901920e+02 -4.4701e-01 +3.2317e+00
122 0 +3.083164355e-02 -2.171091684e+02 -2.171091684e+02 -5.1863e-01 +3.5664e+00
124 0 +1.577964123e-02 -2.171242204e+02 -2.171242204e+02 -4.6699e-01 +3.3242e+00
126 0 +4.469205722e-03 -2.171355308e+02 -2.171355308e+02 -4.6991e-01 +3.3385e+00
128 0 +4.234441143e-03 -2.171357656e+02 -2.171357656e+02 -4.9354e-01 +3.4488e+00
132 0 +5.201749744e-04 -2.171394798e+02 -2.171394798e+02 -4.8061e-01 +3.3885e+00
137 0 +1.529774077e-04 -2.171398470e+02 -2.171398470e+02 -4.8493e-01 +3.4087e+00
139 0 +4.891914224e-05 -2.171399511e+02 -2.171399511e+02 -4.8175e-01 +3.3937e+00
143 0 +2.906307347e-05 -2.171399709e+02 -2.171399709e+02 -4.8340e-01 +3.4015e+00
145 0 +1.854140646e-05 -2.171399815e+02 -2.171399815e+02 -4.8227e-01 +3.3962e+00
147 0 +3.006684636e-06 -2.171399970e+02 -2.171399970e+02 -4.8229e-01 +3.3963e+00
153 0 +2.078626125e-06 -2.171399979e+02 -2.171399979e+02 -4.8211e-01 +3.3955e+00
155 0 +5.011303301e-07 -2.171399995e+02 -2.171399995e+02 -4.8231e-01 +3.3964e+00
158 0 +9.046814853e-08 -2.171399999e+02 -2.171399999e+02 -4.8245e-01 +3.3970e+00
165 0 +3.327374998e-08 -2.171400000e+02 -2.171400000e+02 -4.8237e-01 +3.3967e+00
167 0 +1.971682195e-08 -2.171400000e+02 -2.171400000e+02 -4.8241e-01 +3.3969e+00
169 0 +1.244299597e-08 -2.171400000e+02 -2.171400000e+02 -4.8242e-01 +3.3969e+00
171 0 +8.948944696e-09 -2.171400000e+02 -2.171400000e+02 -4.8240e-01 +3.3968e+00
