% f evaluations | g evaluations | best noise-free fitness - Fopt (-5.465000000000e+02) + sum g_i+ | measured fitness | best measured fitness or single-digit g-values | x1 | x2...
1 0 +1.831961742e+04 +1.777311742e+04 +1.777311742e+04 +0.0000e+00 +0.0000e+00 +0.0000e+00 +0.0000e+00 +0.0000e+00 +0.0000e+00 +0.0000e+00 +0.0000e+00 +0.0000e+00 +0.0000e+00 +0.0000e+00 +0.0000e+00 +0.0000e+00 +0.0000e+00 +0.0000e+00 +0.0000e+00 +0.0000e+00 +0.0000e+00 +0.0000e+00 +0.0000e+00
4 0 +1.831959261e+04 +1.777309261e+04 +1.777309261e+04 +0.0000e+00 +1.0000e-01 +0.0000e+00 +0.0000e+00 +0.0000e+00 +0.0000e+00 +0.0000e+00 +0.0000e+00 +0.0000e+00 +0.0000e+00 +0.0000e+00 +0.0000e+00 +0.0000e+00 +0.0000e+00 +0.0000e+00 +0.0000e+00 +0.0000e+00 +0.0000e+00 +0.0000e+00 +0.0000e+00
15 0 +1.814696124e+04 +1.760046124e+04 +1.760046124e+04 +0.0000e+00 +0.0000e+00 +0.0000e+00 +0.0000e+00 +0.0000e+00 +0.0000e+00 +0.0000e+00 +0.0000e+00 +0.0000e+00 +0.0000e+00 +0.0000e+00 +0.0000e+00 +1.0000e-01 +0.0000e+00 +0.0000e+00 +0.0000e+00 +0.0000e+00 +0.0000e+00 +0.0000e+00 +0.0000e+00
19 0 +1.770212948e+04 +1.715562948e+04 +1.715562948e+04 +0.0000e+00 +0.0000e+00 +0.0000e+00 +0.0000e+00 +0.0000e+00 +0.0000e+00 +0.0000e+00 +0.0000e+00 +0.0000e+00 +0.0000e+00 +0.0000e+00 +0.0000e+00 +0.0000e+00 +0.0000e+00 +0.0000e+00 +0.0000e+00 +1.0000e-01 +0.0000e+00 +0.0000e+00 +0.0000e+00
23 0 +1.565003128e+04 +1.510353128e+04 +1.510353128e+04 -3.1212e-08 +1.3204e-06 +3.6022e-06 +4.1242e-06 -5.2410e-06 -1.9761e-06 -8.3351e-06 +6.9742e-06 +8.2795e-06 +3.7019e-04 +2.0053e-03 +5.2972e-03 +9.1888e-03 -1.5954e-02 +1.9143e-02 -2.8293e-02 +3.2863e-02 -4.4994e-02 -5.5375e-02 +1.4786e-01
24 0 +9.547810284e+03 +9.001310284e+03 +9.001310284e+03 -1.5836e-07 +6.6996e-06 +1.8277e-05 +2.0926e-05 -2.6592e-05 -1.0027e-05 -4.2291e-05 +3.5386e-05 +4.2009e-05 +1.8783e-03 +1.0175e-02 +2.6877e-02 +4.6623e-02 -8.0949e-02 +9.7129e-02 -1.4355e-01 +1.6674e-01 -2.2829e-01 -2.8097e-01 +3.2691e-01
25 0 +4.042908876e+03 +3.496408876e+03 +3.496408876e+03 -3.3971e-07 +1.4371e-05 +3.9207e-05 +4.4888e-05 -5.7043e-05 -2.1508e-05 -9.0719e-05 +7.5907e-05 +9.0114e-05 +4.0291e-03 +2.1826e-02 +5.7655e-02 +1.0001e-01 -1.7364e-01 +2.0835e-01 -3.0794e-01 +3.5768e-01 -4.8972e-01 -6.0271e-01 +4.6144e-01
26 0 +3.903237886e+03 +3.356737886e+03 +3.356737886e+03 +1.1197e-02 +1.1212e-02 +1.1237e-02 +1.1243e-02 +1.1139e-02 +1.1175e-02 +1.1105e-02 +1.1274e-02 +1.1289e-02 +1.5280e-02 +3.3314e-02 +6.9619e-02 +1.1254e-01 -1.6476e-01 +2.2232e-01 -3.0084e-01 +3.7364e-01 -4.8504e-01 -5.9954e-01 +4.8138e-01
28 0 +3.341768839e+03 +2.795268839e+03 +2.795268839e+03 +3.0372e-03 +3.0533e-03 +3.0804e-03 +3.0866e-03 +2.9751e-03 +3.0140e-03 +2.9383e-03 +3.1206e-03 +3.1361e-03 +7.4458e-03 +2.6917e-02 +6.6117e-02 +1.1246e-01 -1.8694e-01 +2.3099e-01 -3.3387e-01 +3.9437e-01 -4.8860e-01 -6.0336e-01 +5.6606e-01
29 0 +3.281691834e+03 +2.735191834e+03 +2.735191834e+03 +2.9026e-04 +3.0658e-04 +3.3414e-04 +3.4045e-04 +2.2734e-04 +2.6677e-04 +1.8997e-04 +3.7487e-04 +3.9063e-04 +4.7616e-03 +2.4510e-02 +6.4267e-02 +1.1127e-01 -1.9239e-01 +2.3149e-01 -2.9254e-01 +3.9719e-01 -5.0176e-01 -6.1968e-01 +5.8181e-01
39 0 +3.222813160e+03 +2.676313160e+03 +2.676313160e+03 +9.6686e-03 +9.6831e-03 +9.7067e-03 +9.7110e-03 +9.6130e-03 +9.6492e-03 +9.5761e-03 +8.0276e-02 -6.1131e-02 -1.2811e-02 +7.3624e-03 +4.7974e-02 +9.5985e-02 -1.6791e-01 +2.1879e-01 -3.0370e-01 +3.8805e-01 -5.1744e-01 -6.3918e-01 +5.9952e-01
% f evaluations | g evaluations | best noise-free fitness - Fopt (1.000000000000e+03) + sum g_i+ | measured fitness | best measured fitness or single-digit g-values | x1 | x2...
1 0 +1.831961742e+04 +1.931961742e+04 +1.931961742e+04 +0.0000e+00 +0.0000e+00 +0.0000e+00 +0.0000e+00 +0.0000e+00 +0.0000e+00 +0.0000e+00 +0.0000e+00 +0.0000e+00 +0.0000e+00 +0.0000e+00 +0.0000e+00 +0.0000e+00 +0.0000e+00 +0.0000e+00 +0.0000e+00 +0.0000e+00 +0.0000e+00 +0.0000e+00 +0.0000e+00
4 0 +1.831959261e+04 +1.931959261e+04 +1.931959261e+04 +0.0000e+00 +1.0000e-01 +0.0000e+00 +0.0000e+00 +0.0000e+00 +0.0000e+00 +0.0000e+00 +0.0000e+00 +0.0000e+00 +0.0000e+00 +0.0000e+00 +0.0000e+00 +0.0000e+00 +0.0000e+00 +0.0000e+00 +0.0000e+00 +0.0000e+00 +0.0000e+00 +0.0000e+00 +0.0000e+00
22 0 +1.742023988e+04 +1.842023988e+04 +1.842023988e+04 +0.0000e+00 +0.0000e+00 +0.0000e+00 +0.0000e+00 +0.0000e+00 +0.0000e+00 +0.0000e+00 +0.0000e+00 +0.0000e+00 +0.0000e+00 +0.0000e+00 +0.0000e+00 +0.0000e+00 +0.0000e+00 +0.0000e+00 +0.0000e+00 +0.0000e+00 +0.0000e+00 +0.0000e+00 +1.0000e-01
23 0 +1.564822150e+04 +1.664822150e+04 +1.664822150e+04 -3.0620e-08 +1.2954e-06 -2.1738e-06 +4.0460e-06 +5.2738e-06 -2.5457e-06 -8.1771e-06 +6.8420e-06 +8.1226e-06 -6.8914e-04 -3.4779e-03 -6.8983e-03 -1.0922e-02 -1.5652e-02 -2.1221e-02 -2.7756e-02 -3.5355e-02 -4.4141e-02 -5.4326e-02 +1.4696e-01
24 0 +9.649288830e+03 +1.064928883e+04 +1.064928883e+04 +1.8308e-02 +1.8315e-02 +1.8297e-02 +1.8329e-02 +1.8336e-02 +1.8295e-02 +1.8265e-02 +1.8344e-02 +1.8351e-02 +1.4693e-02 +6.3679e-05 -1.7879e-02 -3.8988e-02 -6.3797e-02 -9.3014e-02 -1.2730e-01 -1.6715e-01 -2.1325e-01 -2.6667e-01 +3.6464e-01
25 0 +5.362679714e+03 +6.362679714e+03 +6.362679714e+03 +1.1132e-01 +1.1133e-01 +1.1129e-01 +1.1136e-01 +1.1138e-01 +1.1129e-01 +1.1123e-01 +1.1139e-01 +1.1141e-01 +1.0370e-01 +7.2872e-02 +3.5063e-02 -9.4190e-03 -6.1696e-02 -1.2326e-01 -1.9550e-01 -2.7949e-01 -3.7662e-01 -4.8920e-01 +7.3039e-01
26 0 +3.066832711e+03 +4.066832711e+03 +4.066832711e+03 +9.0502e-02 +9.0520e-02 +9.0472e-02 +9.0558e-02 +9.0575e-02 +9.0467e-02 +9.0390e-02 +9.0596e-02 +9.0614e-02 +8.1033e-02 +4.2714e-02 -4.2848e-03 -5.9578e-02 -1.2456e-01 -2.0109e-01 -2.9089e-01 -3.9529e-01 -5.1603e-01 -6.5597e-01 +7.4053e-01
27 0 +2.724075871e+03 +3.724075871e+03 +3.724075871e+03 +8.2409e-02 +8.2428e-02 +8.2378e-02 +8.2467e-02 +8.2485e-02 +8.2373e-02 +8.2292e-02 +8.2507e-02 +8.2526e-02 +7.2513e-02 +3.2466e-02 -1.6651e-02 -7.4437e-02 -1.4235e-01 -2.2233e-01 -3.1617e-01 -4.2529e-01 -5.5146e-01 -5.9528e-01 +8.0957e-01
28 0 +2.610864925e+03 +3.610864925e+03 +3.610864925e+03 +7.7639e-02 +7.7658e-02 +7.7607e-02 +7.7699e-02 +7.7717e-02 +7.7602e-02 +7.7519e-02 +7.7740e-02 +7.7758e-02 +6.7536e-02 +2.6648e-02 -2.3499e-02 -8.2498e-02 -1.5184e-01 -2.3349e-01 -3.2931e-01 -4.4071e-01 -4.9660e-01 -6.2265e-01 +8.4274e-01
30 0 +2.567135634e+03 +3.567135634e+03 +3.567135634e+03 +7.2874e-02 +7.2894e-02 +7.2842e-02 +7.2935e-02 +7.2953e-02 +7.2836e-02 +7.2752e-02 +7.2977e-02 +7.2996e-02 +6.2589e-02 +2.0966e-02 -3.0085e-02 -9.0145e-02 -1.6073e-01 -2.4386e-01 -3.7819e-01 -3.3946e-01 -5.1660e-01 -6.4641e-01 +8.7149e-01
36 0 +2.089543868e+03 +3.089543868e+03 +3.089543868e+03 +9.9543e-02 +9.9565e-02 +9.9508e-02 +9.9610e-02 +9.9630e-02 +9.9502e-02 +9.9409e-02 +9.9656e-02 +9.9677e-02 +8.8225e-02 -6.1448e-02 -2.5286e-02 -9.0996e-02 -2.5056e-01 -2.0212e-01 -4.0164e-01 -3.7243e-01 -5.5447e-01 -6.8857e-01 +9.1447e-01
39 0 +2.088904530e+03 +3.088904530e+03 +3.088904530e+03 +9.8391e-02 +9.8412e-02 +9.8355e-02 +9.8458e-02 +9.8478e-02 +1.0350e-01 +1.0342e-01 +9.8503e-02 +9.8524e-02 +8.8215e-02 -6.1461e-02 -2.5304e-02 -9.1019e-02 -2.5059e-01 -2.0216e-01 -4.0168e-01 -3.7247e-01 -5.5451e-01 -6.8861e-01 +9.1448e-01
% f evaluations | g evaluations | best noise-free fitness - Fopt (2.083800000000e+02) + sum g_i+ | measured fitness | best measured fitness or single-digit g-values | x1 | x2...
1 0 +1.831961742e+04 +1.852799742e+04 +1.852799742e+04 +0.0000e+00 +0.0000e+00 +0.0000e+00 +0.0000e+00 +0.0000e+00 +0.0000e+00 +0.0000e+00 +0.0000e+00 +0.0000e+00 +0.0000e+00 +0.0000e+00 +0.0000e+00 +0.0000e+00 +0.0000e+00 +0.0000e+00 +0.0000e+00 +0.0000e+00 +0.0000e+00 +0.0000e+00 +0.0000e+00
4 0 +1.831959261e+04 +1.852797261e+04 +1.852797261e+04 +0.0000e+00 +1.0000e-01 +0.0000e+00 +0.0000e+00 +0.0000e+00 +0.0000e+00 +0.0000e+00 +0.0000e+00 +0.0000e+00 +0.0000e+00 +0.0000e+00 +0.0000e+00 +0.0000e+00 +0.0000e+00 +0.0000e+00 +0.0000e+00 +0.0000e+00 +0.0000e+00 +0.0000e+00 +0.0000e+00
17 0 +1.795992250e+04 +1.816830250e+04 +1.816830250e+04 +0.0000e+00 +0.0000e+00 +0.0000e+00 +0.0000e+00 +0.0000e+00 +0.0000e+00 +0.0000e+00 +0.0000e+00 +0.0000e+00 +0.0000e+00 +0.0000e+00 +0.0000e+00 +0.0000e+00 +0.0000e+00 +1.0000e-01 +0.0000e+00 +0.0000e+00 +0.0000e+00 +0.0000e+00 +0.0000e+00
19 0 +1.770212948e+04 +1.791050948e+04 +1.791050948e+04 +0.0000e+00 +0.0000e+00 +0.0000e+00 +0.0000e+00 +0.0000e+00 +0.0000e+00 +0.0000e+00 +0.0000e+00 +0.0000e+00 +0.0000e+00 +0.0000e+00 +0.0000e+00 +0.0000e+00 +0.0000e+00 +0.0000e+00 +0.0000e+00 +1.0000e-01 +0.0000e+00 +0.0000e+00 +0.0000e+00
21 0 +1.735470277e+04 +1.756308277e+04 +1.756308277e+04 +0.0000e+00 +0.0000e+00 +0.0000e+00 +0.0000e+00 +0.0000e+00 +0.0000e+00 +0.0000e+00 +0.0000e+00 +0.0000e+00 +0.0000e+00 +0.0000e+00 +0.0000e+00 +0.0000e+00 +0.0000e+00 +0.0000e+00 +0.0000e+00 +0.0000e+00 +0.0000e+00 +1.0000e-01 +0.0000e+00
23 0 +1.559163837e+04 +1.580001837e+04 +1.580001837e+04 -3.2361e-08 +1.3690e-06 +3.7348e-06 -4.7120e-07 -5.4339e-06 -2.6904e-06 +5.3885e-06 +7.2309e-06 +8.5842e-06 +3.8381e-04 +2.0792e-03 +5.4922e-03 -1.1543e-02 -1.6541e-02 +1.9848e-02 -2.9334e-02 +3.4072e-02 +4.2959e-02 +1.5324e-01 +4.9627e-02
24 0 +9.507601165e+03 +9.715981165e+03 +9.715981165e+03 -1.6302e-07 +6.8966e-06 +1.8815e-05 -2.3737e-06 -2.7374e-05 -1.3553e-05 +2.7145e-05 +3.6427e-05 +4.3244e-05 +1.9335e-03 +1.0474e-02 +2.7668e-02 -5.8150e-02 -8.3329e-02 +9.9985e-02 -1.4777e-01 +1.7164e-01 +2.1641e-01 +3.6106e-01 +2.5000e-01
25 0 +5.125307134e+03 +5.333687134e+03 +5.333687134e+03 -7.2829e-02 -7.2815e-02 -7.2792e-02 -7.2833e-02 -7.2882e-02 -7.2855e-02 -7.2776e-02 -7.2758e-02 -7.2745e-02 -6.9068e-02 -5.2456e-02 -1.9014e-02 -1.8593e-01 -2.3491e-01 +1.2165e-01 -3.6026e-01 +2.6103e-01 +3.4811e-01 +6.0471e-01 +4.1344e-01
26 0 +2.979179172e+03 +3.187559172e+03 +3.187559172e+03 -4.8050e-02 -4.8033e-02 -4.8004e-02 -4.8056e-02 -4.8117e-02 -4.8083e-02 -4.7983e-02 -4.7960e-02 -4.7943e-02 -4.3294e-02 -2.2286e-02 +2.0005e-02 -1.9108e-01 -2.5302e-01 +1.9789e-01 -4.1153e-01 +3.7415e-01 +4.8427e-01 +6.6799e-01 +5.6689e-01
27 0 +2.846264450e+03 +3.054644450e+03 +3.054644450e+03 -5.1560e-02 -5.1542e-02 -5.1512e-02 -5.1566e-02 -5.1629e-02 -5.1594e-02 -5.1491e-02 -5.1468e-02 -5.1450e-02 -4.6663e-02 -2.5032e-02 +1.8515e-02 -1.9884e-01 -2.6261e-01 +2.0168e-01 -3.5207e-01 +3.8317e-01 +4.9656e-01 +7.1472e-01 +5.8163e-01
29 0 +2.697647240e+03 +2.906027240e+03 +2.906027240e+03 -4.0514e-02 -4.0496e-02 -4.0465e-02 -4.0520e-02 -4.0585e-02 -4.0549e-02 -4.0443e-02 -4.0419e-02 -4.0401e-02 -3.5477e-02 -1.3229e-02 +3.1559e-02 -1.9199e-01 -3.1246e-01 +2.1994e-01 -3.7956e-01 +4.0661e-01 +5.2323e-01 +7.6874e-01 +4.9899e-01
30 0 +2.674699049e+03 +2.883079049e+03 +2.883079049e+03 -3.1073e-02 -3.1055e-02 -3.1024e-02 -3.1079e-02 -3.1144e-02 -3.1108e-02 -3.1002e-02 -3.0978e-02 -3.0960e-02 -2.6036e-02 -3.7881e-03 +4.1000e-02 -2.7346e-01 -3.1363e-01 +2.2938e-01 -3.8163e-01 +4.1605e-01 +4.7772e-01 +7.7381e-01 +5.0250e-01
32 0 +2.594607599e+03 +2.802987599e+03 +2.802987599e+03 -2.0282e-02 -2.0264e-02 -2.0232e-02 -2.0288e-02 -1.3996e-01 -2.0318e-02 -2.0210e-02 -2.0186e-02 -2.0168e-02 -1.5184e-02 +7.3346e-03 +5.2668e-02 -2.3679e-01 -3.2151e-01 +2.4334e-01 -3.9501e-01 +4.3229e-01 +4.2563e-01 +8.0072e-01 +5.2352e-01
39 0 +2.449036691e+03 +2.657416691e+03 +2.657416691e+03 -2.5701e-03 -2.5523e-03 -3.7602e-02 -2.5758e-03 -1.4410e-01 -1.0210e-01 -1.1476e-02 -1.1450e-02 -1.1432e-02 -6.2986e-03 +1.6895e-02 +6.3586e-02 -2.4674e-01 -3.3387e-01 +2.5998e-01 -4.1350e-01 +3.8803e-01 +4.4287e-01 +8.2221e-01 +5.4418e-01
% f evaluations | g evaluations | best noise-free fitness - Fopt (-1.449600000000e+02) + sum g_i+ | measured fitness | best measured fitness or single-digit g-values | x1 | x2...
1 0 +1.831961742e+04 +1.817465742e+04 +1.817465742e+04 +0.0000e+00 +0.0000e+00 +0.0000e+00 +0.0000e+00 +0.0000e+00 +0.0000e+00 +0.0000e+00 +0.0000e+00 +0.0000e+00 +0.0000e+00 +0.0000e+00 +0.0000e+00 +0.0000e+00 +0.0000e+00 +0.0000e+00 +0.0000e+00 +0.0000e+00 +0.0000e+00 +0.0000e+00 +0.0000e+00
6 0 +1.831953993e+04 +1.817457993e+04 +1.817457993e+04 +0.0000e+00 +0.0000e+00 +0.0000e+00 +1.0000e-01 +0.0000e+00 +0.0000e+00 +0.0000e+00 +0.0000e+00 +0.0000e+00 +0.0000e+00 +0.0000e+00 +0.0000e+00 +0.0000e+00 +0.0000e+00 +0.0000e+00 +0.0000e+00 +0.0000e+00 +0.0000e+00 +0.0000e+00 +0.0000e+00
15 0 +1.814696124e+04 +1.800200124e+04 +1.800200124e+04 +0.0000e+00 +0.0000e+00 +0.0000e+00 +0.0000e+00 +0.0000e+00 +0.0000e+00 +0.0000e+00 +0.0000e+00 +0.0000e+00 +0.0000e+00 +0.0000e+00 +0.0000e+00 +1.0000e-01 +0.0000e+00 +0.0000e+00 +0.0000e+00 +0.0000e+00 +0.0000e+00 +0.0000e+00 +0.0000e+00
21 0 +1.735470277e+04 +1.720974277e+04 +1.720974277e+04 +0.0000e+00 +0.0000e+00 +0.0000e+00 +0.0000e+00 +0.0000e+00 +0.0000e+00 +0.0000e+00 +0.0000e+00 +0.0000e+00 +0.0000e+00 +0.0000e+00 +0.0000e+00 +0.0000e+00 +0.0000e+00 +0.0000e+00 +0.0000e+00 +0.0000e+00 +0.0000e+00 +1.0000e-01 +0.0000e+00
23 0 +1.559229303e+04 +1.544733303e+04 +1.544733303e+04 -3.1212e-08 -3.7758e-06 -2.2158e-06 +4.1242e-06 +5.3757e-06 -2.5949e-06 -8.3352e-06 +6.9742e-06 +8.2796e-06 +3.7019e-04 +2.0054e-03 +5.2972e-03 +9.1889e-03 +1.3763e-02 +1.9143e-02 +2.5470e-02 -3.6038e-02 -4.4994e-02 +1.5135e-01 -5.2138e-02
24 0 +9.520176033e+03 +9.375216033e+03 +9.375216033e+03 -1.5866e-07 -1.9194e-05 -1.1264e-05 +2.0965e-05 +2.7327e-05 -1.3191e-05 -4.2371e-05 +3.5453e-05 +4.2088e-05 +1.8818e-03 +1.0194e-02 +2.6928e-02 +4.6710e-02 +6.9962e-02 +9.7312e-02 +1.2947e-01 -1.8319e-01 -2.2872e-01 +3.4431e-01 -2.6503e-01
25 0 +3.761716709e+03 +3.616756709e+03 +3.616756709e+03 -3.5072e-07 -4.2427e-05 -2.4899e-05 +4.6343e-05 +6.0405e-05 -2.9158e-05 -9.3660e-05 +7.8368e-05 +9.3035e-05 +4.1597e-03 +2.2534e-02 +5.9524e-02 +1.0325e-01 +1.5465e-01 +2.1511e-01 +2.8620e-01 -4.0495e-01 -5.0559e-01 +5.1236e-01 -5.8585e-01
26 0 +3.141876283e+03 +2.996916283e+03 +2.996916283e+03 -3.8419e-07 -4.6477e-05 -2.7275e-05 +5.0766e-05 +6.6170e-05 -3.1941e-05 -1.0260e-04 +8.5847e-05 +1.0191e-04 +4.5567e-03 +2.4684e-02 +6.5205e-02 +1.1311e-01 +1.6941e-01 +2.3564e-01 +3.1352e-01 -4.4360e-01 -5.5384e-01 +6.2465e-01 -5.3395e-01
27 0 +1.983781764e+03 +1.838821764e+03 +1.838821764e+03 -4.6368e-07 -5.6093e-05 -3.2919e-05 +6.1270e-05 +7.9861e-05 -3.8549e-05 -1.2383e-04 +1.0361e-04 +1.2300e-04 +5.4995e-03 +2.9792e-02 +7.8696e-02 +1.3651e-01 +2.0446e-01 +2.8439e-01 +3.7838e-01 -5.3538e-01 -6.6844e-01 +6.3366e-01 -6.3600e-01
28 0 +1.786799751e+03 +1.641839751e+03 +1.641839751e+03 -4.7623e-07 -5.7610e-05 -3.3809e-05 +6.2927e-05 +8.2021e-05 -3.9592e-05 -1.2718e-04 +1.0641e-04 +1.2633e-04 +5.6483e-03 +3.0598e-02 +8.0824e-02 +1.4020e-01 +2.0999e-01 +2.9208e-01 +3.8862e-01 -5.4986e-01 -6.3328e-01 +6.6650e-01 -6.7057e-01
30 0 +1.759988879e+03 +1.615028879e+03 +1.615028879e+03 +6.3318e-03 +6.2747e-03 +6.2985e-03 +6.3952e-03 +6.4143e-03 +6.2927e-03 -1.3538e-01 +6.4387e-03 +6.4586e-03 +1.1981e-02 +3.6930e-02 +8.7157e-02 +1.4653e-01 +2.1633e-01 +2.9842e-01 +3.9495e-01 -5.3398e-01 -6.3428e-01 +6.6751e-01 -6.7173e-01
31 0 +1.734628020e+03 +1.589668020e+03 +1.589668020e+03 +1.3003e-02 -1.2950e-01 +1.2970e-02 +1.3066e-02 +1.3085e-02 +1.2964e-02 -1.3537e-01 +1.3110e-02 +1.3130e-02 +1.8652e-02 +4.3601e-02 +9.3828e-02 +1.5321e-01 +2.2300e-01 +3.0509e-01 +4.0162e-01 -5.1727e-01 -6.3533e-01 +6.6857e-01 -6.7294e-01
33 0 +1.651423341e+03 +1.506463341e+03 +1.506463341e+03 +1.3726e-02 -1.2940e-01 +1.3692e-02 +1.3790e-02 +1.3810e-02 -1.2320e-01 -1.3529e-01 +1.3834e-02 +1.3855e-02 +1.9463e-02 +4.4804e-02 +9.5818e-02 +1.5613e-01 +2.2701e-01 +3.1039e-01 +4.0844e-01 -4.7505e-01 -6.5378e-01 +6.8824e-01 -6.9366e-01
% f evaluations | g evaluations | best noise-free fitness - Fopt (-6.300000000000e+00) + sum g_i+ | measured fitness | best measured fitness or single-digit g-values | x1 | x2...
1 0 +1.831961742e+04 +1.831331742e+04 +1.831331742e+04 +0.0000e+00 +0.0000e+00 +0.0000e+00 +0.0000e+00 +0.0000e+00 +0.0000e+00 +0.0000e+00 +0.0000e+00 +0.0000e+00 +0.0000e+00 +0.0000e+00 +0.0000e+00 +0.0000e+00 +0.0000e+00 +0.0000e+00 +0.0000e+00 +0.0000e+00 +0.0000e+00 +0.0000e+00 +0.0000e+00
7 0 +1.831951641e+04 +1.831321641e+04 +1.831321641e+04 +0.0000e+00 +0.0000e+00 +0.0000e+00 +0.0000e+00 +1.0000e-01 +0.0000e+00 +0.0000e+00 +0.0000e+00 +0.0000e+00 +0.0000e+00 +0.0000e+00 +0.0000e+00 +0.0000e+00 +0.0000e+00 +0.0000e+00 +0.0000e+00 +0.0000e+00 +0.0000e+00 +0.0000e+00 +0.0000e+00
16 0 +1.806101629e+04 +1.805471629e+04 +1.805471629e+04 +0.0000e+00 +0.0000e+00 +0.0000e+00 +0.0000e+00 +0.0000e+00 +0.0000e+00 +0.0000e+00 +0.0000e+00 +0.0000e+00 +0.0000e+00 +0.0000e+00 +0.0000e+00 +0.0000e+00 +1.0000e-01 +0.0000e+00 +0.0000e+00 +0.0000e+00 +0.0000e+00 +0.0000e+00 +0.0000e+00
23 0 +1.604110278e+04 +1.603480278e+04 +1.603480278e+04 -1.3369e-07 -3.6710e-06 -2.1544e-06 -4.4186e-07 +5.2265e-06 -1.9213e-06 +5.0530e-06 -3.2214e-06 -1.6856e-06 +3.5992e-04 -3.4468e-03 +5.1503e-03 -1.0825e-02 +1.3381e-02 -2.1031e-02 +1.2476e-01 -3.5038e-02 -4.3746e-02 -5.3840e-02 -5.0691e-02
24 0 +9.885875602e+03 +9.879575602e+03 +9.879575602e+03 +1.6600e-02 +1.6581e-02 +1.6589e-02 +1.6598e-02 +1.6628e-02 +1.6591e-02 +1.6627e-02 +1.6584e-02 +1.6592e-02 +1.8484e-02 -1.4318e-03 +4.3545e-02 -4.0030e-02 +8.6606e-02 -9.3429e-02 +2.4616e-01 -1.6671e-01 -2.1226e-01 -2.6507e-01 -2.4860e-01
25 0 +4.957740963e+03 +4.951440963e+03 +4.951440963e+03 +9.6467e-02 +9.6429e-02 +9.6445e-02 +9.6464e-02 +9.6526e-02 +9.6448e-02 +9.6524e-02 +9.6434e-02 +9.6451e-02 +1.0038e-01 +5.8968e-02 +1.5250e-01 -2.1301e-02 +2.4205e-01 -1.3235e-01 +4.6589e-01 -2.8474e-01 -3.7948e-01 -4.8930e-01 -4.5504e-01
26 0 +3.172213283e+03 +3.165913283e+03 +3.165913283e+03 +7.5311e-02 +7.5265e-02 +7.5285e-02 +7.5307e-02 +7.5382e-02 +7.5288e-02 +7.5380e-02 +7.5271e-02 +7.5291e-02 +8.0066e-02 +2.9796e-02 +1.4333e-01 -6.7632e-02 +2.5202e-01 -2.0242e-01 +5.0233e-01 -3.8739e-01 -5.0238e-01 -5.1674e-01 -5.9409e-01
27 0 +2.479488703e+03 +2.473188703e+03 +2.473188703e+03 +1.0543e-01 +1.0538e-01 +1.0540e-01 +1.0542e-01 +1.0551e-01 +1.0540e-01 +1.0551e-01 +1.0538e-01 +1.0541e-01 +1.1096e-01 +5.2443e-02 +1.8461e-01 -6.0978e-02 +3.1114e-01 -2.1789e-01 +5.8613e-01 -4.3322e-01 -5.6709e-01 -4.8985e-01 -6.7386e-01
28 0 +1.967903675e+03 +1.961603675e+03 +1.961603675e+03 +1.0662e-01 +1.0656e-01 +1.0659e-01 +1.0662e-01 +1.0671e-01 +1.0659e-01 +1.0671e-01 +1.0657e-01 +1.0660e-01 +1.1257e-01 +4.9685e-02 +1.9170e-01 -7.2192e-02 +3.2767e-01 -2.4080e-01 +6.1570e-01 -4.7218e-01 -6.1603e-01 -5.7713e-01 -6.3830e-01
29 0 +1.771310052e+03 +1.765010052e+03 +1.765010052e+03 +1.0661e-01 +1.0655e-01 +1.0658e-01 +1.0660e-01 +1.0670e-01 +1.0658e-01 +1.0670e-01 +1.0656e-01 +1.0658e-01 +1.1272e-01 +4.8074e-02 +1.9408e-01 -7.7226e-02 +3.3387e-01 -2.5057e-01 +6.2718e-01 -4.8845e-01 -5.7652e-01 -6.1246e-01 -6.7485e-01
31 0 +1.671567891e+03 +1.665267891e+03 +1.665267891e+03 +1.0531e-01 +1.0525e-01 +1.0527e-01 +1.0530e-01 +1.0540e-01 +1.0528e-01 +1.0540e-01 +1.0526e-01 +1.0528e-01 +1.1153e-01 +4.5784e-02 +1.9426e-01 -8.1636e-02 +3.3641e-01 -2.3267e-01 +6.3299e-01 -4.5921e-01 -5.9592e-01 -6.3435e-01 -6.9748e-01
% f evaluations | g evaluations | best noise-free fitness - Fopt (5.617800000000e+02) + sum g_i+ | measured fitness | best measured fitness or single-digit g-values | x1 | x2...
1 0 +1.831961742e+04 +1.888139742e+04 +1.888139742e+04 +0.0000e+00 +0.0000e+00 +0.0000e+00 +0.0000e+00 +0.0000e+00 +0.0000e+00 +0.0000e+00 +0.0000e+00 +0.0000e+00 +0.0000e+00 +0.0000e+00 +0.0000e+00 +0.0000e+00 +0.0000e+00 +0.0000e+00 +0.0000e+00 +0.0000e+00 +0.0000e+00 +0.0000e+00 +0.0000e+00
6 0 +1.831953993e+04 +1.888131993e+04 +1.888131993e+04 +0.0000e+00 +0.0000e+00 +0.0000e+00 +1.0000e-01 +0.0000e+00 +0.0000e+00 +0.0000e+00 +0.0000e+00 +0.0000e+00 +0.0000e+00 +0.0000e+00 +0.0000e+00 +0.0000e+00 +0.0000e+00 +0.0000e+00 +0.0000e+00 +0.0000e+00 +0.0000e+00 +0.0000e+00 +0.0000e+00
15 0 +1.814696124e+04 +1.870874124e+04 +1.870874124e+04 +0.0000e+00 +0.0000e+00 +0.0000e+00 +0.0000e+00 +0.0000e+00 +0.0000e+00 +0.0000e+00 +0.0000e+00 +0.0000e+00 +0.0000e+00 +0.0000e+00 +0.0000e+00 +1.0000e-01 +0.0000e+00 +0.0000e+00 +0.0000e+00 +0.0000e+00 +0.0000e+00 +0.0000e+00 +0.0000e+00
19 0 +1.770212948e+04 +1.826390948e+04 +1.826390948e+04 +0.0000e+00 +0.0000e+00 +0.0000e+00 +0.0000e+00 +0.0000e+00 +0.0000e+00 +0.0000e+00 +0.0000e+00 +0.0000e+00 +0.0000e+00 +0.0000e+00 +0.0000e+00 +0.0000e+00 +0.0000e+00 +0.0000e+00 +0.0000e+00 +1.0000e-01 +0.0000e+00 +0.0000e+00 +0.0000e+00
21 0 +1.735470277e+04 +1.791648277e+04 +1.791648277e+04 +0.0000e+00 +0.0000e+00 +0.0000e+00 +0.0000e+00 +0.0000e+00 +0.0000e+00 +0.0000e+00 +0.0000e+00 +0.0000e+00 +0.0000e+00 +0.0000e+00 +0.0000e+00 +0.0000e+00 +0.0000e+00 +0.0000e+00 +0.0000e+00 +0.0000e+00 +0.0000e+00 +1.0000e-01 +0.0000e+00
23 0 +1.559259130e+04 +1.615437130e+04 +1.615437130e+04 -1.4063e-07 -3.8617e-06 -2.2663e-06 +4.2181e-06 -5.3603e-06 -2.0211e-06 -8.5248e-06 -3.3887e-06 +8.4679e-06 +3.7861e-04 +2.0510e-03 -7.1916e-03 +9.3979e-03 -1.6317e-02 +1.9579e-02 +2.6050e-02 +3.3611e-02 +4.2377e-02 +1.5252e-01 -5.3324e-02
24 0 +9.516727542e+03 +1.007850754e+04 +1.007850754e+04 -7.1102e-07 -1.9525e-05 -1.1458e-05 +2.1326e-05 -2.7101e-05 -1.0219e-05 -4.3101e-05 -1.7133e-05 +4.2814e-05 +1.9143e-03 +1.0370e-02 -3.6361e-02 +4.7516e-02 -8.2499e-02 +9.8990e-02 +1.3171e-01 +1.6994e-01 +2.1426e-01 +3.5468e-01 -2.6960e-01
25 0 +6.478630078e+03 +7.040410078e+03 +7.040410078e+03 -7.6181e-02 -7.6212e-02 -7.6199e-02 -7.6144e-02 -7.6225e-02 -7.6196e-02 -7.6252e-02 -7.6208e-02 -7.6107e-02 -7.2966e-02 -5.8774e-02 -1.3721e-01 +3.5728e-03 -2.1465e-01 +8.9968e-02 +1.4488e-01 +2.0905e-01 +2.8344e-01 +5.0398e-01 -5.2869e-01
26 0 +3.113672471e+03 +3.675452471e+03 +3.675452471e+03 -4.9991e-02 -5.0037e-02 -5.0018e-02 -4.9937e-02 -5.0056e-02 -5.0014e-02 -5.0096e-02 -5.0032e-02 -4.9884e-02 -4.5267e-02 -2.4408e-02 -1.3969e-01 +6.7228e-02 -2.5351e-01 +1.9421e-01 +2.7492e-01 +3.6923e-01 +4.7857e-01 +6.1727e-01 -7.1508e-01
27 0 +2.654611594e+03 +3.216391594e+03 +3.216391594e+03 -5.5516e-02 -5.5566e-02 -5.5545e-02 -5.5458e-02 -5.5586e-02 -5.5541e-02 -5.5628e-02 -5.5560e-02 -5.5401e-02 -5.0448e-02 -2.8071e-02 -1.5174e-01 +7.0235e-02 -2.7385e-01 +2.0646e-01 +2.9304e-01 +3.9422e-01 +5.1151e-01 +7.2896e-01 -6.6394e-01
28 0 +2.600012319e+03 +3.161792319e+03 +3.161792319e+03 -5.1980e-02 -5.2031e-02 -5.2009e-02 -5.1921e-02 -5.2051e-02 -5.2006e-02 -5.2094e-02 -5.2024e-02 -5.1864e-02 -4.6849e-02 -2.4191e-02 -1.4941e-01 +7.5348e-02 -2.7305e-01 +2.1328e-01 +3.0095e-01 +4.0339e-01 +4.7113e-01 +7.5197e-01 -6.8425e-01
% f evaluations | g evaluations | best noise-free fitness - Fopt (-6.708000000000e+01) + sum g_i+ | measured fitness | best measured fitness or single-digit g-values | x1 | x2...
1 0 +1.831961742e+04 +1.825253742e+04 +1.825253742e+04 +0.0000e+00 +0.0000e+00 +0.0000e+00 +0.0000e+00 +0.0000e+00 +0.0000e+00 +0.0000e+00 +0.0000e+00 +0.0000e+00 +0.0000e+00 +0.0000e+00 +0.0000e+00 +0.0000e+00 +0.0000e+00 +0.0000e+00 +0.0000e+00 +0.0000e+00 +0.0000e+00 +0.0000e+00 +0.0000e+00
4 0 +1.831959261e+04 +1.825251261e+04 +1.825251261e+04 +0.0000e+00 +1.0000e-01 +0.0000e+00 +0.0000e+00 +0.0000e+00 +0.0000e+00 +0.0000e+00 +0.0000e+00 +0.0000e+00 +0.0000e+00 +0.0000e+00 +0.0000e+00 +0.0000e+00 +0.0000e+00 +0.0000e+00 +0.0000e+00 +0.0000e+00 +0.0000e+00 +0.0000e+00 +0.0000e+00
15 0 +1.814696124e+04 +1.807988124e+04 +1.807988124e+04 +0.0000e+00 +0.0000e+00 +0.0000e+00 +0.0000e+00 +0.0000e+00 +0.0000e+00 +0.0000e+00 +0.0000e+00 +0.0000e+00 +0.0000e+00 +0.0000e+00 +0.0000e+00 +1.0000e-01 +0.0000e+00 +0.0000e+00 +0.0000e+00 +0.0000e+00 +0.0000e+00 +0.0000e+00 +0.0000e+00
19 0 +1.770212948e+04 +1.763504948e+04 +1.763504948e+04 +0.0000e+00 +0.0000e+00 +0.0000e+00 +0.0000e+00 +0.0000e+00 +0.0000e+00 +0.0000e+00 +0.0000e+00 +0.0000e+00 +0.0000e+00 +0.0000e+00 +0.0000e+00 +0.0000e+00 +0.0000e+00 +0.0000e+00 +0.0000e+00 +1.0000e-01 +0.0000e+00 +0.0000e+00 +0.0000e+00
23 0 +1.576408760e+04 +1.569700760e+04 +1.569700760e+04 -1.3692e-07 +1.3149e-06 +3.5871e-06 -4.5255e-07 +5.3530e-06 -2.5839e-06 -8.3000e-06 +6.9448e-06 +8.2446e-06 -6.9949e-04 -3.5302e-03 -7.0020e-03 +9.1501e-03 +1.3705e-02 +1.9062e-02 -2.8173e-02 +3.2724e-02 +1.4126e-01 -5.5142e-02 -5.1917e-02
24 0 +9.638618190e+03 +9.571538190e+03 +9.571538190e+03 -6.9367e-07 +6.6614e-06 +1.8173e-05 -2.2928e-06 +2.7120e-05 -1.3091e-05 -4.2050e-05 +3.5184e-05 +4.1770e-05 -3.5438e-03 -1.7885e-02 -3.5474e-02 +4.6357e-02 +6.9433e-02 +9.6576e-02 -1.4273e-01 +1.6579e-01 +2.9226e-01 -2.7937e-01 -2.6303e-01
25 0 +3.971727705e+03 +3.904647705e+03 +3.904647705e+03 -1.5125e-06 +1.4525e-05 +3.9625e-05 -4.9992e-06 +5.9133e-05 -2.8544e-05 -9.1687e-05 +7.6717e-05 +9.1076e-05 -7.7271e-03 -3.8997e-02 -7.7348e-02 +1.0108e-01 +1.5139e-01 +2.1058e-01 -3.1122e-01 +3.6150e-01 +3.7345e-01 -6.0914e-01 -5.7352e-01
26 0 +3.781165630e+03 +3.714085630e+03 +3.714085630e+03 +1.3757e-02 +1.3774e-02 +1.3799e-02 +1.3754e-02 +1.3819e-02 +1.3730e-02 +1.3666e-02 +1.3837e-02 +1.3852e-02 +5.8921e-03 -2.5943e-02 -6.4989e-02 +1.1667e-01 +1.6789e-01 +2.2815e-01 -3.0310e-01 +3.8180e-01 +3.9800e-01 -6.0640e-01 -5.7013e-01
28 0 +3.198584050e+03 +3.131504050e+03 +3.131504050e+03 +5.7409e-03 +5.7586e-03 +5.7863e-03 +5.7371e-03 +5.8078e-03 +5.7111e-03 +5.6414e-03 +5.8272e-03 +5.8430e-03 -2.7792e-03 -3.7265e-02 -7.9561e-02 +1.1722e-01 +1.7271e-01 +2.3798e-01 -3.3749e-01 +4.0442e-01 +4.8056e-01 -6.2071e-01 -5.8316e-01
29 0 +3.143734905e+03 +3.076654905e+03 +3.076654905e+03 +2.9161e-03 +2.9340e-03 +2.9621e-03 +2.9122e-03 +2.9839e-03 +2.8858e-03 +2.8152e-03 +3.0036e-03 +3.0196e-03 -5.7253e-03 -4.0702e-02 -8.3600e-02 +1.1598e-01 +1.7226e-01 +2.3846e-01 -2.9299e-01 +4.0727e-01 +4.9526e-01 -6.3806e-01 -5.9935e-01
35 0 +3.041176635e+03 +2.974096635e+03 +2.974096635e+03 +1.2450e-02 +1.2468e-02 +1.2497e-02 +1.2446e-02 +1.2519e-02 +1.2419e-02 +2.0571e-03 +1.2539e-02 +1.2555e-02 +1.5378e-02 -1.6617e-02 -1.4743e-01 +1.2783e-01 +1.8527e-01 +2.5283e-01 -3.0548e-01 +3.3930e-01 +5.1010e-01 -6.6024e-01 -6.2002e-01
% f evaluations | g evaluations | best noise-free fitness - Fopt (5.027000000000e+01) + sum g_i+ | measured fitness | best measured fitness or single-digit g-values | x1 | x2...
1 0 +1.831961742e+04 +1.836988742e+04 +1.836988742e+04 +0.0000e+00 +0.0000e+00 +0.0000e+00 +0.0000e+00 +0.0000e+00 +0.0000e+00 +0.0000e+00 +0.0000e+00 +0.0000e+00 +0.0000e+00 +0.0000e+00 +0.0000e+00 +0.0000e+00 +0.0000e+00 +0.0000e+00 +0.0000e+00 +0.0000e+00 +0.0000e+00 +0.0000e+00 +0.0000e+00
4 0 +1.831959261e+04 +1.836986261e+04 +1.836986261e+04 +0.0000e+00 +1.0000e-01 +0.0000e+00 +0.0000e+00 +0.0000e+00 +0.0000e+00 +0.0000e+00 +0.0000e+00 +0.0000e+00 +0.0000e+00 +0.0000e+00 +0.0000e+00 +0.0000e+00 +0.0000e+00 +0.0000e+00 +0.0000e+00 +0.0000e+00 +0.0000e+00 +0.0000e+00 +0.0000e+00
15 0 +1.814696124e+04 +1.819723124e+04 +1.819723124e+04 +0.0000e+00 +0.0000e+00 +0.0000e+00 +0.0000e+00 +0.0000e+00 +0.0000e+00 +0.0000e+00 +0.0000e+00 +0.0000e+00 +0.0000e+00 +0.0000e+00 +0.0000e+00 +1.0000e-01 +0.0000e+00 +0.0000e+00 +0.0000e+00 +0.0000e+00 +0.0000e+00 +0.0000e+00 +0.0000e+00
19 0 +1.770212948e+04 +1.775239948e+04 +1.775239948e+04 +0.0000e+00 +0.0000e+00 +0.0000e+00 +0.0000e+00 +0.0000e+00 +0.0000e+00 +0.0000e+00 +0.0000e+00 +0.0000e+00 +0.0000e+00 +0.0000e+00 +0.0000e+00 +0.0000e+00 +0.0000e+00 +0.0000e+00 +0.0000e+00 +1.0000e-01 +0.0000e+00 +0.0000e+00 +0.0000e+00
21 0 +1.735470277e+04 +1.740497277e+04 +1.740497277e+04 +0.0000e+00 +0.0000e+00 +0.0000e+00 +0.0000e+00 +0.0000e+00 +0.0000e+00 +0.0000e+00 +0.0000e+00 +0.0000e+00 +0.0000e+00 +0.0000e+00 +0.0000e+00 +0.0000e+00 +0.0000e+00 +0.0000e+00 +0.0000e+00 +0.0000e+00 +0.0000e+00 +1.0000e-01 +0.0000e+00
23 0 +1.559249127e+04 +1.564276127e+04 +1.564276127e+04 -1.4009e-07 +1.3453e-06 -2.2575e-06 -4.6302e-07 -5.3396e-06 -2.0133e-06 -8.4919e-06 +7.1054e-06 +8.4353e-06 -7.1567e-04 -3.6118e-03 +5.3969e-03 +9.3617e-03 +1.4022e-02 +1.9503e-02 -2.8825e-02 +3.3481e-02 +4.2214e-02 +1.5232e-01 -5.3118e-02
24 0 +9.516536638e+03 +9.566806638e+03 +9.566806638e+03 -7.0895e-07 +6.8081e-06 -1.1425e-05 -2.3432e-06 -2.7023e-05 -1.0189e-05 -4.2976e-05 +3.5959e-05 +4.2689e-05 -3.6218e-03 -1.8279e-02 +2.7312e-02 +4.7378e-02 +7.0961e-02 +9.8702e-02 -1.4588e-01 +1.6944e-01 +2.1363e-01 +3.5291e-01 -2.6882e-01
25 0 +7.321575731e+03 +7.371845731e+03 +7.371845731e+03 -6.7912e-02 -6.7901e-02 -6.7928e-02 -6.7914e-02 -6.7951e-02 -6.7926e-02 -6.7975e-02 -6.7857e-02 -6.7847e-02 -7.3303e-02 -9.5123e-02 -2.7250e-02 +2.6223e-03 +3.7732e-02 +7.9031e-02 -2.8509e-01 +1.8434e-01 +2.5014e-01 +4.4732e-01 -4.6811e-01
26 0 +3.446281500e+03 +3.496551500e+03 +3.496551500e+03 -4.4689e-02 -4.4672e-02 -4.4715e-02 -4.4693e-02 -4.4752e-02 -4.4712e-02 -4.4789e-02 -4.4603e-02 -4.4587e-02 -5.3233e-02 -8.7812e-02 +1.9749e-02 +6.7088e-02 +1.2273e-01 +1.8818e-01 -3.8885e-01 +3.5507e-01 +4.5933e-01 +5.7837e-01 -6.7890e-01
27 0 +2.949121872e+03 +2.999391872e+03 +2.999391872e+03 -5.0543e-02 -5.0523e-02 -5.0570e-02 -5.0547e-02 -5.0609e-02 -5.0567e-02 -5.0650e-02 -5.0449e-02 -5.0432e-02 -5.9750e-02 -9.7017e-02 +1.8905e-02 +6.9924e-02 +1.2989e-01 +2.0042e-01 -4.2146e-01 +3.8029e-01 +4.9266e-01 +6.8722e-01 -6.3103e-01
29 0 +2.872098998e+03 +2.922368998e+03 +2.922368998e+03 -4.4689e-02 -4.4669e-02 -4.4716e-02 -4.4693e-02 -4.4757e-02 -4.4713e-02 -4.4798e-02 -4.4594e-02 -4.4577e-02 -5.4048e-02 -1.8894e-01 +2.5903e-02 +7.7762e-02 +1.3872e-01 +2.1041e-01 -3.7603e-01 +3.9324e-01 +4.6656e-01 +7.1576e-01 -6.5635e-01
32 0 +2.814311963e+03 +2.864581963e+03 +2.864581963e+03 -1.4675e-02 -1.4656e-02 -1.4703e-02 -1.4680e-02 -1.4275e-01 -1.4700e-02 -1.4246e-01 -1.4581e-02 -1.4563e-02 -1.4951e-01 -1.4923e-01 +5.5916e-02 +1.0778e-01 +1.6873e-01 +2.4043e-01 -3.8237e-01 +4.2325e-01 +3.7980e-01 +7.3111e-01 -6.6805e-01
% f evaluations | g evaluations | best noise-free fitness - Fopt (-8.081200000000e+02) + sum g_i+ | measured fitness | best measured fitness or single-digit g-values | x1 | x2...
1 0 +1.831961742e+04 +1.751149742e+04 +1.751149742e+04 +0.0000e+00 +0.0000e+00 +0.0000e+00 +0.0000e+00 +0.0000e+00 +0.0000e+00 +0.0000e+00 +0.0000e+00 +0.0000e+00 +0.0000e+00 +0.0000e+00 +0.0000e+00 +0.0000e+00 +0.0000e+00 +0.0000e+00 +0.0000e+00 +0.0000e+00 +0.0000e+00 +0.0000e+00 +0.0000e+00
5 0 +1.831954973e+04 +1.751142973e+04 +1.751142973e+04 +0.0000e+00 +0.0000e+00 +1.0000e-01 +0.0000e+00 +0.0000e+00 +0.0000e+00 +0.0000e+00 +0.0000e+00 +0.0000e+00 +0.0000e+00 +0.0000e+00 +0.0000e+00 +0.0000e+00 +0.0000e+00 +0.0000e+00 +0.0000e+00 +0.0000e+00 +0.0000e+00 +0.0000e+00 +0.0000e+00
15 0 +1.814696124e+04 +1.733884124e+04 +1.733884124e+04 +0.0000e+00 +0.0000e+00 +0.0000e+00 +0.0000e+00 +0.0000e+00 +0.0000e+00 +0.0000e+00 +0.0000e+00 +0.0000e+00 +0.0000e+00 +0.0000e+00 +0.0000e+00 +1.0000e-01 +0.0000e+00 +0.0000e+00 +0.0000e+00 +0.0000e+00 +0.0000e+00 +0.0000e+00 +0.0000e+00
19 0 +1.770212948e+04 +1.689400948e+04 +1.689400948e+04 +0.0000e+00 +0.0000e+00 +0.0000e+00 +0.0000e+00 +0.0000e+00 +0.0000e+00 +0.0000e+00 +0.0000e+00 +0.0000e+00 +0.0000e+00 +0.0000e+00 +0.0000e+00 +0.0000e+00 +0.0000e+00 +0.0000e+00 +0.0000e+00 +1.0000e-01 +0.0000e+00 +0.0000e+00 +0.0000e+00
21 0 +1.735470277e+04 +1.654658277e+04 +1.654658277e+04 +0.0000e+00 +0.0000e+00 +0.0000e+00 +0.0000e+00 +0.0000e+00 +0.0000e+00 +0.0000e+00 +0.0000e+00 +0.0000e+00 +0.0000e+00 +0.0000e+00 +0.0000e+00 +0.0000e+00 +0.0000e+00 +0.0000e+00 +0.0000e+00 +0.0000e+00 +0.0000e+00 +1.0000e-01 +0.0000e+00
23 0 +1.559179545e+04 +1.478367545e+04 +1.478367545e+04 -1.4405e-07 -3.9555e-06 +3.7737e-06 +4.3206e-06 +5.6316e-06 -2.0702e-06 +5.4446e-06 -3.4711e-06 +8.6737e-06 -7.3590e-04 +2.1008e-03 +5.5494e-03 +9.6263e-03 -1.6714e-02 +2.0055e-02 +2.6683e-02 +3.4428e-02 +4.3407e-02 +1.5380e-01 +5.0144e-02
24 0 +9.523660487e+03 +8.715540487e+03 +8.715540487e+03 -3.0476e-03 -3.0669e-03 -3.0278e-03 -3.0250e-03 -3.0183e-03 -3.0574e-03 -3.0193e-03 -3.0645e-03 -3.0029e-03 -6.7763e-03 +7.5998e-03 +2.5077e-02 +4.5738e-02 -8.7750e-02 +9.8587e-02 +1.3218e-01 +1.7143e-01 +2.1693e-01 +3.6959e-01 +2.5108e-01
25 0 +3.989979245e+03 +3.181859245e+03 +3.181859245e+03 -3.7934e-02 -3.7976e-02 -3.7890e-02 -3.7884e-02 -3.7869e-02 -3.7955e-02 -3.7871e-02 -3.7971e-02 -3.7836e-02 -4.6114e-02 -1.4575e-02 +2.3767e-02 +6.9095e-02 -2.2376e-01 +1.8504e-01 +2.5873e-01 +3.4484e-01 +4.4467e-01 +6.6020e-01 +5.1958e-01
26 0 +3.001703367e+03 +2.193583367e+03 +2.193583367e+03 -7.3875e-02 -7.3926e-02 -7.3822e-02 -7.3815e-02 -7.3797e-02 -7.3901e-02 -7.3800e-02 -7.3919e-02 -7.3757e-02 -8.3736e-02 -4.5716e-02 +5.0520e-04 +5.5148e-02 -2.9788e-01 +1.9492e-01 +2.8375e-01 +3.8756e-01 +5.0791e-01 +7.4718e-01 +5.9820e-01
27 0 +2.436786264e+03 +1.628666264e+03 +1.628666264e+03 -6.3334e-02 -6.3388e-02 -6.3278e-02 -6.3271e-02 -6.3252e-02 -6.3362e-02 -6.3255e-02 -6.3381e-02 -6.3209e-02 -7.3811e-02 -3.3418e-02 +1.5686e-02 +7.3738e-02 -3.0132e-01 +2.2223e-01 +3.1660e-01 +4.2688e-01 +5.5474e-01 +7.3881e-01 +6.5067e-01
28 0 +2.275575118e+03 +1.467455118e+03 +1.467455118e+03 -5.9819e-02 -5.9874e-02 -5.9762e-02 -5.9754e-02 -5.9734e-02 -5.9847e-02 -5.9737e-02 -5.9867e-02 -5.9690e-02 -7.0569e-02 -2.9120e-02 +2.1269e-02 +8.0839e-02 -3.0403e-01 +2.3321e-01 +3.3006e-01 +4.4323e-01 +5.7443e-01 +7.7649e-01 +6.2279e-01
29 0 +2.222776005e+03 +1.414656005e+03 +1.414656005e+03 -4.8476e-02 -4.8531e-02 -4.8418e-02 -4.8410e-02 -4.8391e-02 -4.8504e-02 -4.8394e-02 -4.8524e-02 -4.8347e-02 -5.9226e-02 -1.7777e-02 +3.2612e-02 +9.2183e-02 -4.1300e-01 +2.4456e-01 +3.4140e-01 +4.5457e-01 +5.0410e-01 +7.7891e-01 +6.2470e-01
30 0 +2.186500979e+03 +1.378380979e+03 +1.378380979e+03 -3.9315e-02 -3.9371e-02 -3.9258e-02 -3.9250e-02 -3.9231e-02 -3.9344e-02 -3.9234e-02 -3.9364e-02 -3.9187e-02 -1.8868e-01 -8.6167e-03 +4.1773e-02 +1.0134e-01 -3.9922e-01 +2.5372e-01 +3.5056e-01 +4.6373e-01 +4.8415e-01 +7.8086e-01 +6.2623e-01
32 0 +2.083452440e+03 +1.275332440e+03 +1.275332440e+03 -3.0003e-02 -1.6323e-01 -2.9945e-02 -2.9936e-02 -2.9917e-02 -3.0031e-02 -2.9920e-02 -3.0052e-02 -2.9872e-02 -1.7743e-01 +1.1861e-03 +5.2380e-02 +1.1290e-01 -3.7035e-01 +2.6771e-01 +3.6610e-01 +4.8107e-01 +4.4645e-01 +8.0597e-01 +6.4808e-01
% f evaluations | g evaluations | best noise-free fitness - Fopt (3.865000000000e+01) + sum g_i+ | measured fitness | best measured fitness or single-digit g-values | x1 | x2...
1 0 +1.831961742e+04 +1.835826742e+04 +1.835826742e+04 +0.0000e+00 +0.0000e+00 +0.0000e+00 +0.0000e+00 +0.0000e+00 +0.0000e+00 +0.0000e+00 +0.0000e+00 +0.0000e+00 +0.0000e+00 +0.0000e+00 +0.0000e+00 +0.0000e+00 +0.0000e+00 +0.0000e+00 +0.0000e+00 +0.0000e+00 +0.0000e+00 +0.0000e+00 +0.0000e+00
5 0 +1.831954973e+04 +1.835819973e+04 +1.835819973e+04 +0.0000e+00 +0.0000e+00 +1.0000e-01 +0.0000e+00 +0.0000e+00 +0.0000e+00 +0.0000e+00 +0.0000e+00 +0.0000e+00 +0.0000e+00 +0.0000e+00 +0.0000e+00 +0.0000e+00 +0.0000e+00 +0.0000e+00 +0.0000e+00 +0.0000e+00 +0.0000e+00 +0.0000e+00 +0.0000e+00
16 0 +1.806101629e+04 +1.809966629e+04 +1.809966629e+04 +0.0000e+00 +0.0000e+00 +0.0000e+00 +0.0000e+00 +0.0000e+00 +0.0000e+00 +0.0000e+00 +0.0000e+00 +0.0000e+00 +0.0000e+00 +0.0000e+00 +0.0000e+00 +0.0000e+00 +1.0000e-01 +0.0000e+00 +0.0000e+00 +0.0000e+00 +0.0000e+00 +0.0000e+00 +0.0000e+00
19 0 +1.770212948e+04 +1.774077948e+04 +1.774077948e+04 +0.0000e+00 +0.0000e+00 +0.0000e+00 +0.0000e+00 +0.0000e+00 +0.0000e+00 +0.0000e+00 +0.0000e+00 +0.0000e+00 +0.0000e+00 +0.0000e+00 +0.0000e+00 +0.0000e+00 +0.0000e+00 +0.0000e+00 +0.0000e+00 +1.0000e-01 +0.0000e+00 +0.0000e+00 +0.0000e+00
21 0 +1.735470277e+04 +1.739335277e+04 +1.739335277e+04 +0.0000e+00 +0.0000e+00 +0.0000e+00 +0.0000e+00 +0.0000e+00 +0.0000e+00 +0.0000e+00 +0.0000e+00 +0.0000e+00 +0.0000e+00 +0.0000e+00 +0.0000e+00 +0.0000e+00 +0.0000e+00 +0.0000e+00 +0.0000e+00 +0.0000e+00 +0.0000e+00 +1.0000e-01 +0.0000e+00
23 0 +1.559175171e+04 +1.563040171e+04 +1.563040171e+04 -1.4306e-07 -3.9285e-06 +3.7480e-06 -4.7285e-07 +5.5931e-06 -2.0561e-06 +5.4074e-06 +7.2563e-06 -1.8038e-06 +3.8516e-04 +2.0865e-03 +5.5115e-03 -1.1584e-02 +1.4320e-02 +1.9917e-02 -2.9437e-02 +3.4192e-02 +4.3110e-02 +1.5343e-01 +4.9801e-02
24 0 +9.529049777e+03 +9.567699777e+03 +9.567699777e+03 -5.3575e-03 -5.3768e-03 -5.3377e-03 -5.3592e-03 -5.3283e-03 -5.3673e-03 -5.3293e-03 -5.3198e-03 -5.3660e-03 -3.3958e-03 +5.2662e-03 +2.2704e-02 -6.4334e-02 +6.7549e-02 +9.6050e-02 -1.5523e-01 +1.6873e-01 +2.1413e-01 +3.6668e-01 +2.4820e-01
25 0 +3.881107710e+03 +3.919757710e+03 +3.919757710e+03 -5.6476e-02 -5.6519e-02 -5.6432e-02 -5.6480e-02 -5.6411e-02 -5.6498e-02 -5.6413e-02 -5.6392e-02 -5.6495e-02 -5.2075e-02 -3.2643e-02 +6.4771e-03 -1.8878e-01 +1.0708e-01 +1.7102e-01 -3.9270e-01 +3.3407e-01 +4.3593e-01 +6.5380e-01 +5.1235e-01
26 0 +3.304668589e+03 +3.343318589e+03 +3.343318589e+03 -3.7057e-02 -3.7102e-02 -3.7010e-02 -3.7061e-02 -3.6988e-02 -3.7080e-02 -3.6990e-02 -3.6968e-02 -3.7077e-02 -3.2438e-02 -1.2042e-02 +2.9019e-02 -1.7593e-01 +1.3461e-01 +2.0172e-01 -3.8996e-01 +3.7286e-01 +4.7977e-01 +6.4995e-01 +5.5999e-01
27 0 +2.007568584e+03 +2.046218584e+03 +2.046218584e+03 -5.8584e-02 -5.8640e-02 -5.8526e-02 -5.8589e-02 -5.8499e-02 -5.8612e-02 -5.8501e-02 -5.8474e-02 -5.8609e-02 -5.2855e-02 -2.7561e-02 +2.3361e-02 -2.3081e-01 +1.5432e-01 +2.3754e-01 -4.9624e-01 +4.4978e-01 +5.8237e-01 +6.8419e-01 +6.8185e-01
28 0 +1.838997920e+03 +1.877647920e+03 +1.877647920e+03 -6.2441e-02 -6.2499e-02 -6.2381e-02 -6.2446e-02 -6.2353e-02 -6.2471e-02 -6.2356e-02 -6.2327e-02 -6.2467e-02 -5.6517e-02 -3.0360e-02 +2.2299e-02 -2.4054e-01 +1.5772e-01 +2.4379e-01 -4.4795e-01 +4.6326e-01 +6.0038e-01 +7.3054e-01 +7.0325e-01
29 0 +1.695651383e+03 +1.734301383e+03 +1.734301383e+03 -5.8938e-02 -5.8998e-02 -5.8877e-02 -5.8943e-02 -5.8848e-02 -5.8968e-02 -5.8851e-02 -5.8822e-02 -5.8964e-02 -5.2870e-02 -2.6076e-02 +2.7865e-02 -2.4137e-01 +1.6658e-01 +2.5475e-01 -4.7103e-01 +4.7956e-01 +6.2001e-01 +7.6594e-01 +6.7037e-01
30 0 +1.644892798e+03 +1.683542798e+03 +1.683542798e+03 -4.6696e-02 -4.6756e-02 -4.6635e-02 -4.6701e-02 -4.6606e-02 -4.6726e-02 -4.6609e-02 -4.6580e-02 -4.6722e-02 -4.0628e-02 -1.3834e-02 +4.0107e-02 -3.6577e-01 +1.7883e-01 +2.6699e-01 -4.7242e-01 +4.9180e-01 +5.6139e-01 +7.6824e-01 +6.7217e-01
31 0 +1.613673750e+03 +1.652323750e+03 +1.652323750e+03 -3.6168e-02 -1.8459e-01 -3.6107e-02 -3.6174e-02 -3.6078e-02 -3.6199e-02 -3.6081e-02 -3.6052e-02 -3.6195e-02 -3.0100e-02 -3.3061e-03 +5.0635e-02 -3.5580e-01 +1.8935e-01 +2.7752e-01 -4.7361e-01 +5.0233e-01 +5.4239e-01 +7.7023e-01 +6.7373e-01
33 0 +1.562459841e+03 +1.601109841e+03 +1.601109841e+03 -1.3361e-02 -1.7628e-01 -1.3299e-02 -1.3366e-02 -1.3270e-02 -1.7011e-01 -1.3273e-02 -1.3244e-02 -1.6358e-01 -7.2923e-03 +1.9502e-02 +7.3443e-02 -3.3422e-01 +2.1216e-01 +3.0032e-01 -4.7619e-01 +5.2514e-01 +5.0124e-01 +7.7452e-01 +6.7709e-01
34 0 +1.505715863e+03 +1.544365863e+03 +1.544365863e+03 -1.3930e-02 -1.6970e-01 -1.3867e-02 -1.3935e-02 -1.3838e-02 -1.6348e-01 -1.3841e-02 -1.3811e-02 -1.5691e-01 -7.7738e-03 +1.9407e-02 +7.4126e-02 -3.1949e-01 +2.1485e-01 +3.0428e-01 -4.8990e-01 +5.3234e-01 +4.7699e-01 +7.9551e-01 +6.9639e-01
% f evaluations | g evaluations | best noise-free fitness - Fopt (2.000700000000e+02) + sum g_i+ | measured fitness | best measured fitness or single-digit g-values | x1 | x2...
1 0 +1.831961742e+04 +1.851968742e+04 +1.851968742e+04 +0.0000e+00 +0.0000e+00 +0.0000e+00 +0.0000e+00 +0.0000e+00 +0.0000e+00 +0.0000e+00 +0.0000e+00 +0.0000e+00 +0.0000e+00 +0.0000e+00 +0.0000e+00 +0.0000e+00 +0.0000e+00 +0.0000e+00 +0.0000e+00 +0.0000e+00 +0.0000e+00 +0.0000e+00 +0.0000e+00
5 0 +1.831954973e+04 +1.851961973e+04 +1.851961973e+04 +0.0000e+00 +0.0000e+00 +1.0000e-01 +0.0000e+00 +0.0000e+00 +0.0000e+00 +0.0000e+00 +0.0000e+00 +0.0000e+00 +0.0000e+00 +0.0000e+00 +0.0000e+00 +0.0000e+00 +0.0000e+00 +0.0000e+00 +0.0000e+00 +0.0000e+00 +0.0000e+00 +0.0000e+00 +0.0000e+00
15 0 +1.814696124e+04 +1.834703124e+04 +1.834703124e+04 +0.0000e+00 +0.0000e+00 +0.0000e+00 +0.0000e+00 +0.0000e+00 +0.0000e+00 +0.0000e+00 +0.0000e+00 +0.0000e+00 +0.0000e+00 +0.0000e+00 +0.0000e+00 +1.0000e-01 +0.0000e+00 +0.0000e+00 +0.0000e+00 +0.0000e+00 +0.0000e+00 +0.0000e+00 +0.0000e+00
20 0 +1.754107634e+04 +1.774114634e+04 +1.774114634e+04 +0.0000e+00 +0.0000e+00 +0.0000e+00 +0.0000e+00 +0.0000e+00 +0.0000e+00 +0.0000e+00 +0.0000e+00 +0.0000e+00 +0.0000e+00 +0.0000e+00 +0.0000e+00 +0.0000e+00 +0.0000e+00 +0.0000e+00 +0.0000e+00 +0.0000e+00 +1.0000e-01 +0.0000e+00 +0.0000e+00
23 0 +1.576337823e+04 +1.596344823e+04 +1.596344823e+04 -3.0643e-08 -3.7069e-06 +3.5366e-06 +4.0490e-06 -5.1455e-06 -1.9401e-06 -8.1832e-06 +6.8471e-06 +8.1286e-06 +3.6344e-04 +1.9688e-03 +5.2006e-03 +9.0213e-03 +1.3512e-02 -2.1237e-02 -2.7777e-02 -3.5381e-02 +1.4068e-01 -5.4367e-02 -5.1187e-02
24 0 +9.635424457e+03 +9.835494457e+03 +9.835494457e+03 -1.5565e-07 -1.8829e-05 +1.7964e-05 +2.0567e-05 -2.6136e-05 -9.8547e-06 -4.1566e-05 +3.4780e-05 +4.1289e-05 +1.8461e-03 +1.0001e-02 +2.6417e-02 +4.5824e-02 +6.8634e-02 -1.0787e-01 -1.4109e-01 -1.7972e-01 +2.8600e-01 -2.7615e-01 -2.6000e-01
25 0 +6.074064365e+03 +6.274134365e+03 +6.274134365e+03 +6.9003e-02 +6.8970e-02 +6.9034e-02 +6.9038e-02 +6.8958e-02 +6.8986e-02 +6.8931e-02 +6.9063e-02 +6.9074e-02 +7.2185e-02 +8.6243e-02 +1.1454e-01 +1.4800e-01 +1.8732e-01 -1.1696e-01 -1.7423e-01 -2.4081e-01 +5.4445e-01 -4.0706e-01 -3.7922e-01
26 0 +3.196300268e+03 +3.396370268e+03 +3.396370268e+03 +6.0417e-02 +6.0372e-02 +6.0461e-02 +6.0467e-02 +6.0354e-02 +6.0394e-02 +6.0317e-02 +6.0502e-02 +6.0518e-02 +6.4890e-02 +8.4644e-02 +1.2441e-01 +1.7143e-01 +2.2669e-01 -2.0091e-01 -2.8139e-01 -3.7496e-01 +5.5412e-01 -6.0858e-01 -5.6946e-01
27 0 +2.773481327e+03 +2.973551327e+03 +2.973551327e+03 +5.1170e-02 +5.1122e-02 +5.1217e-02 +5.1223e-02 +5.1103e-02 +5.1145e-02 +5.1063e-02 +5.1260e-02 +5.1276e-02 +5.5917e-02 +7.6885e-02 +1.1910e-01 +1.6900e-01 +2.2765e-01 -2.2620e-01 -3.1162e-01 -4.1093e-01 +6.2595e-01 -5.6214e-01 -6.1737e-01
28 0 +2.592685871e+03 +2.792755871e+03 +2.792755871e+03 +4.5826e-02 +4.5777e-02 +4.5874e-02 +4.5881e-02 +4.5757e-02 +4.5800e-02 +4.5716e-02 +4.5919e-02 +4.5936e-02 +5.0725e-02 +7.2362e-02 +1.1592e-01 +1.6742e-01 +2.2794e-01 -2.4040e-01 -3.2855e-01 -4.3103e-01 +6.6550e-01 -6.0336e-01 -5.7258e-01
30 0 +2.503824911e+03 +2.703894911e+03 +2.703894911e+03 +4.2174e-02 +4.2123e-02 +4.2223e-02 +4.2230e-02 +4.2104e-02 +4.2148e-02 +4.2062e-02 +4.2268e-02 +4.2286e-02 +4.7163e-02 +6.9197e-02 +1.1355e-01 +1.6599e-01 +2.2763e-01 -2.4931e-01 -4.0510e-01 -3.1845e-01 +6.8876e-01 -6.2761e-01 -5.9631e-01
34 0 +2.376308246e+03 +2.576378246e+03 +2.576378246e+03 +4.5992e-02 +4.5940e-02 +4.6042e-02 +4.6049e-02 +2.0452e-02 +4.5965e-02 +5.1527e-02 +4.6089e-02 +4.6107e-02 +5.1119e-02 +7.3767e-02 +1.1936e-01 +1.7326e-01 +2.3662e-01 -2.2497e-01 -4.1171e-01 -3.2751e-01 +7.0461e-01 -6.4091e-01 -6.1007e-01
% f evaluations | g evaluations | best noise-free fitness - Fopt (-3.889000000000e+01) + sum g_i+ | measured fitness | best measured fitness or single-digit g-values | x1 | x2...
1 0 +1.831961742e+04 +1.828072742e+04 +1.828072742e+04 +0.0000e+00 +0.0000e+00 +0.0000e+00 +0.0000e+00 +0.0000e+00 +0.0000e+00 +0.0000e+00 +0.0000e+00 +0.0000e+00 +0.0000e+00 +0.0000e+00 +0.0000e+00 +0.0000e+00 +0.0000e+00 +0.0000e+00 +0.0000e+00 +0.0000e+00 +0.0000e+00 +0.0000e+00 +0.0000e+00
6 0 +1.831953993e+04 +1.828064993e+04 +1.828064993e+04 +0.0000e+00 +0.0000e+00 +0.0000e+00 +1.0000e-01 +0.0000e+00 +0.0000e+00 +0.0000e+00 +0.0000e+00 +0.0000e+00 +0.0000e+00 +0.0000e+00 +0.0000e+00 +0.0000e+00 +0.0000e+00 +0.0000e+00 +0.0000e+00 +0.0000e+00 +0.0000e+00 +0.0000e+00 +0.0000e+00
15 0 +1.814696124e+04 +1.810807124e+04 +1.810807124e+04 +0.0000e+00 +0.0000e+00 +0.0000e+00 +0.0000e+00 +0.0000e+00 +0.0000e+00 +0.0000e+00 +0.0000e+00 +0.0000e+00 +0.0000e+00 +0.0000e+00 +0.0000e+00 +1.0000e-01 +0.0000e+00 +0.0000e+00 +0.0000e+00 +0.0000e+00 +0.0000e+00 +0.0000e+00 +0.0000e+00
22 0 +1.742023988e+04 +1.738134988e+04 +1.738134988e+04 +0.0000e+00 +0.0000e+00 +0.0000e+00 +0.0000e+00 +0.0000e+00 +0.0000e+00 +0.0000e+00 +0.0000e+00 +0.0000e+00 +0.0000e+00 +0.0000e+00 +0.0000e+00 +0.0000e+00 +0.0000e+00 +0.0000e+00 +0.0000e+00 +0.0000e+00 +0.0000e+00 +0.0000e+00 +1.0000e-01
23 0 +1.564988207e+04 +1.561099207e+04 +1.561099207e+04 -3.1108e-08 -3.7632e-06 -2.2084e-06 +4.1104e-06 +5.3577e-06 -2.5862e-06 -8.3073e-06 -3.3023e-06 -1.7279e-06 +3.6895e-04 +1.9987e-03 +5.2795e-03 +9.1581e-03 -1.5901e-02 +1.9079e-02 +2.5385e-02 -3.5917e-02 -4.4844e-02 -5.5191e-02 +1.4771e-01
24 0 +9.549172716e+03 +9.510282716e+03 +9.510282716e+03 -1.5795e-07 -1.9108e-05 -1.1213e-05 +2.0871e-05 +2.7204e-05 -1.3132e-05 -4.2181e-05 -1.6767e-05 -8.7736e-06 +1.8734e-03 +1.0148e-02 +2.6807e-02 +4.6501e-02 -8.0737e-02 +9.6875e-02 +1.2889e-01 -1.8237e-01 -2.2770e-01 -2.8023e-01 +3.2540e-01
25 0 +3.840921793e+03 +3.802031793e+03 +3.802031793e+03 -3.4868e-07 -4.2180e-05 -2.4754e-05 +4.6073e-05 +6.0053e-05 -2.8988e-05 -9.3114e-05 -3.7014e-05 -1.9368e-05 +4.1355e-03 +2.2402e-02 +5.9177e-02 +1.0265e-01 -1.7823e-01 +2.1385e-01 +2.8453e-01 -4.0259e-01 -5.0264e-01 -6.1862e-01 +4.6296e-01
26 0 +3.633246131e+03 +3.594356131e+03 +3.594356131e+03 +1.4245e-02 +1.4202e-02 +1.4220e-02 +1.4292e-02 +1.4307e-02 +1.4216e-02 +1.4150e-02 +1.4208e-02 +1.4226e-02 +1.8464e-02 +3.7098e-02 +7.4611e-02 +1.1896e-01 -1.6756e-01 +2.3239e-01 +3.0449e-01 -3.9643e-01 -4.9849e-01 -6.1680e-01 +4.9253e-01
27 0 +2.994417421e+03 +2.955527421e+03 +2.955527421e+03 +4.1123e-03 +4.0657e-03 +4.0851e-03 +4.1641e-03 +4.1796e-03 +4.0804e-03 +4.0090e-03 +4.0715e-03 +4.0911e-03 +8.7206e-03 +2.9074e-02 +7.0049e-02 +1.1849e-01 -1.9447e-01 +2.4239e-01 +3.2115e-01 -4.4446e-01 -5.5595e-01 -5.7372e-01 +5.9474e-01
28 0 +2.776042974e+03 +2.737152974e+03 +2.737152974e+03 -6.5570e-04 -7.0387e-04 -6.8381e-04 -6.0224e-04 -5.8614e-04 -6.8868e-04 -7.6253e-04 -6.9792e-04 -6.7760e-04 +4.1073e-03 +2.5144e-02 +6.7494e-02 +1.1756e-01 -2.0591e-01 +2.4563e-01 +3.2702e-01 -4.6429e-01 -5.0689e-01 -6.1529e-01 +6.3501e-01
29 0 +2.692975448e+03 +2.654085448e+03 +2.654085448e+03 -3.7078e-03 -3.7568e-03 -3.7364e-03 -3.6535e-03 -3.6371e-03 -3.7414e-03 -3.8165e-03 -3.7508e-03 -3.7301e-03 +1.1354e-03 +2.2527e-02 +6.5591e-02 +1.1650e-01 -2.1242e-01 +2.4672e-01 +3.2949e-01 -4.2179e-01 -5.2473e-01 -6.3661e-01 +6.5563e-01
31 0 +2.686387385e+03 +2.647497385e+03 +2.647497385e+03 -6.0705e-03 -6.1197e-03 -6.0992e-03 -6.0158e-03 -5.9994e-03 -6.1042e-03 +4.3720e-03 -6.1136e-03 -6.0929e-03 -1.2032e-03 +2.0295e-02 +6.3573e-02 +1.1474e-01 -1.8628e-01 +2.4561e-01 +3.2879e-01 -4.2588e-01 -5.2960e-01 -6.4242e-01 +6.6113e-01
35 0 +2.617905995e+03 +2.579015995e+03 +2.579015995e+03 -4.0862e-03 +4.4343e-03 -4.1153e-03 -4.0309e-03 -4.0142e-03 -4.1203e-03 +4.4217e-03 -1.4487e-02 -4.1088e-03 +8.4237e-04 +2.2611e-02 +6.6433e-02 +1.1824e-01 -1.8973e-01 +2.5076e-01 +3.1456e-01 -4.3274e-01 -5.3760e-01 -6.5179e-01 +6.6568e-01
% f evaluations | g evaluations | best noise-free fitness - Fopt (3.419000000000e+01) + sum g_i+ | measured fitness | best measured fitness or single-digit g-values | x1 | x2...
1 0 +1.831961742e+04 +1.835380742e+04 +1.835380742e+04 +0.0000e+00 +0.0000e+00 +0.0000e+00 +0.0000e+00 +0.0000e+00 +0.0000e+00 +0.0000e+00 +0.0000e+00 +0.0000e+00 +0.0000e+00 +0.0000e+00 +0.0000e+00 +0.0000e+00 +0.0000e+00 +0.0000e+00 +0.0000e+00 +0.0000e+00 +0.0000e+00 +0.0000e+00 +0.0000e+00
4 0 +1.831959261e+04 +1.835378261e+04 +1.835378261e+04 +0.0000e+00 +1.0000e-01 +0.0000e+00 +0.0000e+00 +0.0000e+00 +0.0000e+00 +0.0000e+00 +0.0000e+00 +0.0000e+00 +0.0000e+00 +0.0000e+00 +0.0000e+00 +0.0000e+00 +0.0000e+00 +0.0000e+00 +0.0000e+00 +0.0000e+00 +0.0000e+00 +0.0000e+00 +0.0000e+00
15 0 +1.814696124e+04 +1.818115124e+04 +1.818115124e+04 +0.0000e+00 +0.0000e+00 +0.0000e+00 +0.0000e+00 +0.0000e+00 +0.0000e+00 +0.0000e+00 +0.0000e+00 +0.0000e+00 +0.0000e+00 +0.0000e+00 +0.0000e+00 +1.0000e-01 +0.0000e+00 +0.0000e+00 +0.0000e+00 +0.0000e+00 +0.0000e+00 +0.0000e+00 +0.0000e+00
19 0 +1.770212948e+04 +1.773631948e+04 +1.773631948e+04 +0.0000e+00 +0.0000e+00 +0.0000e+00 +0.0000e+00 +0.0000e+00 +0.0000e+00 +0.0000e+00 +0.0000e+00 +0.0000e+00 +0.0000e+00 +0.0000e+00 +0.0000e+00 +0.0000e+00 +0.0000e+00 +0.0000e+00 +0.0000e+00 +1.0000e-01 +0.0000e+00 +0.0000e+00 +0.0000e+00
23 0 +1.565033561e+04 +1.568452561e+04 +1.568452561e+04 -3.1524e-08 +1.3336e-06 -2.2380e-06 -4.5902e-07 -5.2934e-06 -2.6208e-06 -8.4185e-06 -3.3465e-06 -1.7511e-06 -7.0948e-04 -3.5806e-03 +5.3502e-03 +9.2808e-03 -1.6114e-02 -2.1848e-02 -2.8576e-02 +3.3192e-02 +4.1849e-02 -5.5930e-02 +1.4834e-01
24 0 +9.543025882e+03 +9.577215882e+03 +9.577215882e+03 -1.5960e-07 +6.7518e-06 -1.1330e-05 -2.3239e-06 -2.6799e-05 -1.3268e-05 -4.2620e-05 -1.6942e-05 -8.8651e-06 -3.5919e-03 -1.8127e-02 +2.7086e-02 +4.6986e-02 -8.1579e-02 -1.1061e-01 -1.4467e-01 +1.6804e-01 +2.1187e-01 -2.8316e-01 +3.3143e-01
25 0 +3.690220931e+03 +3.724410931e+03 +3.724410931e+03 -3.5507e-07 +1.5021e-05 -2.5207e-05 -5.1700e-06 -5.9622e-05 -2.9519e-05 -9.4820e-05 -3.7693e-05 -1.9723e-05 -7.9911e-03 -4.0329e-02 +6.0261e-02 +1.0453e-01 -1.8149e-01 -2.4608e-01 -3.2186e-01 +3.7385e-01 +4.7136e-01 -6.2996e-01 +4.8825e-01
26 0 +2.932719817e+03 +2.966909817e+03 +2.966909817e+03 -3.9186e-07 +1.6578e-05 -2.7820e-05 -5.7058e-06 -6.5800e-05 -3.2578e-05 -1.0465e-04 -4.1598e-05 -2.1767e-05 -8.8192e-03 -4.4508e-02 +6.6506e-02 +1.1536e-01 -2.0030e-01 -2.7158e-01 -3.5521e-01 +4.1259e-01 +5.2020e-01 -5.8544e-01 +6.1157e-01
27 0 +1.784588403e+03 +1.818778403e+03 +1.818778403e+03 -4.7333e-07 +2.0024e-05 -3.3604e-05 -6.8921e-06 -7.9481e-05 -3.9352e-05 -1.2640e-04 -5.0247e-05 -2.6292e-05 -1.0653e-02 -5.3763e-02 +8.0333e-02 +1.3935e-01 -2.4195e-01 -3.2805e-01 -4.2907e-01 +4.9837e-01 +6.2836e-01 -6.8930e-01 +6.2347e-01
28 0 +1.643623091e+03 +1.677813091e+03 +1.677813091e+03 -4.8398e-07 +2.0475e-05 -3.4359e-05 -7.0471e-06 -8.1268e-05 -4.0237e-05 -1.2925e-04 -5.1377e-05 -2.6883e-05 -1.0892e-02 -5.4971e-02 +8.2140e-02 +1.4248e-01 -2.4739e-01 -3.3542e-01 -4.3871e-01 +5.0958e-01 +5.9260e-01 -7.2007e-01 +6.5100e-01
35 0 +1.595056140e+03 +1.629246140e+03 +1.629246140e+03 -4.9033e-07 +2.0744e-05 -3.4810e-05 -7.1397e-06 -1.4076e-01 -4.0765e-05 -1.4011e-01 -5.2052e-05 -2.7236e-05 -1.0325e-02 -5.2117e-02 +8.3218e-02 +1.4436e-01 -2.3492e-01 -3.1847e-01 -4.1669e-01 +5.1627e-01 +6.0768e-01 -7.3844e-01 +6.6744e-01
39 0 +1.576353705e+03 +1.610543705e+03 +1.610543705e+03 -4.6682e-03 -4.6468e-03 -4.7027e-03 -4.6749e-03 -1.4076e-01 -1.3333e-02 -1.4011e-01 -2.5050e-02 -4.6951e-03 -1.0418e-02 -5.2589e-02 +7.8992e-02 +1.4045e-01 -2.3720e-01 -3.2153e-01 -4.2077e-01 +5.0152e-01 +6.1318e-01 -7.4506e-01 +6.7346e-01
% f evaluations | g evaluations | best noise-free fitness - Fopt (-3.040000000000e+00) + sum g_i+ | measured fitness | best measured fitness or single-digit g-values | x1 | x2...
1 0 +1.831961742e+04 +1.831657742e+04 +1.831657742e+04 +0.0000e+00 +0.0000e+00 +0.0000e+00 +0.0000e+00 +0.0000e+00 +0.0000e+00 +0.0000e+00 +0.0000e+00 +0.0000e+00 +0.0000e+00 +0.0000e+00 +0.0000e+00 +0.0000e+00 +0.0000e+00 +0.0000e+00 +0.0000e+00 +0.0000e+00 +0.0000e+00 +0.0000e+00 +0.0000e+00
6 0 +1.831953993e+04 +1.831649993e+04 +1.831649993e+04 +0.0000e+00 +0.0000e+00 +0.0000e+00 +1.0000e-01 +0.0000e+00 +0.0000e+00 +0.0000e+00 +0.0000e+00 +0.0000e+00 +0.0000e+00 +0.0000e+00 +0.0000e+00 +0.0000e+00 +0.0000e+00 +0.0000e+00 +0.0000e+00 +0.0000e+00 +0.0000e+00 +0.0000e+00 +0.0000e+00
15 0 +1.814696124e+04 +1.814392124e+04 +1.814392124e+04 +0.0000e+00 +0.0000e+00 +0.0000e+00 +0.0000e+00 +0.0000e+00 +0.0000e+00 +0.0000e+00 +0.0000e+00 +0.0000e+00 +0.0000e+00 +0.0000e+00 +0.0000e+00 +1.0000e-01 +0.0000e+00 +0.0000e+00 +0.0000e+00 +0.0000e+00 +0.0000e+00 +0.0000e+00 +0.0000e+00
20 0 +1.754107634e+04 +1.753803634e+04 +1.753803634e+04 +0.0000e+00 +0.0000e+00 +0.0000e+00 +0.0000e+00 +0.0000e+00 +0.0000e+00 +0.0000e+00 +0.0000e+00 +0.0000e+00 +0.0000e+00 +0.0000e+00 +0.0000e+00 +0.0000e+00 +0.0000e+00 +0.0000e+00 +0.0000e+00 +0.0000e+00 +1.0000e-01 +0.0000e+00 +0.0000e+00
23 0 +1.564997987e+04 +1.564693987e+04 +1.564693987e+04 -1.3780e-07 -3.7841e-06 -2.2207e-06 +4.1333e-06 +5.3875e-06 -2.6006e-06 +5.2086e-06 -3.3206e-06 +8.2978e-06 +3.7100e-04 -3.5529e-03 +5.3089e-03 +9.2091e-03 +1.3793e-02 -2.1679e-02 -2.8355e-02 -3.6117e-02 +4.1525e-02 -5.5498e-02 +1.4797e-01
24 0 +9.543253211e+03 +9.540213211e+03 +9.540213211e+03 -6.9884e-07 -1.9190e-05 -1.1262e-05 +2.0961e-05 +2.7322e-05 -1.3188e-05 +2.6415e-05 -1.6840e-05 +4.2081e-05 +1.8815e-03 -1.8018e-02 +2.6923e-02 +4.6703e-02 +6.9950e-02 -1.0994e-01 -1.4380e-01 -1.8316e-01 +2.1059e-01 -2.8145e-01 +3.2793e-01
25 0 +3.759084071e+03 +3.756044071e+03 +3.756044071e+03 -1.5478e-06 -4.2502e-05 -2.4943e-05 +4.6425e-05 +6.0512e-05 -2.9209e-05 +5.8503e-05 -3.7297e-05 +9.3199e-05 +4.1671e-03 -3.9906e-02 +5.9629e-02 +1.0344e-01 +1.5492e-01 -2.4350e-01 -3.1848e-01 -4.0566e-01 +4.6641e-01 -6.2335e-01 +4.7385e-01
26 0 +3.637006213e+03 +3.633966213e+03 +3.633966213e+03 +1.1590e-02 +1.1548e-02 +1.1566e-02 +1.1639e-02 +1.1653e-02 +1.1562e-02 +1.1651e-02 +1.1554e-02 +1.1686e-02 +1.5812e-02 -2.8825e-02 +7.1983e-02 +1.1635e-01 +1.6850e-01 -2.3502e-01 -3.1096e-01 -3.9926e-01 +4.8397e-01 -6.1972e-01 +4.9423e-01
27 0 +3.612635238e+03 +3.609595238e+03 +3.609595238e+03 +1.3187e-02 +1.3145e-02 +1.3163e-02 +1.3235e-02 +1.3249e-02 +1.3159e-02 +1.3247e-02 +1.3150e-02 +1.3283e-02 +1.7409e-02 -2.7228e-02 +7.3579e-02 +1.1795e-01 +1.7009e-01 -2.3342e-01 -3.0937e-01 -4.8252e-01 +4.8556e-01 -5.6473e-01 +4.9500e-01
28 0 +3.099266128e+03 +3.096226128e+03 +3.096226128e+03 +4.6292e-03 +4.5847e-03 +4.6038e-03 +4.6814e-03 +4.6967e-03 +4.5992e-03 +4.6945e-03 +4.5904e-03 +4.7322e-03 +9.1599e-03 -3.8741e-02 +6.9438e-02 +1.1705e-01 +1.7301e-01 -2.6001e-01 -3.4151e-01 -4.8149e-01 +5.1155e-01 -5.5853e-01 +5.7660e-01
29 0 +3.019994136e+03 +3.016954136e+03 +3.016954136e+03 +1.4201e-03 +1.3749e-03 +1.3943e-03 +1.4731e-03 +1.4887e-03 +1.3896e-03 +1.4864e-03 +1.3807e-03 +1.5247e-03 +6.0223e-03 -4.2634e-02 +6.7252e-02 +1.1561e-01 +1.7246e-01 -2.6740e-01 -2.9536e-01 -4.9402e-01 +5.1634e-01 -5.7741e-01 +5.9490e-01
30 0 +2.979510234e+03 +2.976470234e+03 +2.976470234e+03 +1.0877e-02 +1.0832e-02 +1.0851e-02 +1.0930e-02 +1.0945e-02 +1.0846e-02 +1.0943e-02 +1.0837e-02 +1.0981e-02 +1.5479e-02 -3.3178e-02 +7.6708e-02 +1.2507e-01 +1.8191e-01 -3.4197e-01 -2.9735e-01 -4.9657e-01 +4.6029e-01 -5.8131e-01 +5.9945e-01
31 0 +2.869741961e+03 +2.866701961e+03 +2.866701961e+03 +1.1939e-02 +1.1893e-02 +1.1913e-02 +1.1993e-02 +1.2009e-02 +1.1908e-02 +1.2007e-02 +1.1899e-02 +1.2046e-02 +1.6635e-02 -3.3007e-02 +7.9104e-02 +1.2845e-01 +1.8644e-01 -3.1148e-01 -3.1200e-01 -5.1431e-01 +4.2766e-01 -6.0809e-01 +6.2584e-01
35 0 +2.755593204e+03 +2.752553204e+03 +2.752553204e+03 +1.1918e-02 +2.0131e-02 +1.1891e-02 +1.1973e-02 +1.1989e-02 +1.1886e-02 +1.1986e-02 -4.9023e-03 +1.2026e-02 +1.6699e-02 -2.1280e-02 +8.0311e-02 +1.3056e-01 +1.8961e-01 -3.1642e-01 -3.1812e-01 -5.2129e-01 +4.3643e-01 -6.1834e-01 +6.2838e-01
36 0 +2.753365934e+03 +2.750325934e+03 +2.750325934e+03 +1.3485e-02 +2.0135e-02 +1.3459e-02 +1.3540e-02 +1.3557e-02 +1.3454e-02 +1.3554e-02 -4.9024e-03 +1.3594e-02 +1.8273e-02 -2.1418e-02 +8.1976e-02 +1.3229e-01 +1.7459e-01 -3.1722e-01 -3.1914e-01 -5.2252e-01 +4.3790e-01 -6.2020e-01 +6.2995e-01
% f evaluations | g evaluations | best noise-free fitness - Fopt (1.983000000000e+01) + sum g_i+ | measured fitness | best measured fitness or single-digit g-values | x1 | x2...
1 0 +1.831961742e+04 +1.833944742e+04 +1.833944742e+04 +0.0000e+00 +0.0000e+00 +0.0000e+00 +0.0000e+00 +0.0000e+00 +0.0000e+00 +0.0000e+00 +0.0000e+00 +0.0000e+00 +0.0000e+00 +0.0000e+00 +0.0000e+00 +0.0000e+00 +0.0000e+00 +0.0000e+00 +0.0000e+00 +0.0000e+00 +0.0000e+00 +0.0000e+00 +0.0000e+00
4 0 +1.831959261e+04 +1.833942261e+04 +1.833942261e+04 +0.0000e+00 +1.0000e-01 +0.0000e+00 +0.0000e+00 +0.0000e+00 +0.0000e+00 +0.0000e+00 +0.0000e+00 +0.0000e+00 +0.0000e+00 +0.0000e+00 +0.0000e+00 +0.0000e+00 +0.0000e+00 +0.0000e+00 +0.0000e+00 +0.0000e+00 +0.0000e+00 +0.0000e+00 +0.0000e+00
15 0 +1.814696124e+04 +1.816679124e+04 +1.816679124e+04 +0.0000e+00 +0.0000e+00 +0.0000e+00 +0.0000e+00 +0.0000e+00 +0.0000e+00 +0.0000e+00 +0.0000e+00 +0.0000e+00 +0.0000e+00 +0.0000e+00 +0.0000e+00 +1.0000e-01 +0.0000e+00 +0.0000e+00 +0.0000e+00 +0.0000e+00 +0.0000e+00 +0.0000e+00 +0.0000e+00
19 0 +1.770212948e+04 +1.772195948e+04 +1.772195948e+04 +0.0000e+00 +0.0000e+00 +0.0000e+00 +0.0000e+00 +0.0000e+00 +0.0000e+00 +0.0000e+00 +0.0000e+00 +0.0000e+00 +0.0000e+00 +0.0000e+00 +0.0000e+00 +0.0000e+00 +0.0000e+00 +0.0000e+00 +0.0000e+00 +1.0000e-01 +0.0000e+00 +0.0000e+00 +0.0000e+00
23 0 +1.576467851e+04 +1.578450851e+04 +1.578450851e+04 -1.3802e-07 +1.3255e-06 +3.6160e-06 -4.5620e-07 -5.2610e-06 -1.9837e-06 +5.2170e-06 -3.3260e-06 -1.7403e-06 +3.7160e-04 +2.0130e-03 -7.0584e-03 +9.2239e-03 +1.3815e-02 +1.9216e-02 +2.5567e-02 +3.2988e-02 +1.4159e-01 -5.5587e-02 -5.2336e-02
24 0 +9.643500523e+03 +9.663330523e+03 +9.663330523e+03 -6.9820e-07 +6.7049e-06 +1.8292e-05 -2.3077e-06 -2.6613e-05 -1.0034e-05 +2.6391e-05 -1.6825e-05 -8.8036e-06 +1.8798e-03 +1.0183e-02 -3.5706e-02 +4.6660e-02 +6.9886e-02 +9.7206e-02 +1.2933e-01 +1.6687e-01 +2.9578e-01 -2.8119e-01 -2.6475e-01
25 0 +3.892692957e+03 +3.912522957e+03 +3.912522957e+03 -1.5362e-06 +1.4752e-05 +4.0245e-05 -5.0774e-06 -5.8554e-05 -2.2078e-05 +5.8064e-05 -3.7017e-05 -1.9369e-05 +4.1358e-03 +2.2404e-02 -7.8559e-02 +1.0266e-01 +1.5376e-01 +2.1387e-01 +2.8456e-01 +3.6715e-01 +3.8847e-01 -6.1867e-01 -5.8249e-01
26 0 +2.991764987e+03 +3.011594987e+03 +3.011594987e+03 -1.7286e-06 +1.6600e-05 +4.5286e-05 -5.7134e-06 -6.5888e-05 -2.4843e-05 +6.5337e-05 -4.1654e-05 -2.1796e-05 +4.6539e-03 +2.5211e-02 -8.8399e-02 +1.1552e-01 +1.7302e-01 +2.4066e-01 +3.2020e-01 +4.1314e-01 +5.2084e-01 -5.7931e-01 -6.5545e-01
28 0 +2.693971099e+03 +2.713801099e+03 +2.713801099e+03 -1.0535e-02 -1.0516e-02 -1.0486e-02 -1.0539e-02 -1.0603e-02 -1.0559e-02 -1.0465e-02 -1.0577e-02 -1.0556e-02 -5.6393e-03 +1.5978e-02 -1.0349e-01 +1.1094e-01 +1.7141e-01 +2.4254e-01 +3.2619e-01 +4.2392e-01 +5.7738e-01 -6.4545e-01 -6.2040e-01
29 0 +2.685742352e+03 +2.705572352e+03 +2.705572352e+03 +6.7926e-04 +6.9853e-04 +7.2870e-04 +6.7506e-04 +6.1179e-04 +6.5495e-04 +7.4978e-04 +6.3727e-04 +6.5815e-04 +5.5750e-03 +2.7192e-02 -2.0215e-01 +1.2216e-01 +1.8263e-01 +2.5376e-01 +3.3740e-01 +3.6106e-01 +5.8251e-01 -6.5033e-01 -6.2499e-01
36 0 +2.602948707e+03 +2.622778707e+03 +2.622778707e+03 +1.1176e-02 +1.1196e-02 +1.1227e-02 +1.1172e-02 -1.0228e-01 +2.1279e-02 +1.1248e-02 +2.1297e-02 +8.3646e-04 +1.6168e-02 +3.8209e-02 -1.6379e-01 +1.3504e-01 +1.9669e-01 +2.6921e-01 +3.3675e-01 +3.1516e-01 +5.9859e-01 -6.7367e-01 -6.4769e-01
