% f evaluations | g evaluations | best noise-free fitness - Fopt (6.870000000000e+00) + sum g_i+ | measured fitness | best measured fitness or single-digit g-values | x1 | x2...
1 0 +1.700119263e+01 +2.387119263e+01 +2.387119263e+01 +0.0000e+00 +0.0000e+00 +0.0000e+00 +0.0000e+00 +0.0000e+00 +0.0000e+00 +0.0000e+00 +0.0000e+00 +0.0000e+00 +0.0000e+00
4 0 +1.550996890e+01 +2.237996890e+01 +2.237996890e+01 +0.0000e+00 +1.0000e-01 +0.0000e+00 +0.0000e+00 +0.0000e+00 +0.0000e+00 +0.0000e+00 +0.0000e+00 +0.0000e+00 +0.0000e+00
5 0 +1.401186679e+01 +2.088186679e+01 +2.088186679e+01 +0.0000e+00 +0.0000e+00 +1.0000e-01 +0.0000e+00 +0.0000e+00 +0.0000e+00 +0.0000e+00 +0.0000e+00 +0.0000e+00 +0.0000e+00
7 0 +1.064976721e+01 +1.751976721e+01 +1.751976721e+01 +0.0000e+00 +0.0000e+00 +0.0000e+00 +0.0000e+00 +1.0000e-01 +0.0000e+00 +0.0000e+00 +0.0000e+00 +0.0000e+00 +0.0000e+00
9 0 +8.201979088e+00 +1.507197909e+01 +1.507197909e+01 +0.0000e+00 +0.0000e+00 +0.0000e+00 +0.0000e+00 +0.0000e+00 +0.0000e+00 +1.0000e-01 +0.0000e+00 +0.0000e+00 +0.0000e+00
20 0 +6.972536699e+00 +1.384253670e+01 +1.384253670e+01 -2.3390e-04 +2.1130e-03 +1.8440e-04 -6.8101e-04 +6.1824e-04 -1.8279e-03 +9.8648e-02 -1.6838e-03 -1.9603e-03 +8.6708e-03
29 0 +6.867910765e+00 +1.373791076e+01 +1.373791076e+01 +8.8484e-04 +2.4335e-03 +3.4292e-04 +1.0089e-03 -6.9937e-04 -1.9498e-03 +9.9266e-02 -9.3707e-04 -2.0745e-03 +9.2286e-03
34 0 +6.744301114e+00 +1.361430111e+01 +1.361430111e+01 +9.0087e-04 +2.4490e-03 +3.4981e-04 +1.0359e-03 -7.1525e-04 -1.8221e-03 +9.9064e-02 -8.8077e-04 -2.0999e-03 +9.2374e-03
42 0 +6.598778093e+00 +1.346877809e+01 +1.346877809e+01 +7.9054e-04 +2.6323e-03 +4.0239e-04 +1.1974e-03 -7.3886e-04 -1.6122e-03 +9.8957e-02 -7.5760e-04 -2.2045e-03 +9.4096e-03
114 0 +5.430092795e+00 +1.230009280e+01 +1.230009280e+01 +1.0576e+00 +9.8495e-02 -1.9418e+00 -5.6053e-01 -4.0731e+00 -2.8375e+00 -1.5608e+00 +2.2529e+00 +1.2844e+00 -3.5892e+00
118 0 +3.576349512e+00 +1.044634951e+01 +1.044634951e+01 +1.0973e+00 +9.8764e-02 -1.9434e+00 -5.5928e-01 -4.0762e+00 -2.8408e+00 -1.5612e+00 +2.2518e+00 +1.2755e+00 -3.6025e+00
125 0 +2.155680711e+00 +9.025680711e+00 +9.025680711e+00 +1.0956e+00 +1.0348e-01 -1.9418e+00 -5.5286e-01 -4.0772e+00 -2.8423e+00 -1.5576e+00 +2.2541e+00 +1.2723e+00 -3.6047e+00
126 0 +2.012980094e+00 +8.882980094e+00 +8.882980094e+00 +1.0942e+00 +1.0275e-01 -1.9430e+00 -5.5340e-01 -4.0794e+00 -2.8446e+00 -1.5584e+00 +2.2532e+00 +1.2710e+00 -3.6070e+00
128 0 +1.945047072e+00 +8.815047072e+00 +8.815047072e+00 +1.0948e+00 +1.0356e-01 -1.9417e+00 -5.5310e-01 -4.0812e+00 -2.8469e+00 -1.5571e+00 +2.2553e+00 +1.2713e+00 -3.6067e+00
130 0 +1.465305163e+00 +8.335305163e+00 +8.335305163e+00 +1.0950e+00 +1.0543e-01 -1.9435e+00 -5.5199e-01 -4.0812e+00 -2.8472e+00 -1.5546e+00 +2.2541e+00 +1.2712e+00 -3.6077e+00
141 0 +1.428349077e+00 +8.298349077e+00 +8.298349077e+00 +1.0956e+00 +1.0543e-01 -1.9437e+00 -5.5259e-01 -4.0816e+00 -2.8474e+00 -1.5541e+00 +2.2541e+00 +1.2714e+00 -3.6078e+00
146 0 +1.409406152e+00 +8.279406152e+00 +8.279406152e+00 +1.0956e+00 +1.0565e-01 -1.9436e+00 -5.5288e-01 -4.0815e+00 -2.8476e+00 -1.5542e+00 +2.2541e+00 +1.2714e+00 -3.6078e+00
989 0 +1.374510633e+00 +8.244510633e+00 +8.244510633e+00 -2.2706e+00 +1.8493e+00 -2.5052e+00 +3.6553e+00 -3.1711e+00 -3.9238e+00 +1.3675e+00 +3.4522e+00 +1.9972e+00 +2.0368e+00
% f evaluations | g evaluations | best noise-free fitness - Fopt (1.000000000000e-02) + sum g_i+ | measured fitness | best measured fitness or single-digit g-values | x1 | x2...
1 0 +9.237923688e+00 +9.247923688e+00 +9.247923688e+00 +0.0000e+00 +0.0000e+00 +0.0000e+00 +0.0000e+00 +0.0000e+00 +0.0000e+00 +0.0000e+00 +0.0000e+00 +0.0000e+00 +0.0000e+00
6 0 +8.776362851e+00 +8.786362851e+00 +8.786362851e+00 +0.0000e+00 +0.0000e+00 +0.0000e+00 +1.0000e-01 +0.0000e+00 +0.0000e+00 +0.0000e+00 +0.0000e+00 +0.0000e+00 +0.0000e+00
11 0 +5.747273138e+00 +5.757273138e+00 +5.757273138e+00 +0.0000e+00 +0.0000e+00 +0.0000e+00 +0.0000e+00 +0.0000e+00 +0.0000e+00 +0.0000e+00 +0.0000e+00 +1.0000e-01 +0.0000e+00
15 0 +5.312670975e+00 +5.322670975e+00 +5.322670975e+00 +1.3263e-02 +3.7443e-03 +1.3632e-03 +6.0107e-03 +1.8715e-03 +9.4914e-04 +3.1073e-03 +5.3026e-03 +1.0778e-01 +2.3361e-03
18 0 +4.835773061e+00 +4.845773061e+00 +4.845773061e+00 +1.5761e-02 +1.9547e-03 +2.8476e-03 +4.7499e-03 +8.4445e-03 -1.2953e-03 +1.1691e-03 +3.8765e-03 +1.0693e-01 +2.1804e-04
21 0 +4.743187218e+00 +4.753187218e+00 +4.753187218e+00 +1.5761e-02 +6.2604e-03 +2.8476e-03 +6.8568e-03 +8.4445e-03 -1.2953e-03 +1.1691e-03 -4.6431e-03 +1.0904e-01 +2.1804e-04
23 0 +3.239360666e+00 +3.249360666e+00 +3.249360666e+00 +1.5836e-02 +6.4057e-03 +3.1661e-03 +8.4770e-03 +8.7261e-03 -9.4671e-04 +1.3607e-03 -4.6111e-03 +1.0725e-01 +4.6576e-04
26 0 +3.165793994e+00 +3.175793994e+00 +3.175793994e+00 +1.5255e-02 +6.5024e-03 +3.3522e-03 +8.8529e-03 +9.2483e-03 -5.6465e-04 +1.4579e-03 -4.5242e-03 +1.0707e-01 +5.5425e-04
27 0 +2.896374427e+00 +2.906374427e+00 +2.906374427e+00 +1.5259e-02 +6.4549e-03 +3.3690e-03 +8.8063e-03 +9.2392e-03 -5.6608e-04 +2.2436e-03 -4.5710e-03 +1.0702e-01 -5.6876e-05
35 0 +2.824691553e+00 +2.834691553e+00 +2.834691553e+00 +1.5168e-02 +6.5307e-03 +3.2676e-03 +8.8429e-03 +9.2347e-03 -6.7692e-04 +2.2394e-03 -4.4560e-03 +1.0701e-01 -1.6186e-04
38 0 +2.771252946e+00 +2.781252946e+00 +2.781252946e+00 +1.5157e-02 +6.5113e-03 +3.3060e-03 +8.8602e-03 +9.1857e-03 -7.2223e-04 +2.2452e-03 -4.4480e-03 +1.0695e-01 -1.7860e-04
129 0 +2.721357506e+00 +2.731357506e+00 +2.731357506e+00 +2.4790e-01 -2.4339e+00 +1.9478e+00 +2.3031e-02 +8.2700e-01 +1.5222e+00 -1.9866e+00 +2.0142e+00 +2.3300e+00 -3.3798e+00
133 0 +2.653458757e+00 +2.663458757e+00 +2.663458757e+00 +2.4792e-01 -2.4339e+00 +1.9478e+00 +2.3011e-02 +8.2698e-01 +1.5221e+00 -1.9866e+00 +2.0142e+00 +2.3300e+00 -3.3798e+00
134 0 +2.571849750e+00 +2.581849750e+00 +2.581849750e+00 +2.4793e-01 -2.4339e+00 +1.9478e+00 +2.2994e-02 +8.2693e-01 +1.5221e+00 -1.9866e+00 +2.0142e+00 +2.3299e+00 -3.3798e+00
137 0 +2.475768953e+00 +2.485768953e+00 +2.485768953e+00 +2.4793e-01 -2.4338e+00 +1.9478e+00 +2.2971e-02 +8.2681e-01 +1.5220e+00 -1.9866e+00 +2.0141e+00 +2.3299e+00 -3.3798e+00
144 0 +2.441932096e+00 +2.451932096e+00 +2.451932096e+00 +2.4788e-01 -2.4338e+00 +1.9479e+00 +2.2950e-02 +8.2685e-01 +1.5220e+00 -1.9866e+00 +2.0141e+00 +2.3299e+00 -3.3798e+00
212 0 +2.148509809e+00 +2.158509809e+00 +2.158509809e+00 +2.9235e-01 -2.2374e+00 -1.1416e+00 -3.5693e+00 +1.0752e+00 -1.2069e+00 -2.6437e+00 +2.2664e+00 +5.0807e-01 -3.6717e+00
216 0 +2.056417453e+00 +2.066417453e+00 +2.066417453e+00 +2.9259e-01 -2.2396e+00 -1.1426e+00 -3.5694e+00 +1.0751e+00 -1.2088e+00 -2.6434e+00 +2.2663e+00 +5.0788e-01 -3.6724e+00
221 0 +1.906492919e+00 +1.916492919e+00 +1.916492919e+00 +2.9175e-01 -2.2396e+00 -1.1427e+00 -3.5694e+00 +1.0751e+00 -1.2090e+00 -2.6438e+00 +2.2663e+00 +5.0788e-01 -3.6724e+00
223 0 +1.888928263e+00 +1.898928263e+00 +1.898928263e+00 +2.9176e-01 -2.2395e+00 -1.1427e+00 -3.5696e+00 +1.0750e+00 -1.2090e+00 -2.6438e+00 +2.2663e+00 +5.0784e-01 -3.6721e+00
225 0 +1.846144966e+00 +1.856144966e+00 +1.856144966e+00 +2.9178e-01 -2.2395e+00 -1.1428e+00 -3.5695e+00 +1.0747e+00 -1.2090e+00 -2.6438e+00 +2.2662e+00 +5.0765e-01 -3.6721e+00
226 0 +1.803119267e+00 +1.813119267e+00 +1.813119267e+00 +2.9171e-01 -2.2393e+00 -1.1430e+00 -3.5696e+00 +1.0747e+00 -1.2092e+00 -2.6439e+00 +2.2663e+00 +5.0749e-01 -3.6723e+00
232 0 +1.777826636e+00 +1.787826636e+00 +1.787826636e+00 +2.9162e-01 -2.2393e+00 -1.1431e+00 -3.5698e+00 +1.0744e+00 -1.2091e+00 -2.6439e+00 +2.2663e+00 +5.0767e-01 -3.6723e+00
245 0 +1.737767134e+00 +1.747767134e+00 +1.747767134e+00 +2.9161e-01 -2.2393e+00 -1.1432e+00 -3.5697e+00 +1.0744e+00 -1.2091e+00 -2.6439e+00 +2.2664e+00 +5.0763e-01 -3.6723e+00
419 0 +1.585547519e+00 +1.595547519e+00 +1.595547519e+00 +2.4924e+00 +3.0151e+00 -1.2947e+00 +2.3176e+00 -3.2613e+00 -2.7042e-01 -9.6328e-01 -1.4208e+00 -3.4252e+00 -3.1333e+00
421 0 +1.581515904e+00 +1.591515904e+00 +1.591515904e+00 +2.4924e+00 +3.0151e+00 -1.2946e+00 +2.3178e+00 -3.2613e+00 -2.7042e-01 -9.6328e-01 -1.4209e+00 -3.4252e+00 -3.1333e+00
430 0 +1.471234179e+00 +1.481234179e+00 +1.481234179e+00 +2.4922e+00 +3.0151e+00 -1.2948e+00 +2.3180e+00 -3.2613e+00 -2.7058e-01 -9.6344e-01 -1.4207e+00 -3.4255e+00 -3.1330e+00
446 0 +1.445181605e+00 +1.455181605e+00 +1.455181605e+00 +2.4922e+00 +3.0151e+00 -1.2948e+00 +2.3181e+00 -3.2613e+00 -2.7056e-01 -9.6346e-01 -1.4207e+00 -3.4255e+00 -3.1330e+00
% f evaluations | g evaluations | best noise-free fitness - Fopt (-1.306100000000e+02) + sum g_i+ | measured fitness | best measured fitness or single-digit g-values | x1 | x2...
1 0 +1.631815340e+01 -1.142918466e+02 -1.142918466e+02 +0.0000e+00 +0.0000e+00 +0.0000e+00 +0.0000e+00 +0.0000e+00 +0.0000e+00 +0.0000e+00 +0.0000e+00 +0.0000e+00 +0.0000e+00
3 0 +9.706967499e+00 -1.209030325e+02 -1.209030325e+02 +1.0000e-01 +0.0000e+00 +0.0000e+00 +0.0000e+00 +0.0000e+00 +0.0000e+00 +0.0000e+00 +0.0000e+00 +0.0000e+00 +0.0000e+00
4 0 +8.278250744e+00 -1.223317493e+02 -1.223317493e+02 +0.0000e+00 +1.0000e-01 +0.0000e+00 +0.0000e+00 +0.0000e+00 +0.0000e+00 +0.0000e+00 +0.0000e+00 +0.0000e+00 +0.0000e+00
197 0 +6.597691223e+00 -1.240123088e+02 -1.240123088e+02 -9.3143e-01 -3.6113e+00 -1.7980e+00 -1.7127e+00 +2.8973e-01 -5.9884e-01 +8.6474e-01 +3.1574e+00 -7.8724e-01 +4.4829e-01
203 0 +5.315106521e+00 -1.252948935e+02 -1.252948935e+02 -9.3143e-01 -3.6113e+00 -1.7980e+00 -2.0738e+00 +2.8973e-01 -5.9884e-01 +8.6474e-01 +3.1574e+00 -7.8724e-01 +8.0942e-01
407 0 +4.863557776e+00 -1.257464422e+02 -1.257464422e+02 -7.6512e-01 -4.8387e-02 +8.9824e-01 +8.4403e-01 -4.9818e-01 +1.0218e+00 +1.2646e+00 -3.0088e+00 -1.7695e+00 +3.2894e+00
900 0 +3.860229230e+00 -1.267497708e+02 -1.267497708e+02 +9.5155e-02 +1.3204e+00 -2.7980e+00 +1.2052e+00 -4.0008e-01 +8.5257e-02 -1.1216e+00 -8.7182e-01 +4.6373e-01 -3.1958e+00
% f evaluations | g evaluations | best noise-free fitness - Fopt (-2.231200000000e+02) + sum g_i+ | measured fitness | best measured fitness or single-digit g-values | x1 | x2...
1 0 +2.847414819e+01 -1.946458518e+02 -1.946458518e+02 +0.0000e+00 +0.0000e+00 +0.0000e+00 +0.0000e+00 +0.0000e+00 +0.0000e+00 +0.0000e+00 +0.0000e+00 +0.0000e+00 +0.0000e+00
4 0 +1.639772182e+01 -2.067222782e+02 -2.067222782e+02 +0.0000e+00 +1.0000e-01 +0.0000e+00 +0.0000e+00 +0.0000e+00 +0.0000e+00 +0.0000e+00 +0.0000e+00 +0.0000e+00 +0.0000e+00
9 0 +1.458821794e+01 -2.085317821e+02 -2.085317821e+02 +0.0000e+00 +0.0000e+00 +0.0000e+00 +0.0000e+00 +0.0000e+00 +0.0000e+00 +1.0000e-01 +0.0000e+00 +0.0000e+00 +0.0000e+00
100 0 +1.260750667e+01 -2.105124933e+02 -2.105124933e+02 -4.4047e+00 -7.5714e-01 +3.3405e+00 -3.6542e-01 +2.7950e+00 +3.5754e+00 +1.5440e+00 +6.2325e-01 +5.4173e-01 +2.9074e-01
103 0 +6.923684701e+00 -2.161963153e+02 -2.161963153e+02 -4.4047e+00 -7.5714e-01 +3.7810e+00 -3.6542e-01 +2.7950e+00 +3.5754e+00 +1.5440e+00 +6.2325e-01 +5.4173e-01 +2.9074e-01
106 0 +5.787654935e+00 -2.173323451e+02 -2.173323451e+02 -4.4047e+00 -7.5714e-01 +3.3405e+00 -3.6542e-01 +2.7950e+00 +4.0159e+00 +1.5440e+00 +6.2325e-01 +5.4173e-01 +2.9074e-01
215 0 +5.602992750e+00 -2.175170072e+02 -2.175170072e+02 +1.4989e+00 +1.9334e+00 -1.3100e+00 -8.0698e-01 +2.3283e-02 +2.3587e+00 +2.1215e+00 -1.1634e+00 -8.9044e-01 -3.1386e+00
517 0 +4.578946661e+00 -2.185410533e+02 -2.185410533e+02 +9.3104e-01 +1.1046e+00 -4.6958e-01 +9.2953e-01 +3.4317e+00 +1.6578e+00 +2.6986e+00 -3.4191e+00 +4.5265e+00 -3.0559e+00
959 0 +2.866423447e+00 -2.202535766e+02 -2.202535766e+02 -1.2068e+00 +1.9469e-01 -2.2174e+00 -1.3311e+00 -2.8348e+00 -2.0870e-01 -2.8340e+00 -2.7344e+00 +4.3879e-01 +8.0043e-01
% f evaluations | g evaluations | best noise-free fitness - Fopt (-4.443000000000e+01) + sum g_i+ | measured fitness | best measured fitness or single-digit g-values | x1 | x2...
1 0 +1.456676615e+01 -2.986323385e+01 -2.986323385e+01 +0.0000e+00 +0.0000e+00 +0.0000e+00 +0.0000e+00 +0.0000e+00 +0.0000e+00 +0.0000e+00 +0.0000e+00 +0.0000e+00 +0.0000e+00
6 0 +1.082201997e+01 -3.360798003e+01 -3.360798003e+01 +0.0000e+00 +0.0000e+00 +0.0000e+00 +1.0000e-01 +0.0000e+00 +0.0000e+00 +0.0000e+00 +0.0000e+00 +0.0000e+00 +0.0000e+00
9 0 +5.958990352e+00 -3.847100965e+01 -3.847100965e+01 +0.0000e+00 +0.0000e+00 +0.0000e+00 +0.0000e+00 +0.0000e+00 +0.0000e+00 +1.0000e-01 +0.0000e+00 +0.0000e+00 +0.0000e+00
99 0 +4.616438390e+00 -3.981356161e+01 -3.981356161e+01 -1.9283e-01 -2.0394e+00 +6.4166e-01 -1.1426e+00 +6.0505e-01 -3.3730e+00 -1.4931e+00 -3.3304e+00 -9.5563e-01 +4.6596e-01
% f evaluations | g evaluations | best noise-free fitness - Fopt (-1.354800000000e+02) + sum g_i+ | measured fitness | best measured fitness or single-digit g-values | x1 | x2...
1 0 +1.184300658e+01 -1.236369934e+02 -1.236369934e+02 +0.0000e+00 +0.0000e+00 +0.0000e+00 +0.0000e+00 +0.0000e+00 +0.0000e+00 +0.0000e+00 +0.0000e+00 +0.0000e+00 +0.0000e+00
3 0 +1.020564420e+01 -1.252743558e+02 -1.252743558e+02 +1.0000e-01 +0.0000e+00 +0.0000e+00 +0.0000e+00 +0.0000e+00 +0.0000e+00 +0.0000e+00 +0.0000e+00 +0.0000e+00 +0.0000e+00
8 0 +6.449479434e+00 -1.290305206e+02 -1.290305206e+02 +0.0000e+00 +0.0000e+00 +0.0000e+00 +0.0000e+00 +0.0000e+00 +1.0000e-01 +0.0000e+00 +0.0000e+00 +0.0000e+00 +0.0000e+00
407 0 +2.162894110e+00 -1.333171059e+02 -1.333171059e+02 -1.5211e+00 +7.0911e-01 -2.4336e+00 -1.0257e+00 +2.1361e+00 -3.5857e-01 +1.7813e+00 -1.7161e+00 -2.6766e+00 +2.0570e+00
% f evaluations | g evaluations | best noise-free fitness - Fopt (-4.017900000000e+02) + sum g_i+ | measured fitness | best measured fitness or single-digit g-values | x1 | x2...
1 0 +9.735618110e+00 -3.920543819e+02 -3.920543819e+02 +0.0000e+00 +0.0000e+00 +0.0000e+00 +0.0000e+00 +0.0000e+00 +0.0000e+00 +0.0000e+00 +0.0000e+00 +0.0000e+00 +0.0000e+00
8 0 +8.470113935e+00 -3.933198861e+02 -3.933198861e+02 +0.0000e+00 +0.0000e+00 +0.0000e+00 +0.0000e+00 +0.0000e+00 +1.0000e-01 +0.0000e+00 +0.0000e+00 +0.0000e+00 +0.0000e+00
226 0 +4.767222836e+00 -3.970227772e+02 -3.970227772e+02 -1.6334e-01 +1.7395e+00 -1.5091e+00 -1.5625e+00 +1.0645e+00 +4.2428e+00 +2.8751e+00 +8.0538e-01 +1.4499e+00 -2.2992e+00
743 0 +3.616494343e+00 -3.981735057e+02 -3.981735057e+02 +5.9354e-01 -4.9573e-01 +7.8574e-01 +3.1535e+00 +5.0852e-01 -2.8173e-01 +9.7241e-01 -3.2325e+00 -1.0882e+00 +2.5207e+00
% f evaluations | g evaluations | best noise-free fitness - Fopt (-7.253000000000e+01) + sum g_i+ | measured fitness | best measured fitness or single-digit g-values | x1 | x2...
1 0 +1.001913977e+01 -6.251086023e+01 -6.251086023e+01 +0.0000e+00 +0.0000e+00 +0.0000e+00 +0.0000e+00 +0.0000e+00 +0.0000e+00 +0.0000e+00 +0.0000e+00 +0.0000e+00 +0.0000e+00
3 0 +5.738079664e+00 -6.679192034e+01 -6.679192034e+01 +1.0000e-01 +0.0000e+00 +0.0000e+00 +0.0000e+00 +0.0000e+00 +0.0000e+00 +0.0000e+00 +0.0000e+00 +0.0000e+00 +0.0000e+00
879 0 +3.824045818e+00 -6.870595418e+01 -6.870595418e+01 +8.0833e-01 -2.4899e+00 -1.8888e+00 +3.7586e+00 +3.0753e+00 -1.2830e+00 -3.3329e-01 +1.5543e+00 -2.3679e+00 +1.4203e+00
% f evaluations | g evaluations | best noise-free fitness - Fopt (-2.466700000000e+02) + sum g_i+ | measured fitness | best measured fitness or single-digit g-values | x1 | x2...
1 0 +2.105954598e+01 -2.256104540e+02 -2.256104540e+02 +0.0000e+00 +0.0000e+00 +0.0000e+00 +0.0000e+00 +0.0000e+00 +0.0000e+00 +0.0000e+00 +0.0000e+00 +0.0000e+00 +0.0000e+00
3 0 +2.043172025e+01 -2.262382798e+02 -2.262382798e+02 +1.0000e-01 +0.0000e+00 +0.0000e+00 +0.0000e+00 +0.0000e+00 +0.0000e+00 +0.0000e+00 +0.0000e+00 +0.0000e+00 +0.0000e+00
6 0 +7.949507604e+00 -2.387204924e+02 -2.387204924e+02 +0.0000e+00 +0.0000e+00 +0.0000e+00 +1.0000e-01 +0.0000e+00 +0.0000e+00 +0.0000e+00 +0.0000e+00 +0.0000e+00 +0.0000e+00
135 0 +4.585185699e+00 -2.420848143e+02 -2.420848143e+02 +1.3272e+00 +3.0869e+00 +2.2399e+00 +2.5587e+00 +2.0892e+00 +2.1061e+00 +8.4466e-01 -2.8470e+00 -9.4998e-01 -3.2061e-01
% f evaluations | g evaluations | best noise-free fitness - Fopt (1.000000000000e+03) + sum g_i+ | measured fitness | best measured fitness or single-digit g-values | x1 | x2...
1 0 +2.713016491e+01 +1.027130165e+03 +1.027130165e+03 +0.0000e+00 +0.0000e+00 +0.0000e+00 +0.0000e+00 +0.0000e+00 +0.0000e+00 +0.0000e+00 +0.0000e+00 +0.0000e+00 +0.0000e+00
4 0 +1.303405641e+01 +1.013034056e+03 +1.013034056e+03 +0.0000e+00 +1.0000e-01 +0.0000e+00 +0.0000e+00 +0.0000e+00 +0.0000e+00 +0.0000e+00 +0.0000e+00 +0.0000e+00 +0.0000e+00
6 0 +9.753412135e+00 +1.009753412e+03 +1.009753412e+03 +0.0000e+00 +0.0000e+00 +0.0000e+00 +1.0000e-01 +0.0000e+00 +0.0000e+00 +0.0000e+00 +0.0000e+00 +0.0000e+00 +0.0000e+00
11 0 +8.777423409e+00 +1.008777423e+03 +1.008777423e+03 +0.0000e+00 +0.0000e+00 +0.0000e+00 +0.0000e+00 +0.0000e+00 +0.0000e+00 +0.0000e+00 +0.0000e+00 +1.0000e-01 +0.0000e+00
13 0 +3.513727177e+00 +1.003513727e+03 +1.003513727e+03 -1.1274e-02 +3.9748e-02 +3.5042e-02 +4.8999e-02 -1.2234e-02 -5.2195e-03 -3.0354e-02 -5.8544e-03 +1.5175e-01 +2.9214e-02
16 0 +3.347652633e+00 +1.003347653e+03 +1.003347653e+03 -1.0365e-02 +4.0657e-02 +3.5951e-02 +4.8999e-02 -2.9593e-02 -4.3101e-03 -1.9361e-02 -4.9450e-03 +1.5266e-01 +3.0124e-02
17 0 +2.557941918e+00 +1.002557942e+03 +1.002557942e+03 -1.8964e-02 +4.4279e-02 +3.8445e-02 +5.3093e-02 -2.0165e-02 -1.1459e-02 -2.6806e-03 -1.2246e-02 +1.5916e-01 +3.1222e-02
25 0 +2.021008911e+00 +1.002021009e+03 +1.002021009e+03 -1.2576e-02 +4.2720e-02 +3.5164e-02 +4.4626e-02 -1.8902e-02 -1.0839e-02 -7.9489e-05 -2.0073e-02 +1.6141e-01 +3.1919e-02
27 0 +1.646226575e+00 +1.001646227e+03 +1.001646227e+03 -1.2505e-02 +4.4073e-02 +3.7925e-02 +4.2348e-02 -1.8066e-02 -1.0340e-02 +1.1708e-03 -1.9973e-02 +1.5886e-01 +3.3064e-02
29 0 +1.548742555e+00 +1.001548743e+03 +1.001548743e+03 -1.2446e-02 +4.3787e-02 +3.7735e-02 +4.1999e-02 -1.7749e-02 -9.7076e-03 -2.2796e-04 -1.9934e-02 +1.5833e-01 +3.2993e-02
32 0 +1.406840724e+00 +1.001406841e+03 +1.001406841e+03 -1.1331e-02 +4.3793e-02 +3.7737e-02 +4.1657e-02 -1.5546e-02 -9.9532e-03 -2.7231e-04 -1.8997e-02 +1.5813e-01 +3.3303e-02
34 0 +1.369100992e+00 +1.001369101e+03 +1.001369101e+03 -1.1384e-02 +4.4716e-02 +3.7331e-02 +4.1630e-02 -1.5278e-02 -9.3769e-03 -7.6096e-05 -1.9041e-02 +1.5802e-01 +3.2580e-02
35 0 +1.348936343e+00 +1.001348936e+03 +1.001348936e+03 -1.1544e-02 +4.4518e-02 +3.7324e-02 +4.1852e-02 -1.5041e-02 -8.6437e-03 +1.7032e-04 -1.9153e-02 +1.5816e-01 +3.3027e-02
38 0 +1.268515390e+00 +1.001268515e+03 +1.001268515e+03 -1.1587e-02 +4.4372e-02 +3.7163e-02 +4.1654e-02 -1.5081e-02 -8.5272e-03 +3.0424e-04 -1.8862e-02 +1.5795e-01 +3.2998e-02
39 0 +1.246058830e+00 +1.001246059e+03 +1.001246059e+03 -1.1696e-02 +4.4161e-02 +3.6812e-02 +4.1760e-02 -1.4975e-02 -8.5593e-03 +2.7588e-04 -1.8737e-02 +1.5806e-01 +3.2861e-02
45 0 +1.213911188e+00 +1.001213911e+03 +1.001213911e+03 -1.1904e-02 +4.4209e-02 +3.6719e-02 +4.1642e-02 -1.4963e-02 -8.5657e-03 +3.4726e-04 -1.8694e-02 +1.5797e-01 +3.2909e-02
59 0 +1.201068161e+00 +1.001201068e+03 +1.001201068e+03 -1.1882e-02 +4.4200e-02 +3.6654e-02 +4.1621e-02 -1.4947e-02 -8.5793e-03 +3.9648e-04 -1.8724e-02 +1.5791e-01 +3.2930e-02
% f evaluations | g evaluations | best noise-free fitness - Fopt (-2.743700000000e+02) + sum g_i+ | measured fitness | best measured fitness or single-digit g-values | x1 | x2...
1 0 +1.788253757e+01 -2.564874624e+02 -2.564874624e+02 +0.0000e+00 +0.0000e+00 +0.0000e+00 +0.0000e+00 +0.0000e+00 +0.0000e+00 +0.0000e+00 +0.0000e+00 +0.0000e+00 +0.0000e+00
3 0 +1.001495712e+01 -2.643550429e+02 -2.643550429e+02 +1.0000e-01 +0.0000e+00 +0.0000e+00 +0.0000e+00 +0.0000e+00 +0.0000e+00 +0.0000e+00 +0.0000e+00 +0.0000e+00 +0.0000e+00
5 0 +8.730900379e+00 -2.656390996e+02 -2.656390996e+02 +0.0000e+00 +0.0000e+00 +1.0000e-01 +0.0000e+00 +0.0000e+00 +0.0000e+00 +0.0000e+00 +0.0000e+00 +0.0000e+00 +0.0000e+00
109 0 +3.163332263e+00 -2.712066677e+02 -2.712066677e+02 +3.9016e+00 -4.0858e-01 +4.4766e-01 +3.2206e+00 -1.4202e+00 -1.2339e+00 -3.5133e+00 +2.7457e-01 +3.7447e-01 -9.4487e-01
117 0 +2.653920669e+00 -2.717160793e+02 -2.717160793e+02 +3.9016e+00 -4.0858e-01 +4.4766e-01 +3.2206e+00 -1.4202e+00 -1.2339e+00 -3.5133e+00 +6.6473e-01 +3.7447e-01 -9.4487e-01
% f evaluations | g evaluations | best noise-free fitness - Fopt (-7.642000000000e+01) + sum g_i+ | measured fitness | best measured fitness or single-digit g-values | x1 | x2...
1 0 +1.614316169e+01 -6.027683831e+01 -6.027683831e+01 +0.0000e+00 +0.0000e+00 +0.0000e+00 +0.0000e+00 +0.0000e+00 +0.0000e+00 +0.0000e+00 +0.0000e+00 +0.0000e+00 +0.0000e+00
3 0 +1.346787744e+01 -6.295212256e+01 -6.295212256e+01 +1.0000e-01 +0.0000e+00 +0.0000e+00 +0.0000e+00 +0.0000e+00 +0.0000e+00 +0.0000e+00 +0.0000e+00 +0.0000e+00 +0.0000e+00
4 0 +9.011718942e+00 -6.740828106e+01 -6.740828106e+01 +0.0000e+00 +1.0000e-01 +0.0000e+00 +0.0000e+00 +0.0000e+00 +0.0000e+00 +0.0000e+00 +0.0000e+00 +0.0000e+00 +0.0000e+00
8 0 +7.646422025e+00 -6.877357798e+01 -6.877357798e+01 +0.0000e+00 +0.0000e+00 +0.0000e+00 +0.0000e+00 +0.0000e+00 +1.0000e-01 +0.0000e+00 +0.0000e+00 +0.0000e+00 +0.0000e+00
114 0 +5.222386721e+00 -7.119761328e+01 -7.119761328e+01 -1.3627e+00 -2.0932e-01 -1.0198e+00 +3.0195e+00 +1.6096e+00 +1.2007e+00 -7.9663e-02 +1.3753e+00 -5.4416e-01 -1.3127e+00
228 0 +2.625043491e+00 -7.379495651e+01 -7.379495651e+01 +1.4710e+00 +1.0549e-01 -1.3719e-01 -8.2617e-01 +3.3205e+00 -2.4176e-01 +1.8095e+00 -1.8140e+00 +2.2647e+00 -4.7031e-01
% f evaluations | g evaluations | best noise-free fitness - Fopt (-2.412500000000e+02) + sum g_i+ | measured fitness | best measured fitness or single-digit g-values | x1 | x2...
1 0 +1.513501197e+01 -2.261149880e+02 -2.261149880e+02 +0.0000e+00 +0.0000e+00 +0.0000e+00 +0.0000e+00 +0.0000e+00 +0.0000e+00 +0.0000e+00 +0.0000e+00 +0.0000e+00 +0.0000e+00
3 0 +1.240334917e+01 -2.288466508e+02 -2.288466508e+02 +1.0000e-01 +0.0000e+00 +0.0000e+00 +0.0000e+00 +0.0000e+00 +0.0000e+00 +0.0000e+00 +0.0000e+00 +0.0000e+00 +0.0000e+00
4 0 +1.202471226e+01 -2.292252877e+02 -2.292252877e+02 +0.0000e+00 +1.0000e-01 +0.0000e+00 +0.0000e+00 +0.0000e+00 +0.0000e+00 +0.0000e+00 +0.0000e+00 +0.0000e+00 +0.0000e+00
5 0 +9.991699655e+00 -2.312583003e+02 -2.312583003e+02 +0.0000e+00 +0.0000e+00 +1.0000e-01 +0.0000e+00 +0.0000e+00 +0.0000e+00 +0.0000e+00 +0.0000e+00 +0.0000e+00 +0.0000e+00
103 0 +7.600893821e+00 -2.336491062e+02 -2.336491062e+02 -1.9471e+00 -3.2569e+00 +1.1704e+00 +3.1240e-01 -2.2471e+00 -1.3254e+00 -4.1021e-01 -2.9338e+00 +3.1495e-01 -1.6373e-01
218 0 +4.736605527e+00 -2.365133945e+02 -2.365133945e+02 +1.2440e+00 -9.9161e-01 -3.5349e+00 +3.2420e-01 -1.0847e+00 -1.0008e+00 -2.5541e+00 -1.5394e-01 +1.2733e+00 -4.1889e+00
606 0 +4.362262097e+00 -2.368877379e+02 -2.368877379e+02 -3.3362e-01 +1.6839e+00 -1.0670e+00 -1.1665e+00 +2.4518e-01 +2.4793e+00 +7.0245e-01 +2.6055e+00 +1.6369e+00 -3.8146e+00
% f evaluations | g evaluations | best noise-free fitness - Fopt (8.389000000000e+01) + sum g_i+ | measured fitness | best measured fitness or single-digit g-values | x1 | x2...
1 0 +1.648676000e+01 +1.003767600e+02 +1.003767600e+02 +0.0000e+00 +0.0000e+00 +0.0000e+00 +0.0000e+00 +0.0000e+00 +0.0000e+00 +0.0000e+00 +0.0000e+00 +0.0000e+00 +0.0000e+00
3 0 +1.437468836e+01 +9.826468836e+01 +9.826468836e+01 +1.0000e-01 +0.0000e+00 +0.0000e+00 +0.0000e+00 +0.0000e+00 +0.0000e+00 +0.0000e+00 +0.0000e+00 +0.0000e+00 +0.0000e+00
8 0 +1.085076343e+01 +9.474076343e+01 +9.474076343e+01 +0.0000e+00 +0.0000e+00 +0.0000e+00 +0.0000e+00 +0.0000e+00 +1.0000e-01 +0.0000e+00 +0.0000e+00 +0.0000e+00 +0.0000e+00
9 0 +9.012351336e+00 +9.290235134e+01 +9.290235134e+01 +0.0000e+00 +0.0000e+00 +0.0000e+00 +0.0000e+00 +0.0000e+00 +0.0000e+00 +1.0000e-01 +0.0000e+00 +0.0000e+00 +0.0000e+00
10 0 +8.306018457e+00 +9.219601846e+01 +9.219601846e+01 +0.0000e+00 +0.0000e+00 +0.0000e+00 +0.0000e+00 +0.0000e+00 +0.0000e+00 +0.0000e+00 +1.0000e-01 +0.0000e+00 +0.0000e+00
12 0 +4.404724619e+00 +8.829472462e+01 +8.829472462e+01 +0.0000e+00 +0.0000e+00 +0.0000e+00 +0.0000e+00 +0.0000e+00 +0.0000e+00 +0.0000e+00 +0.0000e+00 +0.0000e+00 +1.0000e-01
27 0 +4.064237904e+00 +8.795423790e+01 +8.795423790e+01 -9.7522e-04 +7.9936e-05 -3.6113e-05 +1.1126e-04 +1.3767e-05 -1.6214e-06 -9.2256e-05 -3.6959e-05 +5.0883e-05 +1.0013e-01
32 0 +3.806246996e+00 +8.769624700e+01 +8.769624700e+01 -1.0497e-03 +2.9974e-04 +1.0805e-04 +4.4755e-04 -2.3995e-05 -7.4969e-04 -5.0815e-04 -7.7523e-05 +4.2943e-05 +1.0040e-01
36 0 +3.715970234e+00 +8.760597023e+01 +8.760597023e+01 -1.1278e-03 +2.9237e-04 +1.6137e-04 +4.7881e-04 -3.8432e-05 -8.4678e-04 -5.0771e-04 -5.5953e-05 +3.4940e-05 +1.0020e-01
37 0 +3.691320937e+00 +8.758132094e+01 +8.758132094e+01 -1.1702e-03 +2.7017e-04 -5.8006e-05 +4.9187e-04 -4.2618e-05 -9.4323e-04 -5.1210e-04 -6.3733e-05 +1.8945e-05 +1.0015e-01
39 0 +3.613621319e+00 +8.750362132e+01 +8.750362132e+01 -1.1215e-03 +2.4785e-04 -4.0016e-05 +4.9256e-04 -6.0203e-05 -1.0133e-03 -4.9720e-04 -6.2728e-05 +1.7425e-06 +1.0012e-01
50 0 +3.539797303e+00 +8.742979730e+01 +8.742979730e+01 -1.0717e-03 +3.7983e-04 -6.2102e-05 +4.0802e-04 -4.6116e-05 -1.0538e-03 -4.5366e-04 -2.0093e-05 +4.3076e-06 +1.0009e-01
232 0 +3.442670328e+00 +8.733267033e+01 +8.733267033e+01 +3.1966e+00 -2.2764e+00 +1.6883e+00 +1.4808e+00 +6.4027e-02 +1.3586e+00 -2.6336e+00 -8.4345e-01 -5.3837e-01 -1.9032e-01
241 0 +3.320648074e+00 +8.721064807e+01 +8.721064807e+01 +3.1968e+00 -2.2764e+00 +1.6884e+00 +1.4809e+00 +6.3902e-02 +1.3585e+00 -2.6336e+00 -8.4365e-01 -5.3853e-01 -1.9045e-01
244 0 +3.305413300e+00 +8.719541330e+01 +8.719541330e+01 +3.1968e+00 -2.2764e+00 +1.6884e+00 +1.4810e+00 +6.3925e-02 +1.3585e+00 -2.6336e+00 -8.4361e-01 -5.3855e-01 -1.9048e-01
342 0 +3.203876948e+00 +8.709387695e+01 +8.709387695e+01 +9.8306e-01 -2.4915e+00 +3.3068e+00 +1.7867e-01 -1.4836e+00 +1.3309e+00 -1.8783e+00 +5.4719e-01 -2.5198e+00 +1.1760e+00
346 0 +3.112746203e+00 +8.700274620e+01 +8.700274620e+01 +9.8299e-01 -2.4915e+00 +3.3068e+00 +1.7833e-01 -1.4804e+00 +1.3308e+00 -1.8784e+00 +5.4775e-01 -2.5192e+00 +1.1755e+00
347 0 +2.286759626e+00 +8.617675963e+01 +8.617675963e+01 +9.8316e-01 -2.4915e+00 +3.3068e+00 +1.7720e-01 -1.4811e+00 +1.3309e+00 -1.8784e+00 +5.4709e-01 -2.5166e+00 +1.1742e+00
352 0 +2.192987544e+00 +8.608298754e+01 +8.608298754e+01 +9.8185e-01 -2.4917e+00 +3.3080e+00 +1.7706e-01 -1.4812e+00 +1.3308e+00 -1.8785e+00 +5.4725e-01 -2.5164e+00 +1.1736e+00
354 0 +2.178551035e+00 +8.606855104e+01 +8.606855104e+01 +9.8168e-01 -2.4918e+00 +3.3078e+00 +1.7703e-01 -1.4812e+00 +1.3307e+00 -1.8787e+00 +5.4728e-01 -2.5164e+00 +1.1737e+00
355 0 +2.086429838e+00 +8.597642984e+01 +8.597642984e+01 +9.8169e-01 -2.4919e+00 +3.3078e+00 +1.7672e-01 -1.4813e+00 +1.3308e+00 -1.8786e+00 +5.4733e-01 -2.5164e+00 +1.1737e+00
436 0 +1.308123420e+00 +8.519812342e+01 +8.519812342e+01 -3.4672e+00 +2.6627e-01 +4.0873e+00 +1.4780e+00 +3.2917e+00 +7.4133e-01 -6.8948e-01 -1.6223e+00 +1.0661e+00 +2.6814e-01
443 0 +1.200135035e+00 +8.509013503e+01 +8.509013503e+01 -3.4671e+00 +2.6610e-01 +4.0876e+00 +1.4779e+00 +3.2913e+00 +7.4150e-01 -6.8920e-01 -1.6223e+00 +1.0652e+00 +2.6818e-01
445 0 +1.122585749e+00 +8.501258575e+01 +8.501258575e+01 -3.4667e+00 +2.6595e-01 +4.0875e+00 +1.4779e+00 +3.2914e+00 +7.4161e-01 -6.8920e-01 -1.6224e+00 +1.0652e+00 +2.6825e-01
446 0 +1.044608020e+00 +8.493460802e+01 +8.493460802e+01 -3.4669e+00 +2.6569e-01 +4.0874e+00 +1.4778e+00 +3.2913e+00 +7.4177e-01 -6.8910e-01 -1.6224e+00 +1.0653e+00 +2.6839e-01
449 0 +1.013443708e+00 +8.490344371e+01 +8.490344371e+01 -3.4668e+00 +2.6535e-01 +4.0878e+00 +1.4778e+00 +3.2913e+00 +7.4181e-01 -6.8925e-01 -1.6225e+00 +1.0654e+00 +2.6845e-01
456 0 +9.997664736e-01 +8.488976647e+01 +8.488976647e+01 -3.4669e+00 +2.6528e-01 +4.0879e+00 +1.4779e+00 +3.2913e+00 +7.4185e-01 -6.8923e-01 -1.6225e+00 +1.0653e+00 +2.6847e-01
461 0 +9.741877315e-01 +8.486418773e+01 +8.486418773e+01 -3.4669e+00 +2.6528e-01 +4.0879e+00 +1.4779e+00 +3.2913e+00 +7.4196e-01 -6.8919e-01 -1.6225e+00 +1.0653e+00 +2.6847e-01
464 0 +9.401708424e-01 +8.483017084e+01 +8.483017084e+01 -3.4668e+00 +2.6515e-01 +4.0878e+00 +1.4780e+00 +3.2912e+00 +7.4206e-01 -6.8918e-01 -1.6225e+00 +1.0653e+00 +2.6838e-01
474 0 +9.311595446e-01 +8.482115954e+01 +8.482115954e+01 -3.4668e+00 +2.6514e-01 +4.0879e+00 +1.4780e+00 +3.2912e+00 +7.4205e-01 -6.8916e-01 -1.6224e+00 +1.0653e+00 +2.6838e-01
488 0 +9.113677928e-01 +8.480136779e+01 +8.480136779e+01 -3.4668e+00 +2.6511e-01 +4.0879e+00 +1.4780e+00 +3.2912e+00 +7.4202e-01 -6.8912e-01 -1.6224e+00 +1.0653e+00 +2.6840e-01
% f evaluations | g evaluations | best noise-free fitness - Fopt (1.292800000000e+02) + sum g_i+ | measured fitness | best measured fitness or single-digit g-values | x1 | x2...
1 0 +1.885142388e+01 +1.481314239e+02 +1.481314239e+02 +0.0000e+00 +0.0000e+00 +0.0000e+00 +0.0000e+00 +0.0000e+00 +0.0000e+00 +0.0000e+00 +0.0000e+00 +0.0000e+00 +0.0000e+00
5 0 +6.435088130e+00 +1.357150881e+02 +1.357150881e+02 +0.0000e+00 +0.0000e+00 +1.0000e-01 +0.0000e+00 +0.0000e+00 +0.0000e+00 +0.0000e+00 +0.0000e+00 +0.0000e+00 +0.0000e+00
14 0 +5.494835475e+00 +1.347748355e+02 +1.347748355e+02 -3.5835e-03 -3.0265e-03 +1.1251e-01 -4.4791e-04 +9.6112e-03 -3.9549e-04 +4.6577e-02 +6.5388e-03 -4.0366e-03 +5.6052e-04
16 0 +5.165027742e+00 +1.344450277e+02 +1.344450277e+02 -5.4348e-03 -4.5901e-03 +1.1897e-01 -6.7931e-04 -2.1578e-03 -5.9981e-04 +4.9370e-02 +9.9169e-03 +1.6444e-02 +8.5010e-04
20 0 +5.045902172e+00 +1.343259022e+02 +1.343259022e+02 -4.5206e-03 -1.7075e-03 +1.2120e-01 -7.5899e-04 +4.0747e-03 -6.7016e-04 +4.7497e-02 +1.5922e-02 +1.9177e-02 +9.4981e-04
22 0 +3.320255176e+00 +1.326002552e+02 +1.326002552e+02 -3.5634e-03 -1.1582e-03 +1.1644e-01 +2.3613e-03 +4.4561e-03 -6.2024e-03 +4.8999e-02 +1.6781e-02 +2.0833e-02 -4.5246e-03
24 0 +3.105236586e+00 +1.323852366e+02 +1.323852366e+02 -3.0330e-03 -8.5381e-04 +1.1359e-01 +3.7785e-03 +4.6674e-03 -6.7615e-03 +4.9831e-02 +1.7257e-02 +2.1751e-02 -1.0140e-03
28 0 +3.068639063e+00 +1.323486391e+02 +1.323486391e+02 -3.6649e-03 -7.1486e-04 +1.1355e-01 +4.1724e-03 +5.0673e-03 -6.9063e-03 +4.9684e-02 +1.6803e-02 +2.1876e-02 -1.0449e-03
33 0 +2.936605420e+00 +1.322166054e+02 +1.322166054e+02 -3.7956e-03 -8.7125e-04 +1.1394e-01 +3.8910e-03 +4.8127e-03 -7.3700e-03 +4.9593e-02 +1.6507e-02 +2.1611e-02 -5.1160e-04
38 0 +2.875156510e+00 +1.321551565e+02 +1.321551565e+02 -3.7827e-03 -9.4887e-04 +1.1400e-01 +4.0059e-03 +4.8430e-03 -7.4935e-03 +4.9759e-02 +1.6553e-02 +2.1641e-02 -4.6691e-04
119 0 +1.561611462e+00 +1.308416115e+02 +1.308416115e+02 -8.0552e-02 +2.2003e+00 +1.9165e+00 -4.9442e-01 +1.3640e+00 -2.2842e+00 -5.8496e-01 -1.1199e+00 +1.5005e+00 +1.3199e+00
124 0 +1.432837263e+00 +1.307128373e+02 +1.307128373e+02 -8.1093e-02 +2.2006e+00 +1.9165e+00 -4.9494e-01 +1.3643e+00 -2.2827e+00 -5.8368e-01 -1.1197e+00 +1.5000e+00 +1.3196e+00
125 0 +1.086445007e+00 +1.303664450e+02 +1.303664450e+02 -8.0924e-02 +2.2011e+00 +1.9166e+00 -4.9466e-01 +1.3642e+00 -2.2830e+00 -5.8273e-01 -1.1217e+00 +1.5002e+00 +1.3195e+00
133 0 +1.008598234e+00 +1.302885982e+02 +1.302885982e+02 -8.1054e-02 +2.2010e+00 +1.9167e+00 -4.9536e-01 +1.3650e+00 -2.2830e+00 -5.8250e-01 -1.1216e+00 +1.5022e+00 +1.3194e+00
135 0 +9.955002568e-01 +1.302755003e+02 +1.302755003e+02 -8.0982e-02 +2.2009e+00 +1.9166e+00 -4.9542e-01 +1.3649e+00 -2.2831e+00 -5.8259e-01 -1.1216e+00 +1.5022e+00 +1.3193e+00
142 0 +9.754974140e-01 +1.302554974e+02 +1.302554974e+02 -8.1034e-02 +2.2011e+00 +1.9165e+00 -4.9527e-01 +1.3648e+00 -2.2831e+00 -5.8261e-01 -1.1216e+00 +1.5023e+00 +1.3192e+00
