% f evaluations | g evaluations | best noise-free fitness - Fopt (1.026100000000e+02) + sum g_i+ | measured fitness | best measured fitness or single-digit g-values | x1 | x2...
1 0 +1.386956331e+02 +2.413056331e+02 +2.413056331e+02 +0.0000e+00 +0.0000e+00 +0.0000e+00 +0.0000e+00 +0.0000e+00 +0.0000e+00 +0.0000e+00 +0.0000e+00 +0.0000e+00 +0.0000e+00
5 0 +1.202906604e+02 +2.229006604e+02 +2.229006604e+02 +0.0000e+00 +0.0000e+00 +1.0000e-01 +0.0000e+00 +0.0000e+00 +0.0000e+00 +0.0000e+00 +0.0000e+00 +0.0000e+00 +0.0000e+00
15 0 +1.199362261e+02 +2.225462261e+02 +2.225462261e+02 -1.3358e-02 +1.3293e-03 +1.0133e-01 +1.3293e-03 +1.3293e-03 +1.3293e-03 +2.7239e-03 +1.3293e-03 +1.3293e-03 +1.3293e-03
16 0 +9.496295189e+01 +1.975729519e+02 +1.975729519e+02 -1.0949e-02 -6.4752e-04 +1.0192e-01 -3.4305e-03 -3.2678e-03 -2.3101e-04 +2.5946e-02 -7.7513e-04 -2.9216e-03 -1.3064e-03
32 0 +9.314816701e+01 +1.957581670e+02 +1.957581670e+02 -1.2356e-02 -2.1826e-03 +1.0316e-01 +1.6150e-02 -8.7987e-03 -2.1879e-03 +3.5691e-02 -3.8876e-03 -5.6982e-03 -3.6724e-03
40 0 +9.112875147e+01 +1.937387515e+02 +1.937387515e+02 -1.2177e-02 -6.7558e-05 +1.0699e-01 +1.1907e-02 -8.0872e-03 -3.6885e-03 +3.7110e-02 -4.5876e-03 +3.2014e-06 -9.9044e-04
52 0 +8.908491436e+01 +1.916949144e+02 +1.916949144e+02 -1.1930e-02 +2.6052e-03 +1.0580e-01 +1.0271e-02 -9.1661e-03 -1.8253e-03 +3.9538e-02 -4.0771e-03 +4.5991e-03 -7.2730e-04
56 0 +8.701681169e+01 +1.896268117e+02 +1.896268117e+02 -1.1835e-02 +4.5640e-03 +1.0636e-01 +9.9790e-03 -7.5051e-03 +8.4219e-04 +4.1698e-02 -2.3535e-03 +1.0349e-02 +2.1014e-03
57 0 +8.427480630e+01 +1.868848063e+02 +1.868848063e+02 -1.3116e-02 +1.2645e-02 +1.0757e-01 +3.8413e-03 -7.9393e-03 +5.4379e-03 +4.5907e-02 -2.2100e-03 +2.0673e-02 +4.1713e-03
60 0 +8.261324147e+01 +1.852232415e+02 +1.852232415e+02 -1.3151e-02 +1.3161e-02 +1.0898e-01 +3.6393e-03 -4.4277e-03 +1.1538e-02 +4.3210e-02 -7.4556e-04 +2.0408e-02 +2.5370e-03
63 0 +8.078704103e+01 +1.833970410e+02 +1.833970410e+02 -8.9370e-03 +1.4380e-02 +1.1035e-01 +3.1815e-03 -3.5111e-03 +1.0556e-02 +4.1329e-02 -3.6935e-04 +2.1604e-02 +2.4980e-03
66 0 +7.935464519e+01 +1.819646452e+02 +1.819646452e+02 -7.5872e-03 +1.2547e-02 +1.1259e-01 +1.4612e-03 -4.5981e-03 +1.0789e-02 +3.8624e-02 +3.7414e-03 +2.5932e-02 +4.0579e-06
70 0 +7.742236241e+01 +1.800323624e+02 +1.800323624e+02 -3.4123e-03 +1.6193e-02 +1.1385e-01 +5.6470e-03 -3.8245e-03 +1.0335e-02 +3.2905e-02 +6.4032e-03 +2.4523e-02 -4.8664e-03
73 0 +7.501544207e+01 +1.776254421e+02 +1.776254421e+02 -3.7228e-03 +2.1143e-02 +1.1629e-01 +5.4271e-03 -3.3182e-03 +9.9781e-03 +3.3155e-02 +7.5981e-03 +2.7677e-02 -5.9201e-03
75 0 +7.318130494e+01 +1.757913049e+02 +1.757913049e+02 -3.1327e-03 +2.4077e-02 +1.1717e-01 +6.3887e-03 -3.0009e-03 +1.2912e-02 +3.2562e-02 +9.7888e-03 +3.1170e-02 -5.4216e-03
77 0 +7.137143874e+01 +1.739814387e+02 +1.739814387e+02 -1.8128e-03 +2.6733e-02 +1.2117e-01 +5.0961e-03 -1.5663e-03 +1.3333e-02 +3.2614e-02 +1.2345e-02 +3.3142e-02 -5.5248e-03
80 0 +7.075379250e+01 +1.733637925e+02 +1.733637925e+02 -2.5886e-04 +2.9854e-02 +1.2093e-01 +5.0904e-03 +1.0325e-03 +1.3975e-02 +3.2980e-02 +1.1068e-02 +3.3331e-02 -4.8090e-03
88 0 +6.908776498e+01 +1.716977650e+02 +1.716977650e+02 +1.5488e-03 +3.2886e-02 +1.2057e-01 +3.6943e-03 -1.1759e-03 +1.4249e-02 +3.4267e-02 +1.1861e-02 +3.5633e-02 -4.8146e-03
104 0 +6.742892306e+01 +1.700389231e+02 +1.700389231e+02 +3.3667e-03 +3.6833e-02 +1.2184e-01 +2.5715e-03 -1.1379e-03 +1.6771e-02 +3.2711e-02 +1.2024e-02 +3.8661e-02 -2.8500e-03
113 0 +6.600064972e+01 +1.686106497e+02 +1.686106497e+02 +6.2610e-03 +4.0223e-02 +1.2353e-01 +8.7164e-04 +1.0359e-03 +1.9803e-02 +3.2721e-02 +1.2162e-02 +3.9244e-02 -3.3159e-03
127 0 +6.455078949e+01 +1.671607895e+02 +1.671607895e+02 +8.9115e-03 +4.4265e-02 +1.2413e-01 -8.0177e-04 +5.7620e-04 +2.2428e-02 +3.0637e-02 +1.4984e-02 +4.3313e-02 -2.9487e-03
154 0 +6.307539015e+01 +1.656853902e+02 +1.656853902e+02 +1.2879e-02 +5.1735e-02 +1.2382e-01 -1.7123e-03 +3.6434e-03 +2.5021e-02 +2.7915e-02 +1.9064e-02 +4.6668e-02 -4.3145e-03
227 0 +6.165549261e+01 +1.642654926e+02 +1.642654926e+02 +1.9907e-02 +5.8528e-02 +1.2334e-01 -3.6610e-03 +4.8225e-03 +3.4087e-02 +2.2424e-02 +2.4870e-02 +4.3950e-02 -4.3534e-03
% f evaluations | g evaluations | best noise-free fitness - Fopt (9.330000000000e+01) + sum g_i+ | measured fitness | best measured fitness or single-digit g-values | x1 | x2...
1 0 +1.432620636e+02 +2.365620636e+02 +2.365620636e+02 +0.0000e+00 +0.0000e+00 +0.0000e+00 +0.0000e+00 +0.0000e+00 +0.0000e+00 +0.0000e+00 +0.0000e+00 +0.0000e+00 +0.0000e+00
3 0 +1.333546609e+02 +2.266546609e+02 +2.266546609e+02 +1.0000e-01 +0.0000e+00 +0.0000e+00 +0.0000e+00 +0.0000e+00 +0.0000e+00 +0.0000e+00 +0.0000e+00 +0.0000e+00 +0.0000e+00
11 0 +1.274549223e+02 +2.207549223e+02 +2.207549223e+02 +0.0000e+00 +0.0000e+00 +0.0000e+00 +0.0000e+00 +0.0000e+00 +0.0000e+00 +0.0000e+00 +0.0000e+00 +1.0000e-01 +0.0000e+00
16 0 +1.196541439e+02 +2.129541439e+02 +2.129541439e+02 -3.5067e-03 +2.2931e-02 -7.1847e-04 -6.1406e-03 -3.2984e-03 +1.5579e-03 -1.6186e-04 -3.7117e-03 +1.0284e-01 -3.6740e-03
18 0 +1.151284904e+02 +2.084284904e+02 +2.084284904e+02 -3.5067e-03 +2.2931e-02 -7.1847e-04 -6.1406e-03 -1.0740e-02 +1.5579e-03 -1.6186e-04 -3.7117e-03 +1.0284e-01 +3.0065e-03
21 0 +1.142691013e+02 +2.075691013e+02 +2.075691013e+02 -3.2843e-03 +2.3588e-02 +3.6574e-03 -6.7456e-03 -1.2808e-02 -7.0670e-03 -1.7780e-04 -3.8993e-03 +1.0312e-01 +1.9012e-03
23 0 +1.104789608e+02 +2.037789608e+02 +2.037789608e+02 -2.9324e-03 +2.4628e-02 +3.9454e-03 -7.7027e-03 -1.6081e-02 -6.3250e-03 -1.0196e-02 -4.1960e-03 +9.3418e-02 +1.5257e-04
25 0 +1.079279979e+02 +2.012279979e+02 +2.012279979e+02 -2.6723e-03 +2.5695e-02 +4.2214e-03 -4.1354e-03 -1.8884e-02 -5.7129e-03 -1.0723e-02 -4.3513e-03 +9.4031e-02 -1.2901e-03
26 0 +1.066232839e+02 +1.999232839e+02 +1.999232839e+02 -7.4242e-03 +2.5373e-02 +4.4897e-03 -3.8597e-03 -2.0194e-02 -5.5388e-03 -1.1030e-02 -3.9525e-03 +9.4034e-02 -1.7000e-03
29 0 +1.032574128e+02 +1.965574128e+02 +1.965574128e+02 -7.7551e-03 +2.2785e-02 +5.4066e-03 -1.3122e-03 -2.0977e-02 -5.5453e-03 -1.1788e-02 -3.5410e-03 +9.3198e-02 -2.9813e-03
31 0 +1.018316536e+02 +1.951316536e+02 +1.951316536e+02 -7.8795e-03 +2.1907e-02 +3.8471e-03 -1.9850e-04 -2.1547e-02 -6.3937e-03 -1.2255e-02 -1.3555e-03 +9.2890e-02 -4.9678e-03
37 0 +9.966908176e+01 +1.929690818e+02 +1.929690818e+02 -8.9363e-03 +2.0309e-02 +4.9956e-03 +1.3508e-03 -2.1340e-02 -7.2971e-03 -1.1372e-02 -9.0393e-04 +9.1985e-02 -6.1352e-03
41 0 +9.629904079e+01 +1.895990408e+02 +1.895990408e+02 -1.0125e-02 +1.6886e-02 +7.0432e-03 +3.4621e-03 -2.1578e-02 -8.9686e-03 -1.2153e-02 -5.4486e-04 +9.1126e-02 -9.4172e-03
42 0 +9.498616920e+01 +1.882861692e+02 +1.882861692e+02 -1.1232e-02 +1.4701e-02 +7.5838e-03 +4.6314e-03 -2.0943e-02 -1.0058e-02 -1.2031e-02 -2.8500e-03 +9.0385e-02 -8.4813e-03
44 0 +9.278992824e+01 +1.860899282e+02 +1.860899282e+02 -1.3216e-02 +1.0982e-02 +8.7111e-03 +6.3538e-03 -2.0301e-02 -1.2406e-02 -9.6723e-03 -1.9118e-03 +8.8807e-02 -1.1010e-02
48 0 +9.113322180e+01 +1.844332218e+02 +1.844332218e+02 -1.3097e-02 +8.9857e-03 +1.1294e-02 +6.4610e-03 -2.0102e-02 -1.6335e-02 -1.2263e-02 -1.3009e-03 +8.9254e-02 -1.1048e-02
53 0 +8.862596835e+01 +1.819259684e+02 +1.819259684e+02 -1.2981e-02 +8.3440e-03 +1.5478e-02 +9.2866e-03 -2.3250e-02 -1.8558e-02 -1.1673e-02 -1.1597e-03 +8.8801e-02 -1.4213e-02
59 0 +8.693006486e+01 +1.802300649e+02 +1.802300649e+02 -1.4095e-02 +7.1734e-03 +1.7929e-02 +1.0058e-02 -2.4560e-02 -1.8714e-02 -1.2750e-02 -2.7531e-03 +8.5418e-02 -1.5097e-02
68 0 +8.488490572e+01 +1.781849057e+02 +1.781849057e+02 -1.6399e-02 +6.4457e-03 +2.0632e-02 +9.0206e-03 -2.3825e-02 -2.0084e-02 -1.2188e-02 -2.1708e-03 +8.2495e-02 -1.5200e-02
75 0 +8.308246741e+01 +1.763824674e+02 +1.763824674e+02 -1.6901e-02 +5.6943e-03 +2.4259e-02 +8.3484e-03 -2.4496e-02 -2.1081e-02 -1.1044e-02 -3.7859e-03 +8.0875e-02 -1.5817e-02
77 0 +7.813668435e+01 +1.714366843e+02 +1.714366843e+02 -1.8991e-02 -4.5852e-04 +3.8659e-02 +8.4318e-03 -2.9540e-02 -2.6974e-02 -6.3861e-03 -4.5302e-03 +7.4282e-02 -1.9099e-02
80 0 +7.449198687e+01 +1.677919869e+02 +1.677919869e+02 -1.5804e-02 -1.1627e-03 +4.5774e-02 +6.2362e-03 -2.8622e-02 -2.0329e-02 -5.8275e-03 -1.1921e-02 +6.2104e-02 -2.1819e-02
81 0 +7.308644126e+01 +1.663864413e+02 +1.663864413e+02 -1.5506e-02 -2.9729e-03 +4.9669e-02 +8.6116e-03 -2.7909e-02 -1.8172e-02 -9.1992e-03 -1.4149e-02 +6.5877e-02 -2.3842e-02
91 0 +7.226667720e+01 +1.655666772e+02 +1.655666772e+02 -1.4511e-02 -4.2600e-03 +4.9495e-02 +6.8082e-03 -2.6059e-02 -2.0300e-02 -9.8304e-03 -1.5802e-02 +6.5280e-02 -2.6405e-02
106 0 +7.073970645e+01 +1.640397064e+02 +1.640397064e+02 -1.5570e-02 -7.9460e-03 +5.2357e-02 +5.9349e-03 -2.7324e-02 -1.9986e-02 -1.0718e-02 -1.6153e-02 +6.2622e-02 -2.8781e-02
112 0 +6.914450246e+01 +1.624445025e+02 +1.624445025e+02 -1.5430e-02 -1.1094e-02 +5.6337e-02 +3.2424e-03 -2.6951e-02 -1.7679e-02 -1.3471e-02 -1.6673e-02 +6.0550e-02 -3.3723e-02
141 0 +6.750759186e+01 +1.608075919e+02 +1.608075919e+02 -1.6815e-02 -1.3754e-02 +6.1513e-02 +5.9616e-04 -2.8102e-02 -1.4117e-02 -1.1719e-02 -1.9711e-02 +5.8218e-02 -3.5705e-02
164 0 +6.604519605e+01 +1.593451961e+02 +1.593451961e+02 -1.8841e-02 -1.6994e-02 +6.4680e-02 -4.6700e-03 -2.9506e-02 -1.0878e-02 -1.3911e-02 -2.2873e-02 +5.6277e-02 -3.9134e-02
219 0 +6.454917498e+01 +1.578491750e+02 +1.578491750e+02 -2.0163e-02 -2.3624e-02 +6.7583e-02 -9.1316e-03 -3.1260e-02 -7.1096e-03 -1.4824e-02 -2.5135e-02 +5.5329e-02 -4.2464e-02
250 0 +6.307304845e+01 +1.563730484e+02 +1.563730484e+02 -2.2142e-02 -3.0228e-02 +7.2929e-02 -1.3950e-02 -3.2596e-02 -2.6185e-03 -1.6719e-02 -2.9266e-02 +5.2671e-02 -4.6832e-02
326 0 +6.165669486e+01 +1.549566949e+02 +1.549566949e+02 -2.3986e-02 -3.7787e-02 +7.8837e-02 -2.0629e-02 -3.4163e-02 +5.1971e-03 -2.1959e-02 -3.4603e-02 +4.7870e-02 -4.8283e-02
% f evaluations | g evaluations | best noise-free fitness - Fopt (1.364000000000e+01) + sum g_i+ | measured fitness | best measured fitness or single-digit g-values | x1 | x2...
1 0 +1.533351914e+02 +1.669751914e+02 +1.669751914e+02 +0.0000e+00 +0.0000e+00 +0.0000e+00 +0.0000e+00 +0.0000e+00 +0.0000e+00 +0.0000e+00 +0.0000e+00 +0.0000e+00 +0.0000e+00
3 0 +1.440900747e+02 +1.577300747e+02 +1.577300747e+02 +1.0000e-01 +0.0000e+00 +0.0000e+00 +0.0000e+00 +0.0000e+00 +0.0000e+00 +0.0000e+00 +0.0000e+00 +0.0000e+00 +0.0000e+00
7 0 +1.340285929e+02 +1.476685929e+02 +1.476685929e+02 +0.0000e+00 +0.0000e+00 +0.0000e+00 +0.0000e+00 +1.0000e-01 +0.0000e+00 +0.0000e+00 +0.0000e+00 +0.0000e+00 +0.0000e+00
16 0 +1.252489538e+02 +1.388889538e+02 +1.388889538e+02 -3.7806e-03 -7.7217e-04 +2.4342e-02 -9.2824e-04 +1.0151e-01 -3.3747e-03 -4.4889e-05 +1.3085e-03 +9.6161e-04 -6.4256e-04
21 0 +1.222434855e+02 +1.358834855e+02 +1.358834855e+02 -2.7627e-03 -7.7464e-04 +2.5486e-02 -2.1825e-03 +1.0190e-01 -4.2430e-03 -5.6440e-05 +1.5330e-03 -7.0388e-03 +4.9359e-03
25 0 +1.186710647e+02 +1.323110647e+02 +1.323110647e+02 -2.4740e-04 -8.4869e-04 +2.6623e-02 -2.8769e-03 +9.7265e-02 -3.0665e-03 -1.0189e-02 +1.7650e-03 -7.0582e-03 +5.0614e-03
27 0 +1.167113749e+02 +1.303513749e+02 +1.303513749e+02 +1.4524e-03 -6.9060e-04 +2.5994e-02 -5.1466e-03 +9.7096e-02 -6.4667e-04 -1.0706e-02 +1.9301e-03 -7.7086e-03 +5.9531e-03
30 0 +1.147269245e+02 +1.283669245e+02 +1.283669245e+02 +5.1459e-03 -7.2122e-04 +2.6851e-02 -4.9292e-03 +9.6824e-02 +1.1385e-03 -1.1473e-02 +1.2176e-04 -8.6877e-03 +7.2859e-03
38 0 +1.107635235e+02 +1.244035235e+02 +1.244035235e+02 +1.0730e-02 -1.6097e-03 +2.7633e-02 -5.9532e-03 +9.7479e-02 +4.9106e-03 -9.8220e-03 -7.5398e-04 -7.6477e-03 +5.5542e-03
39 0 +1.050136073e+02 +1.186536073e+02 +1.186536073e+02 +2.3783e-02 -3.3885e-03 +2.6421e-02 -1.0931e-02 +9.7666e-02 +1.0276e-02 -4.9237e-03 -2.5050e-03 -7.9180e-03 +5.0498e-03
42 0 +1.043349947e+02 +1.179749947e+02 +1.179749947e+02 +2.6845e-02 -5.5844e-03 +2.5606e-02 -1.1727e-02 +1.0281e-01 +1.0095e-02 -8.4894e-03 -2.6338e-03 -6.0284e-03 +2.6652e-03
55 0 +1.022796914e+02 +1.159196914e+02 +1.159196914e+02 +3.1485e-02 -7.5615e-03 +2.5974e-02 -1.1223e-02 +1.0230e-01 +8.5849e-03 -7.9496e-03 -3.4273e-03 -1.0205e-02 +4.4895e-03
56 0 +9.995233826e+01 +1.135923383e+02 +1.135923383e+02 +3.8835e-02 -6.2012e-03 +2.6266e-02 -1.2416e-02 +1.0171e-01 +9.0405e-03 -7.2794e-03 -3.9087e-03 -1.1944e-02 +6.0280e-03
74 0 +9.761365248e+01 +1.112536525e+02 +1.112536525e+02 +4.7597e-02 -8.1701e-03 +2.5393e-02 -1.1742e-02 +1.0170e-01 +7.4930e-03 -5.3807e-03 -3.1201e-03 -1.0541e-02 +6.8618e-03
76 0 +9.545365773e+01 +1.090936577e+02 +1.090936577e+02 +5.2331e-02 -3.9099e-03 +2.8255e-02 -1.1723e-02 +9.8945e-02 +5.3370e-03 -3.5992e-03 +6.6308e-04 -1.1640e-02 +1.0854e-02
95 0 +9.271904585e+01 +1.063590458e+02 +1.063590458e+02 +5.8253e-02 -6.6202e-03 +2.8424e-02 -1.1404e-02 +9.7871e-02 +6.1132e-04 -5.1286e-04 +2.0819e-03 -1.2764e-02 +1.3825e-02
97 0 +8.923653172e+01 +1.028765317e+02 +1.028765317e+02 +7.6033e-02 -9.8067e-03 +2.6797e-02 -1.8811e-02 +9.8157e-02 -4.8608e-03 +4.7629e-03 +3.1578e-03 -8.2868e-03 +2.3666e-02
101 0 +8.836393691e+01 +1.020039369e+02 +1.020039369e+02 +7.4767e-02 -1.0076e-02 +2.7504e-02 -1.9584e-02 +9.6789e-02 -6.1689e-03 +5.1833e-03 +2.4474e-03 -8.8452e-03 +2.4820e-02
114 0 +8.709517022e+01 +1.007351702e+02 +1.007351702e+02 +7.6837e-02 -9.9666e-03 +2.8625e-02 -1.9957e-02 +9.3824e-02 -7.3062e-03 +7.1620e-03 +1.9116e-03 -1.0510e-02 +2.4742e-02
125 0 +8.494447024e+01 +9.858447024e+01 +9.858447024e+01 +7.9370e-02 -1.0832e-02 +3.0367e-02 -1.8985e-02 +9.2963e-02 -1.0230e-02 +1.0765e-02 +4.7247e-03 -1.3181e-02 +2.9143e-02
137 0 +8.298600122e+01 +9.662600122e+01 +9.662600122e+01 +8.1566e-02 -1.1467e-02 +3.0703e-02 -1.9608e-02 +9.1800e-02 -1.4784e-02 +1.2215e-02 +7.8396e-03 -1.4904e-02 +3.3551e-02
140 0 +8.122221632e+01 +9.486221632e+01 +9.486221632e+01 +8.5651e-02 -1.5063e-02 +3.1381e-02 -2.0550e-02 +9.3428e-02 -1.9644e-02 +1.5015e-02 +1.1405e-02 -1.6178e-02 +3.6764e-02
156 0 +7.918503526e+01 +9.282503526e+01 +9.282503526e+01 +8.7921e-02 -1.5328e-02 +3.3611e-02 -2.1003e-02 +9.2630e-02 -2.0683e-02 +1.6301e-02 +1.4569e-02 -1.8419e-02 +4.4068e-02
172 0 +7.734970524e+01 +9.098970524e+01 +9.098970524e+01 +9.1229e-02 -1.7008e-02 +3.5870e-02 -1.9590e-02 +9.1473e-02 -2.2531e-02 +1.8862e-02 +1.9640e-02 -1.9566e-02 +4.8123e-02
185 0 +7.561065990e+01 +8.925065990e+01 +8.925065990e+01 +9.3460e-02 -2.3176e-02 +3.6783e-02 -2.1834e-02 +8.7705e-02 -2.7904e-02 +2.2668e-02 +2.2501e-02 -1.9574e-02 +5.2242e-02
189 0 +7.384762358e+01 +8.748762358e+01 +8.748762358e+01 +9.6664e-02 -2.4178e-02 +3.6716e-02 -2.2841e-02 +8.5312e-02 -2.3802e-02 +2.7241e-02 +2.7047e-02 -2.4598e-02 +5.7033e-02
204 0 +7.236871842e+01 +8.600871842e+01 +8.600871842e+01 +9.6883e-02 -2.9105e-02 +3.6810e-02 -2.1821e-02 +8.6576e-02 -2.7161e-02 +2.8582e-02 +2.8943e-02 -2.5734e-02 +6.0762e-02
225 0 +7.072945651e+01 +8.436945651e+01 +8.436945651e+01 +9.8664e-02 -3.0651e-02 +3.4909e-02 -2.3763e-02 +8.4091e-02 -3.2591e-02 +3.1159e-02 +3.2139e-02 -2.5063e-02 +6.5625e-02
248 0 +6.917033778e+01 +8.281033778e+01 +8.281033778e+01 +1.0028e-01 -3.3434e-02 +3.5798e-02 -2.6329e-02 +8.0172e-02 -3.4100e-02 +3.5750e-02 +3.5286e-02 -2.6004e-02 +6.9290e-02
277 0 +6.743499442e+01 +8.107499442e+01 +8.107499442e+01 +1.0215e-01 -3.7209e-02 +3.4844e-02 -2.9257e-02 +7.8739e-02 -3.8105e-02 +4.0143e-02 +4.1365e-02 -2.8201e-02 +7.3694e-02
279 0 +6.585567286e+01 +7.949567286e+01 +7.949567286e+01 +1.0354e-01 -4.4193e-02 +3.1219e-02 -3.6426e-02 +7.3423e-02 -4.1035e-02 +4.6945e-02 +5.5461e-02 -3.5194e-02 +7.4589e-02
311 0 +6.449051467e+01 +7.813051467e+01 +7.813051467e+01 +1.0103e-01 -4.6145e-02 +2.8381e-02 -3.9107e-02 +7.1742e-02 -4.6141e-02 +5.0423e-02 +5.6983e-02 -3.2955e-02 +7.7713e-02
399 0 +6.309486458e+01 +7.673486458e+01 +7.673486458e+01 +9.9533e-02 -4.9605e-02 +2.6929e-02 -4.6155e-02 +6.7557e-02 -5.1704e-02 +5.7374e-02 +6.4728e-02 -3.0399e-02 +8.1719e-02
% f evaluations | g evaluations | best noise-free fitness - Fopt (1.948000000000e+02) + sum g_i+ | measured fitness | best measured fitness or single-digit g-values | x1 | x2...
1 0 +1.947008140e+02 +3.895008140e+02 +3.895008140e+02 +0.0000e+00 +0.0000e+00 +0.0000e+00 +0.0000e+00 +0.0000e+00 +0.0000e+00 +0.0000e+00 +0.0000e+00 +0.0000e+00 +0.0000e+00
3 0 +1.352886358e+02 +3.300886358e+02 +3.300886358e+02 +1.0000e-01 +0.0000e+00 +0.0000e+00 +0.0000e+00 +0.0000e+00 +0.0000e+00 +0.0000e+00 +0.0000e+00 +0.0000e+00 +0.0000e+00
5 0 +1.243138189e+02 +3.191138189e+02 +3.191138189e+02 +0.0000e+00 +0.0000e+00 +1.0000e-01 +0.0000e+00 +0.0000e+00 +0.0000e+00 +0.0000e+00 +0.0000e+00 +0.0000e+00 +0.0000e+00
20 0 +1.159399118e+02 +3.107399118e+02 +3.107399118e+02 +5.9786e-04 +4.2700e-04 +9.9344e-02 -1.0149e-02 -2.1737e-03 +4.0254e-03 -2.3347e-03 +1.8763e-03 +8.2161e-03 -2.5541e-03
21 0 +1.099471628e+02 +3.047471628e+02 +3.047471628e+02 +1.4804e-03 +1.0573e-03 +9.6572e-02 -1.1354e-02 -7.1856e-03 +6.7066e-03 -7.5844e-03 +1.7590e-03 +8.9432e-03 +2.8570e-03
23 0 +1.089739900e+02 +3.037739900e+02 +3.037739900e+02 -1.0789e-03 +9.2990e-04 +8.8399e-02 -1.2769e-02 -3.0925e-03 +5.6429e-03 -8.4214e-03 -5.9015e-04 +8.4664e-03 +2.3068e-03
24 0 +1.061605761e+02 +3.009605761e+02 +3.009605761e+02 +2.0880e-03 +2.0252e-03 +8.7046e-02 -1.3724e-02 -1.6256e-03 +1.0660e-02 -1.5688e-02 +8.3382e-04 +9.9562e-03 +1.0218e-03
35 0 +1.044065501e+02 +2.992065501e+02 +2.992065501e+02 -6.9317e-04 -1.0359e-03 +8.9034e-02 -1.5204e-02 -2.2203e-03 +1.3659e-02 -1.7187e-02 -3.1352e-05 +1.2197e-02 +1.3313e-03
38 0 +1.015409538e+02 +2.963409538e+02 +2.963409538e+02 -5.3365e-04 -3.0038e-03 +9.5285e-02 -1.8434e-02 -5.3745e-03 +1.6606e-02 -1.9722e-02 -2.1576e-03 +1.2716e-02 -8.6821e-04
50 0 +9.936294647e+01 +2.941629465e+02 +2.941629465e+02 -1.4148e-03 +9.0561e-04 +9.9536e-02 -2.4142e-02 -9.1234e-03 +1.7421e-02 -2.0209e-02 -2.1218e-03 +1.3041e-02 -3.4727e-03
67 0 +9.766672394e+01 +2.924667239e+02 +2.924667239e+02 -3.0141e-03 -1.6417e-03 +1.0260e-01 -2.7538e-02 -1.2304e-02 +1.8982e-02 -1.8416e-02 -2.8591e-03 +1.1081e-02 -3.6018e-03
77 0 +9.547702519e+01 +2.902770252e+02 +2.902770252e+02 -2.5864e-03 -5.9058e-04 +1.0697e-01 -3.2212e-02 -1.9391e-02 +2.0135e-02 -2.0987e-02 -2.1718e-03 +7.3112e-03 -3.4389e-03
85 0 +9.322691575e+01 +2.880269158e+02 +2.880269158e+02 -6.9832e-03 -3.2012e-03 +1.1056e-01 -3.8165e-02 -2.2705e-02 +2.3480e-02 -1.6694e-02 +7.5889e-04 +7.4464e-03 -3.7101e-03
88 0 +9.110192036e+01 +2.859019204e+02 +2.859019204e+02 -9.8321e-03 -1.6312e-03 +1.1250e-01 -3.9141e-02 -2.8558e-02 +2.9951e-02 -1.9086e-02 +1.7922e-03 +7.1117e-03 -4.3512e-03
99 0 +8.906523604e+01 +2.838652360e+02 +2.838652360e+02 -1.2182e-02 -1.2262e-03 +1.1267e-01 -4.1183e-02 -3.3654e-02 +2.8327e-02 -1.6555e-02 +3.5010e-03 +5.2575e-03 -3.1022e-03
111 0 +8.698468465e+01 +2.817846847e+02 +2.817846847e+02 -1.3190e-02 -2.0021e-03 +1.1597e-01 -4.4140e-02 -3.7032e-02 +2.7795e-02 -1.4396e-02 +2.1353e-03 +4.9245e-04 -1.6605e-03
113 0 +8.451112354e+01 +2.793111235e+02 +2.793111235e+02 -1.7263e-02 +3.8415e-04 +1.2012e-01 -4.8072e-02 -4.0822e-02 +2.9364e-02 -1.4939e-02 +4.4790e-03 -3.7251e-03 -1.8475e-03
120 0 +8.104936114e+01 +2.758493611e+02 +2.758493611e+02 -2.5067e-02 +4.7608e-03 +1.2496e-01 -5.9621e-02 -4.2977e-02 +3.3585e-02 -1.4315e-02 +6.4517e-03 -1.5118e-02 +6.0414e-03
132 0 +7.921338030e+01 +2.740133803e+02 +2.740133803e+02 -2.3520e-02 +4.5726e-03 +1.2557e-01 -6.1203e-02 -4.3607e-02 +3.3372e-02 -1.1144e-02 +5.1757e-03 -1.5827e-02 +7.8160e-03
142 0 +7.718624162e+01 +2.719862416e+02 +2.719862416e+02 -2.1724e-02 +5.4401e-03 +1.2929e-01 -6.3700e-02 -4.6378e-02 +3.4392e-02 -1.0005e-02 +6.2765e-03 -1.7586e-02 +9.2588e-03
146 0 +7.584226628e+01 +2.706422663e+02 +2.706422663e+02 -2.0320e-02 +7.4642e-03 +1.3217e-01 -6.5518e-02 -5.0207e-02 +3.4771e-02 -9.6761e-03 +6.6289e-03 -1.8452e-02 +9.5266e-03
161 0 +7.412880086e+01 +2.689288009e+02 +2.689288009e+02 -2.2071e-02 +7.1972e-03 +1.3590e-01 -6.8976e-02 -5.2456e-02 +3.5793e-02 -8.5496e-03 +6.1220e-03 -1.9384e-02 +1.2079e-02
164 0 +7.172622069e+01 +2.665262207e+02 +2.665262207e+02 -2.3131e-02 +9.2603e-03 +1.4008e-01 -7.3549e-02 -5.8149e-02 +3.6351e-02 -7.3728e-03 +7.6310e-03 -2.1710e-02 +1.5935e-02
167 0 +6.824298315e+01 +2.630429831e+02 +2.630429831e+02 -2.7909e-02 +1.1017e-02 +1.4392e-01 -9.4080e-02 -7.5920e-02 +3.4432e-02 -2.7057e-03 +2.0851e-02 -3.3894e-02 +2.8988e-02
170 0 +6.608323655e+01 +2.608832366e+02 +2.608832366e+02 -2.8129e-02 +1.0334e-02 +1.4854e-01 -9.4701e-02 -8.0064e-02 +3.5781e-02 -5.4860e-03 +2.0296e-02 -3.4503e-02 +2.5201e-02
174 0 +6.580368842e+01 +2.606036884e+02 +2.606036884e+02 -2.7754e-02 +9.9777e-03 +1.4975e-01 -9.4438e-02 -8.0092e-02 +3.5430e-02 -4.2191e-03 +2.0123e-02 -3.3957e-02 +2.5587e-02
188 0 +6.455660405e+01 +2.593566041e+02 +2.593566041e+02 -2.8978e-02 +1.1102e-02 +1.5374e-01 -9.5625e-02 -8.1395e-02 +3.4424e-02 -3.8527e-03 +1.8502e-02 -3.6771e-02 +2.3973e-02
218 0 +6.308086024e+01 +2.578808602e+02 +2.578808602e+02 -3.1829e-02 +1.3666e-02 +1.5716e-01 -1.0165e-01 -8.3807e-02 +3.5853e-02 -7.8086e-04 +1.6695e-02 -3.9060e-02 +1.8126e-02
262 0 +6.164995707e+01 +2.564499571e+02 +2.564499571e+02 -3.2660e-02 +1.7915e-02 +1.6118e-01 -1.0916e-01 -8.8554e-02 +3.7399e-02 +1.4026e-03 +1.8416e-02 -4.2530e-02 +1.9048e-02
321 0 +6.014849083e+01 +2.549484908e+02 +2.549484908e+02 -3.9385e-02 +2.3161e-02 +1.6995e-01 -1.2065e-01 -9.7075e-02 +3.8907e-02 +5.4175e-03 +1.7180e-02 -4.8334e-02 +1.9172e-02
583 0 +5.888410989e+01 +2.536841099e+02 +2.536841099e+02 -4.3962e-02 +3.4245e-02 +1.7830e-01 -1.2956e-01 -1.0074e-01 +4.8788e-02 +1.6053e-02 +1.2249e-02 -5.7776e-02 +2.1913e-02
% f evaluations | g evaluations | best noise-free fitness - Fopt (-1.335900000000e+02) + sum g_i+ | measured fitness | best measured fitness or single-digit g-values | x1 | x2...
1 0 +1.778421450e+02 +4.425214496e+01 +4.425214496e+01 +0.0000e+00 +0.0000e+00 +0.0000e+00 +0.0000e+00 +0.0000e+00 +0.0000e+00 +0.0000e+00 +0.0000e+00 +0.0000e+00 +0.0000e+00
3 0 +1.480404956e+02 +1.445049564e+01 +1.445049564e+01 +1.0000e-01 +0.0000e+00 +0.0000e+00 +0.0000e+00 +0.0000e+00 +0.0000e+00 +0.0000e+00 +0.0000e+00 +0.0000e+00 +0.0000e+00
4 0 +1.420442065e+02 +8.454206476e+00 +8.454206476e+00 +0.0000e+00 +1.0000e-01 +0.0000e+00 +0.0000e+00 +0.0000e+00 +0.0000e+00 +0.0000e+00 +0.0000e+00 +0.0000e+00 +0.0000e+00
10 0 +1.297894822e+02 -3.800517783e+00 -3.800517783e+00 +0.0000e+00 +0.0000e+00 +0.0000e+00 +0.0000e+00 +0.0000e+00 +0.0000e+00 +0.0000e+00 +1.0000e-01 +0.0000e+00 +0.0000e+00
45 0 +1.258726338e+02 -7.717366170e+00 -7.717366170e+00 +1.2571e+00 +7.0471e-01 -2.0309e+00 +4.2351e-01 -1.4798e+00 -2.0267e+00 -5.6001e-01 +2.5511e-01 +2.1091e+00 +9.5684e-01
120 0 +1.211881236e+02 -1.240187638e+01 -1.240187638e+01 -5.0665e-01 -3.5970e-01 +2.3389e+00 -3.0512e+00 -2.5194e-01 +9.8307e-01 +1.3596e+00 +3.9721e-01 -1.4047e-01 +5.3435e-01
122 0 +1.104655431e+02 -2.312445693e+01 -2.312445693e+01 -5.0665e-01 -3.5970e-01 +2.0338e+00 -3.0512e+00 +5.3180e-02 +9.8307e-01 +1.3596e+00 +3.9721e-01 -1.4047e-01 +5.3435e-01
% f evaluations | g evaluations | best noise-free fitness - Fopt (1.000000000000e+03) + sum g_i+ | measured fitness | best measured fitness or single-digit g-values | x1 | x2...
1 0 +1.850036122e+02 +1.185003612e+03 +1.185003612e+03 +0.0000e+00 +0.0000e+00 +0.0000e+00 +0.0000e+00 +0.0000e+00 +0.0000e+00 +0.0000e+00 +0.0000e+00 +0.0000e+00 +0.0000e+00
3 0 +1.228869397e+02 +1.122886940e+03 +1.122886940e+03 +1.0000e-01 +0.0000e+00 +0.0000e+00 +0.0000e+00 +0.0000e+00 +0.0000e+00 +0.0000e+00 +0.0000e+00 +0.0000e+00 +0.0000e+00
13 0 +1.133945003e+02 +1.113394500e+03 +1.113394500e+03 +1.5002e-01 +3.0101e-02 +2.4331e-02 +2.6652e-03 +4.7312e-02 +4.8716e-02 +1.6689e-02 +1.3673e-02 -6.1711e-03 +2.9616e-02
19 0 +1.091299469e+02 +1.109129947e+03 +1.109129947e+03 +1.5007e-01 +2.7631e-02 +3.3137e-02 +1.8838e-03 +4.7015e-02 +4.8596e-02 +1.7853e-02 +1.6364e-02 -5.3636e-03 +2.7086e-02
20 0 +1.049458819e+02 +1.104945882e+03 +1.104945882e+03 +1.4914e-01 +2.4794e-02 +3.7775e-02 +1.2911e-03 +4.5825e-02 +4.7540e-02 +1.5266e-02 +1.8405e-02 -4.7512e-03 +3.4534e-02
23 0 +9.947701711e+01 +1.099477017e+03 +1.099477017e+03 +1.5061e-01 +1.9130e-02 +4.0433e-02 -2.6207e-03 +4.8445e-02 +4.8896e-02 +1.0560e-02 +1.7809e-02 -8.2101e-03 +3.4081e-02
24 0 +9.759262382e+01 +1.097592624e+03 +1.097592624e+03 +1.5092e-01 +1.4857e-02 +4.0051e-02 -2.9941e-03 +4.5136e-02 +4.1196e-02 +8.2320e-03 +1.7423e-02 -7.3707e-03 +3.1877e-02
27 0 +9.367758188e+01 +1.093677582e+03 +1.093677582e+03 +1.5544e-01 +1.2649e-02 +4.3229e-02 -8.1044e-04 +4.7169e-02 +3.9973e-02 +7.9259e-03 +1.5261e-02 -8.0543e-03 +3.3281e-02
29 0 +9.285191038e+01 +1.092851910e+03 +1.092851910e+03 +1.5605e-01 +1.3079e-02 +4.2446e-02 -1.4447e-03 +4.7431e-02 +3.9476e-02 +6.8093e-03 +1.4032e-02 -8.4333e-03 +3.4489e-02
31 0 +9.062674517e+01 +1.090626745e+03 +1.090626745e+03 +1.5812e-01 +1.3745e-02 +4.2111e-02 -1.3342e-03 +4.8652e-02 +3.9221e-02 +5.2984e-03 +1.3720e-02 -9.1080e-03 +3.2181e-02
35 0 +8.747336310e+01 +1.087473363e+03 +1.087473363e+03 +1.6145e-01 +1.5222e-02 +4.3681e-02 -8.2312e-04 +4.7666e-02 +3.8477e-02 +3.1943e-03 +1.3269e-02 -8.9785e-03 +3.1936e-02
36 0 +8.579804155e+01 +1.085798042e+03 +1.085798042e+03 +1.6296e-01 +1.7097e-02 +4.4841e-02 -7.3425e-04 +4.9366e-02 +4.0685e-02 +2.6419e-03 +1.3143e-02 -9.5120e-03 +3.2622e-02
37 0 +8.437313940e+01 +1.084373139e+03 +1.084373139e+03 +1.6350e-01 +1.9045e-02 +4.5656e-02 -9.2494e-05 +4.9410e-02 +4.0833e-02 -3.3985e-04 +1.2148e-02 -9.4560e-03 +3.1657e-02
38 0 +8.217011057e+01 +1.082170111e+03 +1.082170111e+03 +1.6582e-01 +1.7997e-02 +4.7816e-02 -7.2661e-04 +5.0550e-02 +4.0165e-02 -1.8513e-03 +1.1898e-02 -9.9734e-03 +3.1958e-02
42 0 +8.128298280e+01 +1.081282983e+03 +1.081282983e+03 +1.6987e-01 +1.9180e-02 +4.9285e-02 -2.1675e-03 +5.0837e-02 +4.0369e-02 -2.9681e-03 +1.3257e-02 -8.3965e-03 +3.0638e-02
47 0 +7.864819750e+01 +1.078648197e+03 +1.078648197e+03 +1.7018e-01 +1.6564e-02 +5.1412e-02 -1.6888e-03 +5.1978e-02 +4.0637e-02 -6.9906e-03 +1.3187e-02 -8.2986e-03 +3.0309e-02
49 0 +7.679026380e+01 +1.076790264e+03 +1.076790264e+03 +1.7096e-01 +1.5297e-02 +5.3545e-02 -1.2138e-03 +5.5838e-02 +4.3502e-02 -9.7908e-03 +1.2662e-02 -8.7319e-03 +2.9652e-02
51 0 +7.571476654e+01 +1.075714767e+03 +1.075714767e+03 +1.7132e-01 +1.4262e-02 +5.7091e-02 +1.1255e-04 +5.6244e-02 +4.2624e-02 -1.3729e-02 +1.2465e-02 -7.3896e-03 +3.0117e-02
71 0 +7.375585088e+01 +1.073755851e+03 +1.073755851e+03 +1.7272e-01 +1.6672e-02 +6.1298e-02 +1.9558e-03 +5.7096e-02 +4.2393e-02 -1.7711e-02 +1.2581e-02 -1.0189e-02 +2.8422e-02
73 0 +7.191094029e+01 +1.071910940e+03 +1.071910940e+03 +1.6949e-01 +1.7308e-02 +6.4101e-02 +7.3415e-03 +5.7695e-02 +4.6407e-02 -2.8058e-02 +1.3248e-02 -1.3634e-02 +2.7316e-02
77 0 +7.074101908e+01 +1.070741019e+03 +1.070741019e+03 +1.7116e-01 +1.6739e-02 +6.4766e-02 +1.3672e-02 +5.5591e-02 +4.7088e-02 -2.6995e-02 +1.1526e-02 -1.9163e-02 +2.9380e-02
98 0 +6.908624049e+01 +1.069086240e+03 +1.069086240e+03 +1.6794e-01 +1.8697e-02 +6.7401e-02 +1.9419e-02 +5.4630e-02 +4.4677e-02 -3.1736e-02 +1.5284e-02 -2.0974e-02 +3.1640e-02
118 0 +6.756569075e+01 +1.067565691e+03 +1.067565691e+03 +1.6566e-01 +1.8022e-02 +7.0512e-02 +2.6333e-02 +5.4977e-02 +4.5023e-02 -3.5227e-02 +1.7731e-02 -2.4703e-02 +3.4312e-02
143 0 +6.592845349e+01 +1.065928453e+03 +1.065928453e+03 +1.6196e-01 +1.8026e-02 +7.5694e-02 +3.6738e-02 +5.1492e-02 +4.6121e-02 -4.2532e-02 +1.8091e-02 -2.9180e-02 +3.4546e-02
181 0 +6.454468643e+01 +1.064544686e+03 +1.064544686e+03 +1.5972e-01 +1.8636e-02 +7.8163e-02 +4.6954e-02 +5.4758e-02 +4.7517e-02 -4.6264e-02 +2.0186e-02 -3.8043e-02 +3.6316e-02
267 0 +6.308530857e+01 +1.063085309e+03 +1.063085309e+03 +1.5831e-01 +1.8565e-02 +8.0980e-02 +5.9586e-02 +5.4314e-02 +4.6109e-02 -5.1903e-02 +2.1099e-02 -4.5366e-02 +4.3765e-02
% f evaluations | g evaluations | best noise-free fitness - Fopt (9.780000000000e+00) + sum g_i+ | measured fitness | best measured fitness or single-digit g-values | x1 | x2...
1 0 +1.626440371e+02 +1.724240371e+02 +1.724240371e+02 +0.0000e+00 +0.0000e+00 +0.0000e+00 +0.0000e+00 +0.0000e+00 +0.0000e+00 +0.0000e+00 +0.0000e+00 +0.0000e+00 +0.0000e+00
3 0 +1.529281814e+02 +1.627081814e+02 +1.627081814e+02 +1.0000e-01 +0.0000e+00 +0.0000e+00 +0.0000e+00 +0.0000e+00 +0.0000e+00 +0.0000e+00 +0.0000e+00 +0.0000e+00 +0.0000e+00
11 0 +1.411184309e+02 +1.508984309e+02 +1.508984309e+02 +0.0000e+00 +0.0000e+00 +0.0000e+00 +0.0000e+00 +0.0000e+00 +0.0000e+00 +0.0000e+00 +0.0000e+00 +1.0000e-01 +0.0000e+00
15 0 +1.347724301e+02 +1.445524301e+02 +1.445524301e+02 +4.4784e-03 -2.1613e-02 -1.0734e-03 -1.2338e-02 -3.3656e-03 +4.4503e-02 +1.9507e-03 -4.3971e-03 +1.0992e-01 -1.9822e-03
16 0 +1.300005207e+02 +1.397805207e+02 +1.397805207e+02 +8.7140e-03 -2.6877e-02 -2.0887e-03 +8.1591e-03 -6.5488e-03 +5.0486e-02 +3.7957e-03 -8.5558e-03 +1.1931e-01 -3.8569e-03
17 0 +1.194630670e+02 +1.292430670e+02 +1.292430670e+02 +1.0823e-02 -3.1512e-02 -2.5942e-03 +1.2861e-02 -8.1340e-03 +5.3466e-02 +4.7145e-03 +1.4720e-02 +1.2398e-01 -4.7905e-03
20 0 +1.169855525e+02 +1.267655525e+02 +1.267655525e+02 +7.5713e-03 -3.1252e-02 -6.1601e-03 +1.5659e-02 -3.0211e-03 +5.6157e-02 +1.3196e-03 +1.6187e-02 +1.2103e-01 -8.4077e-03
25 0 +1.145041827e+02 +1.242841827e+02 +1.242841827e+02 +3.7926e-03 -2.2993e-02 -6.3924e-03 +1.7409e-02 -2.6659e-03 +6.1341e-02 +1.4505e-02 +1.8677e-02 +1.2035e-01 -1.2376e-02
26 0 +1.069383700e+02 +1.167183700e+02 +1.167183700e+02 +3.5250e-03 -1.9541e-02 -6.2280e-03 +2.1762e-02 -1.8525e-03 +5.3302e-02 +1.4514e-02 +2.0296e-02 +1.1953e-01 -1.3046e-02
31 0 +1.044801217e+02 +1.142601217e+02 +1.142601217e+02 +1.8564e-03 -1.6505e-02 -3.2372e-03 +2.6616e-02 +2.3830e-04 +4.4650e-02 +1.9409e-02 +2.1406e-02 +1.2120e-01 -1.7309e-02
38 0 +1.021039383e+02 +1.118839383e+02 +1.118839383e+02 +3.6664e-03 -1.8323e-02 +1.5099e-03 +2.7835e-02 +8.0830e-04 +4.4193e-02 +2.0493e-02 +2.1097e-02 +1.2149e-01 -1.7146e-02
48 0 +9.993083159e+01 +1.097108316e+02 +1.097108316e+02 +2.9826e-03 -2.0555e-02 +5.9612e-03 +2.6074e-02 +2.9143e-04 +4.3435e-02 +2.2205e-02 +2.1562e-02 +1.2292e-01 -1.3174e-02
57 0 +9.759712058e+01 +1.073771206e+02 +1.073771206e+02 +2.5623e-03 -2.2435e-02 +4.7888e-03 +2.6414e-02 +1.1780e-03 +4.1356e-02 +2.4138e-02 +2.2168e-02 +1.2769e-01 -1.1407e-02
63 0 +9.502839734e+01 +1.048083973e+02 +1.048083973e+02 +2.3872e-03 -2.1774e-02 +5.9791e-03 +2.6788e-02 +2.9704e-03 +3.6670e-02 +2.4626e-02 +2.1232e-02 +1.3187e-01 -1.0013e-02
64 0 +8.832631370e+01 +9.810631370e+01 +9.810631370e+01 +5.3314e-04 -2.2486e-02 +9.8641e-03 +2.1056e-02 +7.6378e-03 +2.7128e-02 +2.5944e-02 +2.1974e-02 +1.4056e-01 -6.3390e-03
65 0 +8.347489122e+01 +9.325489122e+01 +9.325489122e+01 -7.1258e-03 -2.4660e-02 +2.5077e-02 -4.7620e-04 +2.6075e-02 -1.1919e-02 +3.1613e-02 +2.4846e-02 +1.7550e-01 +8.2069e-03
67 0 +8.309176848e+01 +9.287176848e+01 +9.287176848e+01 -4.0006e-03 -2.6063e-02 +2.0601e-02 -4.7794e-04 +3.1877e-02 -1.3755e-02 +3.2536e-02 +2.6193e-02 +1.7318e-01 +6.9802e-03
76 0 +8.123664440e+01 +9.101664440e+01 +9.101664440e+01 -5.7986e-03 -2.3944e-02 +2.0280e-02 -2.0560e-03 +3.3966e-02 -1.3584e-02 +2.5019e-02 +2.5740e-02 +1.7173e-01 +6.4604e-03
81 0 +7.699804514e+01 +8.677804514e+01 +8.677804514e+01 -5.5584e-03 -2.4695e-02 +1.7863e-02 -2.8149e-03 +3.4395e-02 -9.2283e-03 +2.3117e-02 +2.5614e-02 +1.7135e-01 +8.8380e-03
82 0 +7.473790907e+01 +8.451790907e+01 +8.451790907e+01 -4.3148e-03 -2.6502e-02 +1.7921e-02 -3.1470e-03 +3.4611e-02 -6.7494e-03 +2.1389e-02 +2.6087e-02 +1.7081e-01 +1.0014e-02
83 0 +7.303721530e+01 +8.281721530e+01 +8.281721530e+01 -3.9407e-03 -2.6304e-02 +1.8049e-02 -4.5146e-03 +3.6419e-02 -5.1991e-03 +2.0922e-02 +2.5851e-02 +1.7199e-01 +1.2581e-02
86 0 +7.214630808e+01 +8.192630808e+01 +8.192630808e+01 -4.0710e-03 -2.6332e-02 +1.7870e-02 -4.2686e-03 +3.6367e-02 -3.8963e-03 +2.0441e-02 +2.5228e-02 +1.7135e-01 +1.3656e-02
97 0 +7.063410060e+01 +8.041410060e+01 +8.041410060e+01 -3.3106e-03 -2.6107e-02 +1.8388e-02 -4.6523e-03 +3.6981e-02 -2.0359e-03 +1.8311e-02 +2.3041e-02 +1.7106e-01 +1.4466e-02
106 0 +6.915690497e+01 +7.893690497e+01 +7.893690497e+01 -1.0775e-04 -2.7003e-02 +1.6842e-02 -5.2989e-03 +3.7564e-02 +1.2002e-03 +1.5765e-02 +2.3324e-02 +1.7136e-01 +1.4923e-02
119 0 +6.755229529e+01 +7.733229529e+01 +7.733229529e+01 +1.1203e-03 -2.4306e-02 +1.6339e-02 -7.3251e-03 +4.0392e-02 +3.8926e-03 +1.3501e-02 +2.2659e-02 +1.7377e-01 +1.8443e-02
139 0 +6.597581841e+01 +7.575581841e+01 +7.575581841e+01 -6.2257e-04 -1.9246e-02 +1.6669e-02 -7.5918e-03 +4.5267e-02 +7.4223e-03 +1.0130e-02 +2.2966e-02 +1.7449e-01 +2.1555e-02
162 0 +6.452473259e+01 +7.430473259e+01 +7.430473259e+01 -1.0975e-03 -1.6817e-02 +1.8286e-02 -4.6932e-03 +4.8084e-02 +8.5352e-03 +5.0109e-03 +2.4390e-02 +1.7985e-01 +2.5019e-02
184 0 +6.308347323e+01 +7.286347323e+01 +7.286347323e+01 -7.2517e-04 -1.3159e-02 +2.3632e-02 +8.2330e-04 +4.8823e-02 +1.1379e-02 -4.6584e-03 +2.9352e-02 +1.8803e-01 +2.9909e-02
244 0 +6.164498089e+01 +7.142498089e+01 +7.142498089e+01 -6.3962e-03 -1.1667e-02 +2.5502e-02 +6.3634e-03 +4.9941e-02 +1.1649e-02 -1.3638e-02 +2.8329e-02 +1.9623e-01 +3.1534e-02
% f evaluations | g evaluations | best noise-free fitness - Fopt (1.491100000000e+02) + sum g_i+ | measured fitness | best measured fitness or single-digit g-values | x1 | x2...
1 0 +1.280216431e+02 +2.771316431e+02 +2.771316431e+02 +0.0000e+00 +0.0000e+00 +0.0000e+00 +0.0000e+00 +0.0000e+00 +0.0000e+00 +0.0000e+00 +0.0000e+00 +0.0000e+00 +0.0000e+00
6 0 +1.193588288e+02 +2.684688288e+02 +2.684688288e+02 +0.0000e+00 +0.0000e+00 +0.0000e+00 +1.0000e-01 +0.0000e+00 +0.0000e+00 +0.0000e+00 +0.0000e+00 +0.0000e+00 +0.0000e+00
8 0 +9.859517005e+01 +2.477051701e+02 +2.477051701e+02 +0.0000e+00 +0.0000e+00 +0.0000e+00 +0.0000e+00 +0.0000e+00 +1.0000e-01 +0.0000e+00 +0.0000e+00 +0.0000e+00 +0.0000e+00
15 0 +9.750705663e+01 +2.466170566e+02 +2.466170566e+02 -1.2471e-02 +7.7119e-04 +7.7119e-04 +6.3017e-03 +7.7119e-04 +1.0077e-01 +7.7119e-04 +7.7119e-04 +7.7119e-04 +7.7119e-04
18 0 +9.332407972e+01 +2.424340797e+02 +2.424340797e+02 -1.3096e-02 -1.8772e-03 +1.3762e-02 +5.7104e-03 -1.5878e-03 +1.0001e-01 -1.1321e-03 -1.2074e-03 -1.6758e-03 -1.9011e-03
24 0 +8.816662070e+01 +2.372766207e+02 +2.372766207e+02 -1.5325e-02 -6.8521e-03 +1.2522e-02 +4.6976e-03 -9.1595e-03 +9.8564e-02 -1.6199e-03 -3.3080e-04 -3.4741e-03 -3.9189e-03
26 0 +8.709285880e+01 +2.362028588e+02 +2.362028588e+02 -1.6584e-02 -9.9301e-03 +1.2381e-02 +4.2279e-03 -1.0074e-02 +9.8536e-02 -2.0588e-03 -3.7345e-03 -4.1605e-03 -4.7021e-03
37 0 +8.494316390e+01 +2.340531639e+02 +2.340531639e+02 -1.7590e-02 -1.1999e-02 +1.4373e-02 +2.6186e-03 -1.0049e-02 +9.6813e-02 -1.8276e-03 -3.0360e-03 -2.4617e-03 -7.6928e-03
39 0 +8.233359161e+01 +2.314435916e+02 +2.314435916e+02 -1.9282e-02 -1.4800e-02 +1.8143e-02 +1.1566e-04 -1.2119e-02 +9.4168e-02 -2.6925e-03 -2.6276e-03 -1.9006e-03 -9.2479e-03
41 0 +8.077660766e+01 +2.298866077e+02 +2.298866077e+02 -2.0555e-02 -1.8546e-02 +2.1847e-02 -2.2196e-03 -1.2105e-02 +9.2837e-02 -3.1830e-03 -3.1924e-03 -6.0844e-04 -1.0857e-02
42 0 +7.943159486e+01 +2.285415949e+02 +2.285415949e+02 -2.2117e-02 -1.9904e-02 +2.0356e-02 -1.9544e-03 -1.2780e-02 +9.1052e-02 -1.2241e-03 -3.4638e-03 +2.9988e-04 -9.8337e-03
53 0 +7.732089719e+01 +2.264308972e+02 +2.264308972e+02 -2.4410e-02 -2.1136e-02 +2.1894e-02 -1.6675e-03 -1.5440e-02 +9.1182e-02 +2.6474e-03 -1.7304e-03 +1.4389e-03 -1.1760e-02
61 0 +7.579032381e+01 +2.249003238e+02 +2.249003238e+02 -2.5298e-02 -2.1793e-02 +2.4257e-02 -3.1753e-03 -1.6671e-02 +9.1145e-02 +4.0749e-03 -3.1796e-03 +3.4512e-03 -1.2656e-02
64 0 +7.395146243e+01 +2.230614624e+02 +2.230614624e+02 -2.6905e-02 -2.3086e-02 +2.6985e-02 -4.7071e-03 -1.8908e-02 +8.9593e-02 +4.6398e-03 -3.1800e-03 +5.1255e-03 -1.4239e-02
73 0 +7.239109092e+01 +2.215010909e+02 +2.215010909e+02 -2.8944e-02 -2.5107e-02 +2.9231e-02 -6.5940e-03 -1.9957e-02 +8.8557e-02 +3.6353e-03 -4.3512e-03 +5.6067e-03 -1.6164e-02
80 0 +6.980464567e+01 +2.189146457e+02 +2.189146457e+02 -3.5844e-02 -2.9937e-02 +3.5500e-02 -1.4190e-02 -2.3045e-02 +8.4904e-02 +3.5212e-03 -6.4847e-03 +4.0444e-03 -2.2836e-02
86 0 +6.901048806e+01 +2.181204881e+02 +2.181204881e+02 -3.6427e-02 -2.9537e-02 +3.6574e-02 -1.4426e-02 -2.4429e-02 +8.5818e-02 +3.4741e-03 -7.2707e-03 +5.4590e-03 -2.2310e-02
105 0 +6.760785785e+01 +2.167178579e+02 +2.167178579e+02 -3.7382e-02 -3.0995e-02 +3.9158e-02 -1.7307e-02 -2.5601e-02 +8.6785e-02 +5.9582e-03 -9.0643e-03 +8.7085e-03 -2.1736e-02
113 0 +6.579232713e+01 +2.149023271e+02 +2.149023271e+02 -4.3478e-02 -3.5484e-02 +4.3661e-02 -2.7123e-02 -3.0352e-02 +8.7858e-02 +7.7868e-03 -1.4989e-02 +1.0167e-02 -2.1430e-02
134 0 +6.455416398e+01 +2.136641640e+02 +2.136641640e+02 -4.6400e-02 -3.9602e-02 +4.6008e-02 -3.1185e-02 -2.6925e-02 +9.1376e-02 +8.5530e-03 -1.5807e-02 +7.0386e-03 -2.2865e-02
228 0 +6.306569313e+01 +2.121756931e+02 +2.121756931e+02 -5.1548e-02 -4.7772e-02 +4.9237e-02 -4.0578e-02 -2.7641e-02 +9.9396e-02 +1.0044e-02 -2.2490e-02 +4.9528e-03 -2.4050e-02
% f evaluations | g evaluations | best noise-free fitness - Fopt (1.663200000000e+02) + sum g_i+ | measured fitness | best measured fitness or single-digit g-values | x1 | x2...
1 0 +1.408283490e+02 +3.071483490e+02 +3.071483490e+02 +0.0000e+00 +0.0000e+00 +0.0000e+00 +0.0000e+00 +0.0000e+00 +0.0000e+00 +0.0000e+00 +0.0000e+00 +0.0000e+00 +0.0000e+00
8 0 +1.397814329e+02 +3.061014329e+02 +3.061014329e+02 +0.0000e+00 +0.0000e+00 +0.0000e+00 +0.0000e+00 +0.0000e+00 +1.0000e-01 +0.0000e+00 +0.0000e+00 +0.0000e+00 +0.0000e+00
17 0 +1.333003519e+02 +2.996203519e+02 +2.996203519e+02 +0.0000e+00 -8.6922e-03 -2.1792e-03 +1.8119e-03 +1.8119e-03 +1.0181e-01 +1.8119e-03 +0.0000e+00 +1.8119e-03 +1.8119e-03
18 0 +1.301481603e+02 +2.964681603e+02 +2.964681603e+02 +6.1111e-04 -8.1387e-03 -1.1040e-02 +3.8767e-03 +3.2812e-03 +1.0485e-01 +3.3591e-03 -8.0605e-04 +2.8872e-03 +2.7910e-03
19 0 +1.278162418e+02 +2.941362418e+02 +2.941362418e+02 +1.2564e-03 -1.0590e-02 -1.2405e-02 +3.4181e-03 +2.1937e-03 +1.0542e-01 +2.3539e-03 -1.6571e-03 +1.3837e-03 +1.2064e-02
20 0 +1.242336360e+02 +2.905536360e+02 +2.905536360e+02 +2.0375e-03 -1.3558e-02 -1.4057e-02 +2.6178e-03 +6.3205e-04 +1.0586e-01 +8.9188e-04 -2.6875e-03 +1.0280e-02 +1.3555e-02
22 0 +1.195370016e+02 +2.858570016e+02 +2.858570016e+02 +2.7681e-03 -1.6334e-02 -1.5603e-02 -7.3215e-03 +9.1684e-03 +1.0792e-01 +3.6241e-03 -3.6511e-03 +1.2055e-02 +1.4949e-02
24 0 +1.171557572e+02 +2.834757572e+02 +2.834757572e+02 +2.2030e-03 -1.8847e-02 -1.6670e-02 -8.6511e-03 +8.1127e-03 +1.1042e-01 +2.3353e-03 -5.9963e-03 +1.1507e-02 +1.4140e-02
30 0 +1.146906947e+02 +2.810106947e+02 +2.810106947e+02 +3.1842e-03 -2.0550e-02 -1.8311e-02 -1.2650e-02 +6.8112e-03 +1.1500e-01 +8.0921e-05 -4.8017e-03 +1.2982e-02 +1.5421e-02
37 0 +1.119293502e+02 +2.782493502e+02 +2.782493502e+02 +6.9257e-03 -2.2363e-02 -1.7769e-02 -1.4790e-02 +6.3026e-03 +1.1631e-01 -1.5330e-03 -5.8800e-03 +1.2759e-02 +1.3940e-02
45 0 +1.096052464e+02 +2.759252464e+02 +2.759252464e+02 +1.0862e-02 -2.3039e-02 -1.5856e-02 -1.6319e-02 +5.7778e-03 +1.1720e-01 -1.3717e-03 -7.8465e-03 +1.2417e-02 +1.1898e-02
49 0 +1.065320627e+02 +2.728520627e+02 +2.728520627e+02 +1.6908e-02 -2.3254e-02 -1.1266e-02 -1.6636e-02 +4.9844e-03 +1.2006e-01 -1.8304e-03 -9.5700e-03 +1.0471e-02 +8.9665e-03
52 0 +1.045635051e+02 +2.708835051e+02 +2.708835051e+02 +1.9010e-02 -2.3006e-02 -5.6206e-03 -1.6690e-02 +5.4774e-03 +1.1849e-01 -4.3774e-04 -1.2518e-02 +7.0078e-03 +4.5343e-03
61 0 +1.021090520e+02 +2.684290520e+02 +2.684290520e+02 +2.3957e-02 -2.3424e-02 -3.7729e-03 -1.6853e-02 +6.1011e-03 +1.1855e-01 -7.0867e-04 -1.8979e-02 +9.8126e-03 +3.4674e-03
66 0 +9.999910167e+01 +2.663191017e+02 +2.663191017e+02 +2.6652e-02 -2.4617e-02 -5.2371e-03 -1.5118e-02 +8.4430e-03 +1.2021e-01 +2.0511e-03 -2.2147e-02 +9.2891e-03 +4.0400e-04
75 0 +9.760268815e+01 +2.639226881e+02 +2.639226881e+02 +2.4734e-02 -2.5612e-02 -3.9869e-03 -1.3920e-02 +9.3770e-03 +1.1993e-01 +5.0580e-03 -2.7217e-02 +7.6915e-03 -2.0271e-03
76 0 +9.467888457e+01 +2.609988846e+02 +2.609988846e+02 +2.4720e-02 -2.6507e-02 -4.6463e-03 -1.4680e-02 +1.0624e-02 +1.2104e-01 +7.0596e-03 -3.3976e-02 +7.1869e-03 -5.1045e-03
77 0 +9.062755531e+01 +2.569475553e+02 +2.569475553e+02 +2.3467e-02 -3.0395e-02 +4.1516e-03 -2.1871e-02 +1.3389e-02 +1.2464e-01 +1.4054e-02 -6.2070e-02 +5.1244e-03 -8.9877e-03
79 0 +8.708074802e+01 +2.534007480e+02 +2.534007480e+02 +2.8794e-02 -4.0800e-02 -6.5645e-03 -5.6601e-03 +3.0151e-02 +1.2501e-01 +2.3540e-02 -6.9466e-02 +1.3427e-02 -1.6465e-02
82 0 +8.501317641e+01 +2.513331764e+02 +2.513331764e+02 +2.8119e-02 -4.2597e-02 -1.2005e-03 -5.3429e-03 +3.2894e-02 +1.2114e-01 +2.5755e-02 -6.9180e-02 +1.4267e-02 -1.4644e-02
83 0 +8.284045427e+01 +2.491604543e+02 +2.491604543e+02 +2.5800e-02 -4.1369e-02 -7.9767e-04 -7.0649e-03 +3.7973e-02 +1.2346e-01 +2.5731e-02 -7.0721e-02 +1.6172e-02 -1.0543e-02
91 0 +8.051409338e+01 +2.468340934e+02 +2.468340934e+02 +2.8008e-02 -4.3880e-02 +2.0392e-03 -1.1220e-02 +4.0532e-02 +1.2683e-01 +2.6308e-02 -6.7074e-02 +1.8318e-02 -1.2167e-02
94 0 +7.898301082e+01 +2.453030108e+02 +2.453030108e+02 +2.7748e-02 -4.3168e-02 +2.9843e-03 -1.1850e-02 +4.1041e-02 +1.2729e-01 +2.5724e-02 -6.6665e-02 +1.7014e-02 -1.3067e-02
97 0 +7.755895423e+01 +2.438789542e+02 +2.438789542e+02 +2.6990e-02 -4.2742e-02 +3.8772e-03 -1.2471e-02 +4.2578e-02 +1.2701e-01 +2.5871e-02 -6.6261e-02 +1.6189e-02 -1.4019e-02
107 0 +7.539863716e+01 +2.417186372e+02 +2.417186372e+02 +2.5414e-02 -4.2384e-02 +5.9539e-03 -1.5693e-02 +4.3114e-02 +1.2606e-01 +2.5666e-02 -6.5476e-02 +1.4498e-02 -1.4789e-02
110 0 +7.377991918e+01 +2.400999192e+02 +2.400999192e+02 +2.4265e-02 -4.2435e-02 +8.4326e-03 -1.8515e-02 +4.5126e-02 +1.2534e-01 +2.5325e-02 -6.5078e-02 +1.4626e-02 -1.5812e-02
122 0 +7.191916067e+01 +2.382391607e+02 +2.382391607e+02 +2.1894e-02 -4.5086e-02 +9.6105e-03 -2.1224e-02 +4.6952e-02 +1.2392e-01 +2.2581e-02 -6.6775e-02 +1.5467e-02 -1.6659e-02
126 0 +7.032247858e+01 +2.366424786e+02 +2.366424786e+02 +1.7469e-02 -4.8669e-02 +1.0069e-02 -2.5417e-02 +5.3229e-02 +1.2293e-01 +1.6744e-02 -6.9050e-02 +1.2095e-02 -2.2039e-02
128 0 +6.887451076e+01 +2.351945108e+02 +2.351945108e+02 +1.5210e-02 -4.9578e-02 +1.1279e-02 -2.4464e-02 +5.4500e-02 +1.1902e-01 +1.7018e-02 -7.0685e-02 +1.5431e-02 -2.2899e-02
132 0 +6.698451080e+01 +2.333045108e+02 +2.333045108e+02 +1.0957e-02 -4.9514e-02 +1.4802e-02 -2.7357e-02 +5.7958e-02 +1.1729e-01 +1.5526e-02 -7.3878e-02 +2.0029e-02 -2.0750e-02
145 0 +6.598710722e+01 +2.323071072e+02 +2.323071072e+02 +1.0297e-02 -5.1864e-02 +1.7947e-02 -2.6025e-02 +6.1137e-02 +1.1593e-01 +1.2931e-02 -7.6633e-02 +2.2590e-02 -2.0349e-02
180 0 +6.456298090e+01 +2.308829809e+02 +2.308829809e+02 +9.3773e-03 -5.1262e-02 +2.1494e-02 -2.8445e-02 +6.4304e-02 +1.1256e-01 +9.0481e-03 -8.2185e-02 +2.4826e-02 -1.8875e-02
225 0 +6.307823000e+01 +2.293982300e+02 +2.293982300e+02 +6.3372e-03 -5.1503e-02 +2.6334e-02 -2.9252e-02 +7.0800e-02 +1.0806e-01 +1.9237e-03 -8.9602e-02 +3.0831e-02 -1.6158e-02
% f evaluations | g evaluations | best noise-free fitness - Fopt (-3.053000000000e+01) + sum g_i+ | measured fitness | best measured fitness or single-digit g-values | x1 | x2...
1 0 +1.945226517e+02 +1.639926517e+02 +1.639926517e+02 +0.0000e+00 +0.0000e+00 +0.0000e+00 +0.0000e+00 +0.0000e+00 +0.0000e+00 +0.0000e+00 +0.0000e+00 +0.0000e+00 +0.0000e+00
3 0 +1.397452713e+02 +1.092152713e+02 +1.092152713e+02 +1.0000e-01 +0.0000e+00 +0.0000e+00 +0.0000e+00 +0.0000e+00 +0.0000e+00 +0.0000e+00 +0.0000e+00 +0.0000e+00 +0.0000e+00
19 0 +1.300034711e+02 +9.947347110e+01 +9.947347110e+01 +1.0217e-01 +3.9600e-04 +3.8336e-04 +9.6563e-05 -8.7167e-03 +2.1743e-03 +2.1743e-03 +2.1743e-03 +2.6269e-04 +2.1743e-03
20 0 +1.194152194e+02 +8.888521939e+01 +8.888521939e+01 +1.0543e-01 +6.6409e-03 +3.3778e-03 -7.7831e-04 -1.3865e-02 +3.9146e-03 +4.3890e-03 +3.7252e-03 -5.3600e-04 +3.9657e-03
21 0 +1.057128128e+02 +7.518281281e+01 +7.518281281e+01 +1.1844e-01 +3.3845e-02 +1.6309e-02 -4.6780e-03 -3.1411e-02 +1.0294e-02 +1.2853e-02 +9.2732e-03 -4.1976e-03 +1.0570e-02
23 0 +1.041320095e+02 +7.360200951e+01 +7.360200951e+01 +1.2171e-01 +3.2520e-02 +1.6752e-02 -4.3741e-03 -3.0860e-02 +2.2335e-03 +1.6120e-02 +9.8229e-03 -3.6022e-03 +1.3837e-02
33 0 +1.004578877e+02 +6.992788767e+01 +6.992788767e+01 +1.1997e-01 +3.2840e-02 +1.8218e-02 -3.5195e-03 -3.1384e-02 -9.8783e-04 +1.4784e-02 +1.0278e-02 +6.8612e-04 +1.0872e-02
34 0 +9.851160859e+01 +6.798160859e+01 +6.798160859e+01 +1.1968e-01 +3.1176e-02 +1.9083e-02 -2.3000e-03 -3.2606e-02 -2.5713e-03 +1.4629e-02 +8.9571e-03 +2.1905e-03 +9.1747e-03
35 0 +9.684822649e+01 +6.631822649e+01 +6.631822649e+01 +1.1958e-01 +3.1055e-02 +1.9294e-02 -1.4900e-03 -3.2421e-02 -4.5289e-03 +1.1623e-02 +7.6974e-03 +3.0742e-03 +9.2247e-03
36 0 +9.516426707e+01 +6.463426707e+01 +6.463426707e+01 +1.1874e-01 +3.1272e-02 +1.9191e-02 -1.0445e-03 -3.1674e-02 -6.9695e-03 +1.1273e-02 +6.1573e-03 +4.2283e-03 +7.0567e-03
38 0 +9.328190312e+01 +6.275190312e+01 +6.275190312e+01 +1.1876e-01 +3.1234e-02 +2.0865e-02 -8.0618e-04 -3.3889e-02 -1.0521e-02 +9.1996e-03 +5.5671e-03 +7.0014e-03 +4.8178e-03
47 0 +9.118248816e+01 +6.065248816e+01 +6.065248816e+01 +1.1751e-01 +3.1534e-02 +2.1054e-02 -1.5313e-03 -3.5918e-02 -1.1568e-02 +8.5943e-03 +2.1789e-03 +6.3247e-03 +3.9658e-03
57 0 +8.886374654e+01 +5.833374654e+01 +5.833374654e+01 +1.1497e-01 +3.2597e-02 +2.3225e-02 -1.0952e-03 -3.6485e-02 -1.3685e-02 +8.4820e-03 -1.5481e-03 +6.6220e-03 +3.8364e-03
59 0 +8.685715618e+01 +5.632715618e+01 +5.632715618e+01 +1.1330e-01 +3.3301e-02 +2.4574e-02 +5.7142e-05 -3.5401e-02 -1.6416e-02 +8.2255e-03 -4.5001e-03 +7.4282e-03 +3.7163e-03
60 0 +8.378526902e+01 +5.325526902e+01 +5.325526902e+01 +1.0795e-01 +3.5614e-02 +3.0073e-02 +1.7282e-03 -3.6654e-02 -2.4777e-02 +6.5526e-03 -1.4294e-02 +1.0817e-02 +6.4301e-03
61 0 +8.243350085e+01 +5.190350085e+01 +5.190350085e+01 +1.0432e-01 +3.7524e-02 +2.9071e-02 +3.6115e-03 -2.9559e-02 -2.9420e-02 +1.5292e-02 -1.6980e-02 +1.2404e-02 -2.3211e-03
72 0 +8.115137219e+01 +5.062137219e+01 +5.062137219e+01 +1.0285e-01 +3.6976e-02 +3.1990e-02 +2.8389e-03 -3.0070e-02 -3.1836e-02 +1.4374e-02 -1.5804e-02 +1.0156e-02 -2.0617e-03
83 0 +7.935552200e+01 +4.882552200e+01 +4.882552200e+01 +1.0079e-01 +3.6907e-02 +3.7957e-02 +4.1019e-04 -2.8579e-02 -3.2492e-02 +1.2454e-02 -1.5807e-02 +1.0640e-02 -1.1490e-03
93 0 +7.719158548e+01 +4.666158548e+01 +4.666158548e+01 +9.6751e-02 +3.3828e-02 +4.5044e-02 +2.5297e-04 -2.5536e-02 -3.3396e-02 +1.2642e-02 -1.7602e-02 +8.8053e-03 -2.4438e-03
96 0 +7.543124118e+01 +4.490124118e+01 +4.490124118e+01 +9.2176e-02 +3.2272e-02 +5.2393e-02 -1.6252e-03 -2.4067e-02 -3.2757e-02 +9.8856e-03 -1.9205e-02 +7.5684e-03 -3.3643e-03
116 0 +7.405564977e+01 +4.352564977e+01 +4.352564977e+01 +9.1923e-02 +3.2242e-02 +5.6822e-02 -1.2453e-03 -2.1204e-02 -3.2473e-02 +1.0030e-02 -2.0348e-02 +9.0265e-03 -2.2527e-03
121 0 +7.156723452e+01 +4.103723452e+01 +4.103723452e+01 +8.8295e-02 +3.1299e-02 +6.9794e-02 -2.8433e-03 -1.9042e-02 -3.0364e-02 +9.6445e-03 -2.2285e-02 +1.4654e-02 -2.7708e-03
137 0 +7.076272424e+01 +4.023272424e+01 +4.023272424e+01 +8.6486e-02 +3.0031e-02 +7.1548e-02 -2.4209e-03 -1.5899e-02 -3.1044e-02 +1.0798e-02 -2.4501e-02 +1.4036e-02 -3.3620e-03
156 0 +6.918239593e+01 +3.865239593e+01 +3.865239593e+01 +8.1301e-02 +3.1814e-02 +7.7899e-02 -3.4408e-03 -1.1063e-02 -3.3241e-02 +1.3279e-02 -2.5401e-02 +1.3785e-02 -2.6098e-03
172 0 +6.750794463e+01 +3.697794463e+01 +3.697794463e+01 +7.6130e-02 +3.0297e-02 +8.5581e-02 -7.8551e-03 -7.5009e-03 -3.3145e-02 +1.3445e-02 -2.3256e-02 +1.3319e-02 -2.5921e-03
201 0 +6.583215547e+01 +3.530215547e+01 +3.530215547e+01 +7.0347e-02 +2.7156e-02 +9.3557e-02 -6.4989e-03 -1.7567e-03 -3.3007e-02 +1.4999e-02 -2.4567e-02 +1.4435e-02 -8.5491e-04
220 0 +6.445083510e+01 +3.392083510e+01 +3.392083510e+01 +6.6975e-02 +2.3108e-02 +1.0243e-01 -1.0147e-02 +1.9637e-03 -3.2526e-02 +1.3846e-02 -2.5872e-02 +1.4094e-02 +1.1295e-03
268 0 +6.297175694e+01 +3.244175694e+01 +3.244175694e+01 +6.0825e-02 +2.2825e-02 +1.1430e-01 -8.5797e-03 +5.2125e-03 -3.0549e-02 +1.3465e-02 -2.6269e-02 +1.3030e-02 +3.4275e-04
379 0 +6.165006573e+01 +3.112006573e+01 +3.112006573e+01 +5.3958e-02 +2.0043e-02 +1.2820e-01 -1.1045e-02 +1.2156e-02 -3.0469e-02 +1.4259e-02 -3.0018e-02 +1.4106e-02 +2.4071e-03
% f evaluations | g evaluations | best noise-free fitness - Fopt (3.266500000000e+02) + sum g_i+ | measured fitness | best measured fitness or single-digit g-values | x1 | x2...
1 0 +1.824714267e+02 +5.091214267e+02 +5.091214267e+02 +0.0000e+00 +0.0000e+00 +0.0000e+00 +0.0000e+00 +0.0000e+00 +0.0000e+00 +0.0000e+00 +0.0000e+00 +0.0000e+00 +0.0000e+00
3 0 +1.328808402e+02 +4.595308402e+02 +4.595308402e+02 +1.0000e-01 +0.0000e+00 +0.0000e+00 +0.0000e+00 +0.0000e+00 +0.0000e+00 +0.0000e+00 +0.0000e+00 +0.0000e+00 +0.0000e+00
13 0 +1.267239563e+02 +4.533739563e+02 +4.533739563e+02 +1.4885e-01 -2.1742e-02 +4.0901e-02 +7.9430e-03 +1.3512e-02 +1.6088e-02 +4.0283e-02 +1.3137e-03 +4.7463e-02 +3.2961e-02
16 0 +1.198358388e+02 +4.464858388e+02 +4.464858388e+02 +1.4929e-01 -2.1742e-02 +4.1339e-02 -7.2959e-03 +1.3950e-02 +1.6526e-02 +4.0721e-02 +1.3489e-02 +4.7901e-02 +3.3398e-02
17 0 +1.079348574e+02 +4.345848574e+02 +4.345848574e+02 +1.5065e-01 -2.5405e-02 +4.1291e-02 +2.0030e-03 +9.0486e-03 +1.2081e-02 +4.0563e-02 +3.5309e-02 +4.9015e-02 +3.1943e-02
20 0 +1.038034218e+02 +4.304534218e+02 +4.304534218e+02 +1.4986e-01 -2.6790e-02 +3.9966e-02 +2.5844e-03 +6.3257e-03 +1.9574e-02 +3.9198e-02 +3.9641e-02 +4.8131e-02 +3.5168e-02
21 0 +1.010877422e+02 +4.277377422e+02 +4.277377422e+02 +1.5031e-01 -3.2770e-02 +3.9592e-02 +7.9316e-04 -3.6671e-04 +1.9094e-02 +3.8759e-02 +4.3401e-02 +4.8437e-02 +3.6285e-02
26 0 +9.921827066e+01 +4.258682707e+02 +4.258682707e+02 +1.4421e-01 -2.7539e-02 +4.7353e-02 +6.6499e-04 -6.6615e-03 +1.9967e-02 +3.7128e-02 +5.0278e-02 +4.6493e-02 +3.7911e-02
27 0 +9.506183707e+01 +4.217118371e+02 +4.217118371e+02 +1.4240e-01 -3.0012e-02 +4.6457e-02 +9.2707e-03 -9.9446e-03 +2.0975e-02 +3.5364e-02 +4.9895e-02 +4.5918e-02 +3.8528e-02
31 0 +9.323107442e+01 +4.198810744e+02 +4.198810744e+02 +1.3799e-01 -3.4857e-02 +4.5123e-02 +1.1785e-02 -1.7179e-02 +2.0998e-02 +3.1962e-02 +4.7645e-02 +4.4679e-02 +4.1793e-02
39 0 +8.844935251e+01 +4.150993525e+02 +4.150993525e+02 +1.4082e-01 -3.3697e-02 +4.3786e-02 +1.3172e-02 -2.2584e-02 +2.0285e-02 +3.4777e-02 +4.6086e-02 +4.4815e-02 +4.1614e-02
40 0 +8.021218870e+01 +4.068621887e+02 +4.068621887e+02 +1.4616e-01 -3.2461e-02 +3.5811e-02 +1.5314e-02 -3.2338e-02 +1.7258e-02 +4.0799e-02 +4.8222e-02 +4.1285e-02 +4.2077e-02
45 0 +7.923689948e+01 +4.058868995e+02 +4.058868995e+02 +1.4595e-01 -3.3769e-02 +3.4989e-02 +1.8035e-02 -3.5265e-02 +1.8018e-02 +4.0319e-02 +4.9911e-02 +3.9366e-02 +4.2530e-02
55 0 +7.755138841e+01 +4.042013884e+02 +4.042013884e+02 +1.4789e-01 -3.0810e-02 +3.3202e-02 +1.6504e-02 -3.6006e-02 +1.9162e-02 +4.0453e-02 +4.9976e-02 +3.7076e-02 +4.5790e-02
59 0 +7.572482731e+01 +4.023748273e+02 +4.023748273e+02 +1.5036e-01 -3.1595e-02 +3.1235e-02 +1.4029e-02 -3.8967e-02 +1.7817e-02 +4.1627e-02 +4.8840e-02 +3.5831e-02 +4.8758e-02
69 0 +7.406597497e+01 +4.007159750e+02 +4.007159750e+02 +1.5057e-01 -2.9397e-02 +3.2849e-02 +1.3317e-02 -4.3243e-02 +1.7376e-02 +4.1282e-02 +4.8818e-02 +3.4479e-02 +5.1015e-02
79 0 +7.225499544e+01 +3.989049954e+02 +3.989049954e+02 +1.5144e-01 -2.8932e-02 +3.1663e-02 +1.5256e-02 -4.7875e-02 +1.5521e-02 +4.0508e-02 +4.8471e-02 +3.3646e-02 +5.2096e-02
81 0 +7.076125194e+01 +3.974112519e+02 +3.974112519e+02 +1.5159e-01 -2.9021e-02 +2.9637e-02 +1.4667e-02 -5.1784e-02 +1.4894e-02 +4.1087e-02 +4.8237e-02 +3.3892e-02 +5.3964e-02
84 0 +6.863460639e+01 +3.952846064e+02 +3.952846064e+02 +1.4769e-01 -2.5172e-02 +2.5705e-02 +1.7555e-02 -6.6691e-02 +1.1614e-02 +3.8482e-02 +5.0816e-02 +3.8101e-02 +5.8311e-02
85 0 +6.755307758e+01 +3.942030776e+02 +3.942030776e+02 +1.5270e-01 -2.3578e-02 +2.4522e-02 +1.6543e-02 -6.8843e-02 +6.8639e-03 +4.0815e-02 +5.0109e-02 +3.7524e-02 +5.9024e-02
96 0 +6.590854592e+01 +3.925585459e+02 +3.925585459e+02 +1.5502e-01 -2.8444e-02 +2.0001e-02 +1.9709e-02 -7.1509e-02 +6.0610e-03 +3.8481e-02 +4.7691e-02 +3.7851e-02 +5.9327e-02
122 0 +6.455718462e+01 +3.912071846e+02 +3.912071846e+02 +1.5652e-01 -3.2163e-02 +1.8120e-02 +2.0309e-02 -7.5607e-02 +8.6643e-03 +3.5531e-02 +4.6661e-02 +3.8269e-02 +6.3727e-02
200 0 +6.309038291e+01 +3.897403829e+02 +3.897403829e+02 +1.6092e-01 -3.9461e-02 +1.5726e-02 +2.2922e-02 -8.2270e-02 +9.1999e-03 +3.2528e-02 +4.5778e-02 +4.2047e-02 +7.3561e-02
% f evaluations | g evaluations | best noise-free fitness - Fopt (5.893000000000e+01) + sum g_i+ | measured fitness | best measured fitness or single-digit g-values | x1 | x2...
1 0 +1.770477127e+02 +2.359777127e+02 +2.359777127e+02 +0.0000e+00 +0.0000e+00 +0.0000e+00 +0.0000e+00 +0.0000e+00 +0.0000e+00 +0.0000e+00 +0.0000e+00 +0.0000e+00 +0.0000e+00
3 0 +1.281793255e+02 +1.871093255e+02 +1.871093255e+02 +1.0000e-01 +0.0000e+00 +0.0000e+00 +0.0000e+00 +0.0000e+00 +0.0000e+00 +0.0000e+00 +0.0000e+00 +0.0000e+00 +0.0000e+00
15 0 +1.225049635e+02 +1.814349635e+02 +1.814349635e+02 -1.1303e-02 +2.1538e-03 +2.1538e-03 +2.1538e-03 -5.9275e-03 +2.1538e-03 +2.1538e-03 +2.1538e-03 +1.0215e-01 +2.1538e-03
17 0 +1.196193815e+02 +1.785493815e+02 +1.785493815e+02 -1.1303e-02 -7.1992e-03 +3.4654e-03 +3.4654e-03 -5.9275e-03 +3.4654e-03 +3.4654e-03 +3.6369e-03 +1.0347e-01 +3.4654e-03
19 0 +1.160070090e+02 +1.749370090e+02 +1.749370090e+02 -1.3034e-02 -8.1855e-03 +4.1124e-03 +4.6539e-03 -5.6363e-03 -6.2979e-03 +4.9680e-03 +1.3037e-02 +1.0557e-01 +5.3977e-03
22 0 +1.131011675e+02 +1.720311675e+02 +1.720311675e+02 -1.4033e-02 -8.8195e-03 +1.6603e-02 -7.6956e-04 -5.4681e-03 -6.8263e-03 +5.7832e-03 +1.4473e-02 +1.0329e-01 +3.0098e-03
23 0 +1.108731247e+02 +1.698031247e+02 +1.698031247e+02 -1.2560e-02 -8.4514e-03 +2.2247e-02 +4.1020e-03 -6.7914e-03 -6.0731e-03 +8.0908e-03 +1.6156e-02 +1.0738e-01 +6.8650e-03
28 0 +1.072889363e+02 +1.662189363e+02 +1.662189363e+02 -1.3125e-02 -1.5963e-02 +3.1457e-02 +9.5023e-03 -3.6522e-03 -1.3524e-02 +8.9954e-03 +1.8610e-02 +1.0085e-01 +1.4527e-02
29 0 +1.054935023e+02 +1.644235023e+02 +1.644235023e+02 -1.4790e-02 -1.7325e-02 +3.3646e-02 +8.0260e-03 -1.7369e-03 -1.1172e-02 +1.0839e-02 +1.9277e-02 +1.0122e-01 +1.4994e-02
30 0 +1.043908832e+02 +1.633208832e+02 +1.633208832e+02 -1.4696e-02 -1.7490e-02 +3.4997e-02 +8.6428e-03 -8.3347e-04 -1.0852e-02 +1.2440e-02 +1.4889e-02 +1.0110e-01 +1.5030e-02
41 0 +1.014883457e+02 +1.604183457e+02 +1.604183457e+02 -2.2810e-02 -1.8286e-02 +3.7852e-02 +1.1507e-02 +2.2163e-03 -8.8065e-03 +1.5134e-02 +1.4185e-02 +1.0026e-01 +1.6481e-02
45 0 +9.999737820e+01 +1.589273782e+02 +1.589273782e+02 -2.7383e-02 -1.7502e-02 +3.9001e-02 +1.4005e-02 +1.5162e-03 -7.3212e-03 +1.8153e-02 +1.0966e-02 +9.9592e-02 +1.6848e-02
58 0 +9.769168461e+01 +1.566216846e+02 +1.566216846e+02 -3.0387e-02 -1.2154e-02 +4.0266e-02 +1.3702e-02 +1.2473e-03 -7.0344e-03 +1.7289e-02 +1.1115e-02 +9.8628e-02 +1.4566e-02
68 0 +9.474522814e+01 +1.536752281e+02 +1.536752281e+02 -3.4858e-02 -5.4493e-03 +4.4191e-02 +1.3825e-02 -3.9196e-04 -7.8543e-03 +1.9444e-02 +1.0392e-02 +9.5973e-02 +1.1608e-02
69 0 +9.314092436e+01 +1.520709244e+02 +1.520709244e+02 -4.4232e-02 +3.4936e-03 +5.0775e-02 +1.4660e-02 -4.3038e-03 -9.8788e-03 +2.0752e-02 +8.1845e-03 +9.2324e-02 +1.3799e-02
72 0 +9.114462864e+01 +1.500746286e+02 +1.500746286e+02 -4.1492e-02 +4.6962e-03 +5.2139e-02 +1.9785e-02 -2.3431e-03 -8.6548e-03 +2.3051e-02 +4.8065e-03 +8.8456e-02 +1.2912e-02
86 0 +8.909062122e+01 +1.480206212e+02 +1.480206212e+02 -4.2277e-02 +6.7422e-03 +5.2547e-02 +1.9589e-02 -2.2764e-04 -1.0816e-02 +2.9807e-02 +4.5869e-03 +8.9020e-02 +1.2958e-02
98 0 +8.672482502e+01 +1.456548250e+02 +1.456548250e+02 -4.0096e-02 +1.0534e-02 +5.6560e-02 +2.1962e-02 +1.0937e-03 -1.1217e-02 +3.1690e-02 +4.5662e-03 +8.7990e-02 +1.0081e-02
102 0 +8.316548994e+01 +1.420954899e+02 +1.420954899e+02 -3.8009e-02 +1.3484e-02 +6.5097e-02 +2.5313e-02 +1.8715e-03 -1.2301e-02 +3.6337e-02 +3.3900e-03 +8.7055e-02 +5.7644e-03
106 0 +8.042932132e+01 +1.393593213e+02 +1.393593213e+02 -3.9869e-02 +1.1571e-02 +7.9761e-02 +1.9071e-02 +6.0642e-03 -1.3570e-02 +3.9647e-02 +7.9502e-03 +8.9822e-02 -2.2090e-03
111 0 +7.892813701e+01 +1.378581370e+02 +1.378581370e+02 -4.2307e-02 +1.3574e-02 +8.0093e-02 +1.9532e-02 +4.2979e-03 -1.8961e-02 +4.3601e-02 +5.8639e-03 +9.3078e-02 -3.1947e-03
119 0 +7.753637299e+01 +1.364663730e+02 +1.364663730e+02 -4.3754e-02 +1.2290e-02 +8.2263e-02 +2.2471e-02 +4.3894e-03 -1.9434e-02 +4.3633e-02 +4.1731e-03 +9.2486e-02 -3.1357e-03
132 0 +7.543361780e+01 +1.343636178e+02 +1.343636178e+02 -4.3214e-02 +1.0303e-02 +8.6172e-02 +2.4580e-02 +8.2050e-04 -1.9136e-02 +4.6285e-02 +1.8495e-03 +8.9951e-02 -5.2322e-03
134 0 +7.376290750e+01 +1.326929075e+02 +1.326929075e+02 -4.2743e-02 +9.0643e-03 +8.8508e-02 +2.7457e-02 +2.7748e-04 -2.1278e-02 +4.9230e-02 -4.1076e-04 +8.7957e-02 -7.8304e-03
142 0 +7.241767308e+01 +1.313476731e+02 +1.313476731e+02 -4.4746e-02 +8.4513e-03 +9.2195e-02 +2.8525e-02 -1.0168e-03 -2.2263e-02 +5.1849e-02 -1.9124e-03 +8.4500e-02 -8.5644e-03
166 0 +7.013543662e+01 +1.290654366e+02 +1.290654366e+02 -4.6577e-02 +7.8546e-03 +9.6058e-02 +3.2157e-02 -2.6046e-03 -2.5990e-02 +5.5372e-02 -8.0274e-03 +8.3060e-02 -1.2519e-02
170 0 +6.912673693e+01 +1.280567369e+02 +1.280567369e+02 -4.6245e-02 +8.4375e-03 +9.9234e-02 +3.3781e-02 -9.4949e-04 -3.0078e-02 +5.6185e-02 -1.0978e-02 +7.9919e-02 -1.3194e-02
185 0 +6.757637475e+01 +1.265063747e+02 +1.265063747e+02 -4.8004e-02 +4.6217e-03 +1.0072e-01 +3.6145e-02 -1.8486e-03 -3.1326e-02 +6.1078e-02 -1.4278e-02 +7.5452e-02 -1.4776e-02
205 0 +6.599714251e+01 +1.249271425e+02 +1.249271425e+02 -4.8319e-02 +4.2164e-03 +1.0439e-01 +4.1628e-02 -4.4722e-03 -3.3872e-02 +6.5872e-02 -1.9254e-02 +7.4083e-02 -1.7948e-02
243 0 +6.453107437e+01 +1.234610744e+02 +1.234610744e+02 -5.0896e-02 +1.0135e-04 +1.0590e-01 +4.7712e-02 -6.5164e-03 -3.7968e-02 +6.8989e-02 -2.3503e-02 +7.1510e-02 -2.2513e-02
294 0 +6.308506342e+01 +1.220150634e+02 +1.220150634e+02 -5.6633e-02 -2.4188e-03 +1.0794e-01 +5.7079e-02 -9.7484e-03 -4.0857e-02 +7.5912e-02 -3.1198e-02 +6.4621e-02 -2.8023e-02
% f evaluations | g evaluations | best noise-free fitness - Fopt (4.590000000000e+01) + sum g_i+ | measured fitness | best measured fitness or single-digit g-values | x1 | x2...
1 0 +1.640002210e+02 +2.099002210e+02 +2.099002210e+02 +0.0000e+00 +0.0000e+00 +0.0000e+00 +0.0000e+00 +0.0000e+00 +0.0000e+00 +0.0000e+00 +0.0000e+00 +0.0000e+00 +0.0000e+00
4 0 +1.350881886e+02 +1.809881886e+02 +1.809881886e+02 +0.0000e+00 +1.0000e-01 +0.0000e+00 +0.0000e+00 +0.0000e+00 +0.0000e+00 +0.0000e+00 +0.0000e+00 +0.0000e+00 +0.0000e+00
7 0 +1.261894847e+02 +1.720894847e+02 +1.720894847e+02 +0.0000e+00 +0.0000e+00 +0.0000e+00 +0.0000e+00 +1.0000e-01 +0.0000e+00 +0.0000e+00 +0.0000e+00 +0.0000e+00 +0.0000e+00
14 0 +1.136185404e+02 +1.595185404e+02 +1.595185404e+02 -8.7940e-04 +8.6447e-03 +1.9016e-03 +2.2129e-03 +1.1131e-01 -1.0682e-03 -4.7547e-02 +4.3116e-03 -1.7494e-03 -2.1626e-03
24 0 +1.117497367e+02 +1.576497367e+02 +1.576497367e+02 -1.4450e-03 +1.1320e-02 +2.8191e-03 +9.0575e-03 +1.1653e-01 -6.4414e-04 -4.6454e-02 -2.1739e-03 -2.7255e-03 -2.5789e-03
26 0 +1.094546323e+02 +1.553546323e+02 +1.553546323e+02 -2.0091e-03 +9.4958e-03 +3.6147e-03 +9.6776e-03 +1.1845e-01 +2.1265e-04 -4.8659e-02 -1.4367e-03 -3.6406e-03 -2.6135e-03
28 0 +1.012281675e+02 +1.471281675e+02 +1.471281675e+02 -6.5167e-03 +3.6147e-03 +7.2402e-03 +1.1922e-02 +1.2526e-01 +2.5761e-03 -4.9133e-02 +5.8991e-04 -7.5486e-03 -7.7312e-04
32 0 +9.484182242e+01 +1.407418224e+02 +1.407418224e+02 -1.0515e-02 +1.5380e-03 +9.2637e-03 +1.2958e-02 +1.3001e-01 +3.1923e-03 -5.0341e-02 +1.5595e-03 -1.0850e-02 +7.6233e-03
35 0 +9.292025534e+01 +1.388202553e+02 +1.388202553e+02 -1.1863e-02 +2.5586e-03 +8.1236e-03 +1.3677e-02 +1.3176e-01 +1.7681e-03 -5.5478e-02 +1.2848e-03 -9.9810e-03 +7.2393e-03
40 0 +9.021363117e+01 +1.361136312e+02 +1.361136312e+02 -1.4310e-02 +5.3449e-04 +8.2281e-03 +1.3335e-02 +1.3116e-01 -9.8403e-04 -5.7135e-02 +2.2607e-03 -1.1162e-02 +9.3325e-03
45 0 +8.897006426e+01 +1.348700643e+02 +1.348700643e+02 -1.6398e-02 -1.3449e-03 +8.1389e-03 +1.3843e-02 +1.3189e-01 -1.4825e-03 -5.8285e-02 +3.2453e-03 -1.1943e-02 +8.6700e-03
51 0 +8.685975569e+01 +1.327597557e+02 +1.327597557e+02 -1.8716e-02 -2.3841e-03 +9.5559e-03 +1.4575e-02 +1.3289e-01 -1.6575e-03 -5.9400e-02 +3.9850e-03 -1.0704e-02 +1.0115e-02
52 0 +8.508121415e+01 +1.309812141e+02 +1.309812141e+02 -2.0896e-02 -2.1876e-03 +1.0977e-02 +1.5335e-02 +1.3417e-01 -2.8040e-03 -5.9266e-02 +5.4463e-03 -8.9935e-03 +9.3560e-03
53 0 +8.310778493e+01 +1.290077849e+02 +1.290077849e+02 -2.3855e-02 -1.3081e-03 +1.1497e-02 +1.5634e-02 +1.3491e-01 -3.7528e-03 -6.0559e-02 +6.5193e-03 -8.8399e-03 +1.0701e-02
54 0 +7.745056260e+01 +1.233505626e+02 +1.233505626e+02 -3.0070e-02 -2.0561e-03 +1.5775e-02 +2.4553e-02 +1.4154e-01 -9.2551e-03 -6.5408e-02 +7.9505e-03 -7.4125e-03 +1.4842e-02
55 0 +7.560289737e+01 +1.215028974e+02 +1.215028974e+02 -3.9857e-02 -4.5619e-03 +1.7513e-02 +2.0648e-02 +1.4789e-01 -1.1368e-02 -7.0281e-02 +1.1934e-02 -1.0676e-03 +1.8175e-02
63 0 +7.404935041e+01 +1.199493504e+02 +1.199493504e+02 -4.2845e-02 -3.8880e-03 +1.6632e-02 +2.0947e-02 +1.4604e-01 -1.4970e-02 -6.9991e-02 +7.6098e-03 -7.6905e-04 +1.9018e-02
82 0 +7.221852861e+01 +1.181185286e+02 +1.181185286e+02 -4.5299e-02 -3.1157e-03 +1.4350e-02 +2.4038e-02 +1.4698e-01 -1.7001e-02 -7.0449e-02 +5.5277e-03 +2.1688e-03 +1.7806e-02
88 0 +7.065266848e+01 +1.165526685e+02 +1.165526685e+02 -4.5602e-02 -1.6414e-03 +1.0391e-02 +2.7242e-02 +1.4703e-01 -1.9386e-02 -6.9132e-02 +4.9479e-03 +5.2356e-03 +1.7545e-02
99 0 +6.902308059e+01 +1.149230806e+02 +1.149230806e+02 -4.5348e-02 -2.5955e-03 +8.5583e-03 +3.0577e-02 +1.4929e-01 -2.1269e-02 -6.8908e-02 +2.7012e-03 +8.1671e-03 +1.4410e-02
100 0 +6.734489539e+01 +1.132448954e+02 +1.132448954e+02 -4.5566e-02 -3.0853e-03 +2.0755e-03 +3.7497e-02 +1.5251e-01 -2.5063e-02 -6.7716e-02 -2.9254e-03 +1.0499e-02 +4.2840e-03
105 0 +6.574820342e+01 +1.116482034e+02 +1.116482034e+02 -4.9023e-02 -4.0666e-03 -5.8666e-04 +4.6185e-02 +1.4878e-01 -2.3448e-02 -6.6921e-02 -3.7054e-03 +2.3101e-02 +7.1334e-03
136 0 +6.446363411e+01 +1.103636341e+02 +1.103636341e+02 -5.0412e-02 -2.8304e-03 -2.4397e-03 +4.8576e-02 +1.4885e-01 -2.8433e-02 -6.5783e-02 -4.2384e-03 +2.1581e-02 +7.0614e-03
198 0 +6.308522351e+01 +1.089852235e+02 +1.089852235e+02 -5.0337e-02 -2.5662e-03 -5.0391e-03 +5.5496e-02 +1.5240e-01 -3.6153e-02 -6.3711e-02 -5.7464e-03 +1.9423e-02 +6.1258e-03
740 0 +6.165946920e+01 +1.075594692e+02 +1.075594692e+02 -5.2767e-02 +1.3281e-03 -9.5583e-03 +8.1317e-02 +1.5033e-01 -4.9292e-02 -5.6844e-02 -1.0607e-02 +1.1739e-02 +4.2344e-03
% f evaluations | g evaluations | best noise-free fitness - Fopt (-1.022300000000e+02) + sum g_i+ | measured fitness | best measured fitness or single-digit g-values | x1 | x2...
1 0 +1.823181126e+02 +8.008811260e+01 +8.008811260e+01 +0.0000e+00 +0.0000e+00 +0.0000e+00 +0.0000e+00 +0.0000e+00 +0.0000e+00 +0.0000e+00 +0.0000e+00 +0.0000e+00 +0.0000e+00
3 0 +1.576306103e+02 +5.540061030e+01 +5.540061030e+01 +1.0000e-01 +0.0000e+00 +0.0000e+00 +0.0000e+00 +0.0000e+00 +0.0000e+00 +0.0000e+00 +0.0000e+00 +0.0000e+00 +0.0000e+00
5 0 +1.491827123e+02 +4.695271230e+01 +4.695271230e+01 +0.0000e+00 +0.0000e+00 +1.0000e-01 +0.0000e+00 +0.0000e+00 +0.0000e+00 +0.0000e+00 +0.0000e+00 +0.0000e+00 +0.0000e+00
10 0 +1.390267267e+02 +3.679672671e+01 +3.679672671e+01 +0.0000e+00 +0.0000e+00 +0.0000e+00 +0.0000e+00 +0.0000e+00 +0.0000e+00 +0.0000e+00 +1.0000e-01 +0.0000e+00 +0.0000e+00
14 0 +1.324018169e+02 +3.017181686e+01 +3.017181686e+01 -1.2650e-02 +2.1077e-03 +2.1077e-03 +2.1077e-03 +2.1077e-03 +2.1077e-03 +2.1077e-03 +1.0211e-01 +2.1077e-03 +2.1077e-03
19 0 +1.298456148e+02 +2.761561476e+01 +2.761561476e+01 -1.3422e-02 +3.7769e-03 -7.3992e-04 +9.5428e-03 +1.3944e-03 +1.6678e-03 +9.4193e-04 +1.0189e-01 +1.3353e-03 +1.7707e-03
25 0 +1.284303995e+02 +2.620039948e+01 +2.620039948e+01 -1.4223e-02 +6.6989e-03 +1.4369e-04 +1.1197e-02 -3.4488e-04 +9.3041e-04 +8.7068e-03 +1.0009e-01 -6.9868e-04 +1.9631e-03
31 0 +1.256423026e+02 +2.341230259e+01 +2.341230259e+01 -1.5009e-02 +8.9838e-03 +7.9107e-04 +1.1626e-02 +5.7999e-04 -2.8765e-04 +8.8932e-03 +1.0108e-01 -1.0797e-03 +5.1790e-03
39 0 +1.227945028e+02 +2.056450280e+01 +2.056450280e+01 -1.6256e-02 +1.2092e-02 +1.8476e-03 +1.0345e-02 +7.5970e-04 -1.2942e-03 +8.2086e-03 +1.0144e-01 -9.0549e-04 +8.8995e-03
48 0 +1.198891341e+02 +1.765913407e+01 +1.765913407e+01 -1.7167e-02 +1.5319e-02 +3.4003e-03 +9.4037e-03 +1.7291e-03 -3.5517e-03 +5.6492e-03 +1.0200e-01 +4.7341e-04 +1.3448e-02
53 0 +1.171143594e+02 +1.488435940e+01 +1.488435940e+01 -1.7564e-02 +1.9421e-02 +5.3293e-03 +8.6404e-03 +1.2251e-03 -6.1002e-03 +3.2783e-03 +1.0154e-01 +3.4724e-03 +1.4895e-02
54 0 +1.108103254e+02 +8.580325369e+00 +8.580325369e+00 -2.0180e-02 +2.8561e-02 +1.1392e-02 +5.4753e-03 +3.1217e-03 -1.2235e-02 -1.3304e-03 +9.9869e-02 +9.9049e-03 +1.8390e-02
55 0 +1.067500917e+02 +4.520091684e+00 +4.520091684e+00 -1.7471e-02 +3.8537e-02 +1.9824e-02 +6.0660e-03 +2.7880e-03 -1.7970e-02 -8.4185e-03 +9.9628e-02 +1.9423e-02 +2.3980e-02
57 0 +1.044937157e+02 +2.263715685e+00 +2.263715685e+00 -2.1717e-02 +4.0575e-02 +2.0169e-02 +2.4577e-03 +2.4739e-03 -2.1233e-02 -1.0327e-02 +9.6081e-02 +1.9000e-02 +2.5938e-02
67 0 +1.022812143e+02 +5.121433900e-02 +5.121433900e-02 -2.1772e-02 +4.0656e-02 +2.0914e-02 +9.1562e-04 +1.5990e-03 -2.2892e-02 -1.0788e-02 +9.5896e-02 +1.9487e-02 +2.3439e-02
% f evaluations | g evaluations | best noise-free fitness - Fopt (1.498100000000e+02) + sum g_i+ | measured fitness | best measured fitness or single-digit g-values | x1 | x2...
1 0 +1.715129321e+02 +3.213229321e+02 +3.213229321e+02 +0.0000e+00 +0.0000e+00 +0.0000e+00 +0.0000e+00 +0.0000e+00 +0.0000e+00 +0.0000e+00 +0.0000e+00 +0.0000e+00 +0.0000e+00
4 0 +1.601250449e+02 +3.099350449e+02 +3.099350449e+02 +0.0000e+00 +1.0000e-01 +0.0000e+00 +0.0000e+00 +0.0000e+00 +0.0000e+00 +0.0000e+00 +0.0000e+00 +0.0000e+00 +0.0000e+00
5 0 +1.322165879e+02 +2.820265879e+02 +2.820265879e+02 +0.0000e+00 +0.0000e+00 +1.0000e-01 +0.0000e+00 +0.0000e+00 +0.0000e+00 +0.0000e+00 +0.0000e+00 +0.0000e+00 +0.0000e+00
7 0 +1.156891413e+02 +2.654991413e+02 +2.654991413e+02 +0.0000e+00 +0.0000e+00 +0.0000e+00 +0.0000e+00 +1.0000e-01 +0.0000e+00 +0.0000e+00 +0.0000e+00 +0.0000e+00 +0.0000e+00
16 0 +1.127863957e+02 +2.625963957e+02 +2.625963957e+02 +6.0706e-03 -8.2151e-03 +3.8475e-03 -1.0780e-02 +9.5652e-02 -8.0725e-03 -8.0400e-03 -7.9726e-03 -9.0595e-03 -9.7616e-03
20 0 +1.081776680e+02 +2.579876680e+02 +2.579876680e+02 +7.5215e-03 -4.5100e-03 +5.3194e-03 -1.1134e-02 +9.3911e-02 -1.1238e-02 -1.1194e-02 -1.1100e-02 -2.0554e-03 -9.9516e-03
23 0 +1.055308738e+02 +2.553408738e+02 +2.553408738e+02 +1.0191e-02 -2.5022e-03 +8.0276e-03 -1.1786e-02 +8.7120e-02 -1.4833e-02 -8.7710e-03 -7.3033e-03 -7.7748e-04 -1.0301e-02
24 0 +1.031760904e+02 +2.529860904e+02 +2.529860904e+02 +1.2721e-02 +6.3062e-04 +1.4406e-02 -1.4096e-02 +9.2070e-02 -1.7437e-02 -8.6512e-03 -5.4748e-03 +7.1637e-04 -1.1242e-02
25 0 +9.987919315e+01 +2.496891931e+02 +2.496891931e+02 +1.7263e-02 +4.2936e-03 +1.0116e-02 -1.5545e-02 +9.2966e-02 -2.3390e-02 -1.0188e-02 -4.3106e-03 +2.9473e-03 -1.1959e-02
28 0 +9.273326692e+01 +2.425432669e+02 +2.425432669e+02 +1.9296e-02 +7.2801e-03 +1.3273e-02 -2.0506e-02 +8.9754e-02 -3.3481e-02 -1.6663e-02 -2.1152e-03 +1.5161e-02 -1.4672e-02
30 0 +9.074108092e+01 +2.405510809e+02 +2.405510809e+02 +2.1360e-02 +5.5468e-03 +1.4438e-02 -1.8640e-02 +8.9868e-02 -3.6316e-02 -1.7697e-02 -2.0759e-03 +1.5690e-02 -1.2803e-02
32 0 +8.842156218e+01 +2.382315622e+02 +2.382315622e+02 +2.2807e-02 +5.1035e-03 +1.4467e-02 -1.4555e-02 +9.1080e-02 -3.8675e-02 -1.6568e-02 +1.1027e-03 +1.9978e-02 -1.4547e-02
37 0 +8.618441262e+01 +2.359944126e+02 +2.359944126e+02 +2.4549e-02 +3.9877e-03 +1.4852e-02 -1.2777e-02 +8.7259e-02 -4.1184e-02 -1.5256e-02 -1.7139e-03 +2.3857e-02 -1.4177e-02
39 0 +8.477678353e+01 +2.345867835e+02 +2.345867835e+02 +2.3580e-02 +3.4104e-03 +1.4321e-02 -1.0788e-02 +8.5629e-02 -4.3702e-02 -1.4228e-02 -6.5413e-04 +2.2959e-02 -1.3458e-02
50 0 +8.210491081e+01 +2.319149108e+02 +2.319149108e+02 +2.6230e-02 +1.6411e-03 +1.7761e-02 -9.9791e-03 +8.5001e-02 -4.8819e-02 -1.4060e-02 -8.3894e-04 +2.3503e-02 -1.0261e-02
51 0 +8.114030186e+01 +2.309503019e+02 +2.309503019e+02 +2.7105e-02 +1.0113e-03 +1.8553e-02 -9.3145e-03 +8.6045e-02 -5.1550e-02 -1.3084e-02 -4.9344e-04 +2.3187e-02 -8.2490e-03
60 0 +7.940968414e+01 +2.292196841e+02 +2.292196841e+02 +2.8528e-02 -1.2037e-04 +2.1845e-02 -8.3689e-03 +8.6123e-02 -5.5684e-02 -1.4182e-02 -5.6902e-04 +2.4798e-02 -7.9633e-03
74 0 +7.666242660e+01 +2.264724266e+02 +2.264724266e+02 +2.9860e-02 -5.3940e-03 +2.7339e-02 -7.6843e-03 +8.5098e-02 -6.0907e-02 -1.5341e-02 -1.5083e-03 +2.8357e-02 -6.9148e-03
83 0 +7.558695029e+01 +2.253969503e+02 +2.253969503e+02 +3.3960e-02 -6.8121e-03 +3.1418e-02 -7.9171e-03 +8.3376e-02 -6.3508e-02 -1.5577e-02 -1.2122e-03 +2.9651e-02 -5.6610e-03
89 0 +7.389909403e+01 +2.237090940e+02 +2.237090940e+02 +3.3215e-02 -1.0785e-02 +3.3351e-02 -1.0134e-02 +8.3884e-02 -6.7632e-02 -1.5453e-02 -3.7423e-03 +2.9541e-02 -4.4718e-03
94 0 +7.221799514e+01 +2.220279951e+02 +2.220279951e+02 +3.1304e-02 -1.6405e-02 +3.7379e-02 -1.1194e-02 +8.4356e-02 -7.1142e-02 -1.4659e-02 -4.0032e-03 +3.2947e-02 -2.8919e-03
106 0 +7.066431122e+01 +2.204743112e+02 +2.204743112e+02 +3.3323e-02 -1.7534e-02 +4.1218e-02 -1.1979e-02 +8.2440e-02 -7.5800e-02 -1.6098e-02 -5.0766e-03 +3.4079e-02 -1.5633e-03
131 0 +6.909127830e+01 +2.189012783e+02 +2.189012783e+02 +3.4308e-02 -2.1535e-02 +4.5314e-02 -1.3699e-02 +8.1680e-02 -8.0662e-02 -1.5866e-02 -5.3297e-03 +3.6622e-02 -1.6015e-03
138 0 +6.759279222e+01 +2.174027922e+02 +2.174027922e+02 +3.4983e-02 -2.6661e-02 +5.0763e-02 -1.3482e-02 +7.9700e-02 -8.7961e-02 -1.2890e-02 -6.7393e-03 +4.0159e-02 -5.6447e-04
173 0 +6.592776977e+01 +2.157377698e+02 +2.157377698e+02 +3.8131e-02 -2.9874e-02 +5.4378e-02 -1.7914e-02 +7.9620e-02 -9.4593e-02 -1.5555e-02 -1.0361e-02 +4.2703e-02 +4.6678e-04
200 0 +6.455317703e+01 +2.143631770e+02 +2.143631770e+02 +3.8763e-02 -3.5824e-02 +5.7506e-02 -1.9040e-02 +7.7493e-02 -9.9642e-02 -1.8112e-02 -1.3043e-02 +4.6209e-02 +2.4671e-03
275 0 +6.304984585e+01 +2.128598458e+02 +2.128598458e+02 +4.1038e-02 -4.4895e-02 +6.3943e-02 -2.2310e-02 +7.3842e-02 -1.0974e-01 -1.9097e-02 -1.7263e-02 +5.1828e-02 +3.8712e-03
