% f evaluations | g evaluations | best noise-free fitness - Fopt (3.590000000000e+01) + sum g_i+ | measured fitness | best measured fitness or single-digit g-values | x1 | x2...
1 0 +7.743465359e+05 +7.743824359e+05 +7.743824359e+05 +0.0000e+00 +0.0000e+00 +0.0000e+00 +0.0000e+00 +0.0000e+00 +0.0000e+00 +0.0000e+00 +0.0000e+00 +0.0000e+00 +0.0000e+00 +0.0000e+00 +0.0000e+00 +0.0000e+00 +0.0000e+00 +0.0000e+00 +0.0000e+00 +0.0000e+00 +0.0000e+00 +0.0000e+00 +0.0000e+00
3 0 +7.725368161e+05 +7.725727161e+05 +7.725727161e+05 +1.0000e-01 +0.0000e+00 +0.0000e+00 +0.0000e+00 +0.0000e+00 +0.0000e+00 +0.0000e+00 +0.0000e+00 +0.0000e+00 +0.0000e+00 +0.0000e+00 +0.0000e+00 +0.0000e+00 +0.0000e+00 +0.0000e+00 +0.0000e+00 +0.0000e+00 +0.0000e+00 +0.0000e+00 +0.0000e+00
23 0 +7.317942476e+05 +7.318301476e+05 +7.318301476e+05 +5.6609e-03 +2.6030e-02 +2.7112e-02 +1.5109e-03 -9.5284e-03 -2.4784e-02 +2.3313e-03 -4.1200e-02 -2.4552e-02 -6.2744e-03 -1.5864e-02 +1.8019e-02 -1.3505e-03 +8.8600e-03 +3.0086e-02 -2.6218e-02 +1.2900e-02 +1.3775e-01 -2.9730e-02 -2.7901e-02
24 0 +6.361034214e+05 +6.361393214e+05 +6.361393214e+05 +2.8585e-02 +1.3144e-01 +1.3690e-01 +7.6295e-03 -4.8114e-02 -1.2515e-01 +1.1772e-02 -2.0804e-01 -1.2398e-01 -3.1683e-02 -8.0105e-02 +9.0989e-02 -6.8194e-03 +4.4739e-02 +1.5192e-01 -1.3239e-01 +6.5141e-02 +2.7696e-01 -1.5013e-01 -1.4089e-01
25 0 +5.250387993e+05 +5.250746993e+05 +5.250746993e+05 +1.2639e-01 +5.8120e-01 +6.0535e-01 +3.3736e-02 -2.1275e-01 -5.5336e-01 +5.2054e-02 -9.1990e-01 -5.4819e-01 -1.4009e-01 -3.5421e-01 +4.0233e-01 -3.0154e-02 +1.9782e-01 +6.7175e-01 -5.8540e-01 +2.8804e-01 +2.7341e-01 -6.6382e-01 -6.2297e-01
26 0 +5.124673921e+05 +5.125032921e+05 +5.125032921e+05 +2.2016e-01 +6.9553e-01 +7.2076e-01 +1.2331e-01 -1.3431e-01 -4.9033e-01 +1.4246e-01 -8.7344e-01 -4.8492e-01 -5.8377e-02 -2.8217e-01 +5.0857e-01 +5.6534e-02 +2.9482e-01 +7.9016e-01 -5.2381e-01 +3.8911e-01 +4.2522e-01 -6.0577e-01 -5.6308e-01
28 0 +4.763366642e+05 +4.763725642e+05 +4.763725642e+05 +1.9755e-01 +7.2096e-01 +7.4875e-01 +9.0919e-02 -1.9274e-01 -5.8474e-01 +1.1200e-01 -5.8913e-01 -5.7878e-01 -1.0913e-01 -3.5554e-01 +5.1511e-01 +1.7393e-02 +2.7976e-01 +8.2516e-01 -6.2160e-01 +3.8358e-01 +6.9301e-01 -6.8085e-01 -6.6484e-01
29 0 +4.557593673e+05 +4.557952673e+05 +4.557952673e+05 +1.7769e-01 +7.2850e-01 +7.5774e-01 +6.5476e-02 -2.3303e-01 -6.4554e-01 +8.7661e-02 -6.7949e-01 -6.3928e-01 -1.4504e-01 -4.0435e-01 +5.1187e-01 -1.1899e-02 +2.6420e-01 +8.3815e-01 -6.8434e-01 +3.7345e-01 +8.4321e-01 -7.4651e-01 -3.3168e-01
31 0 +4.448994693e+05 +4.449353693e+05 +4.449353693e+05 +1.6333e-01 +7.3206e-01 +7.6225e-01 +4.7463e-02 -2.6076e-01 -5.4684e-01 +7.0369e-02 -7.3823e-01 -6.8022e-01 -1.6991e-01 -4.3765e-01 +5.0838e-01 -3.2430e-02 +2.5265e-01 +8.4528e-01 -5.8660e-01 +3.6546e-01 +9.4099e-01 -7.8920e-01 -3.7163e-01
37 0 +4.197711088e+05 +4.198070088e+05 +4.198070088e+05 +1.3335e-01 +7.5737e-01 +7.9050e-01 +6.2211e-03 -2.2768e-01 -5.8431e-01 +3.1354e-02 -8.0150e-01 -6.4581e-01 -1.3327e-01 -4.0723e-01 +5.1195e-01 -5.4315e-02 +2.3136e-01 +8.8160e-01 -6.4436e-01 +3.5513e-01 +1.0667e+00 -8.3578e-01 -4.1498e-01
38 0 +3.758752517e+05 +3.759111517e+05 +3.759111517e+05 +6.8524e-02 +8.2432e-01 +8.6445e-01 -8.5456e-02 -2.7993e-01 -6.1296e-01 -5.5015e-02 -8.5142e-01 -6.8292e-01 -1.5575e-01 -4.2689e-01 +5.2707e-01 -4.7786e-02 +1.8723e-01 +1.1795e+00 -7.1785e-01 +3.3714e-01 +1.2160e+00 -8.7402e-01 -4.5000e-01
39 0 +3.510758626e+05 +3.511117626e+05 +3.511117626e+05 +1.5183e-02 +8.6578e-01 +1.2141e+00 -1.5811e-01 -3.1747e-01 -6.3343e-01 -1.2385e-01 -8.8710e-01 -7.0949e-01 -1.7188e-01 -4.4094e-01 +5.3125e-01 -4.3081e-02 +1.4877e-01 +1.1435e+00 -7.7057e-01 +3.1749e-01 +1.3234e+00 -9.0135e-01 -4.7504e-01
40 0 +3.354802526e+05 +3.355161526e+05 +3.355161526e+05 -2.9352e-02 +1.2333e+00 +1.1685e+00 -2.1758e-01 -3.4645e-01 -6.4918e-01 -1.8037e-01 -9.1456e-01 -7.2995e-01 -1.8434e-01 -4.5176e-01 +5.3117e-01 -3.9441e-02 +1.1575e-01 +1.1156e+00 -8.1125e-01 +2.9900e-01 +1.4063e+00 -9.2240e-01 -4.9431e-01
% f evaluations | g evaluations | best noise-free fitness - Fopt (3.137000000000e+01) + sum g_i+ | measured fitness | best measured fitness or single-digit g-values | x1 | x2...
1 0 +3.777288378e+05 +3.777602078e+05 +3.777602078e+05 +0.0000e+00 +0.0000e+00 +0.0000e+00 +0.0000e+00 +0.0000e+00 +0.0000e+00 +0.0000e+00 +0.0000e+00 +0.0000e+00 +0.0000e+00 +0.0000e+00 +0.0000e+00 +0.0000e+00 +0.0000e+00 +0.0000e+00 +0.0000e+00 +0.0000e+00 +0.0000e+00 +0.0000e+00 +0.0000e+00
3 0 +3.715030697e+05 +3.715344397e+05 +3.715344397e+05 +1.0000e-01 +0.0000e+00 +0.0000e+00 +0.0000e+00 +0.0000e+00 +0.0000e+00 +0.0000e+00 +0.0000e+00 +0.0000e+00 +0.0000e+00 +0.0000e+00 +0.0000e+00 +0.0000e+00 +0.0000e+00 +0.0000e+00 +0.0000e+00 +0.0000e+00 +0.0000e+00 +0.0000e+00 +0.0000e+00
23 0 +3.556135621e+05 +3.556449321e+05 +3.556449321e+05 +3.9884e-02 +3.0266e-03 -2.8941e-02 +1.5511e-01 -1.8926e-02 -2.4453e-02 -2.6299e-02 +1.8473e-02 -2.5443e-03 -1.4679e-02 -1.7849e-02 +1.0462e-02 -2.2644e-03 +8.8762e-06 +9.5903e-04 +1.3096e-02 +1.4660e-02 -3.1166e-02 -1.8370e-02 -1.3593e-02
24 0 +3.213041933e+05 +3.213355633e+05 +3.213355633e+05 +2.0694e-01 +1.5704e-02 -1.5016e-01 +3.4967e-01 -9.8197e-02 -1.2687e-01 -1.3645e-01 +9.5845e-02 -1.3201e-02 -7.6163e-02 -9.2610e-02 +5.4284e-02 -1.1749e-02 +4.6054e-05 +4.9759e-03 +6.7951e-02 +7.6065e-02 -1.6171e-01 -9.5314e-02 -7.0525e-02
25 0 +3.051544406e+05 +3.051858106e+05 +3.051858106e+05 +3.9813e-01 +3.0213e-02 -2.8890e-01 +3.4998e-01 -1.8892e-01 -2.4409e-01 -2.6252e-01 +1.8440e-01 -2.5398e-02 -1.4653e-01 -1.7817e-01 +1.0444e-01 -2.2604e-02 +8.8604e-05 +9.5733e-03 +1.3073e-01 +1.4634e-01 -3.1111e-01 -1.8338e-01 -1.3569e-01
26 0 +2.976665301e+05 +2.976979001e+05 +2.976979001e+05 +5.5693e-01 +1.2303e-01 -2.5330e-01 +5.0285e-01 -1.3540e-01 -2.0047e-01 -2.2220e-01 +3.0487e-01 +5.7450e-02 -8.5407e-02 -1.2272e-01 +2.1057e-01 +6.0745e-02 +8.7507e-02 +9.8693e-02 +2.4158e-01 +2.5999e-01 -2.7950e-01 -1.2886e-01 -7.2616e-02
28 0 +2.893095023e+05 +2.893408723e+05 +2.893408723e+05 +4.2879e-01 +1.3893e-01 -2.9760e-01 +6.4025e-01 -1.6084e-01 -2.3631e-01 -2.6153e-01 +3.4985e-01 +6.2856e-02 -1.0285e-01 -1.4614e-01 +2.4047e-01 +6.6678e-02 +9.7721e-02 +1.1070e-01 +2.7644e-01 +2.9779e-01 -3.4282e-01 -1.5326e-01 -8.8015e-02
29 0 +2.843725035e+05 +2.844038735e+05 +2.844038735e+05 +4.6329e-01 +1.2972e-01 -1.3794e-01 +7.0832e-01 -1.9205e-01 -2.7306e-01 -3.0013e-01 +3.5612e-01 +4.8062e-02 -1.2981e-01 -1.7627e-01 +2.3871e-01 +5.2164e-02 +8.5485e-02 +9.9412e-02 +2.7732e-01 +3.0024e-01 -3.7087e-01 -1.8391e-01 -1.1388e-01
31 0 +2.808580362e+05 +2.808894062e+05 +2.808894062e+05 +4.8637e-01 +1.2226e-01 -1.5377e-01 +7.5392e-01 -2.1437e-01 -2.2894e-01 -2.5346e-01 +3.5911e-01 +3.6832e-02 -1.4925e-01 -1.9786e-01 +2.3628e-01 +4.1124e-02 +7.5983e-02 +9.0553e-02 +2.7667e-01 +3.0065e-01 -3.8964e-01 -2.0585e-01 -1.3259e-01
34 0 +2.748153855e+05 +2.748467555e+05 +2.748467555e+05 +5.2299e-01 +1.0493e-01 -1.7883e-01 +8.2652e-01 -1.3801e-01 -2.4805e-01 -2.7660e-01 +3.5877e-01 +1.3384e-02 -1.8604e-01 -1.6503e-01 +2.2713e-01 +1.7983e-02 +5.5341e-02 +7.0956e-02 +2.7042e-01 +2.9612e-01 -4.1945e-01 -1.7286e-01 -1.6818e-01
37 0 +2.684783536e+05 +2.685097236e+05 +2.685097236e+05 +5.6039e-01 +8.5318e-02 -2.0442e-01 +9.0075e-01 -1.5379e-01 -2.6754e-01 -3.0023e-01 +3.5663e-01 -5.3946e-02 -1.0914e-01 -1.7844e-01 +2.1593e-01 -7.6210e-03 +3.2309e-02 +4.8999e-02 +2.6220e-01 +2.8967e-01 -4.4990e-01 -1.8826e-01 -7.0840e-02
40 0 +2.627346978e+05 +2.627660678e+05 +2.627660678e+05 +5.8809e-01 +4.6131e-02 -2.2321e-01 +9.5686e-01 -1.6527e-01 -2.8162e-01 -3.1762e-01 +3.3218e-01 -5.6600e-02 -1.1808e-01 -1.8804e-01 +1.8384e-01 +8.1079e-02 +1.4178e-01 +1.3232e-02 +2.3262e-01 +2.6158e-01 -4.7258e-01 -1.9949e-01 -7.8595e-02
% f evaluations | g evaluations | best noise-free fitness - Fopt (-1.000000000000e+03) + sum g_i+ | measured fitness | best measured fitness or single-digit g-values | x1 | x2...
1 0 +3.286849989e+05 +3.276849989e+05 +3.276849989e+05 +0.0000e+00 +0.0000e+00 +0.0000e+00 +0.0000e+00 +0.0000e+00 +0.0000e+00 +0.0000e+00 +0.0000e+00 +0.0000e+00 +0.0000e+00 +0.0000e+00 +0.0000e+00 +0.0000e+00 +0.0000e+00 +0.0000e+00 +0.0000e+00 +0.0000e+00 +0.0000e+00 +0.0000e+00 +0.0000e+00
3 0 +3.280187533e+05 +3.270187533e+05 +3.270187533e+05 +1.0000e-01 +0.0000e+00 +0.0000e+00 +0.0000e+00 +0.0000e+00 +0.0000e+00 +0.0000e+00 +0.0000e+00 +0.0000e+00 +0.0000e+00 +0.0000e+00 +0.0000e+00 +0.0000e+00 +0.0000e+00 +0.0000e+00 +0.0000e+00 +0.0000e+00 +0.0000e+00 +0.0000e+00 +0.0000e+00
23 0 +3.192695287e+05 +3.182695287e+05 +3.182695287e+05 +9.6533e-03 -2.8368e-03 -8.5032e-03 +2.3773e-03 +5.4985e-03 +9.8036e-03 +2.1297e-02 +1.2464e-02 +1.9787e-02 +3.3617e-02 +4.9553e-03 +4.2311e-03 -1.3758e-02 +3.1208e-02 -2.1513e-02 -2.6107e-02 -7.9945e-03 +2.8907e-02 -3.7792e-02 +1.5372e-01
24 0 +2.993107650e+05 +2.983107650e+05 +2.983107650e+05 +5.0543e-02 -1.4853e-02 -4.4521e-02 +1.2447e-02 +2.8789e-02 +5.1330e-02 +1.1151e-01 +6.5262e-02 +1.0360e-01 +1.7601e-01 +2.5945e-02 +2.2153e-02 -7.2033e-02 +1.6340e-01 -1.1264e-01 -1.3669e-01 -4.1858e-02 +1.5135e-01 -1.9787e-01 +3.3361e-01
25 0 +2.270939611e+05 +2.260939611e+05 +2.260939611e+05 -1.5826e-01 -3.6646e-01 -4.6092e-01 -2.7955e-01 -2.2752e-01 -1.5575e-01 +3.5844e-02 -1.1140e-01 +1.0662e-02 +2.4120e-01 -2.3657e-01 -2.4864e-01 -5.4851e-01 +2.0105e-01 -6.7778e-01 -7.5437e-01 -4.5244e-01 +1.6269e-01 -9.4916e-01 +7.4713e-01
26 0 +1.281938138e+05 +1.271938138e+05 +1.271938138e+05 -1.0349e-01 -5.4212e-01 -7.4112e-01 -3.5901e-01 -2.4940e-01 -9.8210e-02 +3.0543e-01 -4.7681e-03 +2.5238e-01 +7.3807e-01 -2.6848e-01 -2.9391e-01 -9.2564e-01 +6.5348e-01 -1.1980e+00 -1.3593e+00 -7.2325e-01 +5.7266e-01 -1.7697e+00 +1.1304e+00
27 0 +6.420345515e+04 +6.320345515e+04 +6.320345515e+04 -1.6483e-02 -7.3767e-01 -1.0648e+00 -4.3661e-01 -2.5639e-01 -7.8057e-03 +6.5584e-01 +1.4583e-01 +5.6861e-01 +1.3672e+00 -2.8775e-01 -3.2956e-01 -1.3682e+00 +1.2281e+00 -1.8160e+00 -2.0813e+00 -1.0355e+00 +1.0952e+00 -2.9763e+00 +1.4552e+00
28 0 +5.777237333e+04 +5.677237333e+04 +5.677237333e+04 -3.8787e-02 -8.8220e-01 -1.2648e+00 -5.3011e-01 -3.1935e-01 -2.8639e-02 +7.4748e-01 +1.5103e-01 +6.4547e-01 +1.5794e+00 -3.5603e-01 -4.0493e-01 -1.6196e+00 +1.4167e+00 -2.1433e+00 -2.4536e+00 -1.2305e+00 +1.2613e+00 -2.8928e+00 +2.0339e+00
31 0 +5.603054697e+04 +5.503054697e+04 +5.503054697e+04 -5.2585e-02 -9.0861e-01 -1.2970e+00 -5.5126e-01 -3.3734e-01 -4.2285e-02 +7.4544e-01 +1.4007e-01 +6.4191e-01 +1.5898e+00 -3.7457e-01 -4.2420e-01 -1.4801e+00 +1.4247e+00 -1.9867e+00 -2.5527e+00 -1.2621e+00 +1.2670e+00 -3.0296e+00 +2.1087e+00
32 0 +5.405924000e+04 +5.305924000e+04 +5.305924000e+04 -5.2395e-02 -9.0842e-01 -1.1848e+00 -5.5107e-01 -3.3715e-01 -4.2095e-02 +7.4563e-01 +1.4026e-01 +6.4209e-01 +1.5899e+00 -3.7438e-01 -4.2401e-01 -1.4801e+00 +1.4249e+00 -1.9868e+00 -2.5528e+00 -1.3765e+00 +1.2672e+00 -3.0296e+00 +2.1088e+00
37 0 +5.045884084e+04 +4.945884084e+04 +4.945884084e+04 -4.7645e-02 -9.1078e-01 -1.1900e+00 -4.8690e-01 -3.3296e-01 -3.7325e-02 +7.5195e-01 +1.4539e-01 +6.4821e-01 +1.5223e+00 -3.7026e-01 -4.1999e-01 -1.4860e+00 +1.4325e+00 -1.9987e+00 -2.5668e+00 -1.3848e+00 +1.2745e+00 -3.0491e+00 +2.1207e+00
38 0 +4.877485582e+04 +4.777485582e+04 +4.777485582e+04 -3.8628e-02 -9.1222e-01 -1.1929e+00 -4.8433e-01 -3.2424e-01 -2.8296e-02 +7.6180e-01 +1.5461e-01 +6.5795e-01 +1.5268e+00 -3.6158e-01 -4.1136e-01 -1.4894e+00 +1.3690e+00 -2.0055e+00 -2.5747e+00 -1.3894e+00 +1.2849e+00 -3.0600e+00 +2.1275e+00
% f evaluations | g evaluations | best noise-free fitness - Fopt (1.319200000000e+02) + sum g_i+ | measured fitness | best measured fitness or single-digit g-values | x1 | x2...
1 0 +1.000870275e+06 +1.001002195e+06 +1.001002195e+06 +0.0000e+00 +0.0000e+00 +0.0000e+00 +0.0000e+00 +0.0000e+00 +0.0000e+00 +0.0000e+00 +0.0000e+00 +0.0000e+00 +0.0000e+00 +0.0000e+00 +0.0000e+00 +0.0000e+00 +0.0000e+00 +0.0000e+00 +0.0000e+00 +0.0000e+00 +0.0000e+00 +0.0000e+00 +0.0000e+00
4 0 +9.921336888e+05 +9.922656088e+05 +9.922656088e+05 +0.0000e+00 +1.0000e-01 +0.0000e+00 +0.0000e+00 +0.0000e+00 +0.0000e+00 +0.0000e+00 +0.0000e+00 +0.0000e+00 +0.0000e+00 +0.0000e+00 +0.0000e+00 +0.0000e+00 +0.0000e+00 +0.0000e+00 +0.0000e+00 +0.0000e+00 +0.0000e+00 +0.0000e+00 +0.0000e+00
23 0 +9.686397394e+05 +9.687716594e+05 +9.687716594e+05 -1.7153e-02 +1.4205e-01 -4.0923e-02 +3.6060e-03 -5.2662e-03 -2.6024e-02 -3.0366e-02 +2.7626e-02 -1.2273e-02 +1.3461e-02 -3.7563e-03 +2.9675e-02 -1.6026e-02 +2.4702e-02 -6.6714e-03 -1.0087e-02 +2.9753e-02 +1.4704e-02 -1.8511e-03 +2.2700e-02
24 0 +8.525576696e+05 +8.526895896e+05 +8.526895896e+05 -8.2998e-02 +3.3876e-01 -1.9801e-01 +1.7448e-02 -2.5481e-02 -1.2592e-01 -1.4693e-01 +1.3367e-01 -5.9385e-02 +6.5131e-02 -1.8175e-02 +1.4359e-01 -7.7542e-02 +1.1952e-01 -3.2281e-02 -4.8806e-02 +1.4396e-01 +7.1147e-02 -8.9570e-03 +1.0984e-01
25 0 +5.807406744e+05 +5.808725944e+05 +5.808725944e+05 -2.9409e-01 +1.4847e+00 -7.0163e-01 +6.1825e-02 -9.0290e-02 -4.4618e-01 -5.2063e-01 +4.7364e-01 -2.1042e-01 +2.3078e-01 -6.4402e-02 +5.0878e-01 -2.7476e-01 +4.2352e-01 -1.1438e-01 -1.7294e-01 +5.1011e-01 +2.5210e-01 -3.1738e-02 +3.8919e-01
26 0 +2.883878913e+05 +2.885198113e+05 +2.885198113e+05 -7.7733e-01 +2.6432e+00 -1.8545e+00 +1.6341e-01 -2.3865e-01 -1.1793e+00 -1.3761e+00 +1.2519e+00 -5.5618e-01 +6.1000e-01 -1.7022e-01 +1.3448e+00 -7.2624e-01 +1.1194e+00 -3.0233e-01 -4.5710e-01 +1.3483e+00 +6.6634e-01 -8.3889e-02 +1.0287e+00
28 0 +2.794190442e+05 +2.795509642e+05 +2.795509642e+05 -9.2034e-01 +2.9519e+00 -1.4419e+00 +6.5158e-02 -3.5603e-01 -1.3415e+00 -1.7030e+00 +1.2054e+00 -6.8867e-01 +5.3299e-01 -2.8435e-01 +1.3027e+00 -8.6681e-01 +1.0667e+00 -4.2274e-01 -5.8487e-01 +1.3064e+00 +5.9201e-01 -1.9391e-01 +9.7159e-01
29 0 +2.742105968e+05 +2.743425168e+05 +2.743425168e+05 -9.8856e-01 +3.1170e+00 -1.5431e+00 +2.0733e-02 -4.1062e-01 -1.4198e+00 -1.4261e+00 +1.1886e+00 -7.5129e-01 +4.9985e-01 -3.3721e-01 +1.2882e+00 -9.3373e-01 +1.0464e+00 -4.7894e-01 -6.4499e-01 +1.2920e+00 +5.6030e-01 -2.4459e-01 +9.4905e-01
30 0 +2.682190922e+05 +2.683510122e+05 +2.683510122e+05 -1.2082e+00 +3.1175e+00 -1.5434e+00 +2.4573e-02 -4.0678e-01 -1.2575e+00 -1.4263e+00 +1.1924e+00 -7.4745e-01 +5.0369e-01 -3.3337e-01 +1.2920e+00 -9.2989e-01 +1.0502e+00 -4.7510e-01 -6.4115e-01 +1.2958e+00 +5.6414e-01 -2.4075e-01 +9.5289e-01
35 0 +2.622168327e+05 +2.623487527e+05 +2.623487527e+05 -1.1063e+00 +3.2950e+00 -1.6520e+00 -9.7402e-03 -4.5193e-01 -1.0954e+00 -1.5056e+00 +1.1874e+00 -7.2363e-01 +4.8141e-01 -3.7667e-01 +1.2895e+00 -9.0706e-01 +1.0417e+00 -4.5289e-01 -6.1275e-01 +1.2934e+00 +5.4337e-01 -2.8172e-01 +9.4188e-01
% f evaluations | g evaluations | best noise-free fitness - Fopt (5.908400000000e+02) + sum g_i+ | measured fitness | best measured fitness or single-digit g-values | x1 | x2...
1 0 +1.310552413e+05 +1.316460813e+05 +1.316460813e+05 +0.0000e+00 +0.0000e+00 +0.0000e+00 +0.0000e+00 +0.0000e+00 +0.0000e+00 +0.0000e+00 +0.0000e+00 +0.0000e+00 +0.0000e+00 +0.0000e+00 +0.0000e+00 +0.0000e+00 +0.0000e+00 +0.0000e+00 +0.0000e+00 +0.0000e+00 +0.0000e+00 +0.0000e+00 +0.0000e+00
5 0 +1.309419251e+05 +1.315327651e+05 +1.315327651e+05 +0.0000e+00 +0.0000e+00 +1.0000e-01 +0.0000e+00 +0.0000e+00 +0.0000e+00 +0.0000e+00 +0.0000e+00 +0.0000e+00 +0.0000e+00 +0.0000e+00 +0.0000e+00 +0.0000e+00 +0.0000e+00 +0.0000e+00 +0.0000e+00 +0.0000e+00 +0.0000e+00 +0.0000e+00 +0.0000e+00
11 0 +1.287289279e+05 +1.293197679e+05 +1.293197679e+05 +0.0000e+00 +0.0000e+00 +0.0000e+00 +0.0000e+00 +0.0000e+00 +0.0000e+00 +0.0000e+00 +0.0000e+00 +1.0000e-01 +0.0000e+00 +0.0000e+00 +0.0000e+00 +0.0000e+00 +0.0000e+00 +0.0000e+00 +0.0000e+00 +0.0000e+00 +0.0000e+00 +0.0000e+00 +0.0000e+00
23 0 +1.229554329e+05 +1.235462729e+05 +1.235462729e+05 -2.3218e-02 -1.8583e-02 +1.5659e-03 +2.3062e-02 +2.4532e-02 +9.1225e-03 +1.3728e-02 +4.5942e-03 +1.3215e-01 +7.0125e-04 +7.7403e-03 +4.3202e-03 +1.3817e-02 +1.2076e-02 +1.8826e-02 -2.6815e-02 -6.3722e-02 +1.7071e-02 +2.8490e-02 -6.6824e-04
24 0 +1.039984279e+05 +1.045892679e+05 +1.045892679e+05 -1.1978e-01 -9.5866e-02 +8.0782e-03 +1.1898e-01 +1.2656e-01 +4.7062e-02 +7.0820e-02 +2.3701e-02 +2.0221e-01 +3.6177e-03 +3.9932e-02 +2.2288e-02 +7.1279e-02 +6.2297e-02 +9.7123e-02 -1.3834e-01 -3.2874e-01 +8.8069e-02 +1.4698e-01 -3.4474e-03
25 0 +3.383923190e+04 +3.443007190e+04 +3.443007190e+04 -5.6959e-01 -4.5587e-01 +3.8414e-02 +5.6577e-01 +6.0181e-01 +2.2379e-01 +3.3677e-01 +1.1271e-01 +1.0245e+00 +1.7203e-02 +1.8989e-01 +1.0598e-01 +3.3895e-01 +2.9624e-01 +4.6185e-01 -6.5783e-01 -5.3473e-01 +4.1879e-01 +6.9892e-01 -1.6393e-02
26 0 +2.240239162e+04 +2.299323162e+04 +2.299323162e+04 -7.9715e-01 -6.5537e-01 -3.9142e-02 +6.1831e-01 +6.6325e-01 +1.9197e-01 +3.3282e-01 +5.3477e-02 +1.2060e+00 -6.5587e-02 +1.4970e-01 +4.5097e-02 +3.3554e-01 +2.8229e-01 +4.8876e-01 -9.0716e-01 -7.6978e-01 +4.3508e-01 +7.8432e-01 -1.0747e-01
27 0 +1.893999794e+04 +1.953083794e+04 +1.953083794e+04 -8.3470e-01 -6.8026e-01 -8.9703e-03 +7.0723e-01 +7.5618e-01 +2.4279e-01 +3.9623e-01 +9.1924e-02 +1.1151e+00 -3.7777e-02 +1.9674e-01 +8.2796e-02 +3.9919e-01 +3.4118e-01 +5.6610e-01 -9.5454e-01 -8.8912e-01 +5.0762e-01 +8.8806e-01 -8.3404e-02
28 0 +1.790832962e+04 +1.849916962e+04 +1.849916962e+04 -8.6463e-01 -7.0501e-01 -1.1195e-02 +7.2903e-01 +7.7963e-01 +2.4902e-01 +4.0760e-01 +9.3085e-02 +1.2112e+00 -4.0968e-02 +2.0142e-01 +8.3651e-02 +4.1066e-01 +3.5071e-01 +5.8317e-01 -8.3630e-01 -9.4079e-01 +5.2273e-01 +9.1594e-01 -8.8127e-02
36 0 +1.777155144e+04 +1.836239144e+04 +1.836239144e+04 -7.6560e-01 -7.1955e-01 -1.3145e-02 +7.4056e-01 +7.9207e-01 +2.5183e-01 +4.1329e-01 +7.5158e-02 +1.2647e+00 -4.3459e-02 +2.0337e-01 +1.0091e-01 +4.1641e-01 +3.5537e-01 +5.9205e-01 -8.7506e-01 -9.6940e-01 +5.3052e-01 +9.3082e-01 -9.1473e-02
% f evaluations | g evaluations | best noise-free fitness - Fopt (-1.330000000000e+00) + sum g_i+ | measured fitness | best measured fitness or single-digit g-values | x1 | x2...
1 0 +3.860528713e+05 +3.860515413e+05 +3.860515413e+05 +0.0000e+00 +0.0000e+00 +0.0000e+00 +0.0000e+00 +0.0000e+00 +0.0000e+00 +0.0000e+00 +0.0000e+00 +0.0000e+00 +0.0000e+00 +0.0000e+00 +0.0000e+00 +0.0000e+00 +0.0000e+00 +0.0000e+00 +0.0000e+00 +0.0000e+00 +0.0000e+00 +0.0000e+00 +0.0000e+00
4 0 +3.818938701e+05 +3.818925401e+05 +3.818925401e+05 +0.0000e+00 +1.0000e-01 +0.0000e+00 +0.0000e+00 +0.0000e+00 +0.0000e+00 +0.0000e+00 +0.0000e+00 +0.0000e+00 +0.0000e+00 +0.0000e+00 +0.0000e+00 +0.0000e+00 +0.0000e+00 +0.0000e+00 +0.0000e+00 +0.0000e+00 +0.0000e+00 +0.0000e+00 +0.0000e+00
18 0 +3.799630882e+05 +3.799617582e+05 +3.799617582e+05 +0.0000e+00 +0.0000e+00 +0.0000e+00 +0.0000e+00 +0.0000e+00 +0.0000e+00 +0.0000e+00 +0.0000e+00 +0.0000e+00 +0.0000e+00 +0.0000e+00 +0.0000e+00 +0.0000e+00 +0.0000e+00 +0.0000e+00 +1.0000e-01 +0.0000e+00 +0.0000e+00 +0.0000e+00 +0.0000e+00
23 0 +3.641112532e+05 +3.641099232e+05 +3.641099232e+05 -6.1005e-03 +2.3239e-02 +1.1297e-02 +2.5139e-03 -6.6968e-03 +9.0342e-03 -4.3148e-02 +1.2087e-03 -4.2206e-02 +2.0157e-02 -3.0732e-02 +1.6155e-02 +3.2734e-05 -7.5933e-03 +2.8596e-02 +1.3403e-01 +2.3622e-03 -3.1829e-02 -2.8282e-02 -7.3610e-03
24 0 +3.237179519e+05 +3.237166219e+05 +3.237166219e+05 -3.1146e-02 +1.1865e-01 +5.7677e-02 +1.2835e-02 -3.4191e-02 +4.6125e-02 -2.2029e-01 +6.1712e-03 -2.1548e-01 +1.0291e-01 -1.5690e-01 +8.2480e-02 +1.6712e-04 -3.8768e-02 +1.4600e-01 +2.3873e-01 +1.2060e-02 -1.6251e-01 -1.4440e-01 -3.7582e-02
25 0 +3.187452396e+05 +3.187439096e+05 +3.187439096e+05 +4.8534e-02 +2.3230e-01 +1.5750e-01 +1.0249e-01 +4.4799e-02 +1.4333e-01 -1.8351e-01 +9.4315e-02 -1.7761e-01 +2.1299e-01 -1.0574e-01 +1.8793e-01 +8.6949e-02 +3.9185e-02 +2.6585e-01 +3.9081e-01 +1.0154e-01 -1.1262e-01 -9.0399e-02 +4.0639e-02
26 0 +3.140343846e+05 +3.140330546e+05 +3.140330546e+05 +2.6977e-02 +2.5490e-01 +1.6213e-01 +9.3898e-02 +2.2345e-02 +1.4455e-01 -6.9837e-02 +8.3759e-02 -2.5351e-01 +2.3096e-01 -1.6437e-01 +1.9987e-01 +7.4623e-02 +1.5381e-02 +2.9651e-01 +4.7320e-01 +9.2720e-02 -1.7290e-01 -1.4534e-01 +1.7185e-02
28 0 +3.078508453e+05 +3.078495153e+05 +3.078495153e+05 -4.5584e-03 +2.8468e-01 +1.6695e-01 +8.0364e-02 -1.0437e-02 +1.4464e-01 -1.7352e-01 +6.7498e-02 -1.6673e-01 +2.5429e-01 -2.4738e-01 +2.1484e-01 +5.5905e-02 -1.9274e-02 +3.3749e-01 +5.8611e-01 +7.8869e-02 -1.5949e-01 -2.2323e-01 -1.6985e-02
32 0 +2.991778782e+05 +2.991765482e+05 +2.991765482e+05 -2.0633e-02 +3.3346e-01 +1.8933e-01 +8.3333e-02 -2.7829e-02 +1.6203e-01 -2.7069e-01 +6.7581e-02 -2.6335e-01 +2.9626e-01 -2.2060e-01 +2.4796e-01 +5.3388e-02 -1.1845e-01 +3.9811e-01 +5.9183e-01 +8.1502e-02 -2.3227e-01 -1.9565e-01 -3.5846e-02
37 0 +2.947757941e+05 +2.947744641e+05 +2.947744641e+05 +4.2159e-02 +3.4051e-01 +1.8231e-01 +6.5969e-02 -3.6815e-02 +1.5234e-01 -3.2595e-01 +4.8680e-02 -3.1824e-01 +2.9968e-01 -2.5914e-01 +2.4667e-01 +9.6523e-02 -1.2692e-01 +3.3825e-01 +6.4440e-01 +6.3960e-02 -2.7362e-01 -2.3098e-01 +9.8723e-02
% f evaluations | g evaluations | best noise-free fitness - Fopt (1.460000000000e+01) + sum g_i+ | measured fitness | best measured fitness or single-digit g-values | x1 | x2...
1 0 +5.291405417e+05 +5.291551417e+05 +5.291551417e+05 +0.0000e+00 +0.0000e+00 +0.0000e+00 +0.0000e+00 +0.0000e+00 +0.0000e+00 +0.0000e+00 +0.0000e+00 +0.0000e+00 +0.0000e+00 +0.0000e+00 +0.0000e+00 +0.0000e+00 +0.0000e+00 +0.0000e+00 +0.0000e+00 +0.0000e+00 +0.0000e+00 +0.0000e+00 +0.0000e+00
3 0 +5.290115029e+05 +5.290261029e+05 +5.290261029e+05 +1.0000e-01 +0.0000e+00 +0.0000e+00 +0.0000e+00 +0.0000e+00 +0.0000e+00 +0.0000e+00 +0.0000e+00 +0.0000e+00 +0.0000e+00 +0.0000e+00 +0.0000e+00 +0.0000e+00 +0.0000e+00 +0.0000e+00 +0.0000e+00 +0.0000e+00 +0.0000e+00 +0.0000e+00 +0.0000e+00
11 0 +5.194465171e+05 +5.194611171e+05 +5.194611171e+05 +0.0000e+00 +0.0000e+00 +0.0000e+00 +0.0000e+00 +0.0000e+00 +0.0000e+00 +0.0000e+00 +0.0000e+00 +1.0000e-01 +0.0000e+00 +0.0000e+00 +0.0000e+00 +0.0000e+00 +0.0000e+00 +0.0000e+00 +0.0000e+00 +0.0000e+00 +0.0000e+00 +0.0000e+00 +0.0000e+00
23 0 +5.013270800e+05 +5.013416800e+05 +5.013416800e+05 +8.1704e-04 -2.2242e-02 +1.6378e-02 -1.3424e-02 -3.5204e-02 -6.3011e-03 -5.0193e-04 -5.0169e-03 +1.6138e-01 +2.4913e-02 +1.5308e-02 -1.5226e-02 -4.0204e-03 -3.8108e-02 -1.0910e-02 +8.6781e-03 -1.2401e-02 +2.8305e-02 -1.6722e-02 +4.1426e-04
24 0 +4.195910222e+05 +4.196056222e+05 +4.196056222e+05 +3.9047e-03 -1.0629e-01 +7.8269e-02 -6.4154e-02 -1.6824e-01 -3.0113e-02 -2.3987e-03 -2.3976e-02 +4.2783e-01 +1.1906e-01 +7.3158e-02 -7.2766e-02 -1.9214e-02 -1.8212e-01 -5.2141e-02 +4.1473e-02 -5.9263e-02 +1.3527e-01 -7.9914e-02 +1.9798e-03
25 0 +2.771771947e+05 +2.771917947e+05 +2.771917947e+05 +1.4654e-02 -3.9890e-01 +2.9373e-01 -2.4076e-01 -6.3138e-01 -1.1301e-01 -9.0021e-03 -8.9977e-02 +1.6449e+00 +4.4681e-01 +2.7455e-01 -2.7308e-01 -7.2107e-02 -6.8347e-01 -1.9568e-01 +1.5564e-01 -2.2241e-01 +5.0764e-01 -2.9991e-01 +7.4298e-03
26 0 +1.504949029e+05 +1.505095029e+05 +1.505095029e+05 +3.0195e-02 -8.2197e-01 +6.0526e-01 -4.9610e-01 -1.3010e+00 -2.3287e-01 -1.8549e-02 -1.8541e-01 +2.1972e+00 +9.2069e-01 +5.6574e-01 -5.6270e-01 -1.4858e-01 -1.4083e+00 -4.0321e-01 +3.2071e-01 -4.5828e-01 +1.0460e+00 -6.1798e-01 +1.5310e-02
27 0 +1.450026420e+05 +1.450172420e+05 +1.450172420e+05 +1.2352e-01 -7.7051e-01 +7.2684e-01 -4.2863e-01 -1.2731e+00 -1.5246e-01 +7.2383e-02 -1.0267e-01 +2.3408e+00 +1.0578e+00 +6.8537e-01 -4.9851e-01 -6.4037e-02 -1.3857e+00 -3.3117e-01 +4.2831e-01 -3.8895e-01 +1.1893e+00 -5.5650e-01 +1.0791e-01
29 0 +1.303383186e+05 +1.303529186e+05 +1.303529186e+05 +9.2473e-02 -8.9121e-01 +7.5629e-01 -5.1505e-01 -1.1880e+00 -2.1119e-01 +3.6206e-02 -1.5640e-01 +2.6280e+00 +1.1204e+00 +7.1066e-01 -5.9193e-01 -1.1389e-01 -1.3038e+00 -4.0782e-01 +4.2783e-01 -4.7139e-01 +1.2651e+00 -6.5574e-01 +7.5290e-02
30 0 +1.275736787e+05 +1.275882787e+05 +1.275882787e+05 +1.1602e-01 -9.2187e-01 +8.1642e-01 -5.2498e-01 -1.2898e+00 -2.0437e-01 +5.6655e-02 -1.4657e-01 +2.8054e+00 +1.2006e+00 +7.6828e-01 -6.0610e-01 -1.0172e-01 -1.4219e+00 -4.1184e-01 +4.6986e-01 -4.7892e-01 +9.5092e-01 -6.7342e-01 +9.7894e-02
32 0 +1.257395644e+05 +1.257541644e+05 +1.257541644e+05 +1.3694e-01 -9.9483e-01 +8.5605e-01 -5.2119e-01 -1.3422e+00 -1.9202e-01 +7.5981e-02 -1.3267e-01 +2.8969e+00 +9.5965e-01 +8.0662e-01 -6.0448e-01 -8.6622e-02 -1.4826e+00 -4.0503e-01 +5.0022e-01 -4.7390e-01 +1.0052e+00 -6.7360e-01 +1.1832e-01
40 0 +1.225436771e+05 +1.225582771e+05 +1.225582771e+05 +1.6152e-01 -1.0362e+00 +7.5084e-01 -5.2023e-01 -1.3914e+00 -1.7545e-01 +9.9080e-02 -1.1466e-01 +2.9831e+00 +1.0036e+00 +7.0796e-01 -6.3904e-01 -6.7487e-02 -1.5397e+00 -3.9618e-01 +4.0493e-01 -3.1323e-01 +1.0562e+00 -7.1972e-01 +1.4245e-01
% f evaluations | g evaluations | best noise-free fitness - Fopt (-2.233600000000e+02) + sum g_i+ | measured fitness | best measured fitness or single-digit g-values | x1 | x2...
1 0 +6.270084573e+05 +6.267850973e+05 +6.267850973e+05 +0.0000e+00 +0.0000e+00 +0.0000e+00 +0.0000e+00 +0.0000e+00 +0.0000e+00 +0.0000e+00 +0.0000e+00 +0.0000e+00 +0.0000e+00 +0.0000e+00 +0.0000e+00 +0.0000e+00 +0.0000e+00 +0.0000e+00 +0.0000e+00 +0.0000e+00 +0.0000e+00 +0.0000e+00 +0.0000e+00
5 0 +6.256325648e+05 +6.254092048e+05 +6.254092048e+05 +0.0000e+00 +0.0000e+00 +1.0000e-01 +0.0000e+00 +0.0000e+00 +0.0000e+00 +0.0000e+00 +0.0000e+00 +0.0000e+00 +0.0000e+00 +0.0000e+00 +0.0000e+00 +0.0000e+00 +0.0000e+00 +0.0000e+00 +0.0000e+00 +0.0000e+00 +0.0000e+00 +0.0000e+00 +0.0000e+00
23 0 +6.069248597e+05 +6.067014997e+05 +6.067014997e+05 -7.0850e-03 -2.0762e-03 +8.2689e-03 +2.3639e-02 -5.3958e-03 +1.4017e-01 -5.4713e-03 -4.5913e-02 +1.2827e-02 -2.5885e-02 +1.8883e-02 -9.5671e-03 -3.3546e-03 -2.5163e-04 +3.2547e-02 -2.9280e-02 +1.0889e-02 +4.6077e-03 -3.8844e-02 +2.6042e-02
24 0 +5.815239702e+05 +5.813006102e+05 +5.813006102e+05 -3.6831e-02 -1.0793e-02 +4.2986e-02 +1.2289e-01 -2.8050e-02 +2.5051e-01 -2.8442e-02 -2.3868e-01 +6.6681e-02 -1.3456e-01 +9.8164e-02 -4.9734e-02 -1.7439e-02 -1.3081e-03 +1.6919e-01 -1.5221e-01 +5.6606e-02 +2.3953e-02 -2.0193e-01 +1.3538e-01
26 0 +5.739659795e+05 +5.737426195e+05 +5.737426195e+05 -7.5059e-02 -2.1996e-02 +8.7601e-02 +2.5043e-01 -5.7163e-02 +9.1803e-02 -5.7963e-02 -2.8541e-01 +1.3589e-01 -2.7423e-01 +2.0005e-01 -1.0135e-01 -3.5539e-02 -2.6657e-03 +3.4480e-01 -3.1019e-01 +1.1536e-01 +4.8814e-02 -4.1151e-01 +2.7589e-01
32 0 +5.601840045e+05 +5.599606445e+05 +5.599606445e+05 -1.3682e-01 -6.1729e-02 +9.3361e-02 +3.2378e-01 -1.1149e-01 +2.6087e-01 -1.1263e-01 -4.3877e-01 +1.6169e-01 -3.0680e-01 +2.5249e-01 -1.7403e-01 -8.0894e-02 -3.4375e-02 +3.3872e-01 -3.4110e-01 +1.3264e-01 +3.8475e-02 -4.3818e-01 +2.5860e-01
35 0 +5.484353786e+05 +5.482120186e+05 +5.482120186e+05 -1.4511e-01 -5.9318e-02 +1.1787e-01 +2.5899e-01 -1.1617e-01 +3.4668e-01 -1.1747e-01 -5.1678e-01 +1.9594e-01 -3.3571e-01 +1.9703e-01 -8.5426e-02 -8.1214e-02 -2.8067e-02 +3.7300e-01 -3.8116e-01 +1.6274e-01 +5.5162e-02 -4.9808e-01 +2.8002e-01
38 0 +5.353433739e+05 +5.351200139e+05 +5.351200139e+05 -5.0745e-02 -1.0062e-01 +9.7115e-02 +2.7115e-01 -6.3186e-02 +4.1905e-01 -3.7091e-02 -5.8225e-01 +1.8423e-01 -3.5861e-01 +2.0013e-01 -7.3715e-02 -1.2505e-01 -6.5741e-02 +3.9986e-01 -4.1391e-01 +1.4719e-01 +2.7137e-02 -5.4780e-01 +2.9594e-01
40 0 +5.210933236e+05 +5.208699636e+05 +5.208699636e+05 -4.2122e-02 -5.4033e-02 +6.9235e-02 +2.8180e-01 -4.6195e-02 +4.8514e-01 -2.0764e-02 -6.4197e-01 +1.6480e-01 -3.7920e-01 +2.0245e-01 -6.2499e-02 -3.7763e-02 -1.0941e-01 +4.2395e-01 -4.4359e-01 +1.2417e-01 -7.5268e-03 -5.9304e-01 +3.1001e-01
41 0 +5.106212504e+05 +5.103978904e+05 +5.103978904e+05 -3.6226e-02 -3.8160e-02 +4.7258e-02 +2.8871e-01 -3.4672e-02 +5.2919e-01 -9.6872e-03 -6.8174e-01 +1.4852e-01 -3.9280e-01 +2.0381e-01 -5.4825e-02 -2.5659e-02 -6.3993e-02 +4.3984e-01 -4.6328e-01 +1.0547e-01 -3.4081e-02 -6.2312e-01 +3.1921e-01
% f evaluations | g evaluations | best noise-free fitness - Fopt (4.846300000000e+02) + sum g_i+ | measured fitness | best measured fitness or single-digit g-values | x1 | x2...
1 0 +2.603721270e+05 +2.608567570e+05 +2.608567570e+05 +0.0000e+00 +0.0000e+00 +0.0000e+00 +0.0000e+00 +0.0000e+00 +0.0000e+00 +0.0000e+00 +0.0000e+00 +0.0000e+00 +0.0000e+00 +0.0000e+00 +0.0000e+00 +0.0000e+00 +0.0000e+00 +0.0000e+00 +0.0000e+00 +0.0000e+00 +0.0000e+00 +0.0000e+00 +0.0000e+00
4 0 +2.575450841e+05 +2.580297141e+05 +2.580297141e+05 +0.0000e+00 +1.0000e-01 +0.0000e+00 +0.0000e+00 +0.0000e+00 +0.0000e+00 +0.0000e+00 +0.0000e+00 +0.0000e+00 +0.0000e+00 +0.0000e+00 +0.0000e+00 +0.0000e+00 +0.0000e+00 +0.0000e+00 +0.0000e+00 +0.0000e+00 +0.0000e+00 +0.0000e+00 +0.0000e+00
22 0 +2.565186334e+05 +2.570032634e+05 +2.570032634e+05 +0.0000e+00 +0.0000e+00 +0.0000e+00 +0.0000e+00 +0.0000e+00 +0.0000e+00 +0.0000e+00 +0.0000e+00 +0.0000e+00 +0.0000e+00 +0.0000e+00 +0.0000e+00 +0.0000e+00 +0.0000e+00 +0.0000e+00 +0.0000e+00 +0.0000e+00 +0.0000e+00 +0.0000e+00 +1.0000e-01
23 0 +2.461916141e+05 +2.466762441e+05 +2.466762441e+05 -1.9916e-02 +2.7643e-02 -1.8392e-02 -6.1408e-02 -1.9541e-02 -1.6478e-02 +8.6634e-03 +2.1635e-02 -1.7282e-02 -7.1532e-03 +9.1925e-03 -8.7251e-03 +7.0915e-03 +8.4679e-03 -2.0735e-02 -5.0499e-03 +3.4327e-03 -2.4275e-02 +2.0611e-02 +1.3768e-01
24 0 +2.094979901e+05 +2.099826201e+05 +2.099826201e+05 -9.9367e-02 +1.3792e-01 -9.1763e-02 -3.0638e-01 -9.7495e-02 -8.2215e-02 +4.3224e-02 +1.0794e-01 -8.6224e-02 -3.5689e-02 +4.5863e-02 -4.3532e-02 +3.5381e-02 +4.2248e-02 -1.0345e-01 -2.5195e-02 +1.7127e-02 -1.2112e-01 +1.0284e-01 +2.9082e-01
25 0 +1.379176466e+05 +1.384022766e+05 +1.384022766e+05 -9.8512e-02 +7.3161e-01 -7.1911e-02 -8.2274e-01 -9.1964e-02 -3.8506e-02 +4.0034e-01 +6.2675e-01 -5.2533e-02 +1.2426e-01 +4.0957e-01 +9.6825e-02 +3.7290e-01 +3.9692e-01 -1.1280e-01 +1.6097e-01 +3.0904e-01 -1.7460e-01 +6.0889e-01 +1.1533e+00
26 0 +9.161534775e+04 +9.209997775e+04 +9.209997775e+04 -4.2559e-01 +1.0144e+00 -3.7944e-01 -1.6819e+00 -4.1423e-01 -3.2150e-01 +4.3975e-01 +8.3251e-01 -3.4583e-01 -3.9149e-02 +4.5577e-01 -8.6743e-02 +3.9216e-01 +4.3383e-01 -4.5037e-01 +2.4535e-02 +2.8137e-01 -5.5757e-01 +8.0152e-01 +1.2965e+00
27 0 +8.122769707e+04 +8.171232707e+04 +8.171232707e+04 -4.9769e-01 +1.0320e+00 -4.4867e-01 -1.5086e+00 -4.8563e-01 -3.8712e-01 +4.2155e-01 +8.3878e-01 -4.1297e-01 -8.7180e-02 +4.3857e-01 -1.3774e-01 +3.7099e-01 +4.1526e-01 -5.2402e-01 -1.9529e-02 +2.5331e-01 -6.3790e-01 +8.0585e-01 +1.6041e+00
28 0 +6.361181215e+04 +6.409644215e+04 +6.409644215e+04 -5.8895e-01 +1.3536e+00 -5.2671e-01 -1.4660e+00 -5.7363e-01 -4.4854e-01 +5.7836e-01 +1.1082e+00 -4.8136e-01 -6.7656e-02 +5.9997e-01 -1.3186e-01 +5.1416e-01 +5.7038e-01 -6.2238e-01 +1.8252e-02 +3.6472e-01 -7.6699e-01 +1.0664e+00 +1.7516e+00
32 0 +6.302530808e+04 +6.350993808e+04 +6.350993808e+04 -6.0290e-01 +1.1472e+00 -5.3116e-01 -1.7001e+00 -5.8524e-01 -4.4106e-01 +7.4254e-01 +8.7312e-01 -4.7889e-01 -2.0587e-03 +7.6745e-01 -7.6059e-02 +6.6854e-01 +7.3334e-01 -7.9074e-01 +9.6959e-02 +4.9630e-01 -9.1915e-01 +1.2115e+00 +2.1013e+00
37 0 +6.129849286e+04 +6.178312286e+04 +6.178312286e+04 -4.9229e-01 +1.2350e+00 -4.9996e-01 -1.7693e+00 -6.2182e-01 -4.8463e-01 +7.4658e-01 +9.4443e-01 -4.4921e-01 -2.7972e-02 +7.7249e-01 -1.0495e-01 +6.6961e-01 +7.3701e-01 -7.4322e-01 +7.5029e-02 +4.9043e-01 -9.7231e-01 +1.1320e+00 +2.2049e+00
% f evaluations | g evaluations | best noise-free fitness - Fopt (4.112500000000e+02) + sum g_i+ | measured fitness | best measured fitness or single-digit g-values | x1 | x2...
1 0 +3.519025414e+05 +3.523137914e+05 +3.523137914e+05 +0.0000e+00 +0.0000e+00 +0.0000e+00 +0.0000e+00 +0.0000e+00 +0.0000e+00 +0.0000e+00 +0.0000e+00 +0.0000e+00 +0.0000e+00 +0.0000e+00 +0.0000e+00 +0.0000e+00 +0.0000e+00 +0.0000e+00 +0.0000e+00 +0.0000e+00 +0.0000e+00 +0.0000e+00 +0.0000e+00
4 0 +3.499367659e+05 +3.503480159e+05 +3.503480159e+05 +0.0000e+00 +1.0000e-01 +0.0000e+00 +0.0000e+00 +0.0000e+00 +0.0000e+00 +0.0000e+00 +0.0000e+00 +0.0000e+00 +0.0000e+00 +0.0000e+00 +0.0000e+00 +0.0000e+00 +0.0000e+00 +0.0000e+00 +0.0000e+00 +0.0000e+00 +0.0000e+00 +0.0000e+00 +0.0000e+00
6 0 +3.466369374e+05 +3.470481874e+05 +3.470481874e+05 +0.0000e+00 +0.0000e+00 +0.0000e+00 +1.0000e-01 +0.0000e+00 +0.0000e+00 +0.0000e+00 +0.0000e+00 +0.0000e+00 +0.0000e+00 +0.0000e+00 +0.0000e+00 +0.0000e+00 +0.0000e+00 +0.0000e+00 +0.0000e+00 +0.0000e+00 +0.0000e+00 +0.0000e+00 +0.0000e+00
23 0 +3.368488860e+05 +3.372601360e+05 +3.372601360e+05 -2.3537e-02 +1.6822e-02 -3.3921e-03 +1.4506e-01 -3.8227e-03 -2.9069e-02 +2.6516e-02 -2.5765e-02 -2.5996e-02 +1.8178e-02 -2.3313e-02 +3.2609e-02 +3.3908e-02 +2.7251e-05 -1.4462e-03 +1.6254e-02 -6.5230e-03 -2.8404e-02 +1.9562e-03 +3.5205e-03
24 0 +3.126401677e+05 +3.130514177e+05 +3.130514177e+05 -1.2214e-01 +8.7294e-02 -1.7603e-02 +2.8693e-01 -1.9837e-02 -1.5085e-01 +1.3760e-01 -1.3370e-01 -1.3490e-01 +9.4330e-02 -1.2098e-01 +1.6922e-01 +1.7596e-01 +1.4142e-04 -7.5049e-03 +8.4349e-02 -3.3850e-02 -1.4740e-01 +1.0152e-02 +1.8269e-02
25 0 +2.977164935e+05 +2.981277435e+05 +2.981277435e+05 -2.2307e-01 +1.5943e-01 -3.2149e-02 +1.7096e-01 -3.6230e-02 -2.7550e-01 +2.5131e-01 -2.4419e-01 -2.4638e-01 +1.7228e-01 -2.2095e-01 +3.0906e-01 +3.2136e-01 +2.5828e-04 -1.3707e-02 +1.5405e-01 -6.1822e-02 -2.6920e-01 +1.8540e-02 +3.3366e-02
26 0 +2.850345104e+05 +2.854457604e+05 +2.854457604e+05 -2.9038e-01 +2.0753e-01 -4.1849e-02 +2.9239e-01 -4.7161e-02 +1.9437e-02 +3.2714e-01 -3.1787e-01 -3.2071e-01 +2.2426e-01 -2.8762e-01 +4.0231e-01 +4.1832e-01 +3.3621e-04 -1.7842e-02 +2.0053e-01 -8.0476e-02 -3.5043e-01 +2.4135e-02 +4.3434e-02
27 0 +2.670390322e+05 +2.674502822e+05 +2.674502822e+05 -3.6226e-01 +2.5890e-01 -5.2208e-02 +4.2207e-01 -5.8835e-02 -2.9872e-02 +4.0811e-01 -3.9655e-01 -4.0010e-01 +2.7977e-01 -3.5881e-01 +5.0189e-01 +5.2187e-01 +4.1943e-04 -2.2259e-02 +2.5017e-01 -1.0040e-01 -6.4361e-02 +3.0109e-02 +5.4185e-02
28 0 +2.624302554e+05 +2.628415054e+05 +2.628415054e+05 -4.8808e-01 +1.8365e-01 -1.5278e-01 +4.5272e-01 -1.5995e-01 -3.8248e-02 +3.4501e-01 -5.2515e-01 -5.2900e-01 +2.0622e-01 -4.8434e-01 +4.4642e-01 +4.6803e-01 -9.5873e-02 -1.2040e-01 +1.7420e-01 -2.0489e-01 -5.9742e-02 -6.3767e-02 -3.7732e-02
30 0 +2.467166345e+05 +2.471278845e+05 +2.471278845e+05 -5.6075e-01 +2.0749e-01 -1.7728e-01 +5.5044e-01 -1.8548e-01 -7.4846e-02 +3.9203e-01 -4.7761e-01 -4.9580e-01 +2.3330e-01 -5.5648e-01 +5.0801e-01 +5.3273e-01 -1.1220e-01 -1.4024e-01 +1.9669e-01 -2.3688e-01 -7.1061e-02 -7.5476e-02 -4.5699e-02
31 0 +1.907393543e+05 +1.911506043e+05 +1.911506043e+05 -5.6857e-01 +3.1332e-01 -2.8925e-01 +9.9032e-01 -3.0208e-01 -2.3954e-01 +6.0232e-01 -4.1154e-01 -4.9561e-01 +3.5374e-01 -8.8308e-01 +7.8395e-01 +8.2265e-01 -1.8732e-01 -2.3124e-01 +2.9640e-01 -3.8258e-01 -1.2187e-01 -1.2981e-01 -8.3183e-02
32 0 +1.013948748e+05 +1.018061248e+05 +1.018061248e+05 -1.5712e+00 +5.8248e-01 -5.7505e-01 +2.1111e+00 -5.9970e-01 -6.5913e-01 +1.1376e+00 -2.4316e-01 -4.9506e-01 +6.6013e-01 -7.2615e-01 +1.4865e+00 +1.5609e+00 -3.7924e-01 -4.6362e-01 +5.4998e-01 -7.5433e-01 -2.5127e-01 -2.6878e-01 -1.7920e-01
33 0 +7.195748871e+04 +7.236873871e+04 +7.236873871e+04 -1.0937e+00 +6.9151e-01 -6.9673e-01 +2.5763e+00 -7.2630e-01 -8.3321e-01 +1.3573e+00 -4.5551e-01 -7.7952e-01 +7.8463e-01 -9.5105e-01 +1.7758e+00 +1.8649e+00 -4.6190e-01 -5.6309e-01 +6.5252e-01 -9.1176e-01 -3.0472e-01 -3.2942e-01 -2.2199e-01
34 0 +6.385436355e+04 +6.426561355e+04 +6.426561355e+04 -1.2514e+00 +7.8441e-01 -7.4058e-01 +2.4757e+00 -7.7306e-01 -8.6912e-01 +1.5158e+00 -3.6516e-01 -7.3009e-01 +8.8671e-01 -1.4261e+00 +1.9755e+00 +2.0734e+00 -4.8261e-01 -5.9377e-01 +7.4159e-01 -9.7678e-01 -2.7067e-01 -3.3708e-01 -2.1907e-01
38 0 +6.308563112e+04 +6.349688112e+04 +6.349688112e+04 -1.2844e+00 +8.2558e-01 -7.1240e-01 +2.5722e+00 -8.3643e-01 -8.9470e-01 +1.4995e+00 -3.7623e-01 -7.4522e-01 +9.2874e-01 -1.4890e+00 +1.9366e+00 +1.9912e+00 -4.5224e-01 -5.6435e-01 +7.8239e-01 -9.1856e-01 -2.8910e-01 -3.0547e-01 -1.8645e-01
% f evaluations | g evaluations | best noise-free fitness - Fopt (-4.847400000000e+02) + sum g_i+ | measured fitness | best measured fitness or single-digit g-values | x1 | x2...
1 0 +3.224108993e+05 +3.219261593e+05 +3.219261593e+05 +0.0000e+00 +0.0000e+00 +0.0000e+00 +0.0000e+00 +0.0000e+00 +0.0000e+00 +0.0000e+00 +0.0000e+00 +0.0000e+00 +0.0000e+00 +0.0000e+00 +0.0000e+00 +0.0000e+00 +0.0000e+00 +0.0000e+00 +0.0000e+00 +0.0000e+00 +0.0000e+00 +0.0000e+00 +0.0000e+00
5 0 +3.220227090e+05 +3.215379690e+05 +3.215379690e+05 +0.0000e+00 +0.0000e+00 +1.0000e-01 +0.0000e+00 +0.0000e+00 +0.0000e+00 +0.0000e+00 +0.0000e+00 +0.0000e+00 +0.0000e+00 +0.0000e+00 +0.0000e+00 +0.0000e+00 +0.0000e+00 +0.0000e+00 +0.0000e+00 +0.0000e+00 +0.0000e+00 +0.0000e+00 +0.0000e+00
23 0 +3.149444081e+05 +3.144596681e+05 +3.144596681e+05 -7.8098e-04 -1.8712e-02 +6.9314e-03 +2.6978e-04 +1.4704e-01 +9.2749e-03 +1.6068e-02 -2.9404e-03 +1.5030e-02 -2.8601e-02 +2.6755e-02 -5.0587e-02 +1.3283e-02 +6.1718e-03 +3.7768e-03 +2.0102e-02 +1.5622e-02 -1.2433e-02 +3.2524e-02 -2.5045e-02
24 0 +2.943532038e+05 +2.938684638e+05 +2.938684638e+05 -4.0363e-03 -9.6706e-02 +3.5823e-02 +1.3943e-03 +3.0422e-01 +4.7935e-02 +8.3043e-02 -1.5197e-02 +7.7679e-02 -1.4782e-01 +1.3827e-01 -2.6145e-01 +6.8652e-02 +3.1897e-02 +1.9519e-02 +1.0389e-01 +8.0738e-02 -6.4255e-02 +1.6809e-01 -1.2944e-01
25 0 +1.652194479e+05 +1.647347079e+05 +1.647347079e+05 -1.7329e-02 -4.1520e-01 +1.5380e-01 +5.9863e-03 +8.5554e-01 +2.0580e-01 +3.5654e-01 -6.5246e-02 +3.3351e-01 -6.3464e-01 +5.9367e-01 -1.1225e+00 +2.9475e-01 +1.3695e-01 +8.3805e-02 +4.4606e-01 +3.4664e-01 -2.7587e-01 +7.2169e-01 -5.5572e-01
26 0 +1.537727254e+05 +1.532879854e+05 +1.532879854e+05 -1.9805e-02 -4.7452e-01 +1.7578e-01 +6.8416e-03 +3.9413e-01 +2.3521e-01 +4.0748e-01 -7.4568e-02 +3.8116e-01 -7.2532e-01 +6.7849e-01 -1.9393e+00 +3.3686e-01 +1.5652e-01 +9.5779e-02 +5.0979e-01 +3.9617e-01 -3.1529e-01 +8.2481e-01 -6.3513e-01
27 0 +1.480957650e+05 +1.476110250e+05 +1.476110250e+05 +6.8750e-02 -3.9601e-01 +2.6865e-01 +9.5986e-02 +3.7767e-01 +3.2940e-01 +5.0547e-01 +1.2778e-02 +4.7857e-01 -6.5234e-01 +7.8247e-01 -1.9059e+00 +4.3330e-01 +2.4896e-01 +1.8689e-01 +6.1004e-01 +4.9391e-01 -2.3326e-01 +9.3201e-01 -5.6016e-01
29 0 +1.260256259e+05 +1.255408859e+05 +1.255408859e+05 +7.5038e-02 -4.3926e-01 +2.9625e-01 +1.0518e-01 +6.5130e-01 +3.6347e-01 +5.5831e-01 +1.3100e-02 +5.2854e-01 -7.6582e-01 +8.6483e-01 -2.0663e+00 +4.7844e-01 +2.7446e-01 +2.0577e-01 +6.7403e-01 +5.4552e-01 -2.5917e-01 +1.0303e+00 -6.2091e-01
30 0 +1.167860857e+05 +1.163013457e+05 +1.163013457e+05 +1.0243e-01 -4.5847e-01 +3.4369e-01 +1.3530e-01 +7.1882e-01 +4.1699e-01 +6.2949e-01 +3.4882e-02 +5.9703e-01 -7.5273e-01 +9.6378e-01 -2.0478e+00 +5.4239e-01 +3.1992e-01 +2.4501e-01 +7.5569e-01 +6.1554e-01 -2.6205e-01 +1.1443e+00 -1.3407e+00
31 0 +1.121349458e+05 +1.116502058e+05 +1.116502058e+05 +1.2229e-01 -9.5833e-01 +3.7369e-01 +1.5654e-01 +7.5268e-01 +4.5008e-01 +6.7151e-01 +5.1900e-02 +6.3768e-01 -7.4589e-01 +1.0199e+00 -2.0381e+00 +5.8074e-01 +3.4893e-01 +2.7086e-01 +8.0301e-01 +6.5697e-01 -2.5752e-01 +1.2079e+00 -1.3055e+00
35 0 +1.082077044e+05 +1.077229644e+05 +1.077229644e+05 +1.2190e-01 -9.3017e-01 +3.8348e-01 +1.5753e-01 +7.8773e-01 +4.6296e-01 +6.9337e-01 -2.2781e-01 +6.5816e-01 -7.3978e-01 +1.1013e+00 -2.0297e+00 +5.9892e-01 +3.5771e-01 +2.7648e-01 +8.3020e-01 +6.7824e-01 -5.0441e-01 +1.4919e+00 -1.2708e+00
39 0 +1.064155656e+05 +1.059308256e+05 +1.059308256e+05 +6.2496e-02 -9.2597e-01 +3.9732e-01 +2.0873e-02 +7.9193e-01 +4.7723e-01 +7.0703e-01 -2.2753e-01 +6.7348e-01 -7.3846e-01 +1.0978e+00 -2.0277e+00 +6.1392e-01 +3.7142e-01 +2.8975e-01 +9.0946e-01 +6.9366e-01 -4.9893e-01 +1.4876e+00 -1.2656e+00
% f evaluations | g evaluations | best noise-free fitness - Fopt (1.731500000000e+02) + sum g_i+ | measured fitness | best measured fitness or single-digit g-values | x1 | x2...
1 0 +1.932299525e+05 +1.934031025e+05 +1.934031025e+05 +0.0000e+00 +0.0000e+00 +0.0000e+00 +0.0000e+00 +0.0000e+00 +0.0000e+00 +0.0000e+00 +0.0000e+00 +0.0000e+00 +0.0000e+00 +0.0000e+00 +0.0000e+00 +0.0000e+00 +0.0000e+00 +0.0000e+00 +0.0000e+00 +0.0000e+00 +0.0000e+00 +0.0000e+00 +0.0000e+00
3 0 +1.913773302e+05 +1.915504802e+05 +1.915504802e+05 +1.0000e-01 +0.0000e+00 +0.0000e+00 +0.0000e+00 +0.0000e+00 +0.0000e+00 +0.0000e+00 +0.0000e+00 +0.0000e+00 +0.0000e+00 +0.0000e+00 +0.0000e+00 +0.0000e+00 +0.0000e+00 +0.0000e+00 +0.0000e+00 +0.0000e+00 +0.0000e+00 +0.0000e+00 +0.0000e+00
23 0 +1.853507034e+05 +1.855238534e+05 +1.855238534e+05 +3.0004e-02 +2.5572e-02 +9.9324e-03 +1.3094e-01 -8.9969e-03 -1.5165e-02 +2.4450e-02 -9.6439e-03 -1.6708e-02 -1.4863e-02 +1.2044e-02 -3.2439e-02 +1.6778e-02 -1.7757e-02 -2.9189e-02 -8.8707e-03 +1.0000e-02 -4.8085e-02 +2.6017e-02 +8.6100e-03
24 0 +1.597798191e+05 +1.599529691e+05 +1.599529691e+05 +1.5094e-01 +1.2864e-01 +4.9966e-02 +2.4539e-01 -4.5259e-02 -7.6286e-02 +1.2300e-01 -4.8514e-02 -8.4052e-02 -7.4769e-02 +6.0590e-02 -1.6319e-01 +8.4400e-02 -8.9328e-02 -1.4683e-01 -4.4624e-02 +5.0307e-02 -2.4189e-01 +1.3088e-01 +4.3313e-02
25 0 +7.805147196e+04 +7.822462196e+04 +7.822462196e+04 +6.2407e-01 +5.3189e-01 +2.0659e-01 +8.0345e-01 -1.8713e-01 -3.1542e-01 +5.0855e-01 -2.0059e-01 -3.4753e-01 -3.0915e-01 +2.5052e-01 -6.7472e-01 +3.4897e-01 -3.6934e-01 -6.0711e-01 -1.8451e-01 +2.0800e-01 -1.0001e+00 +5.4115e-01 +1.7908e-01
26 0 +3.616973599e+04 +3.634288599e+04 +3.634288599e+04 +1.0443e+00 +8.9002e-01 +3.4569e-01 +7.7647e-01 -3.1313e-01 -5.2778e-01 +8.5096e-01 -3.3564e-01 -5.8152e-01 -5.1729e-01 +4.1919e-01 -1.1290e+00 +5.8392e-01 -6.1801e-01 -1.0159e+00 -3.0873e-01 +3.4805e-01 -1.6735e+00 +9.0550e-01 +2.9966e-01
27 0 +3.382822723e+04 +3.400137723e+04 +3.400137723e+04 +1.1407e+00 +9.7221e-01 +3.7761e-01 +1.1034e+00 -3.4204e-01 -5.7653e-01 +9.2955e-01 -3.6664e-01 -6.3522e-01 -5.6506e-01 +4.5791e-01 -1.2333e+00 +6.3785e-01 -6.7509e-01 -1.1097e+00 -3.3725e-01 +3.8019e-01 -1.5605e+00 +9.8912e-01 +3.2733e-01
37 0 +3.306272322e+04 +3.323587322e+04 +3.323587322e+04 +1.1219e+00 +9.5141e-01 +3.4960e-01 +1.1464e+00 -3.0827e-01 -6.1615e-01 +9.0823e-01 -4.0372e-01 -6.7555e-01 -6.0455e-01 +4.3087e-01 -1.1044e+00 +6.1299e-01 -7.1591e-01 -1.2143e+00 -4.4483e-01 +3.5221e-01 -1.6344e+00 +9.6853e-01 +2.9871e-01
% f evaluations | g evaluations | best noise-free fitness - Fopt (-5.333000000000e+01) + sum g_i+ | measured fitness | best measured fitness or single-digit g-values | x1 | x2...
1 0 +3.263283703e+05 +3.262750403e+05 +3.262750403e+05 +0.0000e+00 +0.0000e+00 +0.0000e+00 +0.0000e+00 +0.0000e+00 +0.0000e+00 +0.0000e+00 +0.0000e+00 +0.0000e+00 +0.0000e+00 +0.0000e+00 +0.0000e+00 +0.0000e+00 +0.0000e+00 +0.0000e+00 +0.0000e+00 +0.0000e+00 +0.0000e+00 +0.0000e+00 +0.0000e+00
7 0 +3.249177566e+05 +3.248644266e+05 +3.248644266e+05 +0.0000e+00 +0.0000e+00 +0.0000e+00 +0.0000e+00 +1.0000e-01 +0.0000e+00 +0.0000e+00 +0.0000e+00 +0.0000e+00 +0.0000e+00 +0.0000e+00 +0.0000e+00 +0.0000e+00 +0.0000e+00 +0.0000e+00 +0.0000e+00 +0.0000e+00 +0.0000e+00 +0.0000e+00 +0.0000e+00
14 0 +3.222640984e+05 +3.222107684e+05 +3.222107684e+05 +0.0000e+00 +0.0000e+00 +0.0000e+00 +0.0000e+00 +0.0000e+00 +0.0000e+00 +0.0000e+00 +0.0000e+00 +0.0000e+00 +0.0000e+00 +0.0000e+00 +1.0000e-01 +0.0000e+00 +0.0000e+00 +0.0000e+00 +0.0000e+00 +0.0000e+00 +0.0000e+00 +0.0000e+00 +0.0000e+00
24 0 +2.965455053e+05 +2.964921753e+05 +2.964921753e+05 -1.6948e-02 -4.0497e-02 -3.9896e-02 -1.0725e-02 +1.1438e-01 +1.0215e-01 -1.3288e-02 -5.8291e-02 -3.6791e-02 +8.8562e-03 -2.0314e-01 +3.7930e-01 +7.8852e-02 +3.7401e-02 -3.9497e-03 -2.4941e-01 -2.2799e-02 +3.6045e-03 -1.5198e-01 +6.8641e-02
25 0 +1.694483374e+05 +1.693950074e+05 +1.693950074e+05 -7.6756e-02 -1.8341e-01 -1.8069e-01 -4.8572e-02 +5.1803e-01 +4.6262e-01 -6.0181e-02 -2.6400e-01 -1.6662e-01 +4.0110e-02 -9.2002e-01 +1.0296e+00 +3.5712e-01 +1.6939e-01 -1.7888e-02 -1.1296e+00 -1.0326e-01 +1.6325e-02 -6.8832e-01 +3.1087e-01
28 0 +1.528168368e+05 +1.527635068e+05 +1.527635068e+05 -1.4602e-02 -1.3490e-01 -1.3183e-01 +1.7187e-02 +6.5626e-01 +5.9375e-01 +4.0936e-03 -2.2579e-01 -1.1596e-01 +1.1721e-01 -1.1936e+00 +9.1642e-01 +4.7476e-01 +2.6302e-01 +5.1795e-02 -1.5050e+00 -4.4490e-02 +9.0384e-02 -7.0438e-01 +4.2260e-01
29 0 +1.421216495e+05 +1.420683195e+05 +1.420683195e+05 +1.3611e-02 -1.1104e-01 -1.0785e-01 +4.6550e-02 +7.0874e-01 +6.4398e-01 +3.2983e-02 -2.0522e-01 -9.1415e-02 +1.5019e-01 -1.1448e+00 +8.8460e-01 +5.2068e-01 +3.0128e-01 +8.2410e-02 -1.4547e+00 -1.7359e-02 +1.2239e-01 -1.1558e+00 +4.6663e-01
30 0 +1.192448595e+05 +1.191915295e+05 +1.191915295e+05 +1.7574e-02 -1.2415e-01 -1.2053e-01 +5.5026e-02 +8.0795e-01 +7.3431e-01 +3.9600e-02 -2.3124e-01 -1.0184e-01 +1.7287e-01 -1.2465e+00 +1.2541e+00 +5.9412e-01 +3.4466e-01 +9.5800e-02 -1.6177e+00 -1.7640e-02 +1.4126e-01 -1.3091e+00 +5.3266e-01
% f evaluations | g evaluations | best noise-free fitness - Fopt (-5.550000000000e+01) + sum g_i+ | measured fitness | best measured fitness or single-digit g-values | x1 | x2...
1 0 +2.802813156e+05 +2.802258156e+05 +2.802258156e+05 +0.0000e+00 +0.0000e+00 +0.0000e+00 +0.0000e+00 +0.0000e+00 +0.0000e+00 +0.0000e+00 +0.0000e+00 +0.0000e+00 +0.0000e+00 +0.0000e+00 +0.0000e+00 +0.0000e+00 +0.0000e+00 +0.0000e+00 +0.0000e+00 +0.0000e+00 +0.0000e+00 +0.0000e+00 +0.0000e+00
3 0 +2.751779877e+05 +2.751224877e+05 +2.751224877e+05 +1.0000e-01 +0.0000e+00 +0.0000e+00 +0.0000e+00 +0.0000e+00 +0.0000e+00 +0.0000e+00 +0.0000e+00 +0.0000e+00 +0.0000e+00 +0.0000e+00 +0.0000e+00 +0.0000e+00 +0.0000e+00 +0.0000e+00 +0.0000e+00 +0.0000e+00 +0.0000e+00 +0.0000e+00 +0.0000e+00
23 0 +2.634923989e+05 +2.634368989e+05 +2.634368989e+05 +1.4891e-01 +6.7705e-03 -1.2234e-02 -2.4154e-02 -9.1158e-04 -1.6337e-02 -7.5175e-03 -1.2087e-02 +2.3933e-02 -1.0291e-02 -3.0713e-02 -3.2401e-02 +1.5488e-02 +8.1530e-03 +4.2324e-03 +6.8054e-03 -4.6432e-02 -1.0381e-02 +2.5358e-03 +3.2336e-02
24 0 +2.160691110e+05 +2.160136110e+05 +2.160136110e+05 +3.6767e-01 +3.2766e-02 -5.9204e-02 -1.1689e-01 -4.4116e-03 -7.9065e-02 -3.6381e-02 -5.8493e-02 +1.1582e-01 -4.9801e-02 -1.4863e-01 -1.5680e-01 +7.4956e-02 +3.9457e-02 +2.0482e-02 +3.2935e-02 -2.2471e-01 -5.0237e-02 +1.2272e-02 +1.5649e-01
25 0 +1.056331484e+05 +1.055776484e+05 +1.055776484e+05 +1.3448e+00 +1.3112e-01 -2.3692e-01 -4.6777e-01 -1.7654e-02 -3.1639e-01 -1.4558e-01 -2.3407e-01 +4.6349e-01 -1.9929e-01 -5.9479e-01 -6.2748e-01 +2.9995e-01 +1.5789e-01 +8.1964e-02 +1.3179e-01 -8.9921e-01 -2.0103e-01 +4.9108e-02 +6.2621e-01
26 0 +5.816572062e+04 +5.811022062e+04 +5.811022062e+04 +1.5376e+00 +2.1862e-01 -3.9502e-01 -7.7993e-01 -2.9435e-02 -5.2753e-01 -2.4274e-01 -3.9027e-01 +7.7279e-01 -3.3228e-01 -9.9171e-01 -1.0462e+00 +5.0012e-01 +2.6326e-01 +1.3666e-01 +2.1974e-01 -1.4993e+00 -3.3519e-01 +8.1880e-02 +1.0441e+00
27 0 +5.459635238e+04 +5.454085238e+04 +5.454085238e+04 +1.6273e+00 +2.7354e-01 -3.5729e-01 -7.5299e-01 +1.8537e-02 -4.9351e-01 -2.0074e-01 -3.5241e-01 +8.4324e-01 -2.9279e-01 -9.7070e-01 -1.0267e+00 +5.6293e-01 +3.1943e-01 +1.8929e-01 +2.7470e-01 -1.4925e+00 -2.9578e-01 +1.3297e-01 +1.1222e+00
28 0 +4.956718237e+04 +4.951168237e+04 +4.951168237e+04 +1.8338e+00 +2.6804e-01 -4.0494e-01 -8.2708e-01 -4.0021e-03 -5.5026e-01 -2.3793e-01 -3.9973e-01 +8.7580e-01 -3.3613e-01 -1.0593e+00 -1.1191e+00 +5.7676e-01 +3.1700e-01 +1.7816e-01 +2.6927e-01 -1.3088e+00 -3.3932e-01 +1.1808e-01 +1.1733e+00
29 0 +4.281760836e+04 +4.276210836e+04 +4.276210836e+04 +1.9444e+00 +2.8740e-01 -4.0772e-01 -8.4375e-01 +6.4076e-03 -5.5783e-01 -2.3522e-01 -4.0234e-01 +9.1516e-01 -3.3665e-01 -1.0836e+00 -1.1454e+00 +6.0627e-01 +3.3797e-01 +1.9456e-01 +2.8867e-01 -1.3937e+00 -3.3994e-01 +1.3250e-01 +1.0001e+00
32 0 +4.067022585e+04 +4.061472585e+04 +4.061472585e+04 +2.0116e+00 +2.7873e-01 -4.3024e-01 -7.6576e-01 -7.8574e-03 -5.8334e-01 -2.5430e-01 -4.2476e-01 +9.1901e-01 -3.5775e-01 -1.0013e+00 -1.1886e+00 +6.0397e-01 +3.3031e-01 +1.8405e-01 +2.8004e-01 -1.4455e+00 -3.6111e-01 +1.2075e-01 +1.0251e+00
34 0 +3.810897029e+04 +3.805347029e+04 +3.805347029e+04 +2.0428e+00 +2.8340e-01 -4.3184e-01 -7.7295e-01 -5.7254e-03 -5.3082e-01 -2.5435e-01 -4.2630e-01 +8.5112e-01 -3.5871e-01 -1.0197e+00 -1.2085e+00 +6.1150e-01 +3.3543e-01 +1.8787e-01 +2.8471e-01 -1.4695e+00 -3.6210e-01 +1.2402e-01 +1.0368e+00
35 0 +3.698812490e+04 +3.693262490e+04 +3.693262490e+04 +2.0555e+00 +2.9038e-01 -4.2731e-01 -7.7594e-01 +2.6555e-04 -5.3233e-01 -2.4921e-01 -4.2175e-01 +8.5515e-01 -3.5393e-01 -1.0272e+00 -1.2165e+00 +5.4913e-01 +3.4259e-01 +1.9452e-01 +2.9169e-01 -1.4792e+00 -3.5733e-01 +1.3045e-01 +1.0416e+00
% f evaluations | g evaluations | best noise-free fitness - Fopt (-1.903800000000e+02) + sum g_i+ | measured fitness | best measured fitness or single-digit g-values | x1 | x2...
1 0 +5.846775206e+05 +5.844871406e+05 +5.844871406e+05 +0.0000e+00 +0.0000e+00 +0.0000e+00 +0.0000e+00 +0.0000e+00 +0.0000e+00 +0.0000e+00 +0.0000e+00 +0.0000e+00 +0.0000e+00 +0.0000e+00 +0.0000e+00 +0.0000e+00 +0.0000e+00 +0.0000e+00 +0.0000e+00 +0.0000e+00 +0.0000e+00 +0.0000e+00 +0.0000e+00
4 0 +5.839084843e+05 +5.837181043e+05 +5.837181043e+05 +0.0000e+00 +1.0000e-01 +0.0000e+00 +0.0000e+00 +0.0000e+00 +0.0000e+00 +0.0000e+00 +0.0000e+00 +0.0000e+00 +0.0000e+00 +0.0000e+00 +0.0000e+00 +0.0000e+00 +0.0000e+00 +0.0000e+00 +0.0000e+00 +0.0000e+00 +0.0000e+00 +0.0000e+00 +0.0000e+00
24 0 +5.700706433e+05 +5.698802633e+05 +5.698802633e+05 -7.1460e-02 +1.1393e-01 -2.8226e-02 -1.7637e-01 -2.0103e-02 +1.8881e-01 -2.9442e-02 -8.9477e-02 +4.9794e-02 +1.2405e-01 +6.2334e-02 -6.2892e-02 -1.7375e-01 +1.3031e-01 +5.7709e-02 +1.0731e-01 +1.4485e-01 +1.6226e-01 -1.4213e-01 -1.6168e-01
25 0 +3.636667539e+05 +3.634763739e+05 +3.634763739e+05 -2.9694e-01 +4.7342e-01 -1.1729e-01 -7.3287e-01 -8.3535e-02 -2.1628e-01 -1.2234e-01 -3.7181e-01 +2.0691e-01 +5.1548e-01 +2.5902e-01 -2.6134e-01 -7.2198e-01 +5.4147e-01 +2.3981e-01 +4.4590e-01 +6.0191e-01 +6.7424e-01 -5.9059e-01 -6.7185e-01
26 0 +3.580782098e+05 +3.578878298e+05 +3.578878298e+05 -3.2775e-01 +5.2253e-01 -1.2945e-01 -1.8446e+00 -9.2199e-02 -1.2391e+00 -1.3503e-01 -4.1038e-01 +2.2838e-01 +5.6895e-01 +2.8589e-01 -2.8845e-01 -7.9687e-01 +5.9764e-01 +2.6468e-01 +4.9215e-01 +6.6435e-01 +7.4418e-01 -6.5185e-01 -7.4153e-01
30 0 +3.519643924e+05 +3.517740124e+05 +3.517740124e+05 -2.1799e-01 +6.4536e-01 -1.6648e-02 -1.6994e+00 +2.1179e-02 -1.3701e+00 -2.2314e-02 -3.0189e-01 +3.4668e-01 +6.9248e-01 +4.0508e-01 -1.7809e-01 -6.5378e-01 +7.2161e-01 +3.8354e-01 +6.1451e-01 +7.8935e-01 +8.7041e-01 -9.4311e-01 -5.9583e-01
32 0 +3.220639006e+05 +3.218735206e+05 +3.218735206e+05 -1.9419e-01 +6.9934e-01 +1.4187e-02 -1.8522e+00 +5.3337e-02 -1.1698e+00 +8.3233e-03 -3.6465e-01 +3.9022e-01 +7.4812e-01 +4.5066e-01 -1.5290e-01 -8.0415e-01 +7.7827e-01 +4.2837e-01 +6.6742e-01 +8.4837e-01 +9.3226e-01 -1.0585e+00 -7.0675e-01
33 0 +3.118643130e+05 +3.116739330e+05 +3.116739330e+05 -5.3835e-01 +7.4233e-01 +4.3482e-02 -1.8878e+00 +8.3414e-02 -1.1079e+00 +3.7501e-02 -3.5901e-01 +4.2703e-01 +7.9208e-01 +4.8868e-01 -1.2694e-01 -8.3913e-01 +8.2283e-01 +4.6595e-01 +7.0977e-01 +8.9434e-01 +9.7991e-01 -1.0825e+00 -7.2215e-01
34 0 +3.044873801e+05 +3.042970001e+05 +3.042970001e+05 -5.2928e-01 +7.8640e-01 +7.4101e-02 -1.9227e+00 +1.1480e-01 -1.0471e+00 +6.8005e-02 -3.5346e-01 +4.6503e-01 +8.3710e-01 +5.2786e-01 -4.7078e-01 -8.7346e-01 +8.6845e-01 +5.0469e-01 +7.5321e-01 +9.4133e-01 +1.0285e+00 -1.1062e+00 -7.3725e-01
36 0 +2.981113840e+05 +2.979210040e+05 +2.979210040e+05 -5.2422e-01 +8.1663e-01 -3.7676e-02 -1.9420e+00 +1.3800e-01 -1.0133e+00 -4.5704e-02 -3.5035e-01 +4.9190e-01 +8.6787e-01 +5.5539e-01 -4.6014e-01 -8.9249e-01 +8.9955e-01 +5.3198e-01 +7.8310e-01 +9.7319e-01 +1.0613e+00 -1.1193e+00 -7.4560e-01
37 0 +2.927912621e+05 +2.926008821e+05 +2.926008821e+05 -5.2034e-01 +8.4122e-01 -3.5350e-02 -1.9569e+00 -3.4057e-02 -9.8738e-01 -4.3772e-02 -3.4797e-01 +5.1391e-01 +8.9287e-01 +5.7790e-01 -4.5197e-01 -9.0707e-01 +9.2480e-01 +5.5430e-01 +8.0742e-01 +9.9903e-01 +1.0879e+00 -1.1293e+00 -7.5200e-01
