% f evaluations | g evaluations | best noise-free fitness - Fopt (4.078000000000e+01) + sum g_i+ | measured fitness | best measured fitness or single-digit g-values | x1 | x2...
1 0 +8.021155843e+01 +1.209915584e+02 +1.209915584e+02 +0.0000e+00 +0.0000e+00 +0.0000e+00 +0.0000e+00 +0.0000e+00 +0.0000e+00 +0.0000e+00 +0.0000e+00 +0.0000e+00 +0.0000e+00 +0.0000e+00 +0.0000e+00 +0.0000e+00 +0.0000e+00 +0.0000e+00 +0.0000e+00 +0.0000e+00 +0.0000e+00 +0.0000e+00 +0.0000e+00
4 0 +8.021113940e+01 +1.209911394e+02 +1.209911394e+02 +0.0000e+00 +0.0000e+00 +2.5000e-04 +0.0000e+00 +0.0000e+00 +0.0000e+00 +0.0000e+00 +0.0000e+00 +0.0000e+00 +0.0000e+00 +0.0000e+00 +0.0000e+00 +0.0000e+00 +0.0000e+00 +0.0000e+00 +0.0000e+00 +0.0000e+00 +0.0000e+00 +0.0000e+00 +0.0000e+00
374 0 +7.940712019e+01 +1.201871202e+02 +1.201871202e+02 -8.9879e-02 -1.5094e-01 -1.7542e-02 +6.9518e-02 -6.3610e-02 -3.4064e-02 -6.8027e-02 +1.2864e-01 +1.7282e-01 -1.3968e-01 +3.5545e-02 +1.9949e-01 -1.8138e-01 +6.6921e-02 -1.8182e-02 -7.9237e-02 +7.5628e-02 +3.8975e-02 +4.5913e-02 +6.1805e-02
454 0 +7.728229648e+01 +1.180622965e+02 +1.180622965e+02 -3.2590e-01 -5.5267e-01 -8.2029e-02 +2.6236e-01 -2.3175e-01 -1.2708e-01 -2.6099e-01 +4.7552e-01 +6.4871e-01 -5.1589e-01 +1.2886e-01 +7.4516e-01 -6.6891e-01 +2.4864e-01 -6.4722e-02 -2.9155e-01 +2.7779e-01 +1.3910e-01 +1.6597e-01 +2.2785e-01
488 0 +7.582397602e+01 +1.166039760e+02 +1.166039760e+02 -5.0488e-01 -8.5615e-01 -1.3219e-01 +4.1020e-01 -3.5884e-01 -1.9800e-01 -4.0823e-01 +7.3769e-01 +1.0084e+00 -8.0168e-01 +2.0034e-01 +1.1589e+00 -1.0381e+00 +3.8625e-01 -9.9616e-02 -4.5197e-01 +4.3119e-01 +2.1516e-01 +2.5734e-01 +3.5394e-01
507 0 +7.405742185e+01 +1.148374218e+02 +1.148374218e+02 -7.8214e-01 -1.3298e+00 -2.0710e-01 +6.4017e-01 -5.5778e-01 -3.0861e-01 -6.3708e-01 +1.1457e+00 +1.5688e+00 -1.2461e+00 +3.1111e-01 +1.8041e+00 -1.6135e+00 +6.0041e-01 -1.5556e-01 -7.0293e-01 +6.6962e-01 +3.3352e-01 +4.0039e-01 +5.5033e-01
933 0 +7.242050129e+01 +1.132005013e+02 +1.132005013e+02 -1.6051e+00 -2.1143e+00 -5.6390e-01 +8.4701e-01 -7.5674e-01 -3.2027e-01 -1.0894e+00 +1.7723e+00 +2.5547e+00 -1.8673e+00 +4.2442e-01 +2.8139e+00 -2.6838e+00 +9.8370e-01 -1.9565e-01 -5.7858e-01 +1.1360e+00 +5.8459e-01 +3.8321e-01 +1.0620e+00
1312 0 +7.075046728e+01 +1.115304673e+02 +1.115304673e+02 -2.2517e+00 -2.4266e+00 -4.6601e-01 +1.2934e+00 -8.5635e-01 -4.1371e-01 -9.1230e-01 +2.1013e+00 +2.7914e+00 -2.2655e+00 +5.5178e-01 +2.9319e+00 -3.4190e+00 +1.1125e+00 -3.1853e-01 -6.2918e-01 +1.6235e+00 +8.3311e-01 +3.8780e-01 +1.2741e+00
1373 0 +6.915772116e+01 +1.099377212e+02 +1.099377212e+02 -2.6652e+00 -2.4257e+00 -3.8087e-02 +1.8999e+00 -8.8739e-01 -5.7743e-01 -3.1986e-01 +2.2332e+00 +2.5427e+00 -2.5219e+00 +6.7644e-01 +2.4574e+00 -3.8717e+00 +1.0639e+00 -4.9518e-01 -8.9192e-01 +2.0819e+00 +1.0556e+00 +4.2604e-01 +1.2518e+00
1816 0 +6.755903177e+01 +1.083390318e+02 +1.083390318e+02 -1.9215e+00 -2.0488e+00 +2.3803e-01 +1.7864e+00 -2.0799e-01 -3.1434e-01 +1.2618e-02 +2.0778e+00 +2.4260e+00 -2.5795e+00 +1.5443e-01 +1.2837e+00 -3.5579e+00 +9.0946e-01 -6.1427e-01 -1.0961e+00 +1.9692e+00 +1.1163e+00 -5.5379e-02 +1.1597e+00
2214 0 +6.593509144e+01 +1.067150914e+02 +1.067150914e+02 -1.4200e+00 -2.0677e+00 +4.1281e-01 +1.6462e+00 -7.5452e-02 -1.7589e-01 -3.2303e-01 +2.2477e+00 +2.8354e+00 -3.0112e+00 -1.5870e-01 +1.2801e+00 -3.8308e+00 +1.0386e+00 -8.7755e-01 -1.4191e+00 +1.9675e+00 +1.3253e+00 -1.6779e-02 +1.3429e+00
2276 0 +6.445251225e+01 +1.052325123e+02 +1.052325123e+02 -1.1616e+00 -1.8042e+00 +4.2868e-01 +1.2033e+00 +4.8296e-03 +8.2134e-02 -7.4669e-01 +2.0919e+00 +2.8687e+00 -3.0029e+00 -4.2906e-01 +1.1989e+00 -3.8685e+00 +1.0894e+00 -1.0766e+00 -1.0908e+00 +1.8527e+00 +1.4931e+00 -1.3944e-02 +1.5635e+00
2331 0 +6.307414225e+01 +1.038541422e+02 +1.038541422e+02 -1.0012e+00 -1.4832e+00 +6.8353e-01 +9.4961e-01 -2.6964e-02 +2.6547e-01 -1.0541e+00 +1.9716e+00 +2.7759e+00 -3.1347e+00 -6.4153e-01 +1.0308e+00 -4.1208e+00 +1.1419e+00 -1.4250e+00 -9.0230e-01 +1.8986e+00 +1.7933e+00 +1.5574e-01 +1.7929e+00
3597 0 +6.161752529e+01 +1.023975253e+02 +1.023975253e+02 -1.4991e+00 -1.3136e+00 +9.3031e-01 +7.9726e-01 +1.7676e-01 +3.3468e-01 -8.8221e-01 +2.0656e+00 +2.7106e+00 -3.5620e+00 -7.7403e-01 +7.8125e-01 -4.4299e+00 +1.1718e+00 -1.6424e+00 -7.4052e-01 +2.0591e+00 +2.0294e+00 +3.3140e-01 +1.7866e+00
3732 0 +6.021078801e+01 +1.009907880e+02 +1.009907880e+02 -1.6402e+00 -1.5427e+00 +1.4324e+00 +2.8324e-01 +1.9963e-01 +5.1541e-01 -7.4189e-01 +2.1622e+00 +3.0752e+00 -3.6901e+00 -1.1787e+00 +8.4039e-01 -4.6535e+00 +1.1631e+00 -1.7717e+00 -6.6716e-01 +2.0017e+00 +2.2625e+00 +3.9878e-01 +2.0266e+00
% f evaluations | g evaluations | best noise-free fitness - Fopt (-1.600000000000e+00) + sum g_i+ | measured fitness | best measured fitness or single-digit g-values | x1 | x2...
1 0 +7.948683589e+01 +7.788683589e+01 +7.788683589e+01 +0.0000e+00 +0.0000e+00 +0.0000e+00 +0.0000e+00 +0.0000e+00 +0.0000e+00 +0.0000e+00 +0.0000e+00 +0.0000e+00 +0.0000e+00 +0.0000e+00 +0.0000e+00 +0.0000e+00 +0.0000e+00 +0.0000e+00 +0.0000e+00 +0.0000e+00 +0.0000e+00 +0.0000e+00 +0.0000e+00
2 0 +7.948647447e+01 +7.788647447e+01 +7.788647447e+01 +2.5000e-04 +0.0000e+00 +0.0000e+00 +0.0000e+00 +0.0000e+00 +0.0000e+00 +0.0000e+00 +0.0000e+00 +0.0000e+00 +0.0000e+00 +0.0000e+00 +0.0000e+00 +0.0000e+00 +0.0000e+00 +0.0000e+00 +0.0000e+00 +0.0000e+00 +0.0000e+00 +0.0000e+00 +0.0000e+00
201 0 +7.943135581e+01 +7.783135581e+01 +7.783135581e+01 +1.8882e-03 +3.6628e-03 +3.4567e-04 -2.4423e-03 +3.5424e-03 -4.8012e-03 +3.2193e-03 +3.0014e-04 +6.1717e-03 +2.1127e-03 -2.0599e-03 -4.5217e-03 -1.8838e-02 +2.8553e-03 +2.5683e-03 -5.5817e-03 +2.2616e-03 +7.2450e-03 +2.7481e-03 -3.8417e-04
417 0 +7.755533547e+01 +7.595533547e+01 +7.595533547e+01 +2.9839e-02 +1.4169e-01 +3.2887e-02 -1.0180e-01 +1.3399e-01 -2.4535e-01 +1.1269e-01 -1.5474e-02 +2.5912e-01 +6.6093e-02 -6.5344e-02 -1.5861e-01 -7.2989e-01 +1.0291e-01 +1.1785e-01 -2.5712e-01 +1.1664e-01 +2.9908e-01 +1.5972e-01 -3.8140e-03
462 0 +7.585403758e+01 +7.425403758e+01 +7.425403758e+01 +6.1288e-02 +2.9703e-01 +6.9562e-02 -2.1359e-01 +2.8072e-01 -5.1246e-01 +2.3609e-01 -3.2438e-02 +5.4382e-01 +1.3735e-01 -1.3567e-01 -3.3206e-01 -1.5274e+00 +2.1333e-01 +2.5034e-01 -5.4298e-01 +2.4570e-01 +6.2291e-01 +3.3733e-01 -8.6553e-03
795 0 +7.411143118e+01 +7.251143118e+01 +7.251143118e+01 +1.4247e-01 +5.8820e-01 +1.3678e-01 -4.7168e-01 +5.7051e-01 -9.4740e-01 +4.3656e-01 +1.7013e-03 +1.0907e+00 +2.5844e-01 -3.1257e-01 -6.5993e-01 -2.8372e+00 +4.2992e-01 +5.2468e-01 -1.2550e+00 +5.1668e-01 +1.1738e+00 +6.2333e-01 -6.7536e-02
887 0 +7.239455443e+01 +7.079455443e+01 +7.079455443e+01 +2.8215e-01 +7.8494e-01 +1.7349e-01 -8.2823e-01 +8.1850e-01 -9.6190e-01 +4.5378e-01 +2.8140e-01 +1.5056e+00 +2.9387e-01 -6.0052e-01 -8.9831e-01 -2.9831e+00 +6.0178e-01 +8.1710e-01 -2.4128e+00 +8.0472e-01 +1.3070e+00 +6.3121e-01 -3.0581e-01
939 0 +7.079375040e+01 +6.919375040e+01 +6.919375040e+01 +4.9852e-01 +9.3153e-01 +1.9088e-01 -1.3371e+00 +1.0711e+00 -5.9830e-01 +3.0662e-01 +8.3527e-01 +1.8718e+00 +2.5595e-01 -1.0406e+00 -1.0947e+00 -2.0940e+00 +7.6197e-01 +1.1805e+00 -4.1810e+00 +1.1590e+00 +1.0813e+00 +3.8446e-01 -7.4757e-01
1882 0 +6.917814986e+01 +6.757814986e+01 +6.757814986e+01 +1.3351e+00 +4.9149e-01 +1.1211e-01 -1.5984e+00 +8.4425e-01 -1.0235e+00 -1.9242e-01 +3.8664e-01 +1.7482e+00 +6.5141e-01 -1.0871e+00 -1.2255e+00 -2.0185e+00 +1.5703e+00 +1.3860e+00 -3.1919e+00 +5.6744e-01 +1.4509e+00 +2.0378e-01 -1.2301e+00
2542 0 +6.759588401e+01 +6.599588401e+01 +6.599588401e+01 +2.0628e+00 -4.6011e-01 -2.1744e-01 -1.6397e+00 +5.8159e-01 -2.3778e-01 -2.2399e-01 +4.3883e-01 +1.8283e+00 +1.1394e+00 -6.6664e-01 -7.4841e-01 -2.6305e+00 +1.3680e+00 +1.2714e+00 -2.8375e+00 +3.5186e-01 +1.3378e+00 -2.1317e-01 -1.3435e+00
2704 0 +6.606643789e+01 +6.446643789e+01 +6.446643789e+01 +2.4335e+00 -1.0343e+00 -3.9383e-01 -1.9938e+00 +9.1090e-01 -3.3541e-01 -3.0769e-01 +4.4832e-01 +2.1295e+00 +1.3125e+00 -6.7447e-01 -7.0999e-01 -2.7298e+00 +1.8240e+00 +9.2658e-02 -2.7292e+00 +4.4845e-01 +1.2808e+00 +9.4408e-01 -1.3084e+00
3317 0 +6.455288571e+01 +6.295288571e+01 +6.295288571e+01 +2.5150e+00 -1.0962e+00 -3.3850e-01 -2.4805e+00 +1.1391e+00 -8.5738e-01 -4.9723e-01 +3.4943e-02 +1.7833e+00 +1.2329e+00 -3.2876e-01 -1.1854e-01 -2.7984e+00 +2.1143e+00 +1.7540e-01 -2.9477e+00 +5.8805e-01 +1.6973e+00 +6.1528e-01 -1.1883e+00
% f evaluations | g evaluations | best noise-free fitness - Fopt (-3.708400000000e+02) + sum g_i+ | measured fitness | best measured fitness or single-digit g-values | x1 | x2...
1 0 +7.714978743e+01 -2.936902126e+02 -2.936902126e+02 +0.0000e+00 +0.0000e+00 +0.0000e+00 +0.0000e+00 +0.0000e+00 +0.0000e+00 +0.0000e+00 +0.0000e+00 +0.0000e+00 +0.0000e+00 +0.0000e+00 +0.0000e+00 +0.0000e+00 +0.0000e+00 +0.0000e+00 +0.0000e+00 +0.0000e+00 +0.0000e+00 +0.0000e+00 +0.0000e+00
2 0 +7.714942255e+01 -2.936905774e+02 -2.936905774e+02 +2.5000e-04 +0.0000e+00 +0.0000e+00 +0.0000e+00 +0.0000e+00 +0.0000e+00 +0.0000e+00 +0.0000e+00 +0.0000e+00 +0.0000e+00 +0.0000e+00 +0.0000e+00 +0.0000e+00 +0.0000e+00 +0.0000e+00 +0.0000e+00 +0.0000e+00 +0.0000e+00 +0.0000e+00 +0.0000e+00
386 0 +7.584372377e+01 -2.949962762e+02 -2.949962762e+02 +8.8540e-02 +3.5245e-02 -2.2641e-01 -1.1836e-01 -4.0403e-03 +1.6163e-01 +5.3605e-02 +1.3115e-02 +6.1287e-03 +1.4262e-02 +4.6076e-02 -2.6550e-03 +1.1234e-01 -3.2399e-02 -5.3836e-02 +8.4842e-02 +1.6350e-01 -3.8668e-01 -5.2233e-02 +1.0578e-01
447 0 +7.410441531e+01 -2.967355847e+02 -2.967355847e+02 +2.1039e-01 +8.6184e-02 -5.4786e-01 -2.8281e-01 -7.6919e-03 +3.8940e-01 +1.2882e-01 +3.1281e-02 +1.6381e-02 +3.4585e-02 +1.1385e-01 -6.8222e-03 +2.6953e-01 -7.7810e-02 -1.2712e-01 +2.0304e-01 +3.9128e-01 -9.3747e-01 -1.2313e-01 +2.5717e-01
473 0 +7.211136649e+01 -2.987286335e+02 -2.987286335e+02 +3.7217e-01 +1.5324e-01 -9.7285e-01 -4.9960e-01 -1.2476e-02 +6.8817e-01 +2.2822e-01 +5.6961e-02 +3.0101e-02 +6.1040e-02 +2.0282e-01 -1.1222e-02 +4.7637e-01 -1.3863e-01 -2.2400e-01 +3.5854e-01 +6.9208e-01 -1.6613e+00 -2.1824e-01 +4.5768e-01
499 0 +7.077026676e+01 -3.000697332e+02 -3.000697332e+02 +5.0764e-01 +2.0961e-01 -1.3284e+00 -6.8237e-01 -1.6015e-02 +9.3912e-01 +3.1169e-01 +7.8058e-02 +4.0924e-02 +8.2961e-02 +2.7745e-01 -1.5838e-02 +6.5059e-01 -1.8893e-01 -3.0577e-01 +4.8976e-01 +9.4450e-01 -2.2695e+00 -2.9762e-01 +6.2573e-01
532 0 +6.918053047e+01 -3.016594695e+02 -3.016594695e+02 +8.4728e-01 +3.5119e-01 -2.2188e+00 -1.1393e+00 -2.6724e-02 +1.5693e+00 +5.2171e-01 +1.3294e-01 +6.8913e-02 +1.3738e-01 +4.6344e-01 -2.6294e-02 +1.0854e+00 -3.1712e-01 -5.0982e-01 +8.1740e-01 +1.5770e+00 -3.7901e+00 -4.9999e-01 +1.0470e+00
1341 0 +6.754860300e+01 -3.032913970e+02 -3.032913970e+02 +1.3087e+00 +2.0285e-01 -2.3866e+00 -1.7019e+00 +2.6558e-01 +1.0577e+00 +5.8249e-01 +5.0446e-01 -3.6007e-01 -1.4660e-01 +3.5498e-01 +1.7450e-01 +1.3024e+00 -7.9966e-01 -1.0348e+00 +1.4020e+00 +2.0327e+00 -3.0556e+00 -8.8763e-01 +1.3906e+00
1798 0 +6.599849202e+01 -3.048415080e+02 -3.048415080e+02 +1.4784e+00 +5.3214e-01 -1.8636e+00 -2.0298e+00 +3.2272e-01 +1.1376e+00 +1.0225e+00 +6.8490e-01 -4.0162e-01 -4.7315e-01 -9.9234e-02 +2.0769e-01 +1.4590e+00 -1.0692e+00 -1.2428e+00 +1.3536e+00 +2.0737e+00 -2.9901e+00 -1.6480e+00 +1.5892e+00
2373 0 +6.455642964e+01 -3.062835704e+02 -3.062835704e+02 +1.3882e+00 +5.8679e-01 -1.0624e+00 -2.1418e+00 +6.6424e-01 +9.8302e-01 +1.1168e+00 +2.4985e-01 -7.4925e-01 -3.1834e-01 -4.5475e-01 -4.7188e-02 +1.9133e+00 -9.5791e-01 -1.5081e+00 +1.0767e+00 +2.0721e+00 -2.8931e+00 -1.5581e+00 +1.2737e+00
2473 0 +6.306867483e+01 -3.077713252e+02 -3.077713252e+02 +8.8670e-01 +1.1075e+00 -1.2011e+00 -2.8658e+00 +8.8594e-01 +6.6530e-01 +1.2929e+00 +5.2230e-01 -7.3185e-01 +2.1373e-01 -6.2013e-01 -6.1447e-02 +2.4830e+00 -6.8855e-01 -1.8012e+00 +5.2125e-01 +1.4488e+00 -2.8194e+00 -1.2434e+00 +1.1552e+00
% f evaluations | g evaluations | best noise-free fitness - Fopt (-3.256000000000e+01) + sum g_i+ | measured fitness | best measured fitness or single-digit g-values | x1 | x2...
1 0 +8.070000981e+01 +4.814000981e+01 +4.814000981e+01 +0.0000e+00 +0.0000e+00 +0.0000e+00 +0.0000e+00 +0.0000e+00 +0.0000e+00 +0.0000e+00 +0.0000e+00 +0.0000e+00 +0.0000e+00 +0.0000e+00 +0.0000e+00 +0.0000e+00 +0.0000e+00 +0.0000e+00 +0.0000e+00 +0.0000e+00 +0.0000e+00 +0.0000e+00 +0.0000e+00
5 0 +8.069980957e+01 +4.813980957e+01 +4.813980957e+01 +0.0000e+00 +0.0000e+00 +0.0000e+00 +2.5000e-04 +0.0000e+00 +0.0000e+00 +0.0000e+00 +0.0000e+00 +0.0000e+00 +0.0000e+00 +0.0000e+00 +0.0000e+00 +0.0000e+00 +0.0000e+00 +0.0000e+00 +0.0000e+00 +0.0000e+00 +0.0000e+00 +0.0000e+00 +0.0000e+00
400 0 +7.923284306e+01 +4.667284306e+01 +4.667284306e+01 -4.7914e-01 +4.1178e-02 +1.8034e-02 +9.3803e-02 +8.8339e-02 +4.6856e-02 -1.3147e-01 -2.7770e-01 +7.6687e-02 +9.3844e-02 +9.7306e-02 +7.2590e-02 -4.0120e-02 +1.2247e-02 -2.2174e-02 -3.1519e-02 -7.0371e-02 +2.7572e-02 -1.9045e-02 +1.9624e-01
446 0 +7.746984575e+01 +4.490984575e+01 +4.490984575e+01 -1.0451e+00 +9.1072e-02 +4.2275e-02 +2.0420e-01 +1.9195e-01 +1.0103e-01 -2.8624e-01 -6.0511e-01 +1.6690e-01 +2.0507e-01 +2.0796e-01 +1.5841e-01 -8.8180e-02 +2.5816e-02 -4.8199e-02 -6.9883e-02 -1.5527e-01 +6.5870e-02 -4.0399e-02 +4.2537e-01
473 0 +7.575121816e+01 +4.319121816e+01 +4.319121816e+01 -1.6349e+00 +1.4274e-01 +6.7698e-02 +3.1954e-01 +3.0008e-01 +1.5586e-01 -4.4679e-01 -9.4499e-01 +2.6176e-01 +3.2142e-01 +3.2600e-01 +2.4835e-01 -1.3851e-01 +3.9584e-02 -7.4984e-02 -1.0995e-01 -2.4400e-01 +1.0308e-01 -6.3119e-02 +6.6324e-01
500 0 +7.363173561e+01 +4.107173561e+01 +4.107173561e+01 -2.5516e+00 +2.2244e-01 +1.0792e-01 +4.9931e-01 +4.6824e-01 +2.4192e-01 -6.9660e-01 -1.4724e+00 +4.0838e-01 +5.0201e-01 +5.0693e-01 +3.8770e-01 -2.1626e-01 +5.9421e-02 -1.1685e-01 -1.7214e-01 -3.8287e-01 +1.6349e-01 -9.8303e-02 +1.0342e+00
526 0 +7.229595617e+01 +3.973595617e+01 +3.973595617e+01 -3.9293e+00 +3.4373e-01 +1.6966e-01 +7.6808e-01 +7.2055e-01 +3.7095e-01 -1.0697e+00 -2.2661e+00 +6.2831e-01 +7.7378e-01 +7.7963e-01 +5.9789e-01 -3.3420e-01 +9.1416e-02 -1.7817e-01 -2.6635e-01 -5.9059e-01 +2.5169e-01 -1.5315e-01 +1.5916e+00
1008 0 +7.072022814e+01 +3.816022814e+01 +3.816022814e+01 -3.7796e+00 +2.3898e-01 -2.4686e-01 +8.2329e-01 +9.8229e-01 +3.3827e-01 -8.9249e-01 -2.2814e+00 +7.7390e-01 +7.9696e-01 +9.8290e-01 +3.7210e-01 -1.2350e-01 -2.0550e-01 -1.5921e-01 +2.3074e-01 -7.1943e-01 +2.0367e-01 -6.3938e-01 +1.4727e+00
1433 0 +6.917867690e+01 +3.661867690e+01 +3.661867690e+01 -3.8866e+00 +6.4920e-02 -1.0955e+00 +1.0148e+00 +1.6068e+00 +3.0719e-01 -6.2452e-01 -2.5425e+00 +1.1337e+00 +9.2372e-01 +1.4587e+00 -2.8475e-02 +2.9793e-01 -8.3608e-01 -1.3764e-01 +1.2367e+00 -1.0563e+00 +1.3311e-01 -1.6619e+00 +1.4068e+00
1625 0 +6.757614539e+01 +3.501614539e+01 +3.501614539e+01 -4.3066e+00 +2.6267e-01 -1.1814e+00 +9.4927e-01 +1.8038e+00 +3.2219e-01 -3.4966e-01 -2.5515e+00 +9.7904e-01 +8.8936e-01 +8.9277e-01 +1.6039e-01 +8.0042e-01 -1.4241e+00 -9.7651e-02 +1.3306e+00 -1.3124e+00 +1.1767e-01 -1.6128e+00 +1.8083e+00
1720 0 +6.606716639e+01 +3.350716639e+01 +3.350716639e+01 -3.9347e+00 +4.5025e-01 -1.4434e+00 +6.7602e-01 +1.9793e+00 +2.4474e-01 +3.6143e-01 -2.0169e+00 +6.2951e-01 +6.5453e-01 -8.9942e-02 +2.4287e-01 +1.6737e+00 -2.3862e+00 +9.8183e-03 +1.6481e+00 -1.5785e+00 +2.2068e-02 -1.6138e+00 +1.9877e+00
2859 0 +6.444159076e+01 +3.188159076e+01 +3.188159076e+01 -3.5608e+00 +8.9155e-01 -1.4413e+00 +1.5531e-01 +1.8770e+00 +7.5376e-02 +1.2203e+00 -2.1208e+00 +4.4679e-01 +5.3491e-01 -2.9885e-01 +2.5914e-01 +1.8646e+00 -2.6617e+00 +2.5543e-01 +1.7882e+00 -1.9193e+00 -3.8017e-01 -1.6588e+00 +1.9256e+00
2914 0 +6.292541824e+01 +3.036541824e+01 +3.036541824e+01 -3.4895e+00 +1.0565e+00 -1.5115e+00 +2.2145e-02 +1.9169e+00 -2.7105e-02 +1.3501e+00 -2.2962e+00 +6.3836e-01 +5.5284e-01 -1.7108e-01 +2.3087e-01 +1.7680e+00 -2.8141e+00 +2.0049e-01 +1.9075e+00 -2.3548e+00 -4.8531e-01 -1.4507e+00 +1.7435e+00
2954 0 +6.154048858e+01 +2.898048858e+01 +2.898048858e+01 -3.4484e+00 +1.2907e+00 -1.5919e+00 -1.5695e-01 +1.9661e+00 -1.6072e-01 +1.5242e+00 -2.5934e+00 +9.0242e-01 +5.9304e-01 +5.1571e-02 +1.9511e-01 +1.6059e+00 -2.9759e+00 +1.3987e-01 +2.0579e+00 -2.9304e+00 -6.4093e-01 -1.2018e+00 +1.5173e+00
2998 0 +6.023971200e+01 +2.767971200e+01 +2.767971200e+01 -3.4747e+00 +1.3561e+00 -1.7118e+00 -1.2889e-01 +2.0831e+00 -2.6328e-01 +1.2930e+00 -2.8101e+00 +1.3455e+00 +6.7556e-01 +3.4905e-01 +1.4451e-01 +1.3348e+00 -3.1303e+00 -1.0876e-01 +2.1846e+00 -3.5620e+00 -6.0614e-01 -7.3114e-01 +1.1991e+00
3632 0 +5.884985214e+01 +2.628985214e+01 +2.628985214e+01 -3.4176e+00 +1.3317e+00 -1.4333e+00 -5.5734e-02 +1.9376e+00 -2.8325e-01 +8.6975e-01 -2.6484e+00 +1.5082e+00 +6.7315e-01 +2.1282e-01 +2.2699e-01 +1.0846e+00 -3.0473e+00 -3.3898e-01 +1.7904e+00 -3.7963e+00 -3.6876e-01 +3.5912e-02 +1.0306e+00
3778 0 +5.740059309e+01 +2.484059309e+01 +2.484059309e+01 -3.3915e+00 +1.2435e+00 -1.1777e+00 +1.1340e-02 +1.8141e+00 -2.5382e-01 +9.0789e-01 -2.7277e+00 +1.5748e+00 +7.6006e-01 +4.0920e-01 -3.7118e-02 +1.0254e+00 -2.7546e+00 -1.7615e-01 +1.4986e+00 -3.6887e+00 -1.8622e-01 -2.9020e-01 +1.0296e+00
3824 0 +5.615009138e+01 +2.359009138e+01 +2.359009138e+01 -3.3721e+00 +1.1581e+00 -1.1783e+00 +7.5572e-02 +1.8671e+00 -2.2801e-01 +1.0518e+00 -2.6889e+00 +1.5823e+00 +7.9359e-01 +3.8851e-01 -2.3926e-01 +1.2409e+00 -2.8285e+00 -5.0659e-02 +1.4949e+00 -3.6530e+00 -6.0804e-02 -6.7221e-01 +1.0986e+00
3862 0 +5.475384082e+01 +2.219384082e+01 +2.219384082e+01 -3.3429e+00 +1.0124e+00 -1.0665e+00 +2.2935e-01 +1.8975e+00 -2.1492e-01 +1.0319e+00 -2.6904e+00 +1.8014e+00 +8.9554e-01 +5.0631e-01 -5.8249e-01 +1.3347e+00 -2.8331e+00 +1.8300e-02 +1.3342e+00 -3.8058e+00 +2.4282e-01 -9.3447e-01 +1.0419e+00
3889 0 +5.365642680e+01 +2.109642680e+01 +2.109642680e+01 -3.4921e+00 +9.9572e-01 -1.1081e+00 +3.2972e-01 +2.0548e+00 -2.3743e-01 +1.0465e+00 -2.8221e+00 +2.0783e+00 +9.9814e-01 +5.7783e-01 -7.9705e-01 +1.4653e+00 -3.0832e+00 +2.4068e-03 +1.3624e+00 -4.2184e+00 +4.3440e-01 -1.0206e+00 +1.0202e+00
3926 0 +5.233206247e+01 +1.977206247e+01 +1.977206247e+01 -3.3201e+00 +1.0332e+00 -1.1995e+00 +2.9295e-01 +2.1546e+00 -2.9772e-01 +1.1488e+00 -2.6231e+00 +2.1618e+00 +9.4847e-01 +2.7831e-01 -8.4055e-01 +1.7100e+00 -3.5140e+00 -7.5672e-02 +1.4443e+00 -4.5915e+00 +5.2442e-01 -7.8440e-01 +9.3459e-01
% f evaluations | g evaluations | best noise-free fitness - Fopt (5.154000000000e+02) + sum g_i+ | measured fitness | best measured fitness or single-digit g-values | x1 | x2...
1 0 +7.644921374e+01 +5.918492137e+02 +5.918492137e+02 +0.0000e+00 +0.0000e+00 +0.0000e+00 +0.0000e+00 +0.0000e+00 +0.0000e+00 +0.0000e+00 +0.0000e+00 +0.0000e+00 +0.0000e+00 +0.0000e+00 +0.0000e+00 +0.0000e+00 +0.0000e+00 +0.0000e+00 +0.0000e+00 +0.0000e+00 +0.0000e+00 +0.0000e+00 +0.0000e+00
3 0 +7.644882296e+01 +5.918488230e+02 +5.918488230e+02 +0.0000e+00 +2.5000e-04 +0.0000e+00 +0.0000e+00 +0.0000e+00 +0.0000e+00 +0.0000e+00 +0.0000e+00 +0.0000e+00 +0.0000e+00 +0.0000e+00 +0.0000e+00 +0.0000e+00 +0.0000e+00 +0.0000e+00 +0.0000e+00 +0.0000e+00 +0.0000e+00 +0.0000e+00 +0.0000e+00
325 0 +7.577146119e+01 +5.911714612e+02 +5.911714612e+02 -4.6315e-03 +5.1757e-02 -4.6060e-02 +2.4000e-02 +2.1368e-02 -9.4473e-02 -7.5777e-03 -2.8099e-02 +1.9692e-02 +5.6325e-02 +5.1031e-02 +2.7583e-02 +5.2186e-02 -1.0369e-02 +1.1157e-02 -2.2327e-02 -3.7445e-02 +4.7132e-02 -6.8480e-02 -2.3740e-02
405 0 +7.384809153e+01 +5.892480915e+02 +5.892480915e+02 -1.5702e-02 +1.9734e-01 -1.7351e-01 +8.9129e-02 +8.2924e-02 -3.5764e-01 -2.7676e-02 -1.0790e-01 +7.4825e-02 +2.1427e-01 +1.9542e-01 +1.0675e-01 +2.0310e-01 -3.9890e-02 +4.2175e-02 -8.7758e-02 -1.4250e-01 +1.7844e-01 -2.6739e-01 -9.1414e-02
431 0 +7.240413934e+01 +5.878041393e+02 +5.878041393e+02 -2.5255e-02 +3.0750e-01 -2.6896e-01 +1.3823e-01 +1.2898e-01 -5.5431e-01 -4.3626e-02 -1.6752e-01 +1.1628e-01 +3.3109e-01 +3.0512e-01 +1.6660e-01 +3.1597e-01 -6.1137e-02 +6.4767e-02 -1.3680e-01 -2.2129e-01 +2.7803e-01 -4.1754e-01 -1.4241e-01
458 0 +7.005320439e+01 +5.854532044e+02 +5.854532044e+02 -3.9771e-02 +4.8488e-01 -4.2526e-01 +2.1785e-01 +2.0307e-01 -8.7436e-01 -6.8365e-02 -2.6408e-01 +1.8358e-01 +5.2327e-01 +4.8052e-01 +2.6283e-01 +4.9744e-01 -9.6765e-02 +1.0304e-01 -2.1610e-01 -3.4920e-01 +4.3812e-01 -6.5565e-01 -2.2485e-01
467 0 +6.902282755e+01 +5.844228275e+02 +5.844228275e+02 -4.6432e-02 +5.6139e-01 -4.9212e-01 +2.5250e-01 +2.3616e-01 -1.0103e+00 -7.8471e-02 -3.0447e-01 +2.1380e-01 +6.0246e-01 +5.5417e-01 +3.0341e-01 +5.7485e-01 -1.1247e-01 +1.2003e-01 -2.5047e-01 -4.0326e-01 +5.0683e-01 -7.5882e-01 -2.6003e-01
484 0 +6.614867271e+01 +5.815486727e+02 +5.815486727e+02 -6.1418e-02 +7.5055e-01 -6.5848e-01 +3.3735e-01 +3.1465e-01 -1.3531e+00 -1.0438e-01 -4.0815e-01 +2.8542e-01 +8.0770e-01 +7.4165e-01 +4.0623e-01 +7.6940e-01 -1.5097e-01 +1.6026e-01 -3.3478e-01 -5.3931e-01 +6.7774e-01 -1.0131e+00 -3.4776e-01
492 0 +6.605576822e+01 +5.814557682e+02 +5.814557682e+02 -6.2081e-02 +7.5659e-01 -6.6244e-01 +3.3968e-01 +3.1749e-01 -1.3610e+00 -1.0564e-01 -4.1068e-01 +2.8735e-01 +8.1382e-01 +7.4723e-01 +4.0848e-01 +7.7490e-01 -1.5188e-01 +1.6176e-01 -3.3838e-01 -5.4290e-01 +6.8216e-01 -1.0230e+00 -3.5046e-01
493 0 +6.396366554e+01 +5.793636655e+02 +5.793636655e+02 -7.1827e-02 +8.7208e-01 -7.6324e-01 +3.9139e-01 +3.6587e-01 -1.5675e+00 -1.2162e-01 -4.7288e-01 +3.3118e-01 +9.3794e-01 +8.6101e-01 +4.7018e-01 +8.9259e-01 -1.7533e-01 +1.8684e-01 -3.9039e-01 -6.2533e-01 +7.8580e-01 -1.1789e+00 -4.0385e-01
502 0 +6.085591495e+01 +5.762559150e+02 +5.762559150e+02 -8.3893e-02 +1.0188e+00 -8.9151e-01 +4.5761e-01 +4.2737e-01 -1.8317e+00 -1.4227e-01 -5.5254e-01 +3.8673e-01 +1.0921e+00 +1.0060e+00 +5.5121e-01 +1.0414e+00 -2.0423e-01 +2.1727e-01 -4.5473e-01 -7.2996e-01 +9.1836e-01 -1.3759e+00 -4.7147e-01
511 0 +5.691289323e+01 +5.723128932e+02 +5.723128932e+02 -9.6449e-02 +1.1816e+00 -1.0346e+00 +5.3107e-01 +4.9642e-01 -2.1246e+00 -1.6412e-01 -6.4102e-01 +4.4959e-01 +1.2675e+00 +1.1651e+00 +6.3849e-01 +1.2083e+00 -2.3824e-01 +2.5303e-01 -5.2767e-01 -8.4560e-01 +1.0647e+00 -1.5967e+00 -5.4743e-01
520 0 +5.216060291e+01 +5.675606029e+02 +5.675606029e+02 -1.1315e-01 +1.3759e+00 -1.2049e+00 +6.1709e-01 +5.7689e-01 -2.4738e+00 -1.9133e-01 -7.4473e-01 +5.2209e-01 +1.4789e+00 +1.3569e+00 +7.4345e-01 +1.4066e+00 -2.7669e-01 +2.9312e-01 -6.1552e-01 -9.8482e-01 +1.2398e+00 -1.8577e+00 -6.3663e-01
529 0 +4.798674432e+01 +5.633867443e+02 +5.633867443e+02 -1.3110e-01 +1.5928e+00 -1.3945e+00 +7.1548e-01 +6.6819e-01 -2.8586e+00 -2.2082e-01 -8.6269e-01 +6.0589e-01 +1.7065e+00 +1.5689e+00 +8.6008e-01 +1.6237e+00 -3.2172e-01 +3.4212e-01 -7.1166e-01 -1.1363e+00 +1.4324e+00 -2.1491e+00 -7.3677e-01
537 0 +4.780860708e+01 +5.632086071e+02 +5.632086071e+02 -1.3208e-01 +1.6039e+00 -1.4046e+00 +7.2018e-01 +6.7269e-01 -2.8831e+00 -2.2223e-01 -8.6893e-01 +6.0978e-01 +1.7208e+00 +1.5818e+00 +8.6646e-01 +1.6388e+00 -3.2348e-01 +3.4318e-01 -7.1648e-01 -1.1476e+00 +1.4450e+00 -2.1647e+00 -7.4236e-01
538 0 +4.577298079e+01 +5.611729808e+02 +5.611729808e+02 -1.5170e-01 +1.8398e+00 -1.6117e+00 +8.2617e-01 +7.7149e-01 -3.3082e+00 -2.5453e-01 -9.9686e-01 +6.9965e-01 +1.9738e+00 +1.8151e+00 +9.9406e-01 +1.8798e+00 -3.7156e-01 +3.9378e-01 -8.2156e-01 -1.3165e+00 +1.6577e+00 -2.4819e+00 -8.5150e-01
547 0 +4.569229937e+01 +5.610922994e+02 +5.610922994e+02 -1.5354e-01 +1.8615e+00 -1.6290e+00 +8.3559e-01 +7.8078e-01 -3.3428e+00 -2.5843e-01 -1.0076e+00 +7.0716e-01 +1.9970e+00 +1.8354e+00 +1.0044e+00 +1.9006e+00 -3.7542e-01 +3.9884e-01 -8.3257e-01 -1.3306e+00 +1.6756e+00 -2.5127e+00 -8.6136e-01
910 0 +4.451141820e+01 +5.599114182e+02 +5.599114182e+02 -1.7693e-01 +1.9124e+00 -1.6352e+00 +8.4158e-01 +8.0816e-01 -3.3260e+00 -2.8991e-01 -1.0121e+00 +7.1511e-01 +2.0537e+00 +1.8831e+00 +9.8246e-01 +1.9239e+00 -3.7857e-01 +4.3214e-01 -8.8774e-01 -1.3482e+00 +1.6858e+00 -2.5997e+00 -8.7746e-01
947 0 +4.354561883e+01 +5.589456188e+02 +5.589456188e+02 -1.9806e-01 +1.9658e+00 -1.6481e+00 +8.5044e-01 +8.3596e-01 -3.3255e+00 -3.1854e-01 -1.0204e+00 +7.2555e-01 +2.1121e+00 +1.9325e+00 +9.6770e-01 +1.9521e+00 -3.8366e-01 +4.6333e-01 -9.4012e-01 -1.3688e+00 +1.7019e+00 -2.6877e+00 -8.9538e-01
976 0 +4.223926925e+01 +5.576392692e+02 +5.576392692e+02 -2.2954e-01 +2.0522e+00 -1.6704e+00 +8.6670e-01 +8.7992e-01 -3.3310e+00 -3.6211e-01 -1.0341e+00 +7.4260e-01 +2.2058e+00 +2.0091e+00 +9.4755e-01 +1.9988e+00 -3.9192e-01 +5.1156e-01 -1.0229e+00 -1.4021e+00 +1.7289e+00 -2.8301e+00 -9.2525e-01
985 0 +4.163513374e+01 +5.570351337e+02 +5.570351337e+02 -2.3765e-01 +2.0288e+00 -1.6300e+00 +8.4739e-01 +8.7347e-01 -3.2312e+00 -3.7182e-01 -1.0093e+00 +7.2794e-01 +2.1809e+00 +1.9836e+00 +9.0929e-01 +1.9589e+00 -3.8314e-01 +5.1816e-01 -1.0292e+00 -1.3746e+00 +1.6887e+00 -2.8081e+00 -9.1028e-01
1006 0 +4.033831193e+01 +5.557383119e+02 +5.557383119e+02 -2.7806e-01 +2.1421e+00 -1.6650e+00 +8.7051e-01 +9.3081e-01 -3.2536e+00 -4.2630e-01 -1.0310e+00 +7.5237e-01 +2.3041e+00 +2.0878e+00 +8.8813e-01 +2.0251e+00 -3.9549e-01 +5.7964e-01 -1.1333e+00 -1.4226e+00 +1.7300e+00 -2.9910e+00 -9.5015e-01
1014 0 +3.953852836e+01 +5.549385284e+02 +5.549385284e+02 -2.9665e-01 +2.1654e+00 -1.6473e+00 +8.6549e-01 +9.4583e-01 -3.1888e+00 -4.5202e-01 -1.0198e+00 +7.4954e-01 +2.3303e+00 +2.1040e+00 +8.5338e-01 +2.0194e+00 -3.9326e-01 +6.0553e-01 -1.1755e+00 -1.4186e+00 +1.7144e+00 -3.0413e+00 -9.5406e-01
1026 0 +3.861206257e+01 +5.540120626e+02 +5.540120626e+02 -3.2266e-01 +2.1963e+00 -1.6255e+00 +8.5788e-01 +9.6627e-01 -3.1051e+00 -4.8579e-01 -1.0060e+00 +7.4702e-01 +2.3634e+00 +2.1259e+00 +8.0854e-01 +2.0118e+00 -3.9087e-01 +6.3963e-01 -1.2295e+00 -1.4139e+00 +1.6954e+00 -3.1054e+00 -9.5849e-01
1038 0 +3.792217902e+01 +5.533221790e+02 +5.533221790e+02 -3.6265e-01 +2.3071e+00 -1.6572e+00 +8.8005e-01 +1.0226e+00 -3.1195e+00 -5.4053e-01 -1.0255e+00 +7.7010e-01 +2.4836e+00 +2.2263e+00 +7.8511e-01 +2.0743e+00 -4.0204e-01 +7.0075e-01 -1.3335e+00 -1.4588e+00 +1.7330e+00 -3.2864e+00 -9.9727e-01
1054 0 +3.713806664e+01 +5.525380666e+02 +5.525380666e+02 -3.8515e-01 +2.3110e+00 -1.6134e+00 +8.6152e-01 +1.0312e+00 -2.9932e+00 -5.6963e-01 -9.9827e-01 +7.5745e-01 +2.4887e+00 +2.2229e+00 +7.2803e-01 +2.0414e+00 -3.9428e-01 +7.2791e-01 -1.3745e+00 -1.4363e+00 +1.6917e+00 -3.3144e+00 -9.8991e-01
1066 0 +3.611650524e+01 +5.515165052e+02 +5.515165052e+02 -4.7309e-01 +2.4578e+00 -1.5833e+00 +8.6056e-01 +1.1166e+00 -2.8102e+00 -6.8594e-01 -9.7949e-01 +7.6636e-01 +2.6517e+00 +2.3487e+00 +6.0429e-01 +2.0697e+00 -3.9689e-01 +8.5065e-01 -1.5729e+00 -1.4595e+00 +1.6735e+00 -3.5877e+00 -1.0274e+00
1518 0 +3.546248657e+01 +5.508624866e+02 +5.508624866e+02 -5.5510e-01 +2.3955e+00 -1.4531e+00 +8.0434e-01 +1.1222e+00 -2.4506e+00 -7.5414e-01 -8.9843e-01 +7.2831e-01 +2.6115e+00 +2.3770e+00 +4.0605e-01 +1.9684e+00 -3.7747e-01 +9.3153e-01 -1.6356e+00 -1.4273e+00 +1.5564e+00 -3.5226e+00 -9.8255e-01
1634 0 +3.465106579e+01 +5.500510658e+02 +5.500510658e+02 -6.8087e-01 +2.1968e+00 -1.4482e+00 +8.0574e-01 +1.1020e+00 -2.4231e+00 -7.5771e-01 -8.9064e-01 +7.3666e-01 +2.5049e+00 +2.6400e+00 +2.1313e-01 +1.9879e+00 -3.9607e-01 +1.0154e+00 -1.5266e+00 -1.6001e+00 +1.5845e+00 -3.1019e+00 -9.1776e-01
2154 0 +3.388303154e+01 +5.492830315e+02 +5.492830315e+02 -8.7494e-01 +2.4731e+00 -1.7502e+00 +9.0308e-01 +1.3341e+00 -2.4471e+00 -8.1852e-01 -9.2117e-01 +9.5454e-01 +2.3528e+00 +2.6297e+00 +3.6310e-01 +1.9258e+00 -4.1230e-01 +1.1191e+00 -1.5588e+00 -1.6035e+00 +1.7795e+00 -3.3426e+00 -9.7747e-01
2785 0 +3.306095664e+01 +5.484609566e+02 +5.484609566e+02 -8.5865e-01 +2.3864e+00 -1.5781e+00 +9.4093e-01 +1.2422e+00 -2.3210e+00 -7.5366e-01 -8.1233e-01 +8.6500e-01 +2.3879e+00 +2.6172e+00 +2.3059e-01 +1.9638e+00 -4.1150e-01 +1.1554e+00 -1.6231e+00 -1.6453e+00 +1.7002e+00 -3.3068e+00 -1.0047e+00
2853 0 +3.233184429e+01 +5.477318443e+02 +5.477318443e+02 -1.0032e+00 +2.4324e+00 -1.5644e+00 +1.0587e+00 +1.2813e+00 -2.2323e+00 -7.3753e-01 -7.2068e-01 +8.9351e-01 +2.4001e+00 +2.7650e+00 +8.5627e-02 +2.0425e+00 -4.3653e-01 +1.3154e+00 -1.7372e+00 -1.7993e+00 +1.7580e+00 -3.3576e+00 -1.0755e+00
2926 0 +3.153789106e+01 +5.469378911e+02 +5.469378911e+02 -1.1509e+00 +2.4601e+00 -1.6658e+00 +1.1974e+00 +1.3350e+00 -2.3293e+00 -6.8918e-01 -6.8457e-01 +9.7540e-01 +2.3337e+00 +2.9329e+00 +3.4446e-02 +2.1359e+00 -4.7398e-01 +1.4407e+00 -1.7432e+00 -1.9889e+00 +1.9007e+00 -3.2910e+00 -1.1360e+00
2979 0 +3.077604673e+01 +5.461760467e+02 +5.461760467e+02 -1.1789e+00 +2.3328e+00 -1.6452e+00 +1.3377e+00 +1.2464e+00 -2.5461e+00 -5.4202e-01 -6.3073e-01 +9.5604e-01 +2.3118e+00 +3.0814e+00 -3.4825e-02 +2.3029e+00 -5.1476e-01 +1.4919e+00 -1.6894e+00 -2.2136e+00 +1.9919e+00 -3.0606e+00 -1.1906e+00
3997 0 +3.018157511e+01 +5.455815751e+02 +5.455815751e+02 -1.2108e+00 +2.3481e+00 -1.5875e+00 +1.5236e+00 +1.1825e+00 -2.5765e+00 -3.6473e-01 -5.2478e-01 +9.5501e-01 +2.1463e+00 +2.9527e+00 +7.1054e-03 +2.3819e+00 -5.3685e-01 +1.5792e+00 -1.7086e+00 -2.3129e+00 +2.0385e+00 -3.0485e+00 -1.3199e+00
% f evaluations | g evaluations | best noise-free fitness - Fopt (1.559800000000e+02) + sum g_i+ | measured fitness | best measured fitness or single-digit g-values | x1 | x2...
1 0 +8.144666338e+01 +2.374266634e+02 +2.374266634e+02 +0.0000e+00 +0.0000e+00 +0.0000e+00 +0.0000e+00 +0.0000e+00 +0.0000e+00 +0.0000e+00 +0.0000e+00 +0.0000e+00 +0.0000e+00 +0.0000e+00 +0.0000e+00 +0.0000e+00 +0.0000e+00 +0.0000e+00 +0.0000e+00 +0.0000e+00 +0.0000e+00 +0.0000e+00 +0.0000e+00
2 0 +8.144643731e+01 +2.374264373e+02 +2.374264373e+02 +2.5000e-04 +0.0000e+00 +0.0000e+00 +0.0000e+00 +0.0000e+00 +0.0000e+00 +0.0000e+00 +0.0000e+00 +0.0000e+00 +0.0000e+00 +0.0000e+00 +0.0000e+00 +0.0000e+00 +0.0000e+00 +0.0000e+00 +0.0000e+00 +0.0000e+00 +0.0000e+00 +0.0000e+00 +0.0000e+00
297 0 +8.126847425e+01 +2.372484743e+02 +2.372484743e+02 +3.5365e-02 -1.6267e-02 +2.5009e-02 -2.0789e-02 -8.3985e-03 +1.8080e-04 +1.6282e-02 +1.7833e-03 -1.4546e-02 +2.4019e-02 -2.5444e-02 -6.8214e-02 +1.3268e-02 +2.0593e-03 +1.3724e-02 -1.4258e-02 +2.0586e-02 -6.2551e-03 +1.0076e-02 +1.1452e-02
448 0 +7.917264254e+01 +2.351526425e+02 +2.351526425e+02 +4.3377e-01 -1.7089e-01 +2.8531e-01 -2.0506e-01 -9.1995e-02 -1.2778e-03 +1.6947e-01 +2.0650e-02 -1.9976e-01 +2.8932e-01 -3.0630e-01 -7.8447e-01 +1.5325e-01 +1.2730e-02 +1.5166e-01 -1.7216e-01 +2.1065e-01 -9.2541e-02 +1.3094e-01 +1.5823e-01
484 0 +7.723417269e+01 +2.332141727e+02 +2.332141727e+02 +7.8650e-01 -3.1169e-01 +5.1826e-01 -3.6692e-01 -1.6542e-01 -3.5084e-03 +3.0635e-01 +3.8214e-02 -3.6726e-01 +5.2386e-01 -5.4920e-01 -1.4160e+00 +2.7551e-01 +2.0769e-02 +2.7267e-01 -3.1185e-01 +3.7603e-01 -1.7109e-01 +2.3971e-01 +2.9027e-01
501 0 +7.584546168e+01 +2.318254617e+02 +2.318254617e+02 +1.0479e+00 -4.1422e-01 +6.9118e-01 -4.8934e-01 -2.2119e-01 -5.6162e-03 +4.0836e-01 +5.0960e-02 -4.9036e-01 +6.9925e-01 -7.3497e-01 -1.8880e+00 +3.6799e-01 +2.7282e-02 +3.6437e-01 -4.1682e-01 +5.0248e-01 -2.2769e-01 +3.2010e-01 +3.8806e-01
519 0 +7.410858111e+01 +2.300885811e+02 +2.300885811e+02 +1.4200e+00 -5.6054e-01 +9.3530e-01 -6.6259e-01 -2.9985e-01 -5.6902e-03 +5.5251e-01 +6.9897e-02 -6.6293e-01 +9.4662e-01 -9.9339e-01 -2.5564e+00 +4.9798e-01 +3.7755e-02 +4.9280e-01 -5.6279e-01 +6.7671e-01 -3.0921e-01 +4.3247e-01 +5.2418e-01
537 0 +7.236340341e+01 +2.283434034e+02 +2.283434034e+02 +1.9212e+00 -7.5756e-01 +1.2658e+00 -8.9327e-01 -4.0484e-01 -8.8598e-03 +7.4655e-01 +9.2942e-02 -8.9902e-01 +1.2815e+00 -1.3441e+00 -3.4578e+00 +6.7329e-01 +4.9129e-02 +6.6652e-01 -7.6235e-01 +9.1432e-01 -4.1859e-01 +5.8675e-01 +7.1141e-01
973 0 +7.074559603e+01 +2.267255960e+02 +2.267255960e+02 +2.5395e+00 -1.0943e+00 +1.6577e+00 -9.5835e-01 -4.8083e-01 -1.7159e-01 +9.8640e-01 +1.7816e-01 -1.4214e+00 +1.7372e+00 -1.7279e+00 -4.6491e+00 +9.5934e-01 -2.7817e-03 +9.2621e-01 -1.2109e+00 +1.3266e+00 -6.5839e-01 +8.5412e-01 +1.0789e+00
1328 0 +6.917441326e+01 +2.251544133e+02 +2.251544133e+02 +2.2211e+00 -1.3357e+00 +1.3594e+00 +2.1684e-01 -1.8756e-01 -8.6807e-01 +8.5555e-01 +3.8913e-01 -2.2711e+00 +1.7226e+00 -1.3098e+00 -4.4627e+00 +1.1637e+00 -3.0397e-01 +1.0150e+00 -1.9812e+00 +1.6910e+00 -1.0497e+00 +1.0935e+00 +1.5510e+00
1478 0 +6.737159799e+01 +2.233515980e+02 +2.233515980e+02 +2.2229e+00 -7.7019e-01 +1.0684e+00 +7.5196e-01 -3.7722e-01 -7.9067e-01 +8.5269e-01 +2.0864e-01 -1.7669e+00 +1.8246e+00 -1.5267e+00 -4.9368e+00 +1.3055e+00 -2.5319e-01 +1.0229e+00 -1.8404e+00 +1.5395e+00 -1.0515e+00 +9.3068e-01 +1.1897e+00
1524 0 +6.601870324e+01 +2.219987032e+02 +2.219987032e+02 +2.0875e+00 -1.9489e-01 +6.1434e-01 +1.7821e+00 -4.8775e-01 -9.4190e-01 +7.8936e-01 +7.4020e-02 -1.4654e+00 +1.9158e+00 -1.6124e+00 -5.3586e+00 +1.5262e+00 -2.9925e-01 +1.0517e+00 -1.9328e+00 +1.4813e+00 -1.1825e+00 +8.1753e-01 +9.2557e-01
1946 0 +6.452017424e+01 +2.205001742e+02 +2.205001742e+02 +2.1107e+00 +1.9662e-01 +2.6647e-01 +2.0885e+00 -6.1678e-01 -8.3525e-01 +4.9985e-01 +6.1966e-03 -7.4181e-01 +1.8333e+00 -1.8164e+00 -5.1317e+00 +1.4813e+00 -2.3044e-01 +9.8960e-01 -1.6968e+00 +1.4483e+00 -1.1224e+00 +5.9315e-01 +4.1743e-01
1997 0 +6.285206160e+01 +2.188320616e+02 +2.188320616e+02 +2.4075e+00 +8.7489e-02 +1.9142e-01 +2.2177e+00 -6.4953e-01 -9.2166e-01 +2.4882e-01 +1.1306e-01 -5.6882e-01 +1.8841e+00 -2.0485e+00 -5.0773e+00 +1.4935e+00 -2.4411e-01 +1.0463e+00 -1.8247e+00 +1.7529e+00 -1.2176e+00 +5.9067e-01 +2.8270e-01
2022 0 +6.155062579e+01 +2.175306258e+02 +2.175306258e+02 +2.8077e+00 -8.1986e-02 +2.5197e-01 +2.0117e+00 -7.1663e-01 -8.8660e-01 +4.2483e-02 +2.0968e-01 -3.3504e-01 +1.9517e+00 -2.3599e+00 -5.0679e+00 +1.4597e+00 -2.0704e-01 +1.1006e+00 -1.8439e+00 +2.0332e+00 -1.2451e+00 +5.8281e-01 +1.3375e-01
2136 0 +6.025527783e+01 +2.162352778e+02 +2.162352778e+02 +3.4064e+00 -5.8241e-01 +2.5868e-01 +2.0730e+00 -6.8627e-01 -1.1348e+00 -4.0677e-01 +5.0860e-01 -3.2905e-01 +2.0459e+00 -2.7126e+00 -4.8624e+00 +1.4599e+00 -2.7564e-01 +1.2341e+00 -2.2284e+00 +2.7270e+00 -1.4667e+00 +6.8747e-01 +1.0049e-01
2609 0 +5.884365994e+01 +2.148236599e+02 +2.148236599e+02 +3.6387e+00 -6.9834e-01 -1.0333e-01 +2.0403e+00 -8.3192e-01 -1.0581e+00 -1.3308e-01 +5.8120e-01 -1.7526e-01 +2.1006e+00 -2.5021e+00 -4.8468e+00 +1.6090e+00 -1.7690e-01 +1.3216e+00 -2.0283e+00 +2.4127e+00 -1.6017e+00 +5.0544e-01 -1.6399e-01
3354 0 +5.753478319e+01 +2.135147832e+02 +2.135147832e+02 +3.7114e+00 -7.8396e-01 -5.4593e-01 +2.1164e+00 -1.0082e+00 -1.0329e+00 -6.0352e-02 +6.7044e-01 -1.1315e-01 +1.9970e+00 -2.4387e+00 -4.2423e+00 +1.6977e+00 -1.4352e-01 +1.3684e+00 -1.8744e+00 +2.1545e+00 -1.7514e+00 +3.6880e-01 -2.8747e-01
3480 0 +5.623010583e+01 +2.122101058e+02 +2.122101058e+02 +3.9091e+00 -1.1607e+00 -5.1879e-01 +1.8245e+00 -1.1479e+00 -1.0694e+00 -2.8444e-02 +8.1040e-01 -5.6219e-01 +1.9628e+00 -2.6909e+00 -3.7353e+00 +1.7519e+00 -1.9002e-01 +1.4681e+00 -1.9880e+00 +2.2257e+00 -1.9079e+00 +5.0483e-01 +8.3704e-02
3577 0 +5.484551304e+01 +2.108255130e+02 +2.108255130e+02 +3.8965e+00 -9.0595e-01 -6.5769e-01 +1.9339e+00 -1.4393e+00 -9.6464e-01 +1.8193e-01 +6.8620e-01 -6.7195e-01 +2.0070e+00 -3.0102e+00 -3.7998e+00 +1.9276e+00 -1.8081e-01 +1.5327e+00 -1.8919e+00 +1.9551e+00 -1.9844e+00 +5.0737e-01 +2.3339e-01
% f evaluations | g evaluations | best noise-free fitness - Fopt (-1.764600000000e+02) + sum g_i+ | measured fitness | best measured fitness or single-digit g-values | x1 | x2...
1 0 +7.942682289e+01 -9.703317711e+01 -9.703317711e+01 +0.0000e+00 +0.0000e+00 +0.0000e+00 +0.0000e+00 +0.0000e+00 +0.0000e+00 +0.0000e+00 +0.0000e+00 +0.0000e+00 +0.0000e+00 +0.0000e+00 +0.0000e+00 +0.0000e+00 +0.0000e+00 +0.0000e+00 +0.0000e+00 +0.0000e+00 +0.0000e+00 +0.0000e+00 +0.0000e+00
2 0 +7.942682044e+01 -9.703317956e+01 -9.703317956e+01 +2.5000e-04 +0.0000e+00 +0.0000e+00 +0.0000e+00 +0.0000e+00 +0.0000e+00 +0.0000e+00 +0.0000e+00 +0.0000e+00 +0.0000e+00 +0.0000e+00 +0.0000e+00 +0.0000e+00 +0.0000e+00 +0.0000e+00 +0.0000e+00 +0.0000e+00 +0.0000e+00 +0.0000e+00 +0.0000e+00
439 0 +7.741524314e+01 -9.904475686e+01 -9.904475686e+01 -3.2538e-01 +5.8335e-02 +1.2704e-05 +1.0348e-01 +2.8660e-01 -5.8342e-04 -1.7403e-02 +8.9319e-02 -3.7239e-01 +1.2246e-01 +9.1307e-02 +2.9080e-01 -4.9299e-01 +4.1507e-01 -8.2151e-02 +2.0425e-01 +1.0756e-01 -2.5470e-01 -1.1503e-01 -2.5762e-01
484 0 +7.580764056e+01 -1.006523594e+02 -1.006523594e+02 -6.6404e-01 +1.1835e-01 +6.8190e-06 +2.1399e-01 +5.8976e-01 -5.1854e-04 -3.7120e-02 +1.8322e-01 -7.6388e-01 +2.5145e-01 +1.8346e-01 +5.9412e-01 -1.0118e+00 +8.6034e-01 -1.6933e-01 +4.1314e-01 +2.2292e-01 -5.2609e-01 -2.3354e-01 -5.3344e-01
1088 0 +7.413068281e+01 -1.023293172e+02 -1.023293172e+02 -1.0187e+00 +1.0904e+00 -3.1570e-01 -6.5519e-02 +1.1723e+00 +1.8321e-01 -1.1170e-01 +4.5741e-01 -1.9389e+00 +5.7242e-01 +1.2311e+00 +1.1167e+00 -2.0720e+00 +9.4784e-01 -2.3187e-01 -2.1119e-02 +3.2013e-01 -8.0694e-01 -4.4376e-01 -5.4397e-01
2269 0 +7.243188952e+01 -1.040281105e+02 -1.040281105e+02 -9.6598e-01 +6.9227e-02 -6.1666e-01 -4.5964e-02 +1.4330e+00 +1.0774e-01 -7.7076e-01 +9.9527e-01 -2.1529e+00 +1.0586e+00 +2.2050e+00 +1.4314e+00 -2.2583e+00 +1.4565e+00 -1.1969e+00 -1.2879e+00 +4.1168e-01 +6.4049e-01 -2.1145e-01 -7.6127e-01
% f evaluations | g evaluations | best noise-free fitness - Fopt (1.195800000000e+02) + sum g_i+ | measured fitness | best measured fitness or single-digit g-values | x1 | x2...
1 0 +8.044350029e+01 +2.000235003e+02 +2.000235003e+02 +0.0000e+00 +0.0000e+00 +0.0000e+00 +0.0000e+00 +0.0000e+00 +0.0000e+00 +0.0000e+00 +0.0000e+00 +0.0000e+00 +0.0000e+00 +0.0000e+00 +0.0000e+00 +0.0000e+00 +0.0000e+00 +0.0000e+00 +0.0000e+00 +0.0000e+00 +0.0000e+00 +0.0000e+00 +0.0000e+00
5 0 +8.044339862e+01 +2.000233986e+02 +2.000233986e+02 +0.0000e+00 +0.0000e+00 +0.0000e+00 +2.5000e-04 +0.0000e+00 +0.0000e+00 +0.0000e+00 +0.0000e+00 +0.0000e+00 +0.0000e+00 +0.0000e+00 +0.0000e+00 +0.0000e+00 +0.0000e+00 +0.0000e+00 +0.0000e+00 +0.0000e+00 +0.0000e+00 +0.0000e+00 +0.0000e+00
409 0 +7.931942110e+01 +1.988994211e+02 +1.988994211e+02 +3.7989e-02 -3.4565e-02 -6.7951e-02 +8.0647e-02 +4.7725e-02 -6.2979e-02 -1.5866e-01 +1.1758e-01 +1.8329e-01 +1.8989e-02 +2.3390e-01 +8.3102e-02 -1.5064e-01 -9.4708e-02 +2.8865e-02 -1.1412e-01 +1.4229e-01 -4.9397e-02 +1.0080e-01 -3.2359e-01
471 0 +7.720986701e+01 +1.967898670e+02 +1.967898670e+02 +1.0827e-01 -9.6137e-02 -1.9148e-01 +2.3075e-01 +1.3581e-01 -1.7757e-01 -4.4932e-01 +3.3128e-01 +5.1730e-01 +5.3755e-02 +6.6195e-01 +2.3398e-01 -4.2924e-01 -2.6922e-01 +7.9596e-02 -3.2486e-01 +4.0387e-01 -1.3752e-01 +2.8601e-01 -9.1527e-01
497 0 +7.551799064e+01 +1.950979906e+02 +1.950979906e+02 +1.6600e-01 -1.4790e-01 -2.9575e-01 +3.5543e-01 +2.0854e-01 -2.7373e-01 -6.9493e-01 +5.1344e-01 +8.0168e-01 +8.2573e-02 +1.0234e+00 +3.6033e-01 -6.6374e-01 -4.1704e-01 +1.2367e-01 -5.0343e-01 +6.2241e-01 -2.1173e-01 +4.4391e-01 -1.4145e+00
515 0 +7.403136301e+01 +1.936113630e+02 +1.936113630e+02 +2.2595e-01 -2.0151e-01 -4.0159e-01 +4.8186e-01 +2.8258e-01 -3.6825e-01 -9.4076e-01 +6.9534e-01 +1.0866e+00 +1.1123e-01 +1.3875e+00 +4.8716e-01 -8.9994e-01 -5.6436e-01 +1.6712e-01 -6.8202e-01 +8.4358e-01 -2.8612e-01 +6.0068e-01 -1.9169e+00
542 0 +7.190420993e+01 +1.914842099e+02 +1.914842099e+02 +3.5241e-01 -3.1215e-01 -6.2673e-01 +7.5142e-01 +4.3984e-01 -5.7446e-01 -1.4674e+00 +1.0839e+00 +1.6961e+00 +1.7422e-01 +2.1671e+00 +7.5761e-01 -1.4070e+00 -8.7862e-01 +2.6217e-01 -1.0659e+00 +1.3161e+00 -4.4757e-01 +9.3834e-01 -2.9931e+00
1011 0 +7.075226273e+01 +1.903322627e+02 +1.903322627e+02 +3.5033e-01 -2.4461e-01 -6.3370e-01 +9.3853e-01 +3.8774e-01 -1.3444e+00 -1.8692e+00 +1.3860e+00 +2.1120e+00 +2.5819e-01 +2.6054e+00 +9.9320e-01 -1.7510e+00 -8.8779e-01 +3.5384e-01 -1.2413e+00 +1.6699e+00 -6.0855e-01 +1.2341e+00 -3.6339e+00
1452 0 +6.907573623e+01 +1.886557362e+02 +1.886557362e+02 +1.2335e-01 +2.6152e-01 -4.0392e-01 +1.1624e+00 +1.4324e-01 -2.6450e+00 -1.7147e+00 +1.5291e+00 +2.1308e+00 +2.7413e-01 +2.7830e+00 +1.0840e+00 -2.0989e+00 -5.7479e-01 +4.1779e-01 -1.4784e+00 +1.8513e+00 -7.7553e-01 +1.5206e+00 -3.9337e+00
1531 0 +6.751820164e+01 +1.870982016e+02 +1.870982016e+02 -2.0904e-01 +1.0945e+00 -2.6184e-01 +1.5161e+00 +9.2582e-02 -2.9445e+00 -5.2956e-01 +1.3720e+00 +1.5720e+00 +4.8406e-02 +2.9873e+00 +8.1133e-01 -2.5968e+00 -4.1968e-01 +3.6078e-01 -2.2202e+00 +1.7232e+00 -8.2407e-01 +1.6729e+00 -4.1815e+00
2577 0 +6.604643631e+01 +1.856264363e+02 +1.856264363e+02 +1.3467e-01 +9.2198e-01 -6.3600e-01 +1.6479e+00 +8.3573e-01 -2.9275e+00 +2.6365e-01 +1.0947e+00 +1.2198e+00 -3.7925e-01 +2.4840e+00 +8.4979e-01 -2.6656e+00 -9.0881e-01 +3.6378e-01 -2.2178e+00 +1.9354e+00 -3.0493e-02 +1.2484e+00 -4.1696e+00
2667 0 +6.451938430e+01 +1.840993843e+02 +1.840993843e+02 -2.0643e-02 +3.7135e-01 -7.9875e-01 +1.0532e+00 +1.0179e+00 -2.6342e+00 +1.0242e+00 +1.0260e+00 +1.3389e+00 -9.0854e-01 +2.3980e+00 +1.1428e+00 -2.0290e+00 -6.9831e-01 +2.7971e-01 -1.9424e+00 +1.5743e+00 +1.4111e-01 +1.0293e+00 -4.0778e+00
2759 0 +6.297507150e+01 +1.825550715e+02 +1.825550715e+02 -7.7425e-02 +2.1924e-02 -9.3450e-01 +8.3635e-01 +1.1157e+00 -3.1182e+00 +1.0649e+00 +1.2581e+00 +1.8197e+00 -1.1543e+00 +2.7169e+00 +1.5567e+00 -1.9165e+00 -6.0614e-01 +3.1540e-01 -1.8788e+00 +1.6923e+00 +1.2506e-01 +1.1386e+00 -4.5868e+00
3618 0 +6.165140334e+01 +1.812314033e+02 +1.812314033e+02 -2.0315e-01 +1.1695e-01 -1.0352e+00 +8.2510e-01 +1.1836e+00 -3.5565e+00 +1.8592e+00 +1.4220e+00 +1.9019e+00 -1.5106e+00 +3.1105e+00 +1.5976e+00 -2.1672e+00 -4.5957e-01 +2.3163e-01 -2.3018e+00 +1.6294e+00 +1.5912e-01 +1.2729e+00 -4.9250e+00
3705 0 +6.010968802e+01 +1.796896880e+02 +1.796896880e+02 -6.7484e-02 -1.0533e-01 -1.0589e+00 +6.8673e-01 +1.0453e+00 -3.3716e+00 +1.5988e+00 +1.5796e+00 +2.0521e+00 -1.4071e+00 +3.1440e+00 +1.4305e+00 -2.1289e+00 -3.9165e-01 +1.2855e-01 -2.2139e+00 +1.4830e+00 +1.1648e-01 +1.2646e+00 -4.5173e+00
3755 0 +5.886374698e+01 +1.784437470e+02 +1.784437470e+02 +1.3559e-01 -4.4709e-01 -1.1934e+00 +5.2027e-01 +9.9882e-01 -2.9666e+00 +1.4456e+00 +1.7858e+00 +2.2616e+00 -1.3807e+00 +3.2851e+00 +1.2336e+00 -2.1318e+00 -4.0493e-01 -1.8580e-02 -2.2132e+00 +1.3070e+00 +1.3029e-01 +1.2366e+00 -4.1496e+00
3787 0 +5.746601228e+01 +1.770460123e+02 +1.770460123e+02 +3.1442e-01 -3.6024e-01 -1.2978e+00 +6.7384e-01 +1.0299e+00 -2.8046e+00 +1.6664e+00 +1.8981e+00 +2.1748e+00 -1.3789e+00 +3.4270e+00 +8.9241e-01 -2.4996e+00 -5.0692e-01 -1.5060e-01 -2.5487e+00 +1.2425e+00 +2.2961e-01 +1.2484e+00 -3.9316e+00
3830 0 +5.618859680e+01 +1.757685968e+02 +1.757685968e+02 +6.3370e-01 -3.7664e-01 -1.4827e+00 +8.0842e-01 +1.1553e+00 -2.9892e+00 +2.0290e+00 +2.0776e+00 +2.1116e+00 -1.4734e+00 +3.4569e+00 +5.2340e-01 -2.9294e+00 -6.1246e-01 -3.2753e-01 -2.8481e+00 +1.2125e+00 +5.3623e-01 +1.1886e+00 -3.5244e+00
% f evaluations | g evaluations | best noise-free fitness - Fopt (1.460000000000e+01) + sum g_i+ | measured fitness | best measured fitness or single-digit g-values | x1 | x2...
1 0 +8.107103099e+01 +9.567103099e+01 +9.567103099e+01 +0.0000e+00 +0.0000e+00 +0.0000e+00 +0.0000e+00 +0.0000e+00 +0.0000e+00 +0.0000e+00 +0.0000e+00 +0.0000e+00 +0.0000e+00 +0.0000e+00 +0.0000e+00 +0.0000e+00 +0.0000e+00 +0.0000e+00 +0.0000e+00 +0.0000e+00 +0.0000e+00 +0.0000e+00 +0.0000e+00
6 0 +8.107089591e+01 +9.567089591e+01 +9.567089591e+01 +0.0000e+00 +0.0000e+00 +0.0000e+00 +0.0000e+00 +2.5000e-04 +0.0000e+00 +0.0000e+00 +0.0000e+00 +0.0000e+00 +0.0000e+00 +0.0000e+00 +0.0000e+00 +0.0000e+00 +0.0000e+00 +0.0000e+00 +0.0000e+00 +0.0000e+00 +0.0000e+00 +0.0000e+00 +0.0000e+00
426 0 +7.931854171e+01 +9.391854171e+01 +9.391854171e+01 -7.7608e-02 -6.5023e-01 +8.2544e-02 +3.8552e-02 +3.7504e-01 +2.0484e-01 +2.3311e-01 +2.1565e-01 -2.0839e-01 +3.3914e-02 -1.8849e-01 +1.7999e-01 +5.9613e-02 +6.7457e-02 +1.8111e-01 -1.0776e-01 +1.3924e-02 -1.6942e-01 +2.7497e-01 -5.1868e-01
470 0 +7.756341872e+01 +9.216341872e+01 +9.216341872e+01 -1.6229e-01 -1.3689e+00 +1.7250e-01 +8.1081e-02 +7.8915e-01 +4.3108e-01 +4.8790e-01 +4.5156e-01 -4.3329e-01 +7.1200e-02 -3.9372e-01 +3.7716e-01 +1.2436e-01 +1.4042e-01 +3.7837e-01 -2.2441e-01 +2.7238e-02 -3.5556e-01 +5.7916e-01 -1.0869e+00
506 0 +7.579115139e+01 +9.039115139e+01 +9.039115139e+01 -2.9412e-01 -2.4843e+00 +3.1036e-01 +1.4707e-01 +1.4254e+00 +7.7786e-01 +8.8006e-01 +8.1483e-01 -7.8015e-01 +1.2889e-01 -7.0558e-01 +6.8014e-01 +2.2452e-01 +2.5302e-01 +6.8212e-01 -4.0438e-01 +4.7571e-02 -6.4234e-01 +1.0488e+00 -1.9571e+00
948 0 +7.400233198e+01 +8.860233198e+01 +8.860233198e+01 -2.4717e-01 -2.7917e+00 +5.2555e-01 +1.7740e-02 +2.0829e+00 +1.0385e+00 +1.4115e+00 +1.5280e+00 -1.0109e+00 -8.9320e-03 -9.0517e-01 +9.4362e-01 +3.8742e-01 +2.8074e-01 +8.6233e-01 -5.1305e-01 -1.6305e-01 -1.0283e+00 +1.1106e+00 -2.9073e+00
1012 0 +7.229532563e+01 +8.689532563e+01 +8.689532563e+01 +7.0474e-03 -2.0387e+00 +7.6944e-01 -3.1188e-01 +2.5660e+00 +1.1149e+00 +1.9549e+00 +2.4569e+00 -1.0299e+00 -3.4538e-01 -9.0387e-01 +1.0812e+00 +5.7982e-01 +1.9790e-01 +8.4377e-01 -5.0081e-01 -5.9636e-01 -1.4171e+00 +6.5183e-01 -3.6648e+00
1559 0 +7.078381611e+01 +8.538381611e+01 +8.538381611e+01 +4.1742e-01 -1.6281e+00 +8.2947e-01 -6.8743e-01 +1.0381e+00 +1.0426e+00 +2.1141e+00 +3.0735e+00 -1.2684e+00 -7.2901e-01 -2.2695e-01 +1.2509e+00 +7.6224e-01 +6.1763e-01 +7.8997e-01 -4.4264e-01 -7.6981e-01 -1.5282e+00 +1.0075e+00 -3.8682e+00
2510 0 +6.912684586e+01 +8.372684586e+01 +8.372684586e+01 +2.6069e-01 -4.5626e-01 +7.4675e-01 -1.3811e+00 +1.0709e+00 +1.2129e+00 +2.8005e+00 +3.5590e+00 -1.8335e+00 -7.1780e-01 -1.0239e+00 +1.4505e+00 +1.0044e+00 +5.7391e-01 +1.1030e-01 -1.4261e+00 -6.5707e-01 -1.7150e+00 +8.8244e-01 -4.1533e+00
3212 0 +6.758564049e+01 +8.218564049e+01 +8.218564049e+01 +3.2063e-01 -9.2896e-01 +5.7258e-01 -1.6319e+00 +7.6364e-01 +1.2748e+00 +3.1676e+00 +3.4754e+00 -2.4186e+00 -4.7304e-01 -1.3366e+00 +1.7918e+00 +1.1313e+00 +8.9360e-01 -4.5435e-02 -2.2673e+00 -4.5312e-01 -1.3320e+00 +7.7694e-01 -4.1220e+00
3279 0 +6.597244513e+01 +8.057244513e+01 +8.057244513e+01 +7.2940e-01 -1.0089e+00 +4.2740e-01 -1.8545e+00 +9.5451e-01 +1.0550e+00 +3.4904e+00 +3.5006e+00 -2.4651e+00 -4.2143e-01 -1.1070e+00 +2.0310e+00 +1.1647e+00 +1.1933e+00 -4.3308e-02 -2.6959e+00 -5.9720e-01 -8.0853e-01 -8.3725e-02 -4.0529e+00
3329 0 +6.426198115e+01 +7.886198115e+01 +7.886198115e+01 +8.4336e-01 -1.4424e+00 +2.0805e-01 -1.8767e+00 +1.3829e+00 +8.5585e-01 +3.5214e+00 +3.2171e+00 -2.2331e+00 -3.3829e-01 -7.9095e-01 +2.1023e+00 +1.0282e+00 +1.4600e+00 +2.9805e-02 -2.8083e+00 -5.3476e-01 -4.5878e-01 -2.8334e-01 -3.9747e+00
3361 0 +6.276216176e+01 +7.736216176e+01 +7.736216176e+01 +6.3983e-01 -1.7004e+00 -1.1299e-01 -1.9538e+00 +1.8067e+00 +7.1816e-01 +3.4555e+00 +2.7752e+00 -1.9645e+00 -2.2243e-01 -6.5443e-01 +2.0617e+00 +8.2565e-01 +1.6740e+00 -1.0278e-01 -2.9618e+00 -2.2815e-01 -3.0598e-01 +9.7223e-02 -3.8624e+00
3402 0 +6.157143645e+01 +7.617143645e+01 +7.617143645e+01 +6.0568e-01 -1.9146e+00 -4.0446e-01 -2.1438e+00 +2.2166e+00 +5.4679e-01 +3.5474e+00 +2.5905e+00 -1.6811e+00 -2.2888e-01 -3.1125e-01 +2.1092e+00 +6.6449e-01 +2.0089e+00 -1.8311e-01 -3.0982e+00 -5.2214e-02 -1.7715e-01 +3.7832e-01 -3.9706e+00
% f evaluations | g evaluations | best noise-free fitness - Fopt (-2.550000000000e+01) + sum g_i+ | measured fitness | best measured fitness or single-digit g-values | x1 | x2...
1 0 +7.708804559e+01 +5.158804559e+01 +5.158804559e+01 +0.0000e+00 +0.0000e+00 +0.0000e+00 +0.0000e+00 +0.0000e+00 +0.0000e+00 +0.0000e+00 +0.0000e+00 +0.0000e+00 +0.0000e+00 +0.0000e+00 +0.0000e+00 +0.0000e+00 +0.0000e+00 +0.0000e+00 +0.0000e+00 +0.0000e+00 +0.0000e+00 +0.0000e+00 +0.0000e+00
2 0 +7.708800056e+01 +5.158800056e+01 +5.158800056e+01 +2.5000e-04 +0.0000e+00 +0.0000e+00 +0.0000e+00 +0.0000e+00 +0.0000e+00 +0.0000e+00 +0.0000e+00 +0.0000e+00 +0.0000e+00 +0.0000e+00 +0.0000e+00 +0.0000e+00 +0.0000e+00 +0.0000e+00 +0.0000e+00 +0.0000e+00 +0.0000e+00 +0.0000e+00 +0.0000e+00
397 0 +7.580705264e+01 +5.030705264e+01 +5.030705264e+01 -1.8502e-03 +7.3529e-02 +1.5215e-02 -1.8655e-02 -1.3786e-01 +1.6555e-01 +5.9251e-02 -1.0167e-03 +1.3743e-01 -5.2150e-01 +1.0137e-01 -2.1320e-01 +1.7556e-01 +1.5992e-01 +8.3977e-03 +3.8231e-01 -1.5068e-01 -3.5604e-02 -6.9618e-02 -1.5005e-01
467 0 +7.412933907e+01 +4.862933907e+01 +4.862933907e+01 -6.0545e-03 +2.0546e-01 +4.6362e-02 -5.3525e-02 -3.8925e-01 +4.6047e-01 +1.6989e-01 -2.5699e-03 +3.8431e-01 -1.4752e+00 +2.8107e-01 -6.0813e-01 +4.9642e-01 +4.5083e-01 +2.4268e-02 +1.0860e+00 -4.1915e-01 -9.4501e-02 -1.9552e-01 -4.2390e-01
989 0 +7.242921700e+01 +4.692921700e+01 +4.692921700e+01 +1.5363e-01 +3.1386e-01 -1.8395e-01 -1.1143e-01 -6.8565e-01 +8.1822e-01 +3.2506e-01 +2.4903e-02 +4.6262e-01 -2.4689e+00 +7.5269e-01 -9.1395e-01 +7.1628e-01 +7.0984e-01 +1.9940e-02 +1.7342e+00 -7.3270e-01 -2.9296e-01 -4.0874e-01 -5.1819e-01
1053 0 +7.057346552e+01 +4.507346552e+01 +4.507346552e+01 +4.6862e-01 +2.6462e-01 -6.7952e-01 -1.4433e-01 -7.7736e-01 +9.2619e-01 +4.1074e-01 +8.6798e-02 +1.4652e-01 -2.5816e+00 +1.3187e+00 -7.6926e-01 +5.3046e-01 +6.5589e-01 -6.3910e-03 +1.6562e+00 -8.2371e-01 -5.5843e-01 -5.7733e-01 -1.8654e-01
1081 0 +6.915051590e+01 +4.365051590e+01 +4.365051590e+01 +7.5442e-01 +2.1496e-01 -1.1306e+00 -1.7374e-01 -8.5035e-01 +1.0164e+00 +4.8310e-01 +1.4136e-01 -1.4897e-01 -2.6514e+00 +1.8242e+00 -6.2118e-01 +3.5298e-01 +5.9712e-01 -3.0153e-02 +1.5599e+00 -8.9361e-01 -7.9949e-01 -7.2567e-01 +1.2458e-01
1109 0 +6.748344067e+01 +4.198344067e+01 +4.198344067e+01 +1.1791e+00 +1.8108e-01 -1.7901e+00 -2.2238e-01 -1.0381e+00 +1.2357e+00 +6.2365e-01 +2.2501e-01 -5.0664e-01 -3.0650e+00 +2.6306e+00 -5.3459e-01 +1.9279e-01 +6.0249e-01 -5.3059e-02 +1.6425e+00 -1.0789e+00 -1.1755e+00 -9.8285e-01 +4.9608e-01
1421 0 +6.600393641e+01 +4.050393641e+01 +4.050393641e+01 +1.7374e+00 +3.6645e-04 -2.6044e+00 -7.9808e-02 -1.1302e+00 +1.1304e+00 +6.7664e-01 +4.0164e-01 -9.7322e-01 -3.5600e+00 +3.5421e+00 -5.1969e-01 -3.0022e-02 +5.4843e-01 +1.5481e-01 +1.6535e+00 -1.0690e+00 -1.6428e+00 -1.1569e+00 +9.2147e-01
1784 0 +6.454737893e+01 +3.904737893e+01 +3.904737893e+01 +1.9499e+00 -2.4290e-01 -2.8442e+00 +3.1477e-01 -9.4271e-01 +5.4295e-01 +4.6440e-01 +5.3970e-01 -1.0292e+00 -3.9777e+00 +3.5427e+00 -7.7849e-01 +8.5737e-02 +5.2411e-01 +7.0861e-01 +1.6654e+00 -5.0181e-01 -1.8706e+00 -9.1468e-01 +8.8878e-01
2312 0 +6.304464741e+01 +3.754464741e+01 +3.754464741e+01 +1.8974e+00 -1.4465e-01 -2.9264e+00 +9.2281e-02 -7.1267e-01 +7.7326e-01 +3.6218e-01 +3.0773e-01 -9.9620e-01 -4.2159e+00 +3.2074e+00 -4.0824e-01 +5.7390e-01 +6.2032e-01 +8.4372e-01 +1.6927e+00 +1.6958e-01 -2.3444e+00 -7.9942e-01 +9.2985e-01
2785 0 +6.163997042e+01 +3.613997042e+01 +3.613997042e+01 +1.6280e+00 -3.0244e-01 -2.5041e+00 -6.3736e-02 -1.6987e-01 +1.5890e-01 +2.8637e-01 +3.1083e-01 -1.1577e+00 -4.4699e+00 +3.4114e+00 +7.6690e-02 +5.7436e-01 +6.0601e-01 +1.0510e+00 +1.9169e+00 +2.2120e-01 -2.7080e+00 -7.9725e-01 +8.4947e-01
2874 0 +6.002830921e+01 +3.452830921e+01 +3.452830921e+01 +1.5598e+00 -3.0038e-01 -2.3838e+00 +6.8138e-02 -2.2182e-01 -2.4085e-01 +3.9312e-01 +5.1426e-01 -1.0179e+00 -4.2590e+00 +3.4494e+00 -5.0479e-02 +3.9047e-01 +4.6792e-01 +1.1806e+00 +1.5893e+00 +1.7526e-01 -2.7724e+00 -6.5440e-01 +8.7969e-01
2908 0 +5.863399629e+01 +3.313399629e+01 +3.313399629e+01 +1.4379e+00 -2.2105e-01 -2.2003e+00 +5.9690e-02 -3.2823e-01 -3.8115e-01 +5.4377e-01 +6.3697e-01 -8.5431e-01 -4.1752e+00 +3.5131e+00 -1.3580e-01 +2.7990e-01 +4.1933e-01 +1.1571e+00 +1.4699e+00 -4.4602e-02 -2.7904e+00 -6.2417e-01 +8.5415e-01
2936 0 +5.724642604e+01 +3.174642604e+01 +3.174642604e+01 +1.2752e+00 -1.8092e-01 -1.9630e+00 +9.5191e-02 -3.1754e-01 -8.0966e-01 +6.8600e-01 +8.2476e-01 -6.7109e-01 -4.1130e+00 +3.5795e+00 -1.6612e-01 +1.7427e-01 +3.1750e-01 +1.3028e+00 +1.2382e+00 -9.8430e-02 -2.9940e+00 -4.9016e-01 +8.4646e-01
2960 0 +5.560098390e+01 +3.010098390e+01 +3.010098390e+01 +1.2854e+00 -3.8224e-02 -2.0055e+00 +9.6057e-02 -6.1123e-01 -8.1376e-01 +9.4023e-01 +1.0051e+00 -4.9560e-01 -4.1159e+00 +3.8187e+00 -3.4437e-01 +3.9287e-02 +2.6505e-01 +1.2639e+00 +1.0472e+00 -3.6758e-01 -3.1238e+00 -4.9344e-01 +9.3681e-01
2971 0 +5.486492712e+01 +2.936492712e+01 +2.936492712e+01 +1.2404e+00 +2.1787e-02 -1.9628e+00 +7.7815e-03 -6.5447e-01 -8.1712e-01 +1.0517e+00 +1.0481e+00 -4.6622e-01 -4.1774e+00 +3.9800e+00 -2.8396e-01 -4.8737e-04 +2.6086e-01 +1.2239e+00 +1.0450e+00 -5.1381e-01 -3.2523e+00 -5.3761e-01 +9.7516e-01
2991 0 +5.359573617e+01 +2.809573617e+01 +2.809573617e+01 +1.2254e+00 +2.3882e-01 -2.0188e+00 -2.4976e-02 -9.9134e-01 -7.5638e-01 +1.3435e+00 +1.2183e+00 -2.0138e-01 -4.1028e+00 +4.1032e+00 -4.4507e-01 -6.6833e-02 +1.9370e-01 +1.1893e+00 +7.1812e-01 -6.6420e-01 -3.4682e+00 -4.7950e-01 +1.0992e+00
3004 0 +5.232932736e+01 +2.682932736e+01 +2.682932736e+01 +1.2382e+00 +2.4267e-01 -2.0745e+00 -1.7903e-01 -8.7884e-01 -6.5938e-01 +1.3390e+00 +1.1382e+00 -3.0634e-01 -4.4759e+00 +4.2858e+00 -2.3867e-01 +7.8051e-02 +2.8596e-01 +1.2087e+00 +9.7897e-01 -6.1995e-01 -3.7242e+00 -5.7666e-01 +1.1209e+00
3025 0 +5.097265440e+01 +2.547265440e+01 +2.547265440e+01 +1.1488e+00 +5.6722e-01 -2.0835e+00 -4.0820e-01 -1.2118e+00 -3.3362e-01 +1.6724e+00 +1.1960e+00 +1.3322e-03 -4.5812e+00 +4.3807e+00 -2.5351e-01 +1.8976e-01 +3.1420e-01 +1.0770e+00 +8.2222e-01 -7.7271e-01 -4.0654e+00 -5.8752e-01 +1.2197e+00
3029 0 +5.008603743e+01 +2.458603743e+01 +2.458603743e+01 +9.7778e-01 +6.0577e-01 -1.8592e+00 -4.1642e-01 -1.1051e+00 -5.6403e-01 +1.6814e+00 +1.2237e+00 +1.7013e-01 -4.5444e+00 +4.1725e+00 -2.1020e-01 +2.9066e-01 +2.8479e-01 +1.2111e+00 +7.0009e-01 -5.7909e-01 -4.2128e+00 -4.3234e-01 +1.1481e+00
3155 0 +4.896918061e+01 +2.346918061e+01 +2.346918061e+01 +9.8154e-01 +7.5001e-01 -2.0146e+00 -5.8685e-01 -1.0602e+00 -1.6127e-01 +1.6179e+00 +1.0073e+00 +2.5930e-01 -4.6296e+00 +3.7844e+00 -8.5797e-03 +7.1616e-01 +3.7105e-01 +1.2401e+00 +6.4619e-01 -2.3085e-02 -4.4959e+00 -3.3493e-01 +1.1991e+00
3731 0 +4.778648823e+01 +2.228648823e+01 +2.228648823e+01 +7.4715e-01 +8.2181e-01 -1.8895e+00 -6.3113e-01 -9.7742e-01 -3.3827e-01 +1.6720e+00 +9.6295e-01 +4.0424e-01 -4.6835e+00 +3.7544e+00 -1.3272e-01 +7.6883e-01 +4.7341e-01 +1.1450e+00 +8.9467e-01 -1.9840e-01 -4.4196e+00 -2.9154e-01 +1.0976e+00
3784 0 +4.667431200e+01 +2.117431200e+01 +2.117431200e+01 +5.5307e-01 +9.8460e-01 -1.9704e+00 -7.9969e-01 -9.1447e-01 -3.9322e-01 +1.8096e+00 +8.8430e-01 +5.1583e-01 -4.6653e+00 +3.8050e+00 -8.2678e-02 +8.5958e-01 +5.5166e-01 +1.0062e+00 +9.7381e-01 -2.5122e-01 -4.6046e+00 -2.4355e-01 +1.1915e+00
3826 0 +4.558573237e+01 +2.008573237e+01 +2.008573237e+01 +4.2423e-01 +1.1068e+00 -2.2908e+00 -9.6310e-01 -7.3354e-01 -4.3495e-01 +1.8585e+00 +7.0237e-01 +5.0165e-01 -4.6457e+00 +3.8446e+00 +1.9257e-02 +1.0192e+00 +6.6966e-01 +8.6200e-01 +1.1234e+00 -1.2448e-01 -4.8180e+00 -1.8037e-01 +1.3731e+00
3882 0 +4.465694381e+01 +1.915694381e+01 +1.915694381e+01 +2.9627e-01 +1.0375e+00 -2.4515e+00 -9.0485e-01 -5.0741e-01 -7.2196e-01 +1.7782e+00 +5.8411e-01 +3.7817e-01 -4.3320e+00 +3.8619e+00 -8.2536e-02 +8.8204e-01 +7.2580e-01 +6.6337e-01 +1.3223e+00 -2.8984e-01 -4.4956e+00 -1.5083e-01 +1.4204e+00
% f evaluations | g evaluations | best noise-free fitness - Fopt (-2.799000000000e+01) + sum g_i+ | measured fitness | best measured fitness or single-digit g-values | x1 | x2...
1 0 +7.702752215e+01 +4.903752215e+01 +4.903752215e+01 +0.0000e+00 +0.0000e+00 +0.0000e+00 +0.0000e+00 +0.0000e+00 +0.0000e+00 +0.0000e+00 +0.0000e+00 +0.0000e+00 +0.0000e+00 +0.0000e+00 +0.0000e+00 +0.0000e+00 +0.0000e+00 +0.0000e+00 +0.0000e+00 +0.0000e+00 +0.0000e+00 +0.0000e+00 +0.0000e+00
5 0 +7.702727762e+01 +4.903727762e+01 +4.903727762e+01 +0.0000e+00 +0.0000e+00 +0.0000e+00 +2.5000e-04 +0.0000e+00 +0.0000e+00 +0.0000e+00 +0.0000e+00 +0.0000e+00 +0.0000e+00 +0.0000e+00 +0.0000e+00 +0.0000e+00 +0.0000e+00 +0.0000e+00 +0.0000e+00 +0.0000e+00 +0.0000e+00 +0.0000e+00 +0.0000e+00
390 0 +7.575940250e+01 +4.776940250e+01 +4.776940250e+01 +9.2346e-03 +5.4020e-03 +1.0375e-01 +7.9777e-02 -2.1948e-01 -3.1795e-01 +8.7059e-02 +2.6225e-02 +1.3925e-01 -3.1335e-02 +9.2555e-02 -1.2266e-01 +1.4593e-02 -3.7223e-02 +7.3168e-02 -1.4624e-01 +2.3025e-01 +1.9179e-02 -9.8315e-02 +6.9226e-02
444 0 +7.410828488e+01 +4.611828488e+01 +4.611828488e+01 +2.3901e-02 +1.3208e-02 +2.5577e-01 +1.9524e-01 -5.3974e-01 -7.7705e-01 +2.1178e-01 +6.3938e-02 +3.4139e-01 -7.6773e-02 +2.2608e-01 -3.0152e-01 +3.6839e-02 -8.9793e-02 +1.7882e-01 -3.5661e-01 +5.6393e-01 +4.8259e-02 -2.4337e-01 +1.6755e-01
479 0 +7.234185297e+01 +4.435185297e+01 +4.435185297e+01 +4.4331e-02 +2.4805e-02 +4.6580e-01 +3.5565e-01 -9.8386e-01 -1.4114e+00 +3.8487e-01 +1.1689e-01 +6.2014e-01 -1.4008e-01 +4.1157e-01 -5.4909e-01 +6.7866e-02 -1.6227e-01 +3.2442e-01 -6.4805e-01 +1.0226e+00 +8.8267e-02 -4.4415e-01 +3.0512e-01
883 0 +7.078799220e+01 +4.279799220e+01 +4.279799220e+01 +9.5788e-02 +4.1361e-02 +7.9667e-01 +5.9599e-01 -1.6953e+00 -2.4077e+00 +7.0225e-01 +2.6574e-01 +1.0896e+00 -2.8418e-01 +7.3835e-01 -9.8867e-01 +6.3352e-02 -2.5885e-01 +5.5557e-01 -1.0835e+00 +1.6989e+00 +9.5916e-02 -7.2470e-01 +5.1039e-01
1014 0 +6.913726332e+01 +4.114726332e+01 +4.114726332e+01 +2.5322e-01 +1.2907e-02 +6.3369e-01 +3.6262e-01 -1.4839e+00 -1.9117e+00 +9.3238e-01 +7.7599e-01 +1.1107e+00 -6.0672e-01 +8.8389e-01 -1.2076e+00 -4.2378e-01 -4.2011e-02 +4.7202e-01 -5.9662e-01 +9.5379e-01 -4.1793e-01 -2.5927e-01 +3.1506e-01
1314 0 +6.752037264e+01 +3.953037264e+01 +3.953037264e+01 +4.5509e-01 -3.9945e-02 +7.6243e-01 +4.2541e-01 -2.0637e+00 -2.7695e+00 +1.2336e+00 +1.1303e+00 +1.4819e+00 -7.8040e-01 +1.1852e+00 -1.6301e+00 -6.7368e-01 -3.0629e-02 +7.3925e-01 -5.1549e-01 +1.3113e+00 -6.5852e-01 -2.9089e-01 +3.9711e-01
1390 0 +6.595711788e+01 +3.796711788e+01 +3.796711788e+01 +7.8655e-01 -2.1791e-01 +4.5056e-01 +2.1201e-01 -2.2442e+00 -3.3227e+00 +1.0873e+00 +1.3261e+00 +1.3890e+00 -6.2518e-01 +1.1221e+00 -1.5863e+00 -9.4702e-01 +5.2940e-02 +1.0456e+00 +4.4304e-01 +1.4438e+00 -9.1042e-01 -1.4102e-01 +3.0023e-01
2322 0 +6.454622232e+01 +3.655622232e+01 +3.655622232e+01 +1.7098e+00 -4.7575e-01 -1.6680e-01 +5.9972e-01 -2.2329e+00 -3.9988e+00 +1.3717e+00 +1.7797e+00 +1.3394e+00 -4.5146e-01 +1.3447e+00 -1.8055e+00 -1.1054e+00 -1.8450e-01 +1.4221e+00 +1.9099e-01 +7.1596e-01 -1.1683e+00 +2.5560e-02 +4.5803e-01
3094 0 +6.309488303e+01 +3.510488303e+01 +3.510488303e+01 +1.8692e+00 -3.6652e-01 -8.7589e-01 +6.4283e-01 -2.4494e+00 -3.8486e+00 +1.2338e+00 +1.9720e+00 +1.1377e+00 -4.3272e-01 +1.6253e+00 -1.9273e+00 -9.0269e-01 -3.5650e-01 +1.4306e+00 +2.7564e-01 +8.4955e-01 -1.1682e+00 -3.3983e-01 +5.9409e-01
3877 0 +6.164531652e+01 +3.365531652e+01 +3.365531652e+01 +1.4328e+00 -3.3890e-01 -1.5385e+00 +2.2128e-01 -2.4435e+00 -3.5042e+00 +1.6157e+00 +1.6730e+00 +1.0291e+00 -6.8173e-01 +2.2378e+00 -1.8822e+00 -1.0881e+00 -1.9594e-01 +1.4370e+00 +6.1702e-01 +1.2712e+00 -1.4947e+00 -2.7165e-01 +8.7400e-01
3951 0 +6.011526055e+01 +3.212526055e+01 +3.212526055e+01 +1.4032e+00 -4.2692e-01 -1.5469e+00 +2.1134e-01 -2.3453e+00 -3.5069e+00 +1.7067e+00 +1.4805e+00 +9.7526e-01 -8.2992e-01 +2.2985e+00 -1.9501e+00 -1.2388e+00 -6.5999e-03 +1.5635e+00 +7.3489e-01 +1.3071e+00 -1.6543e+00 -1.8586e-01 +9.2325e-01
3988 0 +5.862615127e+01 +3.063615127e+01 +3.063615127e+01 +1.7236e+00 -4.9873e-01 -1.5309e+00 +4.0220e-01 -2.3590e+00 -3.6624e+00 +1.5184e+00 +1.6033e+00 +8.9298e-01 -8.2706e-01 +2.1364e+00 -2.0960e+00 -1.2585e+00 +3.6098e-02 +1.7075e+00 +8.5236e-01 +1.1389e+00 -1.6875e+00 -2.4684e-01 +8.4327e-01
% f evaluations | g evaluations | best noise-free fitness - Fopt (-5.112000000000e+01) + sum g_i+ | measured fitness | best measured fitness or single-digit g-values | x1 | x2...
1 0 +7.548823041e+01 +2.436823041e+01 +2.436823041e+01 +0.0000e+00 +0.0000e+00 +0.0000e+00 +0.0000e+00 +0.0000e+00 +0.0000e+00 +0.0000e+00 +0.0000e+00 +0.0000e+00 +0.0000e+00 +0.0000e+00 +0.0000e+00 +0.0000e+00 +0.0000e+00 +0.0000e+00 +0.0000e+00 +0.0000e+00 +0.0000e+00 +0.0000e+00 +0.0000e+00
2 0 +7.548813318e+01 +2.436813318e+01 +2.436813318e+01 +2.5000e-04 +0.0000e+00 +0.0000e+00 +0.0000e+00 +0.0000e+00 +0.0000e+00 +0.0000e+00 +0.0000e+00 +0.0000e+00 +0.0000e+00 +0.0000e+00 +0.0000e+00 +0.0000e+00 +0.0000e+00 +0.0000e+00 +0.0000e+00 +0.0000e+00 +0.0000e+00 +0.0000e+00 +0.0000e+00
414 0 +7.404715292e+01 +2.292715292e+01 +2.292715292e+01 -1.9647e-01 -6.8658e-01 +3.1681e-01 +1.0013e-01 -3.3440e-03 +1.3553e-01 +1.5634e-01 +1.3507e-02 +1.0342e-01 +6.1172e-02 +9.0750e-02 -3.9263e-02 +7.0002e-02 -4.3493e-02 -1.0399e-01 +1.1718e-01 +1.5581e-01 +5.7583e-03 -1.8124e-01 -1.3401e-01
476 0 +7.215660309e+01 +2.103660309e+01 +2.103660309e+01 -5.5360e-01 -1.9435e+00 +8.9613e-01 +2.8235e-01 -8.5097e-03 +3.8711e-01 +4.4372e-01 +3.7403e-02 +2.9157e-01 +1.7287e-01 +2.5851e-01 -1.1260e-01 +1.9715e-01 -1.2157e-01 -2.9224e-01 +3.3130e-01 +4.4095e-01 +1.5222e-02 -5.1483e-01 -3.8142e-01
964 0 +7.079156848e+01 +1.967156848e+01 +1.967156848e+01 -8.1517e-01 -3.2121e+00 +1.2313e+00 +5.9008e-01 +5.0183e-02 +6.3068e-01 +7.7428e-01 +1.3443e-01 +5.9806e-01 +5.1190e-01 +6.3722e-01 -3.8008e-01 +3.4140e-01 -4.2245e-01 -2.9517e-01 +5.4657e-01 +7.7970e-01 +7.0090e-02 -1.1831e+00 -9.1393e-01
2335 0 +6.918233136e+01 +1.806233136e+01 +1.806233136e+01 -6.1852e-01 -2.7185e+00 +8.2210e-01 +8.4976e-01 -3.1284e-01 +5.4121e-01 +1.4773e+00 +1.3796e-01 +1.0662e+00 +1.5558e+00 +9.6792e-01 -1.3879e+00 +5.6913e-01 -1.1269e+00 +3.9601e-01 -1.7247e-01 +1.1180e+00 -5.7330e-01 -1.5584e+00 -1.4237e+00
2645 0 +6.760202509e+01 +1.648202509e+01 +1.648202509e+01 +1.0424e-01 -3.3740e+00 +7.4522e-01 +8.2443e-01 -6.6708e-01 +1.0229e+00 +1.4282e+00 +3.7031e-01 +9.3134e-01 +1.0581e+00 +1.1171e+00 -1.6314e+00 +6.2697e-01 -2.1436e+00 +6.9374e-01 +2.1440e-01 +6.2771e-01 -4.5282e-01 -1.9425e+00 -2.5923e-01
% f evaluations | g evaluations | best noise-free fitness - Fopt (-4.336200000000e+02) + sum g_i+ | measured fitness | best measured fitness or single-digit g-values | x1 | x2...
1 0 +8.114844801e+01 -3.524715520e+02 -3.524715520e+02 +0.0000e+00 +0.0000e+00 +0.0000e+00 +0.0000e+00 +0.0000e+00 +0.0000e+00 +0.0000e+00 +0.0000e+00 +0.0000e+00 +0.0000e+00 +0.0000e+00 +0.0000e+00 +0.0000e+00 +0.0000e+00 +0.0000e+00 +0.0000e+00 +0.0000e+00 +0.0000e+00 +0.0000e+00 +0.0000e+00
2 0 +8.114840172e+01 -3.524715983e+02 -3.524715983e+02 +2.5000e-04 +0.0000e+00 +0.0000e+00 +0.0000e+00 +0.0000e+00 +0.0000e+00 +0.0000e+00 +0.0000e+00 +0.0000e+00 +0.0000e+00 +0.0000e+00 +0.0000e+00 +0.0000e+00 +0.0000e+00 +0.0000e+00 +0.0000e+00 +0.0000e+00 +0.0000e+00 +0.0000e+00 +0.0000e+00
444 0 +7.907668278e+01 -3.545433172e+02 -3.545433172e+02 -2.8965e-01 -9.0032e-01 +5.7915e-02 +2.8304e-01 +2.7800e-01 -2.1983e-02 +1.6929e-01 -6.4925e-01 -5.7047e-01 +2.7392e-01 +2.1545e-01 +4.1240e-01 +3.5041e-01 -3.1754e-01 +1.2007e-01 +4.8270e-01 +2.5431e-01 -2.3233e-01 +5.2727e-02 +1.5065e-02
462 0 +7.759367172e+01 -3.560263283e+02 -3.560263283e+02 -3.9132e-01 -1.2119e+00 +7.7994e-02 +3.8152e-01 +3.7473e-01 -2.9652e-02 +2.2889e-01 -8.7552e-01 -7.7060e-01 +3.6932e-01 +2.9033e-01 +5.5533e-01 +4.7221e-01 -4.2814e-01 +1.6263e-01 +6.5011e-01 +3.4299e-01 -3.1375e-01 +7.1103e-02 +2.1316e-02
480 0 +7.577426087e+01 -3.578457391e+02 -3.578457391e+02 -5.2273e-01 -1.6205e+00 +1.0483e-01 +5.1049e-01 +5.0024e-01 -3.8523e-02 +3.0750e-01 -1.1715e+00 -1.0310e+00 +4.9301e-01 +3.8745e-01 +7.4155e-01 +6.3004e-01 -5.7167e-01 +2.1687e-01 +8.6854e-01 +4.5890e-01 -4.1896e-01 +9.5833e-02 +2.8788e-02
497 0 +7.375667499e+01 -3.598633250e+02 -3.598633250e+02 -7.0277e-01 -2.1810e+00 +1.4239e-01 +6.8589e-01 +6.7166e-01 -4.9664e-02 +4.1433e-01 -1.5778e+00 -1.3906e+00 +6.6387e-01 +5.2175e-01 +9.9755e-01 +8.4790e-01 -7.6953e-01 +2.9393e-01 +1.1664e+00 +6.1677e-01 -5.6408e-01 +1.2958e-01 +4.0236e-02
515 0 +7.231027369e+01 -3.613097263e+02 -3.613097263e+02 -9.5073e-01 -2.9485e+00 +1.9003e-01 +9.2795e-01 +9.0726e-01 -6.8411e-02 +5.6042e-01 -2.1313e+00 -1.8733e+00 +8.9705e-01 +7.0504e-01 +1.3501e+00 +1.1454e+00 -1.0408e+00 +3.9486e-01 +1.5782e+00 +8.3162e-01 -7.6196e-01 +1.7490e-01 +5.4214e-02
917 0 +7.076921682e+01 -3.628507832e+02 -3.628507832e+02 -9.3125e-01 -3.1872e+00 +2.4715e-01 +1.0271e+00 +9.4606e-01 -8.0467e-02 +7.0051e-01 -2.0324e+00 -2.1268e+00 +9.1412e-01 +7.2052e-01 +1.4530e+00 +1.2467e+00 -1.3697e+00 +3.1541e-01 +1.6802e+00 +8.7845e-01 -8.9909e-01 +2.4240e-01 +1.9434e-01
961 0 +6.910169303e+01 -3.645183070e+02 -3.645183070e+02 -8.1429e-01 -3.1917e+00 +2.9726e-01 +1.0581e+00 +9.0663e-01 -9.2635e-02 +8.2035e-01 -1.6988e+00 -2.2503e+00 +8.4704e-01 +6.6872e-01 +1.4479e+00 +1.2608e+00 -1.6756e+00 +1.7354e-01 +1.6548e+00 +8.5466e-01 -9.9548e-01 +3.0991e-01 +3.6384e-01
990 0 +6.737840777e+01 -3.662415922e+02 -3.662415922e+02 -6.7205e-01 -3.1683e+00 +3.5024e-01 +1.0851e+00 +8.5331e-01 -1.0673e-01 +9.5124e-01 -1.3008e+00 -2.3687e+00 +7.6262e-01 +6.0328e-01 +1.4294e+00 +1.2656e+00 -2.0124e+00 +7.7741e-03 +1.6119e+00 +8.1899e-01 -1.0969e+00 +3.8453e-01 +5.5410e-01
1008 0 +6.600774946e+01 -3.676122505e+02 -3.676122505e+02 -5.1646e-01 -3.0622e+00 +3.9288e-01 +1.0819e+00 +7.7916e-01 -1.1871e-01 +1.0527e+00 -8.8152e-01 -2.4214e+00 +6.6200e-01 +5.2429e-01 +1.3748e+00 +1.2382e+00 -2.2877e+00 -1.5371e-01 +1.5291e+00 +7.6231e-01 -1.1678e+00 +4.4753e-01 +7.2551e-01
1338 0 +6.456380894e+01 -3.690561911e+02 -3.690561911e+02 -1.9777e-01 -2.8530e+00 +4.8410e-01 +1.0795e+00 +6.2717e-01 -1.3346e-01 +1.2634e+00 -1.8686e-02 -2.5427e+00 +4.5023e-01 +3.6233e-01 +1.2612e+00 +1.1787e+00 -2.8505e+00 -4.7884e-01 +1.3521e+00 +6.5173e-01 -1.3094e+00 +5.7406e-01 +1.0747e+00
1540 0 +6.303681344e+01 -3.705831866e+02 -3.705831866e+02 -1.8518e-01 -2.9008e+00 +6.1020e-01 +1.1652e+00 +6.3212e-01 +1.2828e-01 +1.3169e+00 +1.3702e-01 -2.8437e+00 +2.5078e-01 +3.3901e-01 +1.1045e+00 +1.0462e+00 -2.7846e+00 -3.5351e-01 +1.0732e+00 +8.2543e-01 -1.1733e+00 +4.9961e-01 +1.0030e+00
1925 0 +6.159862007e+01 -3.720213799e+02 -3.720213799e+02 -1.7517e-01 -3.1964e+00 +6.7682e-01 +1.3972e+00 +6.6812e-01 +4.0662e-01 +1.4581e+00 +3.4322e-01 -3.1448e+00 +3.2634e-02 +3.4465e-01 +1.0427e+00 +9.1470e-01 -2.8952e+00 -2.8043e-01 +8.9808e-01 +1.0423e+00 -1.0447e+00 +4.0368e-01 +9.1795e-01
1985 0 +6.018637134e+01 -3.734336287e+02 -3.734336287e+02 -1.5146e-01 -3.2988e+00 +5.3703e-01 +1.5298e+00 +6.5168e-01 +4.7177e-01 +1.4755e+00 +4.5227e-01 -2.8950e+00 -6.8785e-02 +3.4884e-01 +1.0459e+00 +7.7534e-01 -2.8783e+00 -3.0999e-01 +8.9596e-01 +1.0597e+00 -9.0350e-01 +2.9966e-01 +7.7678e-01
2078 0 +5.888196085e+01 -3.747380391e+02 -3.747380391e+02 +2.7895e-02 -3.3370e+00 +2.7847e-01 +1.6921e+00 +5.5056e-01 +4.1011e-01 +1.5706e+00 +9.4005e-01 -2.3680e+00 -2.0984e-01 +2.9399e-01 +1.0938e+00 +6.0459e-01 -3.1596e+00 -5.8709e-01 +9.8004e-01 +9.2902e-01 -8.2681e-01 +2.3806e-01 +7.5790e-01
2597 0 +5.753731048e+01 -3.760826895e+02 -3.760826895e+02 -1.5109e-01 -2.9299e+00 +3.4472e-01 +1.7384e+00 +4.3578e-01 +3.7580e-01 +1.4820e+00 +1.3668e+00 -2.3099e+00 -3.2248e-01 +2.0772e-01 +9.1470e-01 +5.5931e-01 -3.2073e+00 -5.3533e-01 +7.7557e-01 +7.6146e-01 -8.8037e-01 +3.9567e-01 +7.9879e-01
2654 0 +5.613658070e+01 -3.774834193e+02 -3.774834193e+02 -3.8262e-01 -2.9645e+00 +3.2399e-01 +1.9475e+00 +4.2426e-01 +3.6180e-01 +1.4690e+00 +1.5364e+00 -2.2836e+00 -3.6356e-01 +2.1648e-01 +9.2523e-01 +5.6433e-01 -3.3425e+00 -4.7394e-01 +7.9638e-01 +7.0720e-01 -9.2423e-01 +4.8386e-01 +7.5007e-01
2706 0 +5.494303921e+01 -3.786769608e+02 -3.786769608e+02 -7.3414e-01 -2.9861e+00 +2.3943e-01 +2.2671e+00 +3.9376e-01 +3.1328e-01 +1.4281e+00 +1.8019e+00 -2.1125e+00 -4.2392e-01 +2.2831e-01 +9.4647e-01 +5.4981e-01 -3.5214e+00 -4.0049e-01 +8.4980e-01 +5.9041e-01 -9.6887e-01 +6.0451e-01 +6.4660e-01
% f evaluations | g evaluations | best noise-free fitness - Fopt (1.088800000000e+02) + sum g_i+ | measured fitness | best measured fitness or single-digit g-values | x1 | x2...
1 0 +6.920421161e+01 +1.780842116e+02 +1.780842116e+02 +0.0000e+00 +0.0000e+00 +0.0000e+00 +0.0000e+00 +0.0000e+00 +0.0000e+00 +0.0000e+00 +0.0000e+00 +0.0000e+00 +0.0000e+00 +0.0000e+00 +0.0000e+00 +0.0000e+00 +0.0000e+00 +0.0000e+00 +0.0000e+00 +0.0000e+00 +0.0000e+00 +0.0000e+00 +0.0000e+00
7 0 +6.920407142e+01 +1.780840714e+02 +1.780840714e+02 +0.0000e+00 +0.0000e+00 +0.0000e+00 +0.0000e+00 +0.0000e+00 +2.5000e-04 +0.0000e+00 +0.0000e+00 +0.0000e+00 +0.0000e+00 +0.0000e+00 +0.0000e+00 +0.0000e+00 +0.0000e+00 +0.0000e+00 +0.0000e+00 +0.0000e+00 +0.0000e+00 +0.0000e+00 +0.0000e+00
121 0 +6.918243250e+01 +1.780624325e+02 +1.780624325e+02 -5.1417e-04 +2.3156e-05 -4.2641e-04 -9.6492e-04 +2.6747e-04 -1.9126e-03 +1.0399e-03 +4.5115e-04 +8.8345e-04 +8.5299e-04 +1.5378e-04 +7.6730e-04 +6.2333e-04 -2.0177e-03 +1.7276e-03 +5.3583e-06 +7.2543e-04 -3.0451e-06 +2.1614e-04 -1.7887e-03
367 0 +6.754532701e+01 +1.764253270e+02 +1.764253270e+02 -3.9333e-02 +9.2365e-03 -1.3088e-02 -8.2888e-02 +2.1501e-02 -1.3455e-01 +1.2800e-01 +8.8036e-03 +3.9572e-02 +4.5703e-02 -3.6268e-02 +6.4701e-02 +4.4954e-02 -1.6862e-01 +1.5108e-01 +2.3797e-02 +5.3319e-02 -2.9817e-02 +1.4148e-02 -1.1189e-01
402 0 +6.603644063e+01 +1.749164406e+02 +1.749164406e+02 -7.1591e-02 +1.7318e-02 -2.3111e-02 -1.5074e-01 +3.9440e-02 -2.4292e-01 +2.3278e-01 +1.5544e-02 +7.1701e-02 +8.3578e-02 -6.7583e-02 +1.1704e-01 +8.1721e-02 -3.0862e-01 +2.7518e-01 +4.4276e-02 +9.6545e-02 -5.4005e-02 +2.5292e-02 -2.0281e-01
429 0 +6.390037248e+01 +1.727803725e+02 +1.727803725e+02 -1.1170e-01 +2.7608e-02 -3.6231e-02 -2.3467e-01 +6.2276e-02 -3.7889e-01 +3.6247e-01 +2.3446e-02 +1.1248e-01 +1.3066e-01 -1.0764e-01 +1.8235e-01 +1.2733e-01 -4.8074e-01 +4.2970e-01 +6.8253e-02 +1.5037e-01 -8.4072e-02 +3.9282e-02 -3.1506e-01
437 0 +6.286111277e+01 +1.717411128e+02 +1.717411128e+02 -1.2890e-01 +3.2666e-02 -4.1287e-02 -2.7162e-01 +7.1713e-02 -4.4200e-01 +4.2011e-01 +2.7362e-02 +1.2959e-01 +1.5072e-01 -1.2284e-01 +2.1095e-01 +1.4701e-01 -5.5703e-01 +4.9726e-01 +7.9505e-02 +1.7443e-01 -9.8595e-02 +4.5802e-02 -3.6310e-01
446 0 +6.153642420e+01 +1.704164242e+02 +1.704164242e+02 -1.4982e-01 +3.7448e-02 -4.8601e-02 -3.1486e-01 +8.2755e-02 -5.0903e-01 +4.8845e-01 +3.0769e-02 +1.5034e-01 +1.7477e-01 -1.4344e-01 +2.4520e-01 +1.7088e-01 -6.4583e-01 +5.7670e-01 +9.2431e-02 +2.0203e-01 -1.1419e-01 +5.2868e-02 -4.2397e-01
455 0 +5.981166332e+01 +1.686916633e+02 +1.686916633e+02 -1.7507e-01 +4.3479e-02 -5.6431e-02 -3.6827e-01 +9.7427e-02 -5.9736e-01 +5.6982e-01 +3.5951e-02 +1.7574e-01 +2.0399e-01 -1.6800e-01 +2.8692e-01 +1.9968e-01 -7.5450e-01 +6.7429e-01 +1.0726e-01 +2.3681e-01 -1.3345e-01 +6.2396e-02 -4.9419e-01
464 0 +5.777312157e+01 +1.666531216e+02 +1.666531216e+02 -2.0269e-01 +5.1636e-02 -6.5930e-02 -4.2688e-01 +1.1319e-01 -6.9056e-01 +6.6012e-01 +4.1568e-02 +2.0388e-01 +2.3704e-01 -1.9489e-01 +3.3195e-01 +2.3152e-01 -8.7714e-01 +7.8266e-01 +1.2499e-01 +2.7495e-01 -1.5479e-01 +7.1971e-02 -5.7413e-01
473 0 +5.525803563e+01 +1.641380356e+02 +1.641380356e+02 -2.3653e-01 +5.9699e-02 -7.6044e-02 -4.9791e-01 +1.3155e-01 -8.0705e-01 +7.7065e-01 +4.9257e-02 +2.3758e-01 +2.7683e-01 -2.2608e-01 +3.8707e-01 +2.6951e-01 -1.0204e+00 +9.1006e-01 +1.4572e-01 +3.1912e-01 -1.8066e-01 +8.3956e-02 -6.6850e-01
482 0 +5.257738035e+01 +1.614573804e+02 +1.614573804e+02 -2.7264e-01 +6.9113e-02 -8.9148e-02 -5.7456e-01 +1.5325e-01 -9.2617e-01 +8.8895e-01 +5.5453e-02 +2.7574e-01 +3.1937e-01 -2.6585e-01 +4.4642e-01 +3.1173e-01 -1.1788e+00 +1.0531e+00 +1.6669e-01 +3.6966e-01 -2.0817e-01 +9.6369e-02 -7.7284e-01
490 0 +5.239581410e+01 +1.612758141e+02 +1.612758141e+02 -2.7506e-01 +7.0055e-02 -8.8967e-02 -5.7968e-01 +1.5369e-01 -9.3879e-01 +8.9721e-01 +5.6288e-02 +2.7701e-01 +3.2159e-01 -2.6490e-01 +4.5055e-01 +3.1411e-01 -1.1896e+00 +1.0617e+00 +1.6913e-01 +3.7318e-01 -2.1112e-01 +9.7842e-02 -7.7804e-01
491 0 +4.967845511e+01 +1.585584551e+02 +1.585584551e+02 -3.1556e-01 +8.0629e-02 -1.0194e-01 -6.6526e-01 +1.7652e-01 -1.0776e+00 +1.0295e+00 +6.4658e-02 +3.1778e-01 +3.6885e-01 -3.0394e-01 +5.1687e-01 +3.6033e-01 -1.3652e+00 +1.2184e+00 +1.9389e-01 +4.2858e-01 -2.4280e-01 +1.1231e-01 -8.9195e-01
499 0 +4.702639050e+01 +1.559063905e+02 +1.559063905e+02 -3.6552e-01 +9.3413e-02 -1.1852e-01 -7.6993e-01 +2.0433e-01 -1.2454e+00 +1.1903e+00 +7.4681e-02 +3.6800e-01 +4.2704e-01 -3.5319e-01 +5.9856e-01 +4.1698e-01 -1.5792e+00 +1.4097e+00 +2.2379e-01 +4.9585e-01 -2.7926e-01 +1.3004e-01 -1.0334e+00
508 0 +4.514952435e+01 +1.540295244e+02 +1.540295244e+02 -4.2346e-01 +1.0877e-01 -1.3783e-01 -8.9305e-01 +2.3787e-01 -1.4425e+00 +1.3809e+00 +8.6183e-02 +4.2747e-01 +4.9598e-01 -4.0987e-01 +6.9350e-01 +4.8360e-01 -1.8327e+00 +1.6358e+00 +2.6062e-01 +5.7461e-01 -3.2511e-01 +1.4982e-01 -1.2002e+00
728 0 +4.465057770e+01 +1.535305777e+02 +1.535305777e+02 -4.6916e-01 +1.2232e-01 -1.4898e-01 -9.9106e-01 +2.6430e-01 -1.6132e+00 +1.5310e+00 +9.8237e-02 +4.7179e-01 +5.4792e-01 -4.4885e-01 +7.6855e-01 +5.3507e-01 -2.0338e+00 +1.8137e+00 +2.8920e-01 +6.3757e-01 -3.6503e-01 +1.6816e-01 -1.3183e+00
862 0 +4.364941684e+01 +1.525294168e+02 +1.525294168e+02 -4.6497e-01 +1.4702e-01 -1.0683e-01 -1.0046e+00 +2.7168e-01 -1.7704e+00 +1.5295e+00 +1.3136e-01 +4.4980e-01 +5.3126e-01 -3.7781e-01 +7.5997e-01 +5.2182e-01 -2.0649e+00 +1.8194e+00 +3.0387e-01 +6.4299e-01 -4.2004e-01 +1.8301e-01 -1.1844e+00
900 0 +4.263827158e+01 +1.515182716e+02 +1.515182716e+02 -4.7824e-01 +1.8674e-01 -5.4639e-02 -1.0656e+00 +2.9465e-01 -2.0579e+00 +1.5892e+00 +1.8186e-01 +4.4022e-01 +5.3277e-01 -2.9978e-01 +7.7978e-01 +5.2637e-01 -2.1958e+00 +1.9052e+00 +3.3613e-01 +6.7796e-01 -5.1012e-01 +2.1068e-01 -1.0549e+00
1110 0 +4.167222874e+01 +1.505522287e+02 +1.505522287e+02 -4.9104e-01 +2.4339e-01 +3.5557e-02 -1.1403e+00 +3.2384e-01 -2.4767e+00 +1.6587e+00 +2.6787e-01 +4.0717e-01 +5.1807e-01 -1.5354e-01 +7.9757e-01 +5.2178e-01 -2.3524e+00 +1.9950e+00 +3.8745e-01 +7.0206e-01 -6.4881e-01 +2.5361e-01 -8.1749e-01
1175 0 +4.055190627e+01 +1.494319063e+02 +1.494319063e+02 -5.1407e-01 +2.2008e-01 +1.5655e-02 -1.1627e+00 +3.3043e-01 -2.4173e+00 +1.7299e+00 +2.7640e-01 +4.1541e-01 +5.3447e-01 -1.7839e-01 +8.3805e-01 +5.4942e-01 -2.3783e+00 +2.0306e+00 +4.0932e-01 +6.5417e-01 -6.3183e-01 +2.5874e-01 -9.4440e-01
1199 0 +3.974852505e+01 +1.486285251e+02 +1.486285251e+02 -5.0496e-01 +1.9401e-01 +5.3119e-03 -1.1235e+00 +3.1971e-01 -2.2693e+00 +1.6978e+00 +2.7446e-01 +3.9736e-01 +5.1718e-01 -1.7721e-01 +8.2569e-01 +5.4141e-01 -2.2824e+00 +1.9558e+00 +4.0823e-01 +5.8407e-01 -5.9509e-01 +2.5196e-01 -9.7859e-01
1226 0 +3.859296328e+01 +1.474729633e+02 +1.474729633e+02 -5.2501e-01 +1.5026e-01 -2.9991e-02 -1.1239e+00 +3.1911e-01 -2.0932e+00 +1.7560e+00 +2.7483e-01 +4.0162e-01 +5.2840e-01 -2.1974e-01 +8.6378e-01 +5.6913e-01 -2.2545e+00 +1.9544e+00 +4.2724e-01 +4.9789e-01 -5.4576e-01 +2.5073e-01 -1.1606e+00
1242 0 +3.754464116e+01 +1.464246412e+02 +1.464246412e+02 -5.3370e-01 +1.3538e-01 -2.7703e-02 -1.1296e+00 +3.2646e-01 -2.0635e+00 +1.7885e+00 +2.9654e-01 +3.8941e-01 +5.2493e-01 -2.0086e-01 +8.8120e-01 +5.7949e-01 -2.2437e+00 +1.9475e+00 +4.4907e-01 +4.3136e-01 -5.4474e-01 +2.6004e-01 -1.2011e+00
1251 0 +3.691511590e+01 +1.457951159e+02 +1.457951159e+02 -5.3122e-01 +1.2691e-01 -1.9107e-02 -1.1178e+00 +3.2529e-01 -2.0406e+00 +1.7817e+00 +3.1127e-01 +3.7239e-01 +5.1391e-01 -1.7527e-01 +8.7757e-01 +5.7490e-01 -2.2096e+00 +1.9146e+00 +4.5896e-01 +3.8608e-01 -5.4206e-01 +2.6310e-01 -1.1863e+00
1268 0 +3.577826592e+01 +1.446582659e+02 +1.446582659e+02 -5.5110e-01 +1.2442e-01 +1.0899e-03 -1.1533e+00 +3.4076e-01 -2.1251e+00 +1.8524e+00 +3.5424e-01 +3.5908e-01 +5.1567e-01 -1.3250e-01 +9.1118e-01 +5.9151e-01 -2.2635e+00 +1.9549e+00 +4.9682e-01 +3.3409e-01 -5.7436e-01 +2.8297e-01 -1.1910e+00
1276 0 +3.499840248e+01 +1.438784025e+02 +1.438784025e+02 -5.5339e-01 +6.2797e-02 -4.2052e-02 -1.1060e+00 +3.2678e-01 -1.8118e+00 +1.8532e+00 +3.4458e-01 +3.4574e-01 +5.0574e-01 -1.7155e-01 +9.2236e-01 +6.0251e-01 -2.1284e+00 +1.8658e+00 +5.0407e-01 +1.9885e-01 -4.9143e-01 +2.7172e-01 -1.3740e+00
1286 0 +3.401883122e+01 +1.428988312e+02 +1.428988312e+02 -5.7150e-01 +6.5173e-02 -1.8364e-02 -1.1439e+00 +3.4384e-01 -1.9170e+00 +1.9203e+00 +3.8826e-01 +3.3269e-01 +5.0707e-01 -1.2350e-01 +9.5320e-01 +6.1772e-01 -2.1888e+00 +1.9092e+00 +5.4151e-01 +1.5544e-01 -5.2988e-01 +2.9277e-01 -1.3655e+00
1295 0 +3.315377928e+01 +1.420337793e+02 +1.420337793e+02 -5.8072e-01 +5.0412e-02 -6.1305e-03 -1.1483e+00 +3.4930e-01 -1.9082e+00 +1.9536e+00 +4.2108e-01 +3.1095e-01 +4.9818e-01 -8.6265e-02 +9.7021e-01 +6.2426e-01 -2.1766e+00 +1.8962e+00 +5.7007e-01 +7.8017e-02 -5.3589e-01 +3.0424e-01 -1.3774e+00
1305 0 +3.296606024e+01 +1.418460602e+02 +1.418460602e+02 -5.8124e-01 +4.0629e-02 -1.0231e-02 -1.1423e+00 +3.5052e-01 -1.8640e+00 +1.9564e+00 +4.2407e-01 +3.0637e-01 +4.9569e-01 -8.5200e-02 +9.7288e-01 +6.2693e-01 -2.1531e+00 +1.8794e+00 +5.7446e-01 +4.5113e-02 -5.2575e-01 +3.0528e-01 -1.4043e+00
1306 0 +3.215027113e+01 +1.410302711e+02 +1.410302711e+02 -5.8914e-01 +3.3874e-02 +1.1931e-02 -1.1531e+00 +3.6127e-01 -1.9000e+00 +1.9906e+00 +4.6442e-01 +2.8145e-01 +4.8444e-01 -3.0576e-02 +9.8803e-01 +6.3200e-01 -2.1519e+00 +1.8708e+00 +6.0619e-01 -3.0263e-02 -5.4746e-01 +3.2194e-01 -1.3870e+00
1316 0 +3.128589542e+01 +1.401658954e+02 +1.401658954e+02 -6.2610e-01 +2.8513e-02 +4.5580e-02 -1.2205e+00 +3.8453e-01 -2.0474e+00 +2.1267e+00 +5.4036e-01 +2.5898e-01 +4.8630e-01 +4.2882e-02 +1.0521e+00 +6.6318e-01 -2.2594e+00 +1.9525e+00 +6.7548e-01 -1.1188e-01 -6.0744e-01 +3.5693e-01 -1.4107e+00
1326 0 +3.081153092e+01 +1.396915309e+02 +1.396915309e+02 -6.5634e-01 +9.3950e-03 +5.9536e-02 -1.2627e+00 +4.0737e-01 -2.0892e+00 +2.2311e+00 +5.9721e-01 +2.4150e-01 +4.9350e-01 +8.9031e-02 +1.1047e+00 +6.9399e-01 -2.3057e+00 +1.9907e+00 +7.3180e-01 -2.2260e-01 -6.2860e-01 +3.8252e-01 -1.4798e+00
1346 0 +3.016511146e+01 +1.390451115e+02 +1.390451115e+02 -6.6902e-01 -2.6154e-02 +1.0310e-01 -1.2593e+00 +4.1871e-01 -2.0627e+00 +2.2898e+00 +6.8857e-01 +1.7033e-01 +4.5257e-01 +2.1318e-01 +1.1321e+00 +6.9831e-01 -2.2394e+00 +1.9224e+00 +8.0412e-01 -4.3688e-01 -6.5270e-01 +4.1412e-01 -1.4638e+00
1763 0 +2.948666691e+01 +1.383666669e+02 +1.383666669e+02 -6.6899e-01 -6.6739e-02 +8.1985e-02 -1.2071e+00 +5.1507e-01 -1.9533e+00 +2.1537e+00 +7.0652e-01 +1.9082e-01 +5.5943e-01 +1.8449e-01 +1.0933e+00 +7.2660e-01 -2.0639e+00 +1.7756e+00 +8.1286e-01 -7.1843e-01 -4.8764e-01 +4.0556e-01 -1.5005e+00
2122 0 +2.879120705e+01 +1.376712070e+02 +1.376712070e+02 -6.7183e-01 -7.4069e-02 +3.7507e-02 -1.1889e+00 +5.7725e-01 -2.0165e+00 +1.9766e+00 +7.0043e-01 +2.7463e-01 +7.2137e-01 +9.4324e-02 +1.0231e+00 +7.4614e-01 -2.0488e+00 +1.7562e+00 +7.8923e-01 -7.3740e-01 -3.1720e-01 +3.4819e-01 -1.4833e+00
2186 0 +2.817732437e+01 +1.370573244e+02 +1.370573244e+02 -7.0287e-01 -1.1730e-01 +8.5706e-03 -1.2116e+00 +5.6230e-01 -2.0350e+00 +1.9714e+00 +7.6986e-01 +3.0115e-01 +8.0166e-01 +9.4689e-02 +1.0167e+00 +7.6727e-01 -2.1197e+00 +1.8080e+00 +8.3628e-01 -7.3974e-01 -2.3226e-01 +2.9993e-01 -1.5574e+00
2225 0 +2.752598378e+01 +1.364059838e+02 +1.364059838e+02 -7.5110e-01 -2.1417e-01 -6.1631e-02 -1.2317e+00 +4.6833e-01 -1.9271e+00 +1.9774e+00 +8.8226e-01 +3.3262e-01 +8.9438e-01 +8.9985e-02 +1.0025e+00 +7.8572e-01 -2.2304e+00 +1.8944e+00 +9.1334e-01 -6.6476e-01 -8.8817e-02 +1.9323e-01 -1.7449e+00
2261 0 +2.690739151e+01 +1.357873915e+02 +1.357873915e+02 -7.9212e-01 -2.9216e-01 -9.4900e-02 -1.2551e+00 +3.8382e-01 -1.9389e+00 +1.9674e+00 +1.0243e+00 +3.4204e-01 +9.7263e-01 +1.4984e-01 +9.7454e-01 +7.9075e-01 -2.3468e+00 +1.9674e+00 +1.0019e+00 -6.0385e-01 +1.5214e-02 +9.8843e-02 -1.8110e+00
2294 0 +2.628349467e+01 +1.351634947e+02 +1.351634947e+02 -8.1417e-01 -3.8276e-01 -1.2817e-01 -1.2307e+00 +2.9045e-01 -1.7789e+00 +1.9406e+00 +1.1365e+00 +3.1961e-01 +9.9648e-01 +2.0937e-01 +9.4363e-01 +7.8037e-01 -2.3381e+00 +1.9465e+00 +1.0732e+00 -6.1677e-01 +1.2005e-01 +1.8169e-02 -1.8952e+00
2311 0 +2.566444181e+01 +1.345444418e+02 +1.345444418e+02 -8.2647e-01 -4.6178e-01 -1.3353e-01 -1.2051e+00 +1.7063e-01 -1.6294e+00 +1.9499e+00 +1.2540e+00 +2.6064e-01 +9.5318e-01 +3.1856e-01 +9.2172e-01 +7.5081e-01 -2.3300e+00 +1.9210e+00 +1.1478e+00 -6.0408e-01 +1.5396e-01 -4.3334e-02 -1.9260e+00
2337 0 +2.509255660e+01 +1.339725566e+02 +1.339725566e+02 -8.4843e-01 -5.3960e-01 -1.5731e-01 -1.1798e+00 +1.5709e-01 -1.5717e+00 +1.8536e+00 +1.3731e+00 +2.6132e-01 +1.0490e+00 +3.7298e-01 +8.7075e-01 +7.5869e-01 -2.2857e+00 +1.8615e+00 +1.2178e+00 -7.3275e-01 +3.0887e-01 -1.1331e-01 -1.9524e+00
2348 0 +2.453998491e+01 +1.334199849e+02 +1.334199849e+02 -8.6839e-01 -6.3427e-01 -1.7208e-01 -1.1395e+00 +1.2444e-01 -1.5026e+00 +1.7304e+00 +1.5309e+00 +2.4192e-01 +1.1388e+00 +4.7251e-01 +8.0076e-01 +7.5456e-01 -2.2180e+00 +1.7708e+00 +1.3076e+00 -8.8560e-01 +4.7811e-01 -1.9724e-01 -1.9411e+00
2491 0 +2.398817546e+01 +1.328681755e+02 +1.328681755e+02 -8.4481e-01 -6.9780e-01 -1.8122e-01 -1.0449e+00 +3.3584e-02 -1.5014e+00 +1.4279e+00 +1.6635e+00 +2.3190e-01 +1.2207e+00 +5.7700e-01 +6.2685e-01 +6.8662e-01 -2.1292e+00 +1.6380e+00 +1.3415e+00 -8.3202e-01 +6.6277e-01 -3.3808e-01 -1.7102e+00
2895 0 +2.339964669e+01 +1.322796467e+02 +1.322796467e+02 -7.9491e-01 -6.5554e-01 -2.1208e-01 -1.1245e+00 +1.4435e-01 -1.5066e+00 +1.4241e+00 +1.6839e+00 +2.8777e-01 +1.2344e+00 +6.3081e-01 +5.9399e-01 +7.5049e-01 -2.1665e+00 +1.6494e+00 +1.3348e+00 -8.7760e-01 +6.0462e-01 -2.7737e-01 -1.9757e+00
2957 0 +2.289573248e+01 +1.317757325e+02 +1.317757325e+02 -7.4649e-01 -6.0806e-01 -2.1362e-01 -1.2532e+00 +2.7143e-01 -1.8258e+00 +1.3286e+00 +1.8543e+00 +3.5814e-01 +1.3351e+00 +8.3102e-01 +4.8496e-01 +8.1710e-01 -2.3264e+00 +1.7006e+00 +1.3949e+00 -8.9690e-01 +5.6721e-01 -2.5523e-01 -2.1011e+00
3459 0 +2.237094145e+01 +1.312509414e+02 +1.312509414e+02 -6.1518e-01 -4.7911e-01 -1.7817e-01 -1.3044e+00 +3.3244e-01 -2.0235e+00 +1.1625e+00 +1.8825e+00 +3.7851e-01 +1.2349e+00 +9.8986e-01 +3.4010e-01 +7.8799e-01 -2.3977e+00 +1.7120e+00 +1.3244e+00 -6.8530e-01 +3.7338e-01 -2.0539e-01 -2.0017e+00
3538 0 +2.180002098e+01 +1.306800210e+02 +1.306800210e+02 -6.1511e-01 -4.7717e-01 -1.5774e-01 -1.3001e+00 +3.6519e-01 -2.0055e+00 +1.1495e+00 +1.9102e+00 +3.6035e-01 +1.2137e+00 +9.6551e-01 +3.5837e-01 +7.7667e-01 -2.4149e+00 +1.7706e+00 +1.3210e+00 -7.5720e-01 +3.7054e-01 -2.0025e-01 -1.9164e+00
3576 0 +2.128243688e+01 +1.301624369e+02 +1.301624369e+02 -6.2408e-01 -5.1868e-01 -1.5211e-01 -1.3171e+00 +3.1291e-01 -2.0083e+00 +1.1117e+00 +2.0611e+00 +3.3700e-01 +1.2079e+00 +1.0254e+00 +3.3275e-01 +7.5016e-01 -2.5441e+00 +1.8998e+00 +1.3771e+00 -7.1257e-01 +3.9902e-01 -2.6762e-01 -1.8425e+00
3592 0 +2.079953355e+01 +1.296795336e+02 +1.296795336e+02 -6.1402e-01 -5.1642e-01 -1.3877e-01 -1.2917e+00 +3.4559e-01 -1.9467e+00 +1.0624e+00 +2.0664e+00 +3.2241e-01 +1.1874e+00 +9.8574e-01 +3.3481e-01 +7.3294e-01 -2.5154e+00 +1.9193e+00 +1.3566e+00 -7.8582e-01 +4.1457e-01 -2.6644e-01 -1.7543e+00
3611 0 +2.033776873e+01 +1.292177687e+02 +1.292177687e+02 -6.0355e-01 -5.0900e-01 -1.1795e-01 -1.2958e+00 +3.3663e-01 -1.9080e+00 +1.0673e+00 +2.1034e+00 +2.9372e-01 +1.1185e+00 +9.7603e-01 +3.4984e-01 +7.0454e-01 -2.5820e+00 +2.0249e+00 +1.3481e+00 -7.5840e-01 +3.6668e-01 -2.6978e-01 -1.6667e+00
3629 0 +1.973362803e+01 +1.286136280e+02 +1.286136280e+02 -5.8677e-01 -4.9425e-01 -1.2185e-01 -1.3124e+00 +4.1650e-01 -1.9155e+00 +9.8139e-01 +2.1461e+00 +3.2197e-01 +1.1489e+00 +9.2742e-01 +3.3057e-01 +7.1035e-01 -2.6388e+00 +2.1209e+00 +1.3295e+00 -8.1437e-01 +4.0053e-01 -2.7687e-01 -1.6287e+00
3638 0 +1.932396792e+01 +1.282039679e+02 +1.282039679e+02 -5.7049e-01 -5.5912e-01 -1.3370e-01 -1.2905e+00 +3.6367e-01 -1.7779e+00 +8.6222e-01 +2.3112e+00 +2.9197e-01 +1.1412e+00 +1.0165e+00 +2.5675e-01 +6.7896e-01 -2.6581e+00 +2.1460e+00 +1.3841e+00 -8.3708e-01 +4.7905e-01 -3.5647e-01 -1.6072e+00
3650 0 +1.895028770e+01 +1.278302877e+02 +1.278302877e+02 -5.7642e-01 -6.0031e-01 -1.7028e-01 -1.2790e+00 +3.1527e-01 -1.5736e+00 +8.5644e-01 +2.3406e+00 +2.9222e-01 +1.1171e+00 +9.4250e-01 +2.6758e-01 +6.6327e-01 -2.7109e+00 +2.2500e+00 +1.3806e+00 -7.8351e-01 +5.2714e-01 -4.0716e-01 -1.6754e+00
3658 0 +1.860847289e+01 +1.274884729e+02 +1.274884729e+02 -5.4061e-01 -5.6685e-01 -1.4447e-01 -1.2739e+00 +3.4576e-01 -1.5923e+00 +7.7422e-01 +2.3679e+00 +2.8096e-01 +1.0693e+00 +9.3963e-01 +2.3809e-01 +6.3113e-01 -2.7467e+00 +2.3176e+00 +1.3476e+00 -7.6111e-01 +4.8870e-01 -4.0654e-01 -1.5284e+00
3674 0 +1.785638389e+01 +1.267363839e+02 +1.267363839e+02 -4.8240e-01 -5.8034e-01 -1.6968e-01 -1.2800e+00 +3.9808e-01 -1.3347e+00 +6.7807e-01 +2.4627e+00 +2.7679e-01 +1.0077e+00 +9.5217e-01 +1.9267e-01 +6.2901e-01 -2.7530e+00 +2.3861e+00 +1.3380e+00 -8.4712e-01 +4.9499e-01 -4.1151e-01 -1.6497e+00
3686 0 +1.756380954e+01 +1.264438095e+02 +1.264438095e+02 -4.7225e-01 -5.7595e-01 -1.6331e-01 -1.2141e+00 +4.9046e-01 -1.2332e+00 +5.3157e-01 +2.4296e+00 +2.8500e-01 +1.0383e+00 +8.0632e-01 +1.8689e-01 +6.0714e-01 -2.6622e+00 +2.3949e+00 +1.2763e+00 -1.0096e+00 +5.9782e-01 -4.2247e-01 -1.4746e+00
3700 0 +1.737702556e+01 +1.262570256e+02 +1.262570256e+02 -4.3169e-01 -5.8897e-01 -1.5653e-01 -1.2060e+00 +4.4515e-01 -1.0856e+00 +4.4508e-01 +2.5440e+00 +2.4719e-01 +9.3852e-01 +8.3332e-01 +1.4327e-01 +5.5098e-01 -2.7552e+00 +2.5363e+00 +1.2732e+00 -9.2482e-01 +5.7111e-01 -4.7256e-01 -1.3819e+00
3809 0 +1.697488176e+01 +1.258548818e+02 +1.258548818e+02 -3.2625e-01 -4.9427e-01 -1.2410e-01 -1.2518e+00 +6.3582e-01 -1.0341e+00 +3.5976e-01 +2.5685e+00 +2.4851e-01 +8.3081e-01 +8.7507e-01 +1.0714e-01 +5.6695e-01 -2.7434e+00 +2.5827e+00 +1.2073e+00 -1.0820e+00 +4.2618e-01 -3.6157e-01 -1.4133e+00
% f evaluations | g evaluations | best noise-free fitness - Fopt (1.112000000000e+01) + sum g_i+ | measured fitness | best measured fitness or single-digit g-values | x1 | x2...
1 0 +7.884369269e+01 +8.996369269e+01 +8.996369269e+01 +0.0000e+00 +0.0000e+00 +0.0000e+00 +0.0000e+00 +0.0000e+00 +0.0000e+00 +0.0000e+00 +0.0000e+00 +0.0000e+00 +0.0000e+00 +0.0000e+00 +0.0000e+00 +0.0000e+00 +0.0000e+00 +0.0000e+00 +0.0000e+00 +0.0000e+00 +0.0000e+00 +0.0000e+00 +0.0000e+00
2 0 +7.884365645e+01 +8.996365645e+01 +8.996365645e+01 +2.5000e-04 +0.0000e+00 +0.0000e+00 +0.0000e+00 +0.0000e+00 +0.0000e+00 +0.0000e+00 +0.0000e+00 +0.0000e+00 +0.0000e+00 +0.0000e+00 +0.0000e+00 +0.0000e+00 +0.0000e+00 +0.0000e+00 +0.0000e+00 +0.0000e+00 +0.0000e+00 +0.0000e+00 +0.0000e+00
398 0 +7.748384012e+01 +8.860384012e+01 +8.860384012e+01 +2.7219e-02 -3.2852e-02 -3.5418e-02 +1.1437e-01 +4.7628e-02 -4.7162e-01 +9.2189e-02 +4.6670e-02 +6.4706e-02 +1.0225e-02 -1.0111e-01 +1.8286e-02 -7.1073e-02 -6.7050e-02 +2.7880e-02 +2.4894e-02 +7.5581e-02 -3.4207e-02 +9.0441e-02 -1.7054e-02
452 0 +7.583375472e+01 +8.695375472e+01 +8.695375472e+01 +6.6554e-02 -8.1224e-02 -8.6099e-02 +2.7955e-01 +1.1712e-01 -1.1556e+00 +2.2514e-01 +1.1360e-01 +1.6087e-01 +2.5027e-02 -2.4588e-01 +4.4795e-02 -1.7349e-01 -1.6425e-01 +6.9789e-02 +6.0832e-02 +1.8527e-01 -8.4737e-02 +2.2144e-01 -4.2429e-02
967 0 +7.411565328e+01 +8.523565328e+01 +8.523565328e+01 +1.7468e-01 -1.2099e-01 -1.7004e-01 +6.4529e-01 +2.9211e-01 -2.5224e+00 +4.9197e-01 +2.2840e-01 +3.0293e-01 -7.6086e-03 -5.2504e-01 +2.1261e-02 -3.6524e-01 -3.4743e-01 +1.8795e-01 +1.3485e-01 +3.6555e-01 -5.2912e-02 +2.5437e-01 -4.9071e-02
1434 0 +7.244354062e+01 +8.356354062e+01 +8.356354062e+01 +4.1333e-01 +2.5671e-01 -4.8455e-01 +9.0855e-01 +3.8451e-01 -2.3078e+00 +5.7575e-01 +1.7418e-01 -4.1184e-01 +1.4816e-01 -6.9218e-01 -5.2786e-01 -6.3634e-01 -4.6498e-01 +4.2604e-01 +3.1623e-01 +1.1794e-01 +8.6034e-01 -5.6736e-01 +4.3598e-01
1517 0 +6.735421846e+01 +7.847421846e+01 +7.847421846e+01 +9.7339e-01 +9.6517e-01 -1.6357e+00 +1.5958e+00 +4.5069e-01 -2.2740e+00 +9.5143e-01 +2.2183e-01 -2.1968e+00 +1.1320e+00 -1.4265e+00 -1.6496e+00 -1.6743e+00 -9.9974e-01 +9.4980e-01 +9.0215e-01 -2.4914e-01 +2.6554e+00 -1.2860e+00 +1.6113e+00
1597 0 +6.526244619e+01 +7.638244619e+01 +7.638244619e+01 +1.0353e+00 +1.0419e+00 -1.7966e+00 +1.6684e+00 +4.4169e-01 -2.2369e+00 +9.9544e-01 +2.3284e-01 -2.4242e+00 +1.2905e+00 -1.5229e+00 -1.7725e+00 -1.8164e+00 -1.0726e+00 +1.0050e+00 +9.7851e-01 -2.8898e-01 +2.8488e+00 -1.2984e+00 +1.7542e+00
1609 0 +6.302876334e+01 +7.414876334e+01 +7.414876334e+01 +1.0935e+00 +1.1232e+00 -1.8987e+00 +1.7359e+00 +4.5544e-01 -2.2154e+00 +1.0269e+00 +2.3109e-01 -2.6049e+00 +1.3673e+00 -1.5857e+00 -1.8966e+00 -1.9078e+00 -1.1171e+00 +1.0600e+00 +1.0325e+00 -3.3543e-01 +3.0503e+00 -1.4237e+00 +1.8751e+00
1619 0 +6.042799425e+01 +7.154799425e+01 +7.154799425e+01 +1.1567e+00 +1.2068e+00 -2.0231e+00 +1.8075e+00 +4.6237e-01 -2.1853e+00 +1.0642e+00 +2.3222e-01 -2.8107e+00 +1.4709e+00 -1.6614e+00 -2.0274e+00 -2.0171e+00 -1.1714e+00 +1.1198e+00 +1.0975e+00 -3.8325e-01 +3.2606e+00 -1.5258e+00 +2.0101e+00
1626 0 +6.020359708e+01 +7.132359708e+01 +7.132359708e+01 +1.1643e+00 +1.2151e+00 -2.0329e+00 +1.8201e+00 +4.6765e-01 -2.2032e+00 +1.0706e+00 +2.3304e-01 -2.8261e+00 +1.4756e+00 -1.6703e+00 -2.0411e+00 -2.0280e+00 -1.1773e+00 +1.1277e+00 +1.1033e+00 -3.8602e-01 +3.2832e+00 -1.5443e+00 +2.0220e+00
1627 0 +5.701468780e+01 +6.813468780e+01 +6.813468780e+01 +1.2416e+00 +1.3199e+00 -2.1796e+00 +1.9083e+00 +4.7967e-01 -2.1665e+00 +1.1142e+00 +2.3281e-01 -3.0749e+00 +1.5944e+00 -1.7591e+00 -2.2034e+00 -2.1579e+00 -1.2406e+00 +1.2009e+00 +1.1802e+00 -4.4638e-01 +3.5453e+00 -1.6858e+00 +2.1861e+00
1637 0 +5.400305460e+01 +6.512305460e+01 +6.512305460e+01 +1.3381e+00 +1.4496e+00 -2.3676e+00 +2.0205e+00 +4.9274e-01 -2.1264e+00 +1.1711e+00 +2.3430e-01 -3.3863e+00 +1.7491e+00 -1.8739e+00 -2.4042e+00 -2.3244e+00 -1.3239e+00 +1.2914e+00 +1.2772e+00 -5.1957e-01 +3.8692e+00 -1.8469e+00 +2.3910e+00
1643 0 +5.129410841e+01 +6.241410841e+01 +6.241410841e+01 +1.4091e+00 +1.5688e+00 -2.4390e+00 +2.0848e+00 +5.2462e-01 -2.0218e+00 +1.1843e+00 +2.0894e-01 -3.5982e+00 +1.7668e+00 -1.9051e+00 -2.5768e+00 -2.3810e+00 -1.3404e+00 +1.3631e+00 +1.3256e+00 -6.0479e-01 +4.1569e+00 -2.1551e+00 +2.5369e+00
1709 0 +5.107085020e+01 +6.219085020e+01 +6.219085020e+01 +1.4633e+00 +1.6444e+00 -2.5575e+00 +2.1417e+00 +5.2401e-01 -1.9609e+00 +1.2127e+00 +2.0929e-01 -3.7924e+00 +1.8738e+00 -1.9713e+00 -2.6930e+00 -2.4832e+00 -1.3888e+00 +1.4131e+00 +1.3849e+00 -6.5102e-01 +4.3438e+00 -2.2305e+00 +2.6607e+00
1730 0 +4.989825868e+01 +6.101825868e+01 +6.101825868e+01 +1.4838e+00 +1.6916e+00 -2.5514e+00 +2.1475e+00 +5.3844e-01 -1.8715e+00 +1.2010e+00 +1.8838e-01 -3.8553e+00 +1.8412e+00 -1.9544e+00 -2.7566e+00 -2.4700e+00 -1.3729e+00 +1.4360e+00 +1.3904e+00 -6.9388e-01 +4.4527e+00 -2.4030e+00 +2.7050e+00
1740 0 +4.874182142e+01 +5.986182142e+01 +5.986182142e+01 +1.4553e+00 +1.6712e+00 -2.4568e+00 +2.1012e+00 +5.4667e-01 -1.8198e+00 +1.1643e+00 +1.7013e-01 -3.7590e+00 +1.7394e+00 -1.8865e+00 -2.7154e+00 -2.3809e+00 -1.3204e+00 +1.4115e+00 +1.3475e+00 -6.9528e-01 +4.3931e+00 -2.4742e+00 +2.6445e+00
1768 0 +4.754809538e+01 +5.866809538e+01 +5.866809538e+01 +1.5346e+00 +1.8151e+00 -2.5326e+00 +2.1534e+00 +5.7386e-01 -1.6062e+00 +1.1634e+00 +1.3059e-01 -4.0213e+00 +1.7565e+00 -1.9038e+00 -2.9207e+00 -2.4309e+00 -1.3250e+00 +1.4926e+00 +1.4025e+00 -8.1040e-01 +4.7362e+00 -2.8574e+00 +2.8197e+00
1772 0 +4.667582759e+01 +5.779582759e+01 +5.779582759e+01 +1.4310e+00 +1.6804e+00 -2.3013e+00 +2.0377e+00 +5.7445e-01 -1.6755e+00 +1.0996e+00 +1.2320e-01 -3.6616e+00 +1.5453e+00 -1.7660e+00 -2.7085e+00 -2.2280e+00 -1.2250e+00 +1.3975e+00 +1.2868e+00 -7.3419e-01 +4.3972e+00 -2.7463e+00 +2.5890e+00
1786 0 +4.471739925e+01 +5.583739925e+01 +5.583739925e+01 +1.4799e+00 +1.7906e+00 -2.3350e+00 +2.0428e+00 +5.8378e-01 -1.3966e+00 +1.0723e+00 +7.9416e-02 -3.8586e+00 +1.5397e+00 -1.7446e+00 -2.8588e+00 -2.2336e+00 -1.2034e+00 +1.4488e+00 +1.3172e+00 -8.3857e-01 +4.6507e+00 -3.0660e+00 +2.7147e+00
1799 0 +4.446904193e+01 +5.558904193e+01 +5.558904193e+01 +1.4716e+00 +1.7927e+00 -2.2727e+00 +2.0274e+00 +6.0118e-01 -1.3816e+00 +1.0531e+00 +6.4444e-02 -3.8102e+00 +1.4592e+00 -1.7036e+00 -2.8544e+00 -2.1771e+00 -1.1701e+00 +1.4441e+00 +1.2921e+00 -8.4744e-01 +4.6502e+00 -3.1712e+00 +2.6891e+00
1815 0 +4.365141191e+01 +5.477141191e+01 +5.477141191e+01 +1.4965e+00 +1.8797e+00 -2.2122e+00 +2.0020e+00 +6.2725e-01 -1.1201e+00 +1.0017e+00 +8.1994e-03 -3.8999e+00 +1.3458e+00 -1.6259e+00 -2.9637e+00 -2.0997e+00 -1.1045e+00 +1.4765e+00 +1.2821e+00 -9.4314e-01 +4.8426e+00 -3.5607e+00 +2.7519e+00
1886 0 +4.251438767e+01 +5.363438767e+01 +5.363438767e+01 +1.4637e+00 +1.8711e+00 -2.1627e+00 +1.9131e+00 +5.9204e-01 -8.4789e-01 +9.3997e-01 -1.8267e-02 -3.8867e+00 +1.3196e+00 -1.5498e+00 -2.9352e+00 -2.0300e+00 -1.0509e+00 +1.4441e+00 +1.2552e+00 -9.7352e-01 +4.7986e+00 -3.5715e+00 +2.7267e+00
1924 0 +4.165192161e+01 +5.277192161e+01 +5.277192161e+01 +1.4530e+00 +1.8726e+00 -2.1828e+00 +1.8661e+00 +5.5378e-01 -6.5018e-01 +9.1175e-01 -2.8243e-02 -3.9353e+00 +1.3665e+00 -1.5293e+00 -2.9326e+00 -2.0285e+00 -1.0399e+00 +1.4321e+00 +1.2611e+00 -9.9628e-01 +4.7907e+00 -3.5215e+00 +2.7419e+00
1946 0 +4.059610329e+01 +5.171610329e+01 +5.171610329e+01 +1.4537e+00 +1.8814e+00 -2.3050e+00 +1.8289e+00 +4.8072e-01 -4.0035e-01 +9.0130e-01 -2.0329e-02 -4.0827e+00 +1.5496e+00 -1.5643e+00 -2.9467e+00 -2.1144e+00 -1.0752e+00 +1.4232e+00 +1.3057e+00 -1.0188e+00 +4.8011e+00 -3.3180e+00 +2.8078e+00
1966 0 +3.975783543e+01 +5.087783543e+01 +5.087783543e+01 +1.4246e+00 +1.8846e+00 -2.2492e+00 +1.7334e+00 +4.4536e-01 -7.4704e-02 +8.3071e-01 -5.6110e-02 -4.0883e+00 +1.5111e+00 -1.4754e+00 -2.9342e+00 -2.0333e+00 -1.0112e+00 +1.3969e+00 +1.2797e+00 -1.0651e+00 +4.7840e+00 -3.3823e+00 +2.7940e+00
1981 0 +3.871277771e+01 +4.983277771e+01 +4.983277771e+01 +1.4076e+00 +1.9236e+00 -2.3529e+00 +1.5916e+00 +3.2024e-01 +6.2544e-01 +7.4107e-01 -9.1465e-02 -4.3218e+00 +1.6985e+00 -1.4251e+00 -2.9738e+00 -2.0596e+00 -9.8705e-01 +1.3709e+00 +1.3160e+00 -1.1624e+00 +4.8363e+00 -3.2632e+00 +2.8910e+00
2369 0 +3.797299310e+01 +4.909299310e+01 +4.909299310e+01 +1.3923e+00 +1.8655e+00 -2.3939e+00 +1.5455e+00 +2.3553e-01 +7.6913e-01 +7.4090e-01 -8.8357e-02 -4.3421e+00 +1.7650e+00 -1.4127e+00 -2.9165e+00 -2.0530e+00 -1.0092e+00 +1.3798e+00 +1.3451e+00 -1.1490e+00 +4.7029e+00 -3.0203e+00 +2.8833e+00
2439 0 +3.702136057e+01 +4.814136057e+01 +4.814136057e+01 +1.4265e+00 +1.7826e+00 -2.4296e+00 +1.6063e+00 +1.7069e-01 +5.7409e-01 +8.2744e-01 -7.5758e-02 -4.3310e+00 +1.7304e+00 -1.4341e+00 -2.8795e+00 -2.0287e+00 -1.0873e+00 +1.4864e+00 +1.4146e+00 -1.0994e+00 +4.5569e+00 -2.8251e+00 +2.8850e+00
2476 0 +3.610369635e+01 +4.722369635e+01 +4.722369635e+01 +1.4767e+00 +1.6928e+00 -2.4929e+00 +1.6568e+00 +5.7741e-02 +5.0023e-01 +9.2076e-01 -7.5744e-02 -4.3868e+00 +1.7040e+00 -1.4411e+00 -2.8594e+00 -1.9882e+00 -1.1803e+00 +1.6367e+00 +1.5196e+00 -1.0691e+00 +4.4037e+00 -2.6002e+00 +2.9230e+00
2502 0 +3.543099894e+01 +4.655099894e+01 +4.655099894e+01 +1.5484e+00 +1.6096e+00 -2.5444e+00 +1.7608e+00 -2.3625e-02 +2.6082e-01 +1.0457e+00 -7.2998e-02 -4.4243e+00 +1.6251e+00 -1.4647e+00 -2.8604e+00 -1.9456e+00 -1.2878e+00 +1.8195e+00 +1.6307e+00 -1.0292e+00 +4.2817e+00 -2.4565e+00 +2.9651e+00
2532 0 +3.462060943e+01 +4.574060943e+01 +4.574060943e+01 +1.6007e+00 +1.5530e+00 -2.5176e+00 +1.8014e+00 -9.3911e-02 +2.2735e-01 +1.1089e+00 -1.0371e-01 -4.4454e+00 +1.4681e+00 -1.4121e+00 -2.8736e+00 -1.8259e+00 -1.3253e+00 +1.9751e+00 +1.7029e+00 -1.0339e+00 +4.2007e+00 -2.4920e+00 +2.9927e+00
2564 0 +3.388031326e+01 +4.500031326e+01 +4.500031326e+01 +1.6920e+00 +1.5226e+00 -2.5091e+00 +1.9206e+00 -1.2656e-01 +3.0851e-03 +1.2186e+00 -1.2871e-01 -4.4929e+00 +1.2804e+00 -1.3999e+00 -2.9404e+00 -1.7333e+00 -1.3944e+00 +2.1797e+00 +1.7977e+00 -1.0359e+00 +4.2023e+00 -2.6345e+00 +3.0562e+00
3003 0 +3.310847727e+01 +4.422847727e+01 +4.422847727e+01 +1.7603e+00 +1.4955e+00 -2.5167e+00 +2.0290e+00 -1.3306e-01 -6.1239e-02 +1.2750e+00 -1.8056e-01 -4.5539e+00 +1.1709e+00 -1.3715e+00 -2.9671e+00 -1.6734e+00 -1.3915e+00 +2.3395e+00 +1.8760e+00 -1.0831e+00 +4.2400e+00 -2.8646e+00 +3.1041e+00
3068 0 +3.234350471e+01 +4.346350471e+01 +4.346350471e+01 +1.7716e+00 +1.3995e+00 -2.5669e+00 +2.1192e+00 -1.3622e-01 -9.3709e-02 +1.2942e+00 -2.2414e-01 -4.5420e+00 +1.2213e+00 -1.3630e+00 -2.8518e+00 -1.6864e+00 -1.3426e+00 +2.4106e+00 +1.9312e+00 -1.1101e+00 +4.1491e+00 -2.8930e+00 +3.0712e+00
3113 0 +3.160988379e+01 +4.272988379e+01 +4.272988379e+01 +1.8293e+00 +1.2414e+00 -2.6352e+00 +2.3090e+00 -1.5225e-01 -1.9359e-01 +1.3611e+00 -3.1439e-01 -4.5524e+00 +1.2098e+00 -1.3304e+00 -2.7033e+00 -1.6565e+00 -1.2801e+00 +2.6138e+00 +2.0573e+00 -1.1689e+00 +4.0244e+00 -3.0501e+00 +3.0500e+00
3913 0 +3.086748560e+01 +4.198748560e+01 +4.198748560e+01 +1.8353e+00 +1.2080e+00 -2.7906e+00 +2.6207e+00 -2.3118e-02 -3.3661e-01 +1.3560e+00 -3.9642e-01 -4.5446e+00 +1.3819e+00 -1.3548e+00 -2.5489e+00 -1.8492e+00 -1.2152e+00 +2.6735e+00 +2.0661e+00 -1.2662e+00 +4.0958e+00 -3.2609e+00 +2.9862e+00
