% f evaluations | g evaluations | best noise-free fitness - Fopt (1.491500000000e+02) + sum g_i+ | measured fitness | best measured fitness or single-digit g-values | x1 | x2...
1 0 +1.737629871e+04 +1.752544871e+04 +1.752544871e+04 +0.0000e+00 +0.0000e+00 +0.0000e+00 +0.0000e+00 +0.0000e+00 +0.0000e+00 +0.0000e+00 +0.0000e+00 +0.0000e+00 +0.0000e+00
13 0 +8.843269074e+03 +8.992419074e+03 +8.992419074e+03 -1.6829e-02 -4.6323e-02 -3.8965e-02 -4.2925e-03 -5.7930e-01 -7.9860e-02 -5.7287e-02 -1.2456e-01 -8.4368e-03 -6.8967e-04
14 0 +5.975229458e+03 +6.124379458e+03 +6.124379458e+03 +3.7168e-02 -1.2525e-02 -1.2864e-04 +5.8291e-02 -9.1054e-01 -6.9031e-02 -3.0999e-02 -1.4435e-01 +5.1308e-02 +6.4361e-02
15 0 +3.969403150e+03 +4.118553150e+03 +4.118553150e+03 -4.4362e-03 -8.9086e-02 -6.7969e-02 +3.1545e-02 -1.1627e+00 -1.8534e-01 -1.2055e-01 -3.1364e-01 +1.9650e-02 +4.1885e-02
16 0 +3.715781640e+03 +3.864931640e+03 +3.864931640e+03 -2.2027e-02 -1.1503e-01 -9.1831e-02 +1.7505e-02 -1.2405e+00 -2.2079e-01 -1.4961e-01 -1.9542e-01 +4.4368e-03 +2.8866e-02
17 0 +3.588330142e+03 +3.737480142e+03 +3.737480142e+03 -3.7563e-02 -1.3675e-01 -1.1201e-01 +4.5965e-03 -1.2903e+00 -1.1110e-01 -1.7362e-01 -2.0766e-01 -9.3405e-03 +1.6713e-02
19 0 +3.371448878e+03 +3.520598878e+03 +3.520598878e+03 -5.6574e-02 -1.5968e-01 -1.3611e-01 -1.1533e-02 -1.3388e+00 -1.1914e-01 -4.9480e-02 -2.1977e-01 -2.6422e-02 +1.4117e-03
20 0 +3.250112551e+03 +3.399262551e+03 +3.399262551e+03 -7.4717e-02 -1.6126e-01 -5.0357e-02 -2.7148e-02 -1.3768e+00 -1.2556e-01 -5.0905e-02 -2.2941e-01 -4.2873e-02 -1.3477e-02
% f evaluations | g evaluations | best noise-free fitness - Fopt (-1.000000000000e+03) + sum g_i+ | measured fitness | best measured fitness or single-digit g-values | x1 | x2...
1 0 +3.907870576e+04 +3.807870576e+04 +3.807870576e+04 +0.0000e+00 +0.0000e+00 +0.0000e+00 +0.0000e+00 +0.0000e+00 +0.0000e+00 +0.0000e+00 +0.0000e+00 +0.0000e+00 +0.0000e+00
4 0 +3.629395799e+04 +3.529395799e+04 +3.529395799e+04 +0.0000e+00 +1.0000e+00 +0.0000e+00 +0.0000e+00 +0.0000e+00 +0.0000e+00 +0.0000e+00 +0.0000e+00 +0.0000e+00 +0.0000e+00
13 0 +1.932524959e+04 +1.832524959e+04 +1.832524959e+04 -6.8066e-01 +1.0564e+00 -1.8223e-04 -1.7236e-01 -3.3132e-01 +4.1922e-02 -2.9184e-01 -1.4558e-01 +1.2846e-02 +5.9624e-03
14 0 +1.563933226e+04 +1.463933226e+04 +1.463933226e+04 -9.5836e-01 +1.2500e+00 +1.5731e-01 -1.2497e-01 -3.8560e-01 +2.2634e-01 -3.2086e-01 -8.1079e-02 +1.7867e-01 +1.6738e-01
15 0 +1.093802690e+04 +9.938026902e+03 +9.938026902e+03 -1.0932e+00 +1.3084e+00 +1.6199e-01 -2.8381e-01 -6.9541e-01 +2.7101e-01 -5.9318e-01 -2.1449e-01 +1.9573e-01 +1.7790e-01
16 0 +9.653751407e+03 +8.653751407e+03 +8.653751407e+03 -1.2596e+00 +1.3129e+00 +1.4544e-01 -3.6446e-01 -5.5618e-01 +2.7014e-01 -7.1831e-01 -2.8517e-01 +1.8403e-01 +1.6364e-01
17 0 +8.643944702e+03 +7.643944702e+03 +7.643944702e+03 -1.4115e+00 +1.3124e+00 +1.2577e-01 -4.4263e-01 -6.4235e-01 +2.6476e-01 -5.8728e-01 -3.5425e-01 +1.6878e-01 +1.4605e-01
18 0 +7.933449730e+03 +6.933449730e+03 +6.933449730e+03 -1.4264e+00 +1.5075e+00 +1.3571e-01 -5.4353e-01 -6.7276e-01 +3.0182e-01 -6.2067e-01 -4.3791e-01 +1.8711e-01 +1.5995e-01
19 0 +7.263672112e+03 +6.263672112e+03 +6.263672112e+03 -1.5358e+00 +1.5588e+00 +1.0858e-01 -3.8554e-01 -7.4258e-01 +2.9405e-01 -6.8689e-01 -5.3194e-01 +1.6597e-01 +1.3565e-01
20 0 +6.583806630e+03 +5.583806630e+03 +5.583806630e+03 -1.6588e+00 +1.6134e+00 +7.1225e-02 -4.3491e-01 -8.2157e-01 +2.7901e-01 -7.6190e-01 -3.7911e-01 +1.3552e-01 +1.0155e-01
21 0 +6.454783247e+03 +5.454783247e+03 +5.454783247e+03 -1.6774e+00 +1.6118e+00 +1.7478e-01 -4.4368e-01 -8.3488e-01 +2.5699e-01 -7.7484e-01 -3.8671e-01 +1.1006e-01 +7.5275e-02
% f evaluations | g evaluations | best noise-free fitness - Fopt (9.862000000000e+01) + sum g_i+ | measured fitness | best measured fitness or single-digit g-values | x1 | x2...
1 0 +4.199469811e+04 +4.209331811e+04 +4.209331811e+04 +0.0000e+00 +0.0000e+00 +0.0000e+00 +0.0000e+00 +0.0000e+00 +0.0000e+00 +0.0000e+00 +0.0000e+00 +0.0000e+00 +0.0000e+00
5 0 +4.166366670e+04 +4.176228670e+04 +4.176228670e+04 +0.0000e+00 +0.0000e+00 +1.0000e+00 +0.0000e+00 +0.0000e+00 +0.0000e+00 +0.0000e+00 +0.0000e+00 +0.0000e+00 +0.0000e+00
7 0 +4.036719178e+04 +4.046581178e+04 +4.046581178e+04 +0.0000e+00 +0.0000e+00 +0.0000e+00 +0.0000e+00 +1.0000e+00 +0.0000e+00 +0.0000e+00 +0.0000e+00 +0.0000e+00 +0.0000e+00
12 0 +3.957820183e+04 +3.967682183e+04 +3.967682183e+04 +0.0000e+00 +0.0000e+00 +0.0000e+00 +0.0000e+00 +0.0000e+00 +0.0000e+00 +0.0000e+00 +0.0000e+00 +0.0000e+00 +1.0000e+00
13 0 +2.076267681e+04 +2.086129681e+04 +2.086129681e+04 -6.6177e-02 -1.9104e-01 +6.9489e-03 -4.4376e-01 +3.4164e-02 -3.8118e-03 -1.1765e-01 -5.2410e-01 -5.5023e-01 +1.0507e+00
14 0 +1.579808316e+04 +1.589670316e+04 +1.589670316e+04 +7.5414e-02 -1.4966e-01 +2.0722e-01 -6.0517e-01 +2.5628e-01 +1.8783e-01 -1.7371e-02 -7.4999e-01 -7.9708e-01 +1.2861e+00
17 0 +1.328495243e+04 +1.338357243e+04 +1.338357243e+04 +5.3234e-02 -2.3383e-01 +2.2135e-01 -8.1482e-01 +2.8392e-01 +1.9661e-01 -6.5109e-02 -8.0402e-01 -8.5576e-01 +1.3220e+00
18 0 +1.120310387e+04 +1.130172387e+04 +1.130172387e+04 +2.3639e-02 -3.2842e-01 +2.2982e-01 -7.9973e-01 +3.0655e-01 +1.9948e-01 -1.2150e-01 -9.5243e-01 -1.0160e+00 +1.3532e+00
19 0 +1.042756665e+04 +1.052618665e+04 +1.052618665e+04 -1.6967e-02 -1.4775e-01 +2.1154e-01 -8.8752e-01 +2.9658e-01 +1.7791e-01 -1.7782e-01 -1.0395e+00 -1.1100e+00 +1.3483e+00
20 0 +9.285163136e+03 +9.383783136e+03 +9.383783136e+03 -8.9189e-02 -2.0343e-01 +1.8600e-01 -9.4858e-01 +2.8842e-01 +1.4551e-01 -2.8290e-01 -1.0696e+00 -1.1451e+00 +1.5368e+00
21 0 +8.529786906e+03 +8.628406906e+03 +8.628406906e+03 -1.6168e-01 -2.5173e-01 +1.4545e-01 -1.0316e+00 +2.5975e-01 +1.0025e-01 -1.0874e-01 -1.1414e+00 -1.2235e+00 +1.5799e+00
% f evaluations | g evaluations | best noise-free fitness - Fopt (-4.715000000000e+01) + sum g_i+ | measured fitness | best measured fitness or single-digit g-values | x1 | x2...
1 0 +1.627277393e+04 +1.622562393e+04 +1.622562393e+04 +0.0000e+00 +0.0000e+00 +0.0000e+00 +0.0000e+00 +0.0000e+00 +0.0000e+00 +0.0000e+00 +0.0000e+00 +0.0000e+00 +0.0000e+00
7 0 +1.485609275e+04 +1.480894275e+04 +1.480894275e+04 +0.0000e+00 +0.0000e+00 +0.0000e+00 +0.0000e+00 +1.0000e+00 +0.0000e+00 +0.0000e+00 +0.0000e+00 +0.0000e+00 +0.0000e+00
13 0 +8.565704492e+03 +8.518554492e+03 +8.518554492e+03 -2.8487e-02 -6.9056e-02 -9.4245e-02 -4.6767e-01 +1.0306e+00 -1.9436e-03 -1.8732e-01 -2.2175e-01 -3.5770e-02 +3.3924e-05
14 0 +5.723847886e+03 +5.676697886e+03 +5.676697886e+03 -7.7676e-02 -1.8829e-01 -2.5698e-01 -5.9630e-01 +1.0834e+00 -5.2996e-03 -5.1076e-01 -6.0463e-01 -9.7533e-02 +9.2501e-05
15 0 +4.563206946e+03 +4.516056946e+03 +4.516056946e+03 -1.0225e-01 -2.4787e-01 -3.3828e-01 -8.1626e-01 +1.1098e+00 -6.9763e-03 -6.7235e-01 -4.6755e-01 -1.2839e-01 +1.2177e-04
16 0 +3.731112051e+03 +3.683962051e+03 +3.683962051e+03 -1.2401e-01 -3.0060e-01 -4.1025e-01 -1.0110e+00 +1.1331e+00 -8.4605e-03 -5.4704e-01 -5.7288e-01 -1.5571e-01 +1.4767e-04
17 0 +3.533978752e+03 +3.486828752e+03 +3.486828752e+03 -1.3040e-01 -3.1611e-01 -2.9914e-01 -1.0682e+00 +1.1400e+00 -8.8970e-03 -5.7674e-01 -6.0386e-01 -1.6374e-01 +1.5529e-04
18 0 +3.427520875e+03 +3.380370875e+03 +3.380370875e+03 -1.4774e-01 -3.5815e-01 -3.1922e-01 -1.0987e+00 +1.2077e+00 -1.0080e-02 -6.0726e-01 -6.2867e-01 -1.8551e-01 +1.7594e-04
19 0 +3.292305085e+03 +3.245155085e+03 +3.245155085e+03 -1.5452e-01 -2.7458e-01 -3.3239e-01 -1.1370e+00 +1.2237e+00 -1.0543e-02 -6.2976e-01 -6.5088e-01 -1.9403e-01 +1.8402e-04
21 0 +3.138960687e+03 +3.091810687e+03 +3.091810687e+03 -2.0327e-01 -2.8181e-01 -3.4248e-01 -1.1596e+00 +1.2045e+00 -5.2891e-02 -6.4609e-01 -6.6573e-01 -1.4350e-01 -4.1688e-02
% f evaluations | g evaluations | best noise-free fitness - Fopt (3.752000000000e+01) + sum g_i+ | measured fitness | best measured fitness or single-digit g-values | x1 | x2...
1 0 +2.454046287e+04 +2.457798287e+04 +2.457798287e+04 +0.0000e+00 +0.0000e+00 +0.0000e+00 +0.0000e+00 +0.0000e+00 +0.0000e+00 +0.0000e+00 +0.0000e+00 +0.0000e+00 +0.0000e+00
5 0 +2.264468808e+04 +2.268220808e+04 +2.268220808e+04 +0.0000e+00 +0.0000e+00 +1.0000e+00 +0.0000e+00 +0.0000e+00 +0.0000e+00 +0.0000e+00 +0.0000e+00 +0.0000e+00 +0.0000e+00
7 0 +2.097639353e+04 +2.101391353e+04 +2.101391353e+04 +0.0000e+00 +0.0000e+00 +0.0000e+00 +0.0000e+00 +1.0000e+00 +0.0000e+00 +0.0000e+00 +0.0000e+00 +0.0000e+00 +0.0000e+00
13 0 +1.110977215e+04 +1.114729215e+04 +1.114729215e+04 -2.4243e-02 -7.0582e-01 +6.7122e-02 -4.6223e-01 +1.1262e+00 +4.1213e-02 +4.2167e-02 +8.4454e-02 +2.3354e-02 -2.2978e-03
14 0 +8.411285202e+03 +8.448805202e+03 +8.448805202e+03 -3.6535e-02 -1.0637e+00 +1.0116e-01 -6.9661e-01 +1.0125e+00 +6.2110e-02 +6.3548e-02 +1.2728e-01 +3.5195e-02 -3.4629e-03
15 0 +6.940249616e+03 +6.977769616e+03 +6.977769616e+03 -5.7209e-02 -1.0712e+00 +1.5840e-01 -1.0908e+00 +1.1938e+00 +9.7255e-02 +9.9507e-02 +1.9930e-01 +5.5111e-02 -5.4223e-03
16 0 +5.097169202e+03 +5.134689202e+03 +5.134689202e+03 -8.4210e-02 -1.4231e+00 +2.3316e-01 -1.0832e+00 +1.4306e+00 +1.4316e-01 +1.4647e-01 +2.9336e-01 +8.1122e-02 -7.9816e-03
18 0 +4.984702528e+03 +5.022222528e+03 +5.022222528e+03 +5.7974e-02 -1.4256e+00 +2.3860e-01 -1.0849e+00 +1.4346e+00 +1.4860e-01 +1.5192e-01 +2.9881e-01 +8.6568e-02 -1.8015e-01
% f evaluations | g evaluations | best noise-free fitness - Fopt (2.177000000000e+01) + sum g_i+ | measured fitness | best measured fitness or single-digit g-values | x1 | x2...
1 0 +4.151423932e+04 +4.153600932e+04 +4.153600932e+04 +0.0000e+00 +0.0000e+00 +0.0000e+00 +0.0000e+00 +0.0000e+00 +0.0000e+00 +0.0000e+00 +0.0000e+00 +0.0000e+00 +0.0000e+00
3 0 +4.145568638e+04 +4.147745638e+04 +4.147745638e+04 +1.0000e+00 +0.0000e+00 +0.0000e+00 +0.0000e+00 +0.0000e+00 +0.0000e+00 +0.0000e+00 +0.0000e+00 +0.0000e+00 +0.0000e+00
8 0 +3.944651621e+04 +3.946828621e+04 +3.946828621e+04 +0.0000e+00 +0.0000e+00 +0.0000e+00 +0.0000e+00 +0.0000e+00 +1.0000e+00 +0.0000e+00 +0.0000e+00 +0.0000e+00 +0.0000e+00
11 0 +3.835960339e+04 +3.838137339e+04 +3.838137339e+04 +0.0000e+00 +0.0000e+00 +0.0000e+00 +0.0000e+00 +0.0000e+00 +0.0000e+00 +0.0000e+00 +0.0000e+00 +1.0000e+00 +0.0000e+00
13 0 +1.960260369e+04 +1.962437369e+04 +1.962437369e+04 +1.2026e-03 -4.8035e-03 +7.4048e-03 +1.5028e-02 -3.0355e-01 +4.2469e-02 -3.4125e-01 -7.5724e-01 +1.0648e+00 +2.2217e-03
14 0 +1.686691167e+04 +1.688868167e+04 +1.688868167e+04 +1.3137e-01 +1.2291e-01 +1.4012e-01 +1.5087e-01 -2.9826e-01 +1.8955e-01 -3.5141e-01 -9.3788e-01 +1.2210e+00 +1.3281e-01
15 0 +1.229498735e+04 +1.231675735e+04 +1.231675735e+04 +1.2830e-01 +1.1513e-01 +1.4190e-01 +1.5861e-01 -5.3992e-01 +2.1878e-01 -6.2259e-01 -1.1113e+00 +1.2677e+00 +1.3053e-01
16 0 +1.049558726e+04 +1.051735726e+04 +1.051735726e+04 +1.0186e-01 +8.5442e-02 +1.1881e-01 +1.3964e-01 -7.3099e-01 +2.1463e-01 -4.6582e-01 -1.3802e+00 +1.2756e+00 +1.0464e-01
17 0 +8.957628453e+03 +8.979398453e+03 +8.979398453e+03 +7.3197e-02 +5.3853e-02 +9.3171e-02 +1.1772e-01 -5.8385e-01 +2.0610e-01 -6.1040e-01 -1.6231e+00 +1.2780e+00 +7.6479e-02
18 0 +7.257815853e+03 +7.279585853e+03 +7.279585853e+03 +5.7419e-02 +3.2102e-02 +8.3562e-02 +1.1569e-01 -6.9683e-01 +2.3136e-01 -7.3397e-01 -1.7382e+00 +1.5278e+00 +6.1715e-02
19 0 +7.135326916e+03 +7.157096916e+03 +7.157096916e+03 +4.0229e-02 +1.3022e-01 +6.6846e-02 +9.9561e-02 -7.0775e-01 +2.1733e-01 -7.4598e-01 -1.7526e+00 +1.5280e+00 +4.4603e-02
21 0 +6.959710625e+03 +6.981480625e+03 +6.981480625e+03 +1.6836e-01 +1.3202e-01 +3.6810e-02 +7.0479e-02 -7.2510e-01 +1.9168e-01 -7.6505e-01 -1.7749e+00 +1.5265e+00 +2.8871e-02
% f evaluations | g evaluations | best noise-free fitness - Fopt (6.603000000000e+01) + sum g_i+ | measured fitness | best measured fitness or single-digit g-values | x1 | x2...
1 0 +4.612502227e+04 +4.619105227e+04 +4.619105227e+04 +0.0000e+00 +0.0000e+00 +0.0000e+00 +0.0000e+00 +0.0000e+00 +0.0000e+00 +0.0000e+00 +0.0000e+00 +0.0000e+00 +0.0000e+00
3 0 +4.549708250e+04 +4.556311250e+04 +4.556311250e+04 +1.0000e+00 +0.0000e+00 +0.0000e+00 +0.0000e+00 +0.0000e+00 +0.0000e+00 +0.0000e+00 +0.0000e+00 +0.0000e+00 +0.0000e+00
13 0 +2.257581892e+04 +2.264184892e+04 +2.264184892e+04 +1.2691e-02 -6.1257e-01 -5.0432e-02 +8.3281e-03 +1.0157e+00 -5.4117e-01 -4.9648e-01 +1.0831e-02 -1.0843e-02 -7.6345e-04
14 0 +1.751966019e+04 +1.758569019e+04 +1.758569019e+04 +1.8624e-01 -8.1638e-01 +8.5019e-02 +1.7924e-01 +1.1910e+00 -7.0189e-01 -6.3022e-01 +1.8326e-01 +1.4850e-01 +1.6466e-01
17 0 +1.509346788e+04 +1.515949788e+04 +1.515949788e+04 +1.9693e-01 -8.8688e-01 +7.0479e-02 +1.8819e-01 +1.2029e+00 -7.5636e-01 -8.2307e-01 +1.9321e-01 +1.4979e-01 +1.6998e-01
18 0 +1.278287493e+04 +1.284890493e+04 +1.284890493e+04 +2.0407e-01 -1.0521e+00 +5.1200e-02 +1.9350e-01 +1.2113e+00 -8.9018e-01 -8.2830e-01 +1.9956e-01 +1.4708e-01 +1.7149e-01
19 0 +1.114238495e+04 +1.120841495e+04 +1.120841495e+04 +1.9241e-01 -1.1508e+00 +1.1202e-03 +1.7919e-01 +1.3485e+00 -9.6300e-01 -9.1688e-01 +1.8677e-01 +1.2109e-01 +1.5164e-01
20 0 +1.063953435e+04 +1.070556435e+04 +1.070556435e+04 +1.6104e-01 -1.2060e+00 +1.8267e-01 +1.4678e-01 +1.3583e+00 -1.0058e+00 -9.6440e-01 +1.5496e-01 +8.4112e-02 +1.1706e-01
% f evaluations | g evaluations | best noise-free fitness - Fopt (1.720100000000e+02) + sum g_i+ | measured fitness | best measured fitness or single-digit g-values | x1 | x2...
1 0 +3.683854590e+04 +3.701055590e+04 +3.701055590e+04 +0.0000e+00 +0.0000e+00 +0.0000e+00 +0.0000e+00 +0.0000e+00 +0.0000e+00 +0.0000e+00 +0.0000e+00 +0.0000e+00 +0.0000e+00
4 0 +3.654449658e+04 +3.671650658e+04 +3.671650658e+04 +0.0000e+00 +1.0000e+00 +0.0000e+00 +0.0000e+00 +0.0000e+00 +0.0000e+00 +0.0000e+00 +0.0000e+00 +0.0000e+00 +0.0000e+00
8 0 +3.391329033e+04 +3.408530033e+04 +3.408530033e+04 +0.0000e+00 +0.0000e+00 +0.0000e+00 +0.0000e+00 +0.0000e+00 +1.0000e+00 +0.0000e+00 +0.0000e+00 +0.0000e+00 +0.0000e+00
13 0 +1.712608315e+04 +1.729809315e+04 +1.729809315e+04 -5.1702e-02 +6.2702e-03 -1.1073e-01 +1.0010e-02 -7.3793e-01 +1.0624e+00 -1.3754e-01 +2.4071e-02 -3.7741e-01 +3.7253e-02
14 0 +1.444344084e+04 +1.461545084e+04 +1.461545084e+04 +5.4415e-02 +1.3829e-01 -3.0985e-02 +1.4370e-01 -9.3839e-01 +1.2195e+00 -6.9778e-02 +1.6404e-01 -4.1681e-01 +1.8311e-01
15 0 +1.022627498e+04 +1.039828498e+04 +1.039828498e+04 +9.6883e-03 +1.4153e-01 -1.2455e-01 +1.5003e-01 -1.1339e+00 +1.2691e+00 -1.8553e-01 +1.8201e-01 -7.3103e-01 +2.1198e-01
16 0 +8.217315205e+03 +8.389325205e+03 +8.389325205e+03 -4.8645e-02 +1.2202e-01 -2.2242e-01 +1.3303e-01 -1.4677e+00 +1.2872e+00 -3.0136e-01 +1.7442e-01 -6.3286e-01 +2.1323e-01
17 0 +6.447080513e+03 +6.619090513e+03 +6.619090513e+03 -9.4029e-02 +1.3822e-01 -3.3050e-01 +1.5320e-01 -1.5373e+00 +1.5928e+00 -4.3792e-01 +2.0953e-01 -7.4922e-01 +2.6234e-01
18 0 +5.829169605e+03 +6.001179605e+03 +6.001179605e+03 -1.3849e-01 +1.1596e-01 -3.9757e-01 +1.3238e-01 -1.6356e+00 +1.6384e+00 -2.6977e-01 +1.9409e-01 -8.2861e-01 +2.5194e-01
19 0 +5.357258901e+03 +5.529268901e+03 +5.529268901e+03 -1.8781e-01 +8.8486e-02 -2.3503e-01 +1.0631e-01 -1.7294e+00 +1.6790e+00 -3.0023e-01 +1.7333e-01 -9.0525e-01 +2.3615e-01
20 0 +5.081505310e+03 +5.253515310e+03 +5.253515310e+03 -4.9112e-02 +6.0410e-02 -2.5085e-01 +7.9099e-02 -1.7811e+00 +1.6956e+00 -3.1780e-01 +1.4936e-01 -9.4923e-01 +2.1522e-01
% f evaluations | g evaluations | best noise-free fitness - Fopt (-2.725000000000e+01) + sum g_i+ | measured fitness | best measured fitness or single-digit g-values | x1 | x2...
1 0 +2.907831669e+04 +2.905106669e+04 +2.905106669e+04 +0.0000e+00 +0.0000e+00 +0.0000e+00 +0.0000e+00 +0.0000e+00 +0.0000e+00 +0.0000e+00 +0.0000e+00 +0.0000e+00 +0.0000e+00
5 0 +2.859618839e+04 +2.856893839e+04 +2.856893839e+04 +0.0000e+00 +0.0000e+00 +1.0000e+00 +0.0000e+00 +0.0000e+00 +0.0000e+00 +0.0000e+00 +0.0000e+00 +0.0000e+00 +0.0000e+00
10 0 +2.640883222e+04 +2.638158222e+04 +2.638158222e+04 +0.0000e+00 +0.0000e+00 +0.0000e+00 +0.0000e+00 +0.0000e+00 +0.0000e+00 +0.0000e+00 +1.0000e+00 +0.0000e+00 +0.0000e+00
13 0 +1.413782316e+04 +1.411057316e+04 +1.411057316e+04 -2.0719e-01 -2.4524e-01 +1.0345e-02 -1.6308e-01 +1.1400e-02 -1.2779e-01 -6.4533e-01 +1.0573e+00 -7.2813e-03 -6.0969e-03
14 0 +1.164668135e+04 +1.161943135e+04 +1.161943135e+04 -1.9364e-01 -2.5549e-01 +1.5989e-01 -1.2196e-01 +1.6161e-01 -6.4604e-02 -9.0573e-01 +1.2362e+00 +1.3125e-01 +1.3317e-01
15 0 +8.029311543e+03 +8.002061543e+03 +8.002061543e+03 -4.0082e-01 -5.0258e-01 +1.8089e-01 -2.8287e-01 +1.8371e-01 -1.8850e-01 -1.1012e+00 +1.3064e+00 +1.3376e-01 +1.3692e-01
16 0 +7.275347843e+03 +7.248097843e+03 +7.248097843e+03 -4.8736e-01 -3.5325e-01 +1.6829e-01 -3.5442e-01 +1.7147e-01 -2.4805e-01 -1.2387e+00 +1.3097e+00 +1.1516e-01 +1.1873e-01
17 0 +6.736135843e+03 +6.708885843e+03 +6.708885843e+03 -3.4735e-01 -4.0460e-01 +1.5267e-01 -4.1799e-01 +1.5614e-01 -3.0186e-01 -1.3505e+00 +1.3071e+00 +9.4673e-02 +9.8570e-02
18 0 +6.449686570e+03 +6.422436570e+03 +6.422436570e+03 -3.7987e-01 -4.4216e-01 +1.3475e-01 -2.9060e-01 +1.3844e-01 -3.4772e-01 -1.4324e+00 +1.2987e+00 +7.3190e-02 +7.7327e-02
20 0 +5.993144259e+03 +5.965894259e+03 +5.965894259e+03 -4.0723e-01 -4.7270e-01 +1.3402e-01 -3.1518e-01 +1.3813e-01 -3.4988e-01 -1.4785e+00 +1.3726e+00 +6.5285e-02 +6.9904e-02
21 0 +5.845303460e+03 +5.818053460e+03 +5.818053460e+03 -4.1733e-01 -4.8405e-01 +1.1279e-01 -3.2410e-01 +1.1705e-01 -3.5616e-01 -1.4974e+00 +1.3733e+00 +1.5388e-01 +4.6543e-02
% f evaluations | g evaluations | best noise-free fitness - Fopt (-1.521800000000e+02) + sum g_i+ | measured fitness | best measured fitness or single-digit g-values | x1 | x2...
1 0 +2.488686447e+04 +2.473468447e+04 +2.473468447e+04 +0.0000e+00 +0.0000e+00 +0.0000e+00 +0.0000e+00 +0.0000e+00 +0.0000e+00 +0.0000e+00 +0.0000e+00 +0.0000e+00 +0.0000e+00
6 0 +2.482204003e+04 +2.466986003e+04 +2.466986003e+04 +0.0000e+00 +0.0000e+00 +0.0000e+00 +1.0000e+00 +0.0000e+00 +0.0000e+00 +0.0000e+00 +0.0000e+00 +0.0000e+00 +0.0000e+00
10 0 +2.276598304e+04 +2.261380304e+04 +2.261380304e+04 +0.0000e+00 +0.0000e+00 +0.0000e+00 +0.0000e+00 +0.0000e+00 +0.0000e+00 +0.0000e+00 +1.0000e+00 +0.0000e+00 +0.0000e+00
13 0 +1.240865339e+04 +1.225647339e+04 +1.225647339e+04 -7.2773e-04 -4.5710e-02 -8.9537e-02 +1.4782e-03 -1.4280e-01 -5.9699e-01 -3.5505e-01 +1.0484e+00 +1.0915e-02 -1.5831e-02
14 0 +1.069654526e+04 +1.054436526e+04 +1.054436526e+04 +1.2749e-01 +5.7961e-02 -9.7834e-03 +1.3090e-01 -9.2116e-02 -7.9417e-01 -4.2019e-01 +1.2034e+00 +1.4549e-01 +1.0415e-01
15 0 +8.132164337e+03 +7.979984337e+03 +7.979984337e+03 +1.2905e-01 +1.7368e-02 -9.1443e-02 +1.3452e-01 -2.2368e-01 -9.1709e-01 -7.5064e-01 +1.2509e+00 +1.5796e-01 +9.1551e-02
16 0 +6.169425078e+03 +6.017245078e+03 +6.017245078e+03 +1.1046e-01 -4.1741e-02 -1.9003e-01 +1.1792e-01 -3.7025e-01 -1.2516e+00 -6.9127e-01 +1.2766e+00 +1.4986e-01 +5.9358e-02
17 0 +5.948029631e+03 +5.795849631e+03 +5.795849631e+03 +9.2823e-02 -6.7826e-02 -2.2435e-01 +1.0070e-01 -2.4557e-01 -1.3214e+00 -7.3780e-01 +1.2681e+00 +1.3441e-01 +3.8884e-02
19 0 +5.332969498e+03 +5.180789498e+03 +5.180789498e+03 +8.6841e-02 -1.0544e-01 -2.2325e-01 +9.6270e-02 -2.8319e-01 -1.3924e+00 -7.9894e-01 +1.3857e+00 +1.3661e-01 +2.2281e-02
20 0 +5.060999184e+03 +4.908819184e+03 +4.908819184e+03 +5.7846e-02 +2.7189e-02 -2.3311e-01 +6.7942e-02 -3.0414e-01 -1.4430e+00 -8.3711e-01 +1.4004e+00 +1.1113e-01 -1.1274e-02
21 0 +4.910971397e+03 +4.758791397e+03 +4.758791397e+03 +1.9810e-02 +2.4311e-02 -2.4092e-01 +3.0491e-02 -3.2119e-01 -1.4817e+00 -8.6729e-01 +1.4033e+00 +7.6185e-02 +1.2627e-01
% f evaluations | g evaluations | best noise-free fitness - Fopt (5.821500000000e+02) + sum g_i+ | measured fitness | best measured fitness or single-digit g-values | x1 | x2...
1 0 +4.982872422e+04 +5.041087422e+04 +5.041087422e+04 +0.0000e+00 +0.0000e+00 +0.0000e+00 +0.0000e+00 +0.0000e+00 +0.0000e+00 +0.0000e+00 +0.0000e+00 +0.0000e+00 +0.0000e+00
5 0 +4.724852249e+04 +4.783067249e+04 +4.783067249e+04 +0.0000e+00 +0.0000e+00 +1.0000e+00 +0.0000e+00 +0.0000e+00 +0.0000e+00 +0.0000e+00 +0.0000e+00 +0.0000e+00 +0.0000e+00
13 0 +2.398568142e+04 +2.456783142e+04 +2.456783142e+04 -1.1535e-01 -7.8315e-01 +1.0554e+00 -3.4620e-01 +3.4029e-02 -6.9463e-02 +6.1136e-03 +4.5958e-03 -4.9213e-01 +4.7094e-02
14 0 +1.943277997e+04 +2.001492997e+04 +2.001492997e+04 -7.2183e-03 -1.0629e+00 +1.2628e+00 -3.7216e-01 +2.2893e-01 +6.5328e-02 +1.8480e-01 +1.8240e-01 -6.0284e-01 +2.4959e-01
15 0 +1.246902988e+04 +1.305117988e+04 +1.305117988e+04 -1.3469e-01 -1.1984e+00 +1.3090e+00 -7.3439e-01 +2.5338e-01 -1.5474e-02 +1.8086e-01 +1.7692e-01 -1.1135e+00 +2.8732e-01
16 0 +1.012956470e+04 +1.071171470e+04 +1.071171470e+04 -2.1853e-01 -1.4879e+00 +1.3149e+00 -9.3953e-01 +2.4803e-01 -7.5204e-02 +1.6084e-01 +1.5610e-01 -1.0139e+00 +2.8883e-01
17 0 +9.134333838e+03 +9.716483838e+03 +9.716483838e+03 -2.7695e-01 -1.6518e+00 +1.3072e+00 -7.9938e-01 +2.3402e-01 -1.1998e-01 +1.3854e-01 +1.3335e-01 -1.1370e+00 +2.7872e-01
18 0 +7.930614321e+03 +8.512764321e+03 +8.512764321e+03 -3.5478e-01 -1.7033e+00 +1.5235e+00 -8.6362e-01 +2.4964e-01 -1.6910e-01 +1.3669e-01 +1.3055e-01 -1.2117e+00 +3.0250e-01
19 0 +7.562188117e+03 +8.144338117e+03 +8.144338117e+03 -1.7333e-01 -1.7748e+00 +1.5597e+00 -9.1408e-01 +2.2533e-01 -2.2285e-01 +1.0444e-01 +9.7867e-02 -1.2759e+00 +2.8191e-01
21 0 +7.354277963e+03 +7.936427963e+03 +7.936427963e+03 -1.8268e-01 -1.8092e+00 +1.5758e+00 -9.3876e-01 +2.0979e-01 -1.0510e-01 +8.4904e-02 +4.9516e-02 -1.3072e+00 +2.6824e-01
% f evaluations | g evaluations | best noise-free fitness - Fopt (1.752000000000e+01) + sum g_i+ | measured fitness | best measured fitness or single-digit g-values | x1 | x2...
1 0 +8.972772464e+03 +8.990292464e+03 +8.990292464e+03 +0.0000e+00 +0.0000e+00 +0.0000e+00 +0.0000e+00 +0.0000e+00 +0.0000e+00 +0.0000e+00 +0.0000e+00 +0.0000e+00 +0.0000e+00
3 0 +8.621096339e+03 +8.638616339e+03 +8.638616339e+03 +1.0000e+00 +0.0000e+00 +0.0000e+00 +0.0000e+00 +0.0000e+00 +0.0000e+00 +0.0000e+00 +0.0000e+00 +0.0000e+00 +0.0000e+00
10 0 +8.285761251e+03 +8.303281251e+03 +8.303281251e+03 +0.0000e+00 +0.0000e+00 +0.0000e+00 +0.0000e+00 +0.0000e+00 +0.0000e+00 +0.0000e+00 +1.0000e+00 +0.0000e+00 +0.0000e+00
13 0 +4.859024151e+03 +4.876544151e+03 +4.876544151e+03 +8.7096e-03 -2.0499e-01 +7.2404e-03 -8.0831e-03 -1.8050e-03 -2.1289e-02 -4.0305e-01 +1.0170e+00 -1.3474e-02 -6.7321e-03
14 0 +3.126248917e+03 +3.143768917e+03 +3.143768917e+03 +2.5725e-02 -6.0547e-01 +2.1385e-02 -2.3874e-02 -5.3312e-03 -6.2878e-02 -6.0506e-01 +1.0503e+00 -3.9796e-02 -1.9884e-02
15 0 +2.274554353e+03 +2.292074353e+03 +2.292074353e+03 +4.0711e-02 -5.9786e-01 +3.3843e-02 -3.7782e-02 -8.4370e-03 -9.9508e-02 -9.6625e-01 +1.0795e+00 -6.2979e-02 -3.1467e-02
18 0 +2.223320546e+03 +2.240840546e+03 +2.240840546e+03 +1.2230e-02 -6.1354e-01 +5.1132e-03 -6.9118e-02 -3.8705e-02 -4.3029e-02 -9.8157e-01 +1.0586e+00 -9.5231e-02 -6.2573e-02
19 0 +2.170086533e+03 +2.187606533e+03 +2.187606533e+03 +1.4769e-02 -6.1400e-01 +7.6523e-03 -1.4565e-01 -3.6166e-02 -4.3076e-02 -9.8247e-01 +1.0608e+00 -3.1117e-02 -6.0034e-02
20 0 +2.021827207e+03 +2.039347207e+03 +2.039347207e+03 -8.8612e-03 -6.3223e-01 -1.6248e-02 -9.7825e-02 -6.1729e-02 -4.3932e-02 -1.0016e+00 +1.0446e+00 +3.3873e-02 -8.6503e-02
21 0 +1.975554295e+03 +1.993074295e+03 +1.993074295e+03 -2.8571e-02 -6.4490e-01 -3.6153e-02 -9.7896e-02 -8.2833e-02 -4.4499e-02 -1.0144e+00 +1.0305e+00 +3.6366e-02 -1.6269e-02
% f evaluations | g evaluations | best noise-free fitness - Fopt (4.041000000000e+01) + sum g_i+ | measured fitness | best measured fitness or single-digit g-values | x1 | x2...
1 0 +3.178597058e+04 +3.182638058e+04 +3.182638058e+04 +0.0000e+00 +0.0000e+00 +0.0000e+00 +0.0000e+00 +0.0000e+00 +0.0000e+00 +0.0000e+00 +0.0000e+00 +0.0000e+00 +0.0000e+00
3 0 +3.108955454e+04 +3.112996454e+04 +3.112996454e+04 +1.0000e+00 +0.0000e+00 +0.0000e+00 +0.0000e+00 +0.0000e+00 +0.0000e+00 +0.0000e+00 +0.0000e+00 +0.0000e+00 +0.0000e+00
7 0 +2.910209288e+04 +2.914250288e+04 +2.914250288e+04 +0.0000e+00 +0.0000e+00 +0.0000e+00 +0.0000e+00 +1.0000e+00 +0.0000e+00 +0.0000e+00 +0.0000e+00 +0.0000e+00 +0.0000e+00
13 0 +1.482936263e+04 +1.486977263e+04 +1.486977263e+04 +1.3141e-02 +2.9472e-03 +9.8149e-03 -6.8284e-01 +1.0506e+00 -4.3695e-03 -2.7195e-01 -8.2077e-02 -7.4481e-03 -4.0083e-03
14 0 +1.060703119e+04 +1.064744119e+04 +1.064744119e+04 +1.9346e-02 +4.3390e-03 +1.4450e-02 -1.0053e+00 +9.4845e-01 -6.4329e-03 -4.0037e-01 -1.2084e-01 -1.0965e-02 -5.9011e-03
15 0 +7.901004501e+03 +7.941414501e+03 +7.941414501e+03 +3.2989e-02 +7.3987e-03 +2.4639e-02 -1.1778e+00 +1.0724e+00 -1.0969e-02 -6.8271e-01 -2.0605e-01 -1.8698e-02 -1.0062e-02
16 0 +6.118362445e+03 +6.158772445e+03 +6.158772445e+03 +4.6557e-02 +1.0442e-02 +3.4774e-02 -1.4968e+00 +1.1956e+00 -1.5481e-02 -5.9342e-01 -2.9080e-01 -2.6388e-02 -1.4201e-02
17 0 +5.884199157e+03 +5.924609157e+03 +5.924609157e+03 +4.8664e-02 +1.0914e-02 +3.6347e-02 -1.5464e+00 +1.2148e+00 -1.6181e-02 -6.2057e-01 -1.6806e-01 -2.7582e-02 -1.4844e-02
20 0 +5.741639637e+03 +5.782049637e+03 +5.782049637e+03 +8.9914e-03 -3.0398e-02 -3.8602e-03 -1.5746e+00 +1.2010e+00 +1.1779e-02 -6.3929e-01 -1.7466e-01 -1.8721e-02 -1.2825e-01
21 0 +5.600047273e+03 +5.640457273e+03 +5.640457273e+03 -2.0740e-02 -6.1467e-02 -3.4028e-02 -1.5990e+00 +1.1918e+00 +6.9870e-02 -6.5509e-01 -1.8020e-01 -1.7045e-02 -7.4362e-02
% f evaluations | g evaluations | best noise-free fitness - Fopt (2.265900000000e+02) + sum g_i+ | measured fitness | best measured fitness or single-digit g-values | x1 | x2...
1 0 +1.759315289e+04 +1.781974289e+04 +1.781974289e+04 +0.0000e+00 +0.0000e+00 +0.0000e+00 +0.0000e+00 +0.0000e+00 +0.0000e+00 +0.0000e+00 +0.0000e+00 +0.0000e+00 +0.0000e+00
4 0 +1.695430495e+04 +1.718089495e+04 +1.718089495e+04 +0.0000e+00 +1.0000e+00 +0.0000e+00 +0.0000e+00 +0.0000e+00 +0.0000e+00 +0.0000e+00 +0.0000e+00 +0.0000e+00 +0.0000e+00
6 0 +1.551482872e+04 +1.574141872e+04 +1.574141872e+04 +0.0000e+00 +0.0000e+00 +0.0000e+00 +1.0000e+00 +0.0000e+00 +0.0000e+00 +0.0000e+00 +0.0000e+00 +0.0000e+00 +0.0000e+00
13 0 +8.148380369e+03 +8.374970369e+03 +8.374970369e+03 -4.5739e-02 +1.5398e-02 -5.8915e-01 +1.0501e+00 -1.1278e-01 -1.1831e-01 +1.1362e-02 -2.3951e-02 +1.5321e-03 -7.5037e-03
14 0 +5.814420185e+03 +6.041010185e+03 +6.041010185e+03 -6.8989e-02 +2.3225e-02 -8.8863e-01 +9.7784e-01 -1.7011e-01 -1.7845e-01 +1.7138e-02 -3.6126e-02 +2.3108e-03 -1.1318e-02
15 0 +4.188776672e+03 +4.415366672e+03 +4.415366672e+03 -1.2631e-01 +4.2524e-02 -1.0903e+00 +1.1008e+00 -3.1145e-01 -3.2672e-01 +3.1377e-02 -6.6144e-02 +4.2309e-03 -2.0722e-02
16 0 +3.591678408e+03 +3.818268408e+03 +3.818268408e+03 -1.5665e-01 +5.2737e-02 -1.2498e+00 +1.1659e+00 -3.8625e-01 -1.4244e-01 +3.8914e-02 -8.2030e-02 +5.2471e-03 -2.5699e-02
17 0 +3.104829808e+03 +3.331419808e+03 +3.331419808e+03 -1.8658e-01 +6.2813e-02 -1.4072e+00 +1.2301e+00 -2.1961e-01 -1.8984e-01 +4.6348e-02 -9.7703e-02 +6.2496e-03 -3.0609e-02
18 0 +3.043020400e+03 +3.269610400e+03 +3.269610400e+03 -2.3386e-01 +2.4174e-02 -1.4220e+00 +1.2097e+00 -2.2714e-01 -1.9623e-01 +7.1393e-03 -1.4190e-01 -3.4349e-02 -7.2486e-02
20 0 +2.889825106e+03 +3.116415106e+03 +3.116415106e+03 -1.1694e-01 +6.4512e-03 -1.4715e+00 +1.2160e+00 -2.4488e-01 -2.1217e-01 -1.1585e-02 -1.8261e-01 -5.5513e-02 -9.5892e-02
21 0 +2.818284206e+03 +3.044874206e+03 +3.044874206e+03 -1.2147e-01 -1.6574e-02 -1.4985e+00 +1.2105e+00 -2.5547e-01 -2.2152e-01 -3.5267e-02 -1.8501e-01 -8.0792e-02 -1.0555e-02
% f evaluations | g evaluations | best noise-free fitness - Fopt (-5.862000000000e+01) + sum g_i+ | measured fitness | best measured fitness or single-digit g-values | x1 | x2...
1 0 +1.133953000e+04 +1.128091000e+04 +1.128091000e+04 +0.0000e+00 +0.0000e+00 +0.0000e+00 +0.0000e+00 +0.0000e+00 +0.0000e+00 +0.0000e+00 +0.0000e+00 +0.0000e+00 +0.0000e+00
12 0 +9.462693511e+03 +9.404073511e+03 +9.404073511e+03 +0.0000e+00 +0.0000e+00 +0.0000e+00 +0.0000e+00 +0.0000e+00 +0.0000e+00 +0.0000e+00 +0.0000e+00 +0.0000e+00 +1.0000e+00
13 0 +5.284282692e+03 +5.225662692e+03 +5.225662692e+03 -1.9501e-04 -1.2267e-02 -1.2890e-03 -1.4707e-02 -9.0019e-02 -2.3320e-03 -8.4495e-04 -3.3862e-02 -3.6873e-01 +1.0292e+00
14 0 +2.768729495e+03 +2.710109495e+03 +2.710109495e+03 -6.0963e-04 -3.8347e-02 -4.0294e-03 -4.5977e-02 -2.8141e-01 -7.2900e-03 -2.6414e-03 -1.0586e-01 -6.8350e-01 +1.0914e+00
15 0 +1.633813706e+03 +1.575193706e+03 +1.575193706e+03 -9.9392e-04 -6.2519e-02 -6.5694e-03 -7.4959e-02 -4.5880e-01 -1.1885e-02 -4.3065e-03 -1.7259e-01 -8.8959e-01 +1.1490e+00
16 0 +1.491903975e+03 +1.433283975e+03 +1.433283975e+03 -1.0547e-03 -6.6342e-02 -6.9711e-03 -7.9543e-02 -4.0424e-01 -1.2612e-02 -4.5698e-03 -1.8314e-01 -9.5620e-01 +1.1581e+00
