% f evaluations | g evaluations | best noise-free fitness - Fopt (-1.694000000000e+01) + sum g_i+ | measured fitness | best measured fitness or single-digit g-values | x1 | x2...
1 0 +3.696355518e+01 +2.002355518e+01 +2.002355518e+01 +0.0000e+00 +0.0000e+00 +0.0000e+00
6 0 +3.368888068e+01 +1.674888068e+01 +1.674888068e+01 -1.3511e-02 -1.6827e-02 -1.3125e-02
8 0 +3.281770676e+01 +1.587770676e+01 +1.587770676e+01 -6.5425e-03 -1.6827e-02 -2.0298e-02
10 0 +3.224914891e+01 +1.530914891e+01 +1.530914891e+01 -8.8497e-03 -1.4476e-02 -2.4059e-02
15 0 +3.138720666e+01 +1.444720666e+01 +1.444720666e+01 -6.3123e-03 -2.1117e-02 -3.8015e-02
25 0 +3.088990841e+01 +1.394990841e+01 +1.394990841e+01 -8.1184e-03 -1.8406e-02 -4.3826e-02
131 0 +2.851076673e+01 +1.157076673e+01 +1.157076673e+01 +4.1357e+00 -1.2463e+00 -1.0532e+00
% f evaluations | g evaluations | best noise-free fitness - Fopt (1.881000000000e+01) + sum g_i+ | measured fitness | best measured fitness or single-digit g-values | x1 | x2...
1 0 +4.772316610e+01 +6.653316610e+01 +6.653316610e+01 +0.0000e+00 +0.0000e+00 +0.0000e+00
3 0 +2.674061761e+01 +4.555061761e+01 +4.555061761e+01 +1.0000e-01 +0.0000e+00 +0.0000e+00
5 0 +2.168234460e+01 +4.049234460e+01 +4.049234460e+01 +0.0000e+00 +0.0000e+00 +1.0000e-01
9 0 +1.967474619e+01 +3.848474619e+01 +3.848474619e+01 -2.1775e-03 -2.8536e-03 +9.0666e-02
16 0 +1.932765566e+01 +3.813765566e+01 +3.813765566e+01 -3.6577e-03 -5.7831e-03 +8.2681e-02
17 0 +1.891153193e+01 +3.772153193e+01 +3.772153193e+01 +2.3158e-03 -1.2203e-02 +8.7487e-02
18 0 +1.856909864e+01 +3.737909864e+01 +3.737909864e+01 +6.4041e-03 -2.1045e-02 +8.5229e-02
28 0 +1.819419226e+01 +3.700419226e+01 +3.700419226e+01 +4.8397e-03 -2.7385e-02 +7.7689e-02
% f evaluations | g evaluations | best noise-free fitness - Fopt (2.731500000000e+02) + sum g_i+ | measured fitness | best measured fitness or single-digit g-values | x1 | x2...
1 0 +4.208329392e+02 +6.939829392e+02 +6.939829392e+02 +0.0000e+00 +0.0000e+00 +0.0000e+00
4 0 +1.730227718e+02 +4.461727718e+02 +4.461727718e+02 +0.0000e+00 +1.0000e-01 +0.0000e+00
10 0 +1.595424480e+02 +4.326924480e+02 +4.326924480e+02 -4.1101e-03 +1.0826e-01 +3.8572e-03
11 0 +1.369507277e+02 +4.101007277e+02 +4.101007277e+02 -2.0713e-02 +1.4112e-01 +1.9491e-02
14 0 +1.270280180e+02 +4.001780180e+02 +4.001780180e+02 -1.6739e-02 +1.3531e-01 +2.6591e-02
15 0 +1.253424037e+02 +3.984924037e+02 +3.984924037e+02 -1.6760e-02 +1.2538e-01 +2.7795e-02
16 0 +1.216065932e+02 +3.947565932e+02 +3.947565932e+02 -1.7223e-02 +1.2542e-01 +3.7784e-02
% f evaluations | g evaluations | best noise-free fitness - Fopt (3.718000000000e+01) + sum g_i+ | measured fitness | best measured fitness or single-digit g-values | x1 | x2...
1 0 +4.216787575e+01 +7.934787575e+01 +7.934787575e+01 +0.0000e+00 +0.0000e+00 +0.0000e+00
5 0 +3.947241759e+01 +7.665241759e+01 +7.665241759e+01 +0.0000e+00 +0.0000e+00 +1.0000e-01
7 0 +3.762751527e+01 +7.480751527e+01 +7.480751527e+01 -4.9945e-04 +4.9944e-02 +1.0231e-01
11 0 +3.657282003e+01 +7.375282003e+01 +7.375282003e+01 +4.5154e-04 +4.5172e-02 +1.0346e-01
12 0 +3.560678060e+01 +7.278678060e+01 +7.278678060e+01 +3.9756e-03 +2.5968e-02 +1.0779e-01
16 0 +3.544110510e+01 +7.262110510e+01 +7.262110510e+01 +6.9013e-03 +2.7963e-02 +1.0661e-01
120 0 +3.192971531e+01 +6.910971531e+01 +6.910971531e+01 -2.8226e+00 +1.7056e+00 +6.3455e-01
121 0 +3.089939535e+01 +6.807939535e+01 +6.807939535e+01 -2.5404e+00 +1.7056e+00 +6.3455e-01
122 0 +2.151987074e+01 +5.869987074e+01 +5.869987074e+01 -2.8226e+00 +1.9878e+00 +6.3455e-01
123 0 +1.772024689e+01 +5.490024689e+01 +5.490024689e+01 -2.8226e+00 +1.7056e+00 +9.1681e-01
129 0 +1.605311024e+01 +5.323311024e+01 +5.323311024e+01 -2.8187e+00 +1.6922e+00 +9.1435e-01
135 0 +1.572247265e+01 +5.290247265e+01 +5.290247265e+01 -2.8179e+00 +1.6915e+00 +9.0810e-01
136 0 +1.521975665e+01 +5.239975665e+01 +5.239975665e+01 -2.8157e+00 +1.6854e+00 +8.9881e-01
140 0 +1.474395881e+01 +5.192395881e+01 +5.192395881e+01 -2.8161e+00 +1.6897e+00 +8.9519e-01
146 0 +1.434089300e+01 +5.152089300e+01 +5.152089300e+01 -2.8215e+00 +1.6891e+00 +8.9042e-01
147 0 +1.361501558e+01 +5.079501558e+01 +5.079501558e+01 -2.8183e+00 +1.6827e+00 +8.8170e-01
148 0 +1.277598679e+01 +4.995598679e+01 +4.995598679e+01 -2.8260e+00 +1.6809e+00 +8.7370e-01
149 0 +1.240025188e+01 +4.958025188e+01 +4.958025188e+01 -2.8308e+00 +1.6742e+00 +8.6592e-01
150 0 +1.100518196e+01 +4.818518196e+01 +4.818518196e+01 -2.8293e+00 +1.6805e+00 +8.5665e-01
151 0 +1.019406394e+01 +4.737406394e+01 +4.737406394e+01 -2.8311e+00 +1.6872e+00 +8.4775e-01
152 0 +9.539885115e+00 +4.671988511e+01 +4.671988511e+01 -2.8224e+00 +1.6865e+00 +8.4059e-01
153 0 +8.828914333e+00 +4.600891433e+01 +4.600891433e+01 -2.8235e+00 +1.6847e+00 +8.2950e-01
154 0 +8.311748154e+00 +4.549174815e+01 +4.549174815e+01 -2.8208e+00 +1.6891e+00 +8.1949e-01
156 0 +7.984785939e+00 +4.516478594e+01 +4.516478594e+01 -2.8263e+00 +1.6873e+00 +8.0407e-01
157 0 +7.818463793e+00 +4.499846379e+01 +4.499846379e+01 -2.8243e+00 +1.6965e+00 +7.9780e-01
% f evaluations | g evaluations | best noise-free fitness - Fopt (-1.479000000000e+02) + sum g_i+ | measured fitness | best measured fitness or single-digit g-values | x1 | x2...
1 0 +2.344305408e+01 -1.244569459e+02 -1.244569459e+02 +0.0000e+00 +0.0000e+00 +0.0000e+00
% f evaluations | g evaluations | best noise-free fitness - Fopt (3.553000000000e+01) + sum g_i+ | measured fitness | best measured fitness or single-digit g-values | x1 | x2...
1 0 +1.504808262e+02 +1.860108262e+02 +1.860108262e+02 +0.0000e+00 +0.0000e+00 +0.0000e+00
3 0 +7.471343660e+01 +1.102434366e+02 +1.102434366e+02 +1.0000e-01 +0.0000e+00 +0.0000e+00
10 0 +7.190022346e+01 +1.074302235e+02 +1.074302235e+02 +1.0353e-01 +3.3503e-03 -1.1418e-03
11 0 +6.918445800e+01 +1.047144580e+02 +1.047144580e+02 +1.0824e-01 +3.0125e-03 -2.7865e-03
12 0 +6.756417223e+01 +1.030941722e+02 +1.030941722e+02 +1.1262e-01 +4.2942e-03 -7.3549e-04
13 0 +6.600532321e+01 +1.015353232e+02 +1.015353232e+02 +1.1635e-01 +6.0798e-03 -3.5385e-03
18 0 +6.447683406e+01 +1.000068341e+02 +1.000068341e+02 +1.3206e-01 +1.3544e-02 -3.3423e-03
207 0 +6.180530684e+01 +9.733530684e+01 +9.733530684e+01 +3.1060e+00 +1.9917e+00 -1.4259e+00
210 0 +3.397662954e+01 +6.950662954e+01 +6.950662954e+01 +3.1060e+00 +1.9917e+00 -1.1153e+00
213 0 +3.349172399e+01 +6.902172399e+01 +6.902172399e+01 +3.0983e+00 +2.0441e+00 -1.1116e+00
214 0 +3.048508238e+01 +6.601508238e+01 +6.601508238e+01 +3.0875e+00 +2.0406e+00 -1.0828e+00
215 0 +2.612420858e+01 +6.165420858e+01 +6.165420858e+01 +3.0568e+00 +2.0371e+00 -1.0865e+00
% f evaluations | g evaluations | best noise-free fitness - Fopt (-6.216000000000e+01) + sum g_i+ | measured fitness | best measured fitness or single-digit g-values | x1 | x2...
1 0 +6.236121673e+01 +2.012167347e-01 +2.012167347e-01 +0.0000e+00 +0.0000e+00 +0.0000e+00
3 0 +4.969829843e+01 -1.246170157e+01 -1.246170157e+01 +1.0000e-01 +0.0000e+00 +0.0000e+00
20 0 +3.674173752e+01 -2.541826248e+01 -2.541826248e+01 -2.7693e+00 +2.0473e+00 +9.2225e-01
21 0 +2.720933977e+01 -3.495066023e+01 -3.495066023e+01 -2.4923e+00 +2.0473e+00 +9.2225e-01
23 0 +2.467635399e+01 -3.748364601e+01 -3.748364601e+01 -2.7693e+00 +2.0473e+00 +1.1992e+00
% f evaluations | g evaluations | best noise-free fitness - Fopt (-1.472700000000e+02) + sum g_i+ | measured fitness | best measured fitness or single-digit g-values | x1 | x2...
1 0 +3.912805174e+01 -1.081419483e+02 -1.081419483e+02 +0.0000e+00 +0.0000e+00 +0.0000e+00
3 0 +2.123792538e+01 -1.260320746e+02 -1.260320746e+02 +1.0000e-01 +0.0000e+00 +0.0000e+00
4 0 +1.568936683e+01 -1.315806332e+02 -1.315806332e+02 +0.0000e+00 +1.0000e-01 +0.0000e+00
% f evaluations | g evaluations | best noise-free fitness - Fopt (1.408000000000e+01) + sum g_i+ | measured fitness | best measured fitness or single-digit g-values | x1 | x2...
1 0 +2.570315136e+02 +2.711115136e+02 +2.711115136e+02 +0.0000e+00 +0.0000e+00 +0.0000e+00
10 0 +2.544054131e+02 +2.684854131e+02 +2.684854131e+02 -4.6325e-03 -1.2130e-03 -1.4383e-03
13 0 +2.436342079e+02 +2.577142079e+02 +2.577142079e+02 -7.0451e-03 -1.1118e-02 -1.0486e-02
14 0 +2.174103066e+02 +2.314903066e+02 +2.314903066e+02 -2.0126e-02 -4.6285e-02 -2.4347e-02
18 0 +2.024553097e+02 +2.165353097e+02 +2.165353097e+02 -3.9334e-02 -8.0954e-02 -1.8950e-02
23 0 +1.971038409e+02 +2.111838409e+02 +2.111838409e+02 -3.2009e-02 -8.8814e-02 -2.1816e-02
32 0 +1.948654905e+02 +2.089454905e+02 +2.089454905e+02 -3.6986e-02 -9.1839e-02 -2.0662e-02
39 0 +1.904047420e+02 +2.044847420e+02 +2.044847420e+02 -4.0387e-02 -1.0076e-01 -2.7652e-02
45 0 +1.849300069e+02 +1.990100069e+02 +1.990100069e+02 -4.9332e-02 -1.1240e-01 -4.4855e-02
57 0 +1.819444792e+02 +1.960244792e+02 +1.960244792e+02 -5.9975e-02 -1.1963e-01 -5.8782e-02
% f evaluations | g evaluations | best noise-free fitness - Fopt (7.671000000000e+01) + sum g_i+ | measured fitness | best measured fitness or single-digit g-values | x1 | x2...
1 0 +4.337997068e+01 +1.200899707e+02 +1.200899707e+02 +0.0000e+00 +0.0000e+00 +0.0000e+00
3 0 +3.638091941e+01 +1.130909194e+02 +1.130909194e+02 +1.0000e-01 +0.0000e+00 +0.0000e+00
5 0 +2.895334436e+01 +1.056633444e+02 +1.056633444e+02 +0.0000e+00 +0.0000e+00 +1.0000e-01
6 0 +2.641527790e+01 +1.031252779e+02 +1.031252779e+02 +2.8505e-02 -7.5731e-02 +1.5876e-01
18 0 +2.627856571e+01 +1.029885657e+02 +1.029885657e+02 +3.3726e-02 -7.6818e-02 +1.5341e-01
58 0 +2.486955568e+01 +1.015795557e+02 +1.015795557e+02 -7.6331e-01 -8.2737e-01 +1.3480e+00
66 0 +2.424884901e+01 +1.009588490e+02 +1.009588490e+02 -7.6313e-01 -8.2931e-01 +1.3456e+00
67 0 +2.390156739e+01 +1.006115674e+02 +1.006115674e+02 -7.6161e-01 -8.3143e-01 +1.3440e+00
83 0 +2.343889851e+01 +1.001488985e+02 +1.001488985e+02 -7.5412e-01 -8.3000e-01 +1.3381e+00
158 0 +2.258816667e+01 +9.929816667e+01 +9.929816667e+01 +1.9800e-01 -4.1192e+00 +4.5361e+00
160 0 +2.216801020e+01 +9.887801020e+01 +9.887801020e+01 +1.9213e-01 -4.1163e+00 +4.5378e+00
162 0 +2.173742592e+01 +9.844742592e+01 +9.844742592e+01 +1.8720e-01 -4.1114e+00 +4.5424e+00
163 0 +2.093267091e+01 +9.764267091e+01 +9.764267091e+01 +1.7241e-01 -4.1011e+00 +4.5485e+00
171 0 +2.087523226e+01 +9.758523226e+01 +9.758523226e+01 +1.7142e-01 -4.1018e+00 +4.5486e+00
% f evaluations | g evaluations | best noise-free fitness - Fopt (1.325900000000e+02) + sum g_i+ | measured fitness | best measured fitness or single-digit g-values | x1 | x2...
1 0 +4.161344222e+01 +1.742034422e+02 +1.742034422e+02 +0.0000e+00 +0.0000e+00 +0.0000e+00
3 0 +3.902408839e+01 +1.716140884e+02 +1.716140884e+02 +1.0000e-01 +0.0000e+00 +0.0000e+00
6 0 +3.639626826e+01 +1.689862683e+02 +1.689862683e+02 +1.0970e-01 -9.3460e-02 -3.4222e-02
10 0 +3.600766657e+01 +1.685976666e+02 +1.685976666e+02 +1.1489e-01 -9.0936e-02 -4.2390e-02
11 0 +3.408848461e+01 +1.666784846e+02 +1.666784846e+02 +1.1522e-01 -8.1277e-02 -3.9822e-02
12 0 +3.376780582e+01 +1.663578058e+02 +1.663578058e+02 +1.1963e-01 -7.2875e-02 -3.6671e-02
13 0 +3.240989684e+01 +1.649998968e+02 +1.649998968e+02 +1.1259e-01 -6.6848e-02 -4.0427e-02
15 0 +3.150958335e+01 +1.640995834e+02 +1.640995834e+02 +1.0872e-01 -6.4932e-02 -3.7910e-02
16 0 +2.884772477e+01 +1.614377248e+02 +1.614377248e+02 +9.3286e-02 -5.6730e-02 -2.8184e-02
17 0 +2.774444074e+01 +1.603344407e+02 +1.603344407e+02 +7.8083e-02 -4.7153e-02 -1.9399e-02
20 0 +2.749863965e+01 +1.600886397e+02 +1.600886397e+02 +7.3365e-02 -3.9002e-02 -2.2759e-02
71 0 +1.307438957e+01 +1.456643896e+02 +1.456643896e+02 -2.0118e+00 -1.3947e+00 +2.7607e+00
79 0 +1.192895237e+01 +1.445189524e+02 +1.445189524e+02 -1.9981e+00 -1.3953e+00 +2.7592e+00
88 0 +1.168540861e+01 +1.442754086e+02 +1.442754086e+02 -1.9846e+00 -1.4029e+00 +2.7608e+00
89 0 +1.144975710e+01 +1.440397571e+02 +1.440397571e+02 -1.9783e+00 -1.4066e+00 +2.7525e+00
107 0 +1.121549550e+01 +1.438054955e+02 +1.438054955e+02 -1.9764e+00 -1.4113e+00 +2.7451e+00
123 0 +1.096329488e+01 +1.435532949e+02 +1.435532949e+02 -1.9698e+00 -1.4169e+00 +2.7343e+00
145 0 +1.064272135e+01 +1.432327213e+02 +1.432327213e+02 -1.9595e+00 -1.4287e+00 +2.7069e+00
% f evaluations | g evaluations | best noise-free fitness - Fopt (-7.547000000000e+01) + sum g_i+ | measured fitness | best measured fitness or single-digit g-values | x1 | x2...
1 0 +3.711612000e+01 -3.835388000e+01 -3.835388000e+01 +0.0000e+00 +0.0000e+00 +0.0000e+00
136 0 +1.887619949e+01 -5.659380051e+01 -5.659380051e+01 +8.2442e-01 +1.0511e+00 +1.1572e+00
137 0 +1.789175085e+01 -5.757824915e+01 -5.757824915e+01 +9.4013e-01 +1.0511e+00 +1.1572e+00
138 0 +1.552419320e+01 -5.994580680e+01 -5.994580680e+01 +8.2442e-01 +1.1668e+00 +1.1572e+00
141 0 +9.599124306e+00 -6.587087569e+01 -6.587087569e+01 +8.2264e-01 +1.1078e+00 +1.2843e+00
% f evaluations | g evaluations | best noise-free fitness - Fopt (6.949000000000e+01) + sum g_i+ | measured fitness | best measured fitness or single-digit g-values | x1 | x2...
1 0 +1.678516541e+01 +8.627516541e+01 +8.627516541e+01 +0.0000e+00 +0.0000e+00 +0.0000e+00
8 0 +1.620228538e+01 +8.569228538e+01 +8.569228538e+01 -1.0334e-02 -2.2766e-03 -2.2650e-02
11 0 +1.490601174e+01 +8.439601174e+01 +8.439601174e+01 -2.0441e-02 -1.1524e-02 -1.8155e-02
12 0 +1.412868375e+01 +8.361868375e+01 +8.361868375e+01 -3.0173e-02 -1.1393e-02 -1.5861e-02
13 0 +1.331399749e+01 +8.280399749e+01 +8.280399749e+01 -2.9656e-02 -1.0355e-02 -5.9285e-03
14 0 +1.279692715e+01 +8.228692715e+01 +8.228692715e+01 -3.4994e-02 -1.3244e-02 +2.0179e-03
15 0 +1.256940923e+01 +8.205940923e+01 +8.205940923e+01 -3.8793e-02 -5.1267e-03 +6.4536e-03
19 0 +1.226058322e+01 +8.175058322e+01 +8.175058322e+01 -4.6688e-02 -2.3545e-03 +2.8145e-03
22 0 +1.186355184e+01 +8.135355184e+01 +8.135355184e+01 -5.6563e-02 +1.8876e-03 +1.2716e-02
25 0 +1.172746468e+01 +8.121746468e+01 +8.121746468e+01 -6.4743e-02 -1.8383e-03 +1.9371e-02
% f evaluations | g evaluations | best noise-free fitness - Fopt (-5.612400000000e+02) + sum g_i+ | measured fitness | best measured fitness or single-digit g-values | x1 | x2...
1 0 +5.385388431e+01 -5.073861157e+02 -5.073861157e+02 +0.0000e+00 +0.0000e+00 +0.0000e+00
3 0 +4.072833021e+01 -5.205116698e+02 -5.205116698e+02 +1.0000e-01 +0.0000e+00 +0.0000e+00
4 0 +2.573659387e+01 -5.355034061e+02 -5.355034061e+02 +0.0000e+00 +1.0000e-01 +0.0000e+00
% f evaluations | g evaluations | best noise-free fitness - Fopt (1.000000000000e+03) + sum g_i+ | measured fitness | best measured fitness or single-digit g-values | x1 | x2...
1 0 +1.008737908e+02 +1.100873791e+03 +1.100873791e+03 +0.0000e+00 +0.0000e+00 +0.0000e+00
3 0 +7.364705161e+01 +1.073647052e+03 +1.073647052e+03 +1.0000e-01 +0.0000e+00 +0.0000e+00
4 0 +6.591824205e+01 +1.065918242e+03 +1.065918242e+03 +0.0000e+00 +1.0000e-01 +0.0000e+00
5 0 +5.208972965e+01 +1.052089730e+03 +1.052089730e+03 +0.0000e+00 +0.0000e+00 +1.0000e-01
6 0 +4.640977928e+01 +1.046409779e+03 +1.046409779e+03 +4.1314e-02 +5.3042e-02 +1.7403e-01
10 0 +4.040843550e+01 +1.040408436e+03 +1.040408436e+03 +3.7446e-02 +4.7220e-02 +1.8118e-01
13 0 +3.905602736e+01 +1.039056027e+03 +1.039056027e+03 +3.8587e-02 +4.5337e-02 +1.8236e-01
14 0 +3.787130436e+01 +1.037871304e+03 +1.037871304e+03 +3.9794e-02 +4.3479e-02 +1.8352e-01
15 0 +3.506647204e+01 +1.035066472e+03 +1.035066472e+03 +4.4657e-02 +3.6064e-02 +1.8814e-01
18 0 +3.466042176e+01 +1.034660422e+03 +1.034660422e+03 +4.8887e-02 +3.7462e-02 +1.8507e-01
286 0 +3.007144826e+01 +1.030071448e+03 +1.030071448e+03 +1.5463e+00 +1.4838e+00 -2.2159e+00
287 0 +2.906120289e+01 +1.029061203e+03 +1.029061203e+03 +1.5751e+00 +1.4838e+00 -2.2060e+00
290 0 +2.845678766e+01 +1.028456788e+03 +1.028456788e+03 +1.5769e+00 +1.4955e+00 -2.2097e+00
292 0 +2.808892649e+01 +1.028088926e+03 +1.028088926e+03 +1.5753e+00 +1.4952e+00 -2.2157e+00
295 0 +2.750249899e+01 +1.027502499e+03 +1.027502499e+03 +1.5623e+00 +1.4983e+00 -2.2235e+00
