% f evaluations | g evaluations | best noise-free fitness - Fopt (-1.694000000000e+01) + sum g_i+ | measured fitness | best measured fitness or single-digit g-values | x1 | x2...
1 0 +2.014078356e+02 +1.844678356e+02 +1.844678356e+02 +0.0000e+00 +0.0000e+00 +0.0000e+00 +0.0000e+00 +0.0000e+00 +0.0000e+00 +0.0000e+00 +0.0000e+00 +0.0000e+00 +0.0000e+00
3 0 +1.983683289e+02 +1.814283289e+02 +1.814283289e+02 +1.0000e-01 +0.0000e+00 +0.0000e+00 +0.0000e+00 +0.0000e+00 +0.0000e+00 +0.0000e+00 +0.0000e+00 +0.0000e+00 +0.0000e+00
4 0 +1.383693216e+02 +1.214293216e+02 +1.214293216e+02 +0.0000e+00 +1.0000e-01 +0.0000e+00 +0.0000e+00 +0.0000e+00 +0.0000e+00 +0.0000e+00 +0.0000e+00 +0.0000e+00 +0.0000e+00
13 0 +1.306527671e+02 +1.137127671e+02 +1.137127671e+02 +3.7609e-03 +1.7800e-01 -2.7286e-03 +4.4011e-02 +1.2532e-02 +2.5898e-02 +9.3010e-03 -5.3415e-03 +3.1847e-02 -5.3116e-04
21 0 +1.281099629e+02 +1.111699629e+02 +1.111699629e+02 -3.6196e-03 +1.8630e-01 -1.0584e-02 +4.2836e-02 +1.4072e-02 +2.9624e-02 +5.2911e-03 +4.3234e-02 +2.7280e-02 -6.2695e-03
26 0 +1.256525572e+02 +1.087125572e+02 +1.087125572e+02 -3.2412e-03 +1.8012e-01 -9.3712e-03 +4.4245e-02 +1.9346e-02 +3.8038e-02 +8.9862e-03 +4.7265e-02 +3.7304e-02 -1.5744e-03
36 0 +1.219816560e+02 +1.050416560e+02 +1.050416560e+02 +4.9087e-03 +1.6573e-01 -1.4491e-02 +4.0328e-02 +1.9387e-02 +3.8749e-02 +5.3386e-03 +5.5984e-02 +3.2203e-02 -3.1825e-05
37 0 +1.194334694e+02 +1.024934694e+02 +1.024934694e+02 +1.6767e-02 +1.6034e-01 -1.8227e-02 +4.4073e-02 +2.1166e-02 +3.9958e-02 +2.0678e-03 +6.1496e-02 +2.9003e-02 +1.4962e-03
42 0 +1.167229400e+02 +9.978293996e+01 +9.978293996e+01 +3.2835e-02 +1.4441e-01 -2.7751e-02 +3.9542e-02 +2.6995e-02 +4.5748e-02 +4.2507e-03 +7.7365e-02 +8.5764e-03 +9.8882e-03
53 0 +1.145696146e+02 +9.762961460e+01 +9.762961460e+01 +2.1922e-02 +1.3162e-01 -2.9995e-02 +3.9261e-02 +3.5671e-02 +3.5643e-02 -8.6956e-03 +8.0275e-02 +2.5779e-03 +5.4973e-03
56 0 +1.116326466e+02 +9.469264663e+01 +9.469264663e+01 +6.8411e-03 +1.3449e-01 -3.2811e-02 +4.3620e-02 +3.8092e-02 +3.2430e-02 -1.0507e-02 +9.0371e-02 -9.5071e-03 +8.4499e-03
57 0 +1.093165593e+02 +9.237655934e+01 +9.237655934e+01 -2.5169e-02 +1.2261e-01 -3.2462e-02 +4.1264e-02 +4.3181e-02 +2.6253e-02 -8.9304e-03 +8.9868e-02 -6.0696e-02 +2.3856e-02
65 0 +1.056201456e+02 +8.868014561e+01 +8.868014561e+01 -1.9874e-02 +1.0892e-01 -3.4168e-02 +5.0281e-02 +4.3920e-02 +2.1395e-02 -9.5999e-03 +9.1688e-02 -6.6485e-02 +1.6476e-02
66 0 +1.040307644e+02 +8.709076438e+01 +8.709076438e+01 -1.6677e-02 +1.1277e-01 -3.3995e-02 +5.2590e-02 +4.4176e-02 +1.8038e-02 -1.1298e-02 +9.1015e-02 -7.0611e-02 +1.5104e-02
82 0 +1.021683465e+02 +8.522834646e+01 +8.522834646e+01 -1.5410e-02 +1.0425e-01 -3.0557e-02 +5.8346e-02 +4.0820e-02 +1.5218e-02 -1.9113e-02 +9.8014e-02 -7.2963e-02 +1.9382e-02
92 0 +9.962142815e+01 +8.268142815e+01 +8.268142815e+01 -1.6930e-02 +1.0069e-01 -3.3842e-02 +6.6881e-02 +4.1853e-02 +1.3420e-02 -3.7305e-02 +1.0517e-01 -7.9797e-02 +1.6488e-02
93 0 +9.514233689e+01 +7.820233689e+01 +7.820233689e+01 -2.2514e-02 +7.7559e-02 -3.2434e-02 +7.2035e-02 +4.0489e-02 +8.2381e-03 -6.9467e-02 +1.1946e-01 -1.2705e-01 +1.5567e-02
104 0 +9.327234482e+01 +7.633234482e+01 +7.633234482e+01 -4.4826e-02 +7.4966e-02 -3.5705e-02 +7.5125e-02 +2.5602e-02 +1.1153e-02 -8.8735e-02 +1.1211e-01 -1.2631e-01 +1.0456e-02
150 0 +9.119131993e+01 +7.425131993e+01 +7.425131993e+01 -3.7474e-02 +7.7531e-02 -3.1937e-02 +6.7794e-02 +3.1096e-02 +1.2612e-02 -1.1283e-01 +1.1558e-01 -1.1713e-01 +2.1831e-03
219 0 +8.910922836e+01 +7.216922836e+01 +7.216922836e+01 -3.1780e-02 +8.5693e-02 -2.7424e-02 +5.1006e-02 +2.7731e-02 +1.7356e-02 -1.4669e-01 +1.1327e-01 -9.7451e-02 -7.0209e-03
236 0 +8.604620255e+01 +6.910620255e+01 +6.910620255e+01 -2.8233e-02 +1.0443e-01 -9.1561e-03 +2.5208e-02 +3.9697e-02 +1.6468e-02 -1.9894e-01 +1.0630e-01 -6.9328e-02 -4.9567e-03
290 0 +8.504072486e+01 +6.810072486e+01 +6.810072486e+01 -2.3080e-02 +1.0525e-01 -3.9474e-03 +1.9389e-02 +3.4693e-02 +1.4642e-02 -2.0590e-01 +9.3178e-02 -5.8053e-02 +1.0148e-03
311 0 +8.204062450e+01 +6.510062450e+01 +6.510062450e+01 -1.7416e-02 +1.2047e-01 +1.0194e-02 -5.9609e-03 +2.2597e-02 -3.4227e-04 -2.2401e-01 +6.2006e-02 -3.5841e-02 +3.3114e-03
312 0 +7.888737182e+01 +6.194737182e+01 +6.194737182e+01 -3.9685e-03 +1.5113e-01 +2.9897e-02 -4.7627e-02 +1.7966e-02 -3.2111e-02 -2.6074e-01 +9.7904e-03 +4.4313e-03 +2.5946e-02
323 0 +7.732291867e+01 +6.038291867e+01 +6.038291867e+01 -4.2115e-03 +1.5690e-01 +2.6050e-02 -3.7450e-02 +1.8322e-02 -1.4833e-02 -2.7653e-01 +2.6159e-02 +4.5879e-02 +2.2202e-02
364 0 +7.585046064e+01 +5.891046064e+01 +5.891046064e+01 +3.5040e-03 +1.6276e-01 +2.9179e-02 -5.0660e-02 +1.8597e-02 -2.5602e-02 -2.8289e-01 +1.3343e-02 +4.9574e-02 +3.8497e-02
452 0 +7.398996100e+01 +5.704996100e+01 +5.704996100e+01 +8.8131e-03 +1.7506e-01 +4.1757e-02 -7.0573e-02 +1.0573e-02 -4.7136e-02 -2.9265e-01 -4.2168e-03 +6.6796e-02 +6.2305e-02
602 0 +7.244279550e+01 +5.550279550e+01 +5.550279550e+01 +1.7348e-02 +1.8905e-01 +5.6278e-02 -9.0384e-02 +8.0131e-03 -6.9018e-02 -2.9720e-01 -3.0702e-02 +8.5779e-02 +9.5857e-02
972 0 +7.079388702e+01 +5.385388702e+01 +5.385388702e+01 +1.8725e-02 +2.0931e-01 +8.9675e-02 -1.4520e-01 +2.3902e-02 -1.3758e-01 -3.2481e-01 -4.6620e-02 +1.2872e-01 +1.1312e-01
% f evaluations | g evaluations | best noise-free fitness - Fopt (1.881000000000e+01) + sum g_i+ | measured fitness | best measured fitness or single-digit g-values | x1 | x2...
1 0 +1.945093650e+01 +3.826093650e+01 +3.826093650e+01 +0.0000e+00 +0.0000e+00 +0.0000e+00 +0.0000e+00 +0.0000e+00 +0.0000e+00 +0.0000e+00 +0.0000e+00 +0.0000e+00 +0.0000e+00
5 0 +1.908552867e+01 +3.789552867e+01 +3.789552867e+01 +0.0000e+00 +0.0000e+00 +1.0000e-01 +0.0000e+00 +0.0000e+00 +0.0000e+00 +0.0000e+00 +0.0000e+00 +0.0000e+00 +0.0000e+00
15 0 +1.890007339e+01 +3.771007339e+01 +3.771007339e+01 -1.2742e-02 +1.9375e-03 +1.0194e-01 -2.7582e-03 +1.9375e-03 +1.9375e-03 +1.9375e-03 +1.9375e-03 +1.9375e-03 +1.9375e-03
20 0 +1.848415705e+01 +3.729415705e+01 +3.729415705e+01 -1.2889e-02 +6.4386e-03 +1.0203e-01 -2.9964e-03 -7.1502e-03 +4.7972e-04 +2.3544e-03 +2.3874e-04 +1.2003e-02 +1.4189e-03
23 0 +1.804861443e+01 +3.685861443e+01 +3.685861443e+01 -1.3839e-02 +6.7898e-03 +1.0717e-01 -3.3762e-03 -7.9206e-03 -4.4004e-03 +2.3946e-03 +7.4356e-03 +1.3566e-02 -8.2641e-03
24 0 +1.770262901e+01 +3.651262901e+01 +3.651262901e+01 -1.7833e-02 +6.6202e-03 +1.0721e-01 -4.5913e-03 -1.1310e-02 -1.0999e-02 +1.8871e-03 +8.0586e-03 +1.7401e-02 -1.1752e-02
26 0 +1.731807990e+01 +3.612807990e+01 +3.612807990e+01 -1.4633e-02 +7.8142e-03 +1.1049e-01 -1.8379e-03 -1.5932e-02 -2.1610e-02 +2.7769e-03 +1.0809e-02 +2.6118e-02 -1.7263e-02
29 0 +1.681542688e+01 +3.562542688e+01 +3.562542688e+01 -2.3881e-02 -2.0064e-03 +1.1055e-01 +2.7817e-03 -2.0253e-02 -2.9362e-02 +3.7578e-03 +1.8547e-02 +2.7887e-02 -2.3840e-02
30 0 +1.655615449e+01 +3.536615449e+01 +3.536615449e+01 -2.7931e-02 +2.2976e-03 +1.1096e-01 +3.4546e-03 -2.4685e-02 -3.3867e-02 +5.2292e-03 +2.1136e-02 +2.5560e-02 -2.7038e-02
33 0 +1.621497720e+01 +3.502497720e+01 +3.502497720e+01 -3.3585e-02 +6.5236e-05 +1.2034e-01 +1.7125e-03 -3.4817e-02 -4.1064e-02 +1.1876e-02 +2.6520e-02 +2.7028e-02 -3.5744e-02
45 0 +1.584433298e+01 +3.465433298e+01 +3.465433298e+01 -3.4552e-02 +5.4181e-03 +1.1528e-01 +1.9571e-03 -3.7730e-02 -4.1960e-02 +1.2959e-02 +3.3753e-02 +3.2195e-02 -4.2580e-02
60 0 +1.548252894e+01 +3.429252894e+01 +3.429252894e+01 -3.8734e-02 +9.1010e-03 +1.1933e-01 +3.9005e-03 -4.1630e-02 -5.1579e-02 +2.4457e-02 +4.1001e-02 +3.7482e-02 -4.4435e-02
71 0 +1.511497280e+01 +3.392497280e+01 +3.392497280e+01 -4.7752e-02 +1.5953e-02 +1.2573e-01 +5.3876e-03 -5.4063e-02 -6.2972e-02 +3.8135e-02 +5.1884e-02 +4.0077e-02 -4.7697e-02
99 0 +1.478965699e+01 +3.359965699e+01 +3.359965699e+01 -5.8955e-02 +2.6627e-02 +1.4753e-01 +1.2504e-02 -6.0576e-02 -7.6373e-02 +5.1230e-02 +6.4266e-02 +4.5223e-02 -3.9951e-02
127 0 +1.443655832e+01 +3.324655832e+01 +3.324655832e+01 -7.5199e-02 +2.4130e-02 +1.7193e-01 +2.7728e-02 -6.9404e-02 -7.1822e-02 +7.2766e-02 +9.1683e-02 +5.7490e-02 -2.4069e-02
270 0 +1.412302965e+01 +3.293302965e+01 +3.293302965e+01 -9.8736e-02 +1.7798e-02 +2.0293e-01 +5.6554e-02 -6.7399e-02 -7.7688e-02 +9.2753e-02 +1.0745e-01 +7.1799e-02 -1.2960e-02
669 0 +1.380377128e+01 +3.261377128e+01 +3.261377128e+01 -1.2085e-01 -9.0313e-03 +2.4998e-01 +1.1587e-01 -7.8100e-02 -1.0158e-01 +1.4369e-01 +1.5302e-01 +1.1018e-01 +1.4066e-02
% f evaluations | g evaluations | best noise-free fitness - Fopt (2.731500000000e+02) + sum g_i+ | measured fitness | best measured fitness or single-digit g-values | x1 | x2...
1 0 +1.192829884e+02 +3.924329884e+02 +3.924329884e+02 +0.0000e+00 +0.0000e+00 +0.0000e+00 +0.0000e+00 +0.0000e+00 +0.0000e+00 +0.0000e+00 +0.0000e+00 +0.0000e+00 +0.0000e+00
3 0 +1.069008332e+02 +3.800508332e+02 +3.800508332e+02 +1.0000e-01 +0.0000e+00 +0.0000e+00 +0.0000e+00 +0.0000e+00 +0.0000e+00 +0.0000e+00 +0.0000e+00 +0.0000e+00 +0.0000e+00
13 0 +1.019236082e+02 +3.750736082e+02 +3.750736082e+02 +1.4301e-01 -6.8165e-02 -1.7358e-02 -3.6535e-02 -1.1986e-02 +3.5069e-02 -2.1260e-02 -3.3578e-03 +4.3770e-03 +3.4394e-03
16 0 +9.939150431e+01 +3.725415043e+02 +3.725415043e+02 +1.4301e-01 -6.8165e-02 -3.3247e-02 -3.6535e-02 -1.1986e-02 +3.5069e-02 -8.2872e-03 -3.3578e-03 +4.3770e-03 +3.4394e-03
22 0 +9.737358228e+01 +3.705235823e+02 +3.705235823e+02 +1.5056e-01 -7.4960e-02 -3.7690e-02 -4.1476e-02 -2.3408e-02 +3.8944e-02 +1.7639e-02 -1.4244e-02 +4.5549e-03 +2.1352e-03
26 0 +9.218451879e+01 +3.653345188e+02 +3.653345188e+02 +1.3682e-01 -5.5718e-02 -5.5149e-02 -2.7596e-02 -2.0300e-02 +1.9093e-02 +4.4442e-02 -3.3367e-02 +1.3430e-02 +4.1641e-03
32 0 +9.113759387e+01 +3.642875939e+02 +3.642875939e+02 +1.3924e-01 -5.4393e-02 -8.0970e-02 -1.4780e-02 -2.3516e-02 +1.1752e-02 +6.8640e-02 -5.6953e-02 +2.4231e-02 +1.3220e-02
39 0 +8.882327992e+01 +3.619732799e+02 +3.619732799e+02 +1.4486e-01 -6.7694e-02 -8.6614e-02 -1.8297e-02 -2.5722e-02 +1.1503e-02 +6.7465e-02 -5.2461e-02 +2.9581e-02 +6.6175e-03
43 0 +8.585718500e+01 +3.590071850e+02 +3.590071850e+02 +1.5527e-01 -9.6030e-02 -1.0989e-01 -3.7382e-02 -3.2635e-02 +2.4519e-02 +6.0927e-02 -6.4532e-02 +3.9872e-02 +8.5417e-03
45 0 +8.486451990e+01 +3.580145199e+02 +3.580145199e+02 +1.6811e-01 -9.9509e-02 -1.1530e-01 -3.3681e-02 -3.4645e-02 +1.2055e-02 +6.1200e-02 -7.1465e-02 +3.9582e-02 +1.4242e-02
54 0 +8.306799737e+01 +3.562179974e+02 +3.562179974e+02 +1.6864e-01 -9.4177e-02 -1.2850e-01 -3.0636e-02 -3.2548e-02 +1.1421e-03 +6.9810e-02 -7.0108e-02 +5.3974e-02 +2.0290e-02
57 0 +8.124577446e+01 +3.543957745e+02 +3.543957745e+02 +1.5880e-01 -1.0706e-01 -1.4399e-01 -2.2990e-02 -3.2945e-02 -9.3494e-03 +6.5335e-02 -7.3876e-02 +6.6370e-02 +3.6724e-02
65 0 +7.931948260e+01 +3.524694826e+02 +3.524694826e+02 +1.7036e-01 -1.1619e-01 -1.6649e-01 -2.2787e-02 -3.2782e-02 -6.7415e-03 +6.9098e-02 -6.9118e-02 +7.1773e-02 +4.1916e-02
74 0 +7.753854139e+01 +3.506885414e+02 +3.506885414e+02 +1.7733e-01 -1.2504e-01 -1.8704e-01 -2.1177e-02 -3.4850e-02 -1.1561e-02 +6.9902e-02 -6.3148e-02 +8.1326e-02 +4.5861e-02
77 0 +7.240047423e+01 +3.455504742e+02 +3.455504742e+02 +1.8872e-01 -1.6078e-01 -2.5142e-01 -2.0514e-02 -4.6960e-02 -3.3588e-02 +7.5612e-02 -5.3013e-02 +1.1516e-01 +6.8353e-02
78 0 +6.893684585e+01 +3.420868458e+02 +3.420868458e+02 +2.5353e-01 -2.0090e-01 -4.4932e-01 -1.7683e-02 -5.6363e-02 -6.2122e-02 +1.5993e-01 +2.8585e-02 +1.1662e-01 -8.3320e-03
95 0 +6.755535044e+01 +3.407053504e+02 +3.407053504e+02 +2.5730e-01 -2.0887e-01 -4.3955e-01 +8.5331e-03 -5.3123e-02 -6.3593e-02 +1.3845e-01 +5.0656e-02 +1.3949e-01 +8.5867e-03
101 0 +6.595107409e+01 +3.391010741e+02 +3.391010741e+02 +2.5825e-01 -2.0514e-01 -4.3985e-01 +1.8903e-03 -6.3378e-02 -6.7964e-02 +1.3640e-01 +5.7233e-02 +1.7828e-01 +2.4878e-02
116 0 +6.449739437e+01 +3.376473944e+02 +3.376473944e+02 +2.6291e-01 -1.8958e-01 -4.3732e-01 +9.4859e-03 -8.9194e-02 -7.4182e-02 +1.3580e-01 +5.2749e-02 +1.9884e-01 +2.3036e-02
134 0 +6.271802518e+01 +3.358680252e+02 +3.358680252e+02 +2.7207e-01 -1.8296e-01 -4.4087e-01 +2.1133e-02 -1.1713e-01 -7.1249e-02 +1.0800e-01 +5.0348e-02 +2.2075e-01 +1.3417e-02
150 0 +6.161652244e+01 +3.347665224e+02 +3.347665224e+02 +2.7839e-01 -1.7506e-01 -4.4556e-01 +1.5488e-02 -1.3019e-01 -8.2930e-02 +1.0516e-01 +5.0281e-02 +2.4290e-01 +1.4050e-02
154 0 +5.970523189e+01 +3.328552319e+02 +3.328552319e+02 +2.8616e-01 -1.6811e-01 -4.9095e-01 +3.2425e-02 -2.1590e-01 -1.4150e-01 +2.0330e-02 +4.2484e-02 +2.8711e-01 -2.0073e-02
155 0 +5.865610874e+01 +3.318061087e+02 +3.318061087e+02 +2.7631e-01 -1.2892e-01 -5.5333e-01 -6.6011e-03 -2.2626e-01 -1.7248e-01 +3.0990e-02 +7.8152e-02 +3.4790e-01 +3.6392e-02
158 0 +5.627062063e+01 +3.294206206e+02 +3.294206206e+02 +2.8690e-01 -1.2366e-01 -5.3194e-01 -2.1595e-02 -2.6834e-01 -1.6466e-01 +4.8444e-02 +1.0425e-01 +3.6401e-01 +2.2365e-02
164 0 +5.611292310e+01 +3.292629231e+02 +3.292629231e+02 +2.7595e-01 -1.2707e-01 -5.3441e-01 -2.0716e-02 -2.7288e-01 -1.6621e-01 +4.8103e-02 +9.6911e-02 +3.7162e-01 +1.5520e-02
211 0 +5.495191420e+01 +3.281019142e+02 +3.281019142e+02 +2.5804e-01 -1.3919e-01 -5.5896e-01 -2.7871e-02 -2.9991e-01 -1.6603e-01 +5.5417e-02 +1.0082e-01 +3.9710e-01 -2.1373e-02
343 0 +5.369502215e+01 +3.268450222e+02 +3.268450222e+02 +2.4830e-01 -1.4108e-01 -5.7985e-01 -4.6713e-02 -3.1995e-01 -1.9218e-01 +5.6576e-02 +1.2082e-01 +4.6109e-01 -7.7771e-02
572 0 +5.244938742e+01 +3.255993874e+02 +3.255993874e+02 +2.2346e-01 -1.5295e-01 -6.1011e-01 -5.7215e-02 -3.5957e-01 -2.3962e-01 +5.5646e-02 +1.4251e-01 +5.5655e-01 -1.6548e-01
% f evaluations | g evaluations | best noise-free fitness - Fopt (3.718000000000e+01) + sum g_i+ | measured fitness | best measured fitness or single-digit g-values | x1 | x2...
1 0 +6.178170747e+01 +9.896170747e+01 +9.896170747e+01 +0.0000e+00 +0.0000e+00 +0.0000e+00 +0.0000e+00 +0.0000e+00 +0.0000e+00 +0.0000e+00 +0.0000e+00 +0.0000e+00 +0.0000e+00
5 0 +5.385225211e+01 +9.103225211e+01 +9.103225211e+01 +0.0000e+00 +0.0000e+00 +1.0000e-01 +0.0000e+00 +0.0000e+00 +0.0000e+00 +0.0000e+00 +0.0000e+00 +0.0000e+00 +0.0000e+00
14 0 +5.232843737e+01 +8.950843737e+01 +8.950843737e+01 -7.7609e-03 -2.8371e-03 +1.0718e-01 +8.6755e-04 -7.1534e-03 -1.2897e-02 -7.4712e-03 +4.5062e-02 -2.3707e-03 -8.3611e-03
20 0 +5.076912850e+01 +8.794912850e+01 +8.794912850e+01 -1.5626e-03 -1.6106e-02 +1.1608e-01 +1.9428e-03 -1.6635e-02 +2.8300e-03 -1.6037e-02 +5.1656e-02 -5.3091e-03 +5.5655e-03
21 0 +4.912167328e+01 +8.630167328e+01 +8.630167328e+01 -3.8826e-06 -1.9377e-02 +1.2190e-01 +2.6454e-03 -2.2721e-02 -5.7553e-04 -1.5824e-02 +5.1294e-02 -7.2289e-03 +5.7952e-03
22 0 +4.697931199e+01 +8.415931199e+01 +8.415931199e+01 +2.8600e-03 -2.7136e-02 +1.3743e-01 +4.5217e-03 -4.0172e-02 -1.1829e-02 -1.6503e-02 +4.7636e-02 -3.6232e-02 +5.0092e-03
25 0 +4.668030917e+01 +8.386030917e+01 +8.386030917e+01 +4.8847e-03 -3.5098e-02 +1.3759e-01 -1.5874e-02 -4.3979e-02 -1.2986e-02 -1.5525e-02 +4.9124e-02 -3.6722e-02 +6.0972e-03
38 0 +4.565368841e+01 +8.283368841e+01 +8.283368841e+01 -7.6734e-03 -3.5202e-02 +1.3311e-01 -1.3716e-02 -4.5893e-02 -1.3054e-02 -1.4269e-02 +5.7002e-02 -3.6910e-02 +5.6796e-03
41 0 +4.449697119e+01 +8.167697119e+01 +8.167697119e+01 -1.7461e-02 -3.7409e-02 +1.3710e-01 -7.9197e-03 -5.5240e-02 -1.6657e-02 -1.0444e-02 +6.3089e-02 -3.6050e-02 +5.5678e-03
42 0 +4.115320541e+01 +7.833320541e+01 +7.833320541e+01 -5.2026e-02 -3.9911e-02 +1.3517e-01 +1.0007e-02 -7.4297e-02 -1.8621e-02 +1.3830e-02 +1.0229e-01 -2.8755e-02 +1.0425e-02
43 0 +3.763409161e+01 +7.481409161e+01 +7.481409161e+01 -8.3009e-02 -7.4034e-02 +1.2523e-01 +1.8890e-02 -9.9380e-02 -3.5076e-02 -6.1159e-03 +1.2265e-01 -3.7789e-02 +1.0363e-02
44 0 +3.698449346e+01 +7.416449346e+01 +7.416449346e+01 -1.0071e-01 -7.8834e-02 +1.0782e-01 +2.6588e-02 -1.1125e-01 -5.9765e-02 +1.2712e-02 +1.2189e-01 -4.1508e-02 -3.7363e-02
46 0 +3.513537648e+01 +7.231537648e+01 +7.231537648e+01 -1.1535e-01 -7.4380e-02 +1.0337e-01 +2.5815e-02 -1.3396e-01 -5.8822e-02 +1.4768e-02 +1.2128e-01 -5.3881e-02 -2.7616e-02
47 0 +3.410844114e+01 +7.128844114e+01 +7.128844114e+01 -1.2978e-01 -6.1392e-02 +1.1112e-01 +3.4117e-02 -1.3719e-01 -6.5881e-02 +2.6643e-03 +1.3336e-01 -6.6737e-02 -2.7668e-02
48 0 +3.380668256e+01 +7.098668256e+01 +7.098668256e+01 -1.3410e-01 -6.4510e-02 +9.6170e-02 +3.2530e-02 -1.4508e-01 -6.5454e-02 +6.7588e-03 +1.5397e-01 -8.1328e-02 -2.0392e-02
50 0 +3.209254517e+01 +6.927254517e+01 +6.927254517e+01 -1.2952e-01 -6.8537e-02 +1.0125e-01 +4.3814e-02 -1.5043e-01 -6.7018e-02 +1.0196e-02 +1.5312e-01 -8.5614e-02 -1.8487e-02
51 0 +3.134421749e+01 +6.852421749e+01 +6.852421749e+01 -1.2702e-01 -7.1477e-02 +1.1179e-01 +3.9286e-02 -1.5816e-01 -7.1813e-02 +1.3359e-02 +1.5706e-01 -8.6698e-02 -1.8710e-02
55 0 +3.090033937e+01 +6.808033937e+01 +6.808033937e+01 -1.2942e-01 -7.4917e-02 +1.1596e-01 +4.6737e-02 -1.6425e-01 -7.1807e-02 +1.5103e-02 +1.5704e-01 -8.7462e-02 -1.6756e-02
64 0 +3.018592115e+01 +6.736592115e+01 +6.736592115e+01 -1.3809e-01 -7.7469e-02 +1.1074e-01 +5.0532e-02 -1.7404e-01 -7.4467e-02 +1.9209e-02 +1.5939e-01 -8.7609e-02 -9.0916e-03
68 0 +2.938272316e+01 +6.656272316e+01 +6.656272316e+01 -1.4776e-01 -8.2826e-02 +1.0765e-01 +5.6845e-02 -1.8850e-01 -6.6341e-02 +2.2487e-02 +1.6562e-01 -8.9065e-02 -9.4555e-04
76 0 +2.881891308e+01 +6.599891308e+01 +6.599891308e+01 -1.5648e-01 -8.9228e-02 +1.1126e-01 +6.1535e-02 -1.9774e-01 -6.4782e-02 +2.0953e-02 +1.7514e-01 -8.7013e-02 +2.9309e-03
86 0 +2.817131439e+01 +6.535131439e+01 +6.535131439e+01 -1.6655e-01 -1.0513e-01 +1.1697e-01 +6.5763e-02 -2.0814e-01 -6.4918e-02 +1.8365e-02 +1.8861e-01 -7.9254e-02 +4.1742e-03
101 0 +2.753538029e+01 +6.471538029e+01 +6.471538029e+01 -1.7635e-01 -1.2376e-01 +1.1769e-01 +5.2809e-02 -2.3032e-01 -6.4560e-02 +1.8182e-02 +2.0552e-01 -7.6908e-02 +6.8032e-03
269 0 +2.691532708e+01 +6.409532708e+01 +6.409532708e+01 -1.8657e-01 -1.7396e-01 +1.3772e-01 +4.4237e-02 -2.5438e-01 -5.3105e-02 +1.1918e-02 +2.3779e-01 -5.0076e-02 +1.3815e-02
% f evaluations | g evaluations | best noise-free fitness - Fopt (-1.479000000000e+02) + sum g_i+ | measured fitness | best measured fitness or single-digit g-values | x1 | x2...
1 0 +2.130772869e+01 -1.265922713e+02 -1.265922713e+02 +0.0000e+00 +0.0000e+00 +0.0000e+00 +0.0000e+00 +0.0000e+00 +0.0000e+00 +0.0000e+00 +0.0000e+00 +0.0000e+00 +0.0000e+00
3 0 +2.019364063e+01 -1.277063594e+02 -1.277063594e+02 +1.0000e-01 +0.0000e+00 +0.0000e+00 +0.0000e+00 +0.0000e+00 +0.0000e+00 +0.0000e+00 +0.0000e+00 +0.0000e+00 +0.0000e+00
12 0 +1.951858358e+01 -1.283814164e+02 -1.283814164e+02 +0.0000e+00 +0.0000e+00 +0.0000e+00 +0.0000e+00 +0.0000e+00 +0.0000e+00 +0.0000e+00 +0.0000e+00 +0.0000e+00 +1.0000e-01
% f evaluations | g evaluations | best noise-free fitness - Fopt (3.553000000000e+01) + sum g_i+ | measured fitness | best measured fitness or single-digit g-values | x1 | x2...
1 0 +5.248405511e+01 +8.801405511e+01 +8.801405511e+01 +0.0000e+00 +0.0000e+00 +0.0000e+00 +0.0000e+00 +0.0000e+00 +0.0000e+00 +0.0000e+00 +0.0000e+00 +0.0000e+00 +0.0000e+00
3 0 +5.013830837e+01 +8.566830837e+01 +8.566830837e+01 +1.0000e-01 +0.0000e+00 +0.0000e+00 +0.0000e+00 +0.0000e+00 +0.0000e+00 +0.0000e+00 +0.0000e+00 +0.0000e+00 +0.0000e+00
5 0 +4.778012981e+01 +8.331012981e+01 +8.331012981e+01 +0.0000e+00 +0.0000e+00 +1.0000e-01 +0.0000e+00 +0.0000e+00 +0.0000e+00 +0.0000e+00 +0.0000e+00 +0.0000e+00 +0.0000e+00
13 0 +4.203527247e+01 +7.756527247e+01 +7.756527247e+01 +2.5303e-02 -2.3013e-02 +5.0740e-02 +1.5320e-01 -2.9778e-03 +2.7938e-02 -3.0257e-02 -3.2924e-02 -1.9464e-02 -1.6066e-02
15 0 +3.997115384e+01 +7.550115384e+01 +7.550115384e+01 +3.0436e-02 -2.7681e-02 +7.5388e-02 +1.6399e-01 -3.5820e-03 +3.3606e-02 -3.6395e-02 +7.4677e-03 -2.3413e-02 -1.9326e-02
16 0 +3.721729892e+01 +7.274729892e+01 +7.274729892e+01 +3.5530e-02 -3.2314e-02 +9.9845e-02 +1.7470e-01 -4.1814e-03 +3.9230e-02 +4.4987e-03 +4.3682e-03 -2.7332e-02 -2.2560e-02
17 0 +3.621681853e+01 +7.174681853e+01 +7.174681853e+01 +4.0055e-02 +1.0855e-02 +1.2157e-01 +1.8421e-01 -4.7140e-03 +4.4226e-02 +4.8654e-03 +1.6145e-03 -3.0813e-02 -2.5433e-02
19 0 +3.510690674e+01 +7.063690674e+01 +7.063690674e+01 +3.0032e-02 +6.2505e-03 +1.3937e-01 +1.7828e-01 -1.8880e-02 +3.4589e-02 +5.1659e-03 -6.4123e-04 -4.8058e-02 -4.1517e-02
21 0 +3.447091621e+01 +7.000091621e+01 +7.000091621e+01 +1.9894e-02 +2.4468e-03 +1.5408e-01 +1.8298e-01 -2.0747e-02 +3.6241e-02 +5.4141e-03 -2.5047e-03 -5.2363e-02 -2.3049e-02
25 0 +3.379672594e+01 +6.932672594e+01 +6.932672594e+01 +1.7811e-02 -5.5687e-04 +1.6707e-01 +1.9021e-01 -1.5034e-02 +3.9504e-02 +1.1640e-02 +1.3458e-04 -5.7014e-02 -2.8898e-02
27 0 +3.308047287e+01 +6.861047287e+01 +6.861047287e+01 +9.4132e-03 +5.9030e-04 +1.7688e-01 +1.9498e-01 -1.8131e-02 +4.1859e-02 +1.8484e-02 -7.7839e-03 -5.8755e-02 -3.2918e-02
28 0 +3.216934564e+01 +6.769934564e+01 +6.769934564e+01 -9.5151e-03 -2.5406e-02 +1.9114e-01 +2.0222e-01 -2.4472e-02 +4.5348e-02 +3.1819e-02 -1.1658e-02 -6.1396e-02 -4.0518e-02
29 0 +3.161497567e+01 +6.714497567e+01 +6.714497567e+01 -2.4261e-02 -1.7496e-02 +2.0144e-01 +2.1234e-01 -2.5976e-02 +5.2558e-02 +4.4863e-02 -1.4994e-02 -9.0901e-02 -4.2857e-02
30 0 +3.083895160e+01 +6.636895160e+01 +6.636895160e+01 -3.2475e-02 -1.1983e-02 +2.2202e-01 +2.3193e-01 -2.2951e-02 +6.7070e-02 +5.8405e-02 -1.9685e-02 -7.4510e-02 -4.1768e-02
43 0 +3.018807662e+01 +6.571807662e+01 +6.571807662e+01 -5.9199e-02 -1.5849e-02 +2.2159e-01 +2.3831e-01 -2.5254e-02 +6.0818e-02 +6.5491e-02 -1.9038e-02 -6.4488e-02 -4.0683e-02
57 0 +2.947289999e+01 +6.500289999e+01 +6.500289999e+01 -9.8332e-02 -2.0788e-02 +2.2610e-01 +2.4604e-01 -2.9061e-02 +5.9743e-02 +7.4493e-02 -3.6359e-02 -5.5611e-02 -5.7200e-02
82 0 +2.879728941e+01 +6.432728941e+01 +6.432728941e+01 -1.3570e-01 -8.9060e-03 +2.3054e-01 +2.6901e-01 -2.1035e-02 +7.7622e-02 +8.0665e-02 -5.2592e-02 -5.7385e-02 -1.0165e-01
487 0 +2.818378496e+01 +6.371378496e+01 +6.371378496e+01 -1.4648e-01 -7.1948e-02 +1.1859e-01 +3.3402e-01 +1.3510e-02 +1.5603e-01 +1.5753e-01 -2.5198e-02 -7.6310e-02 -1.5949e-01
685 0 +2.752540521e+01 +6.305540521e+01 +6.305540521e+01 -1.2647e-01 -1.3320e-01 +2.9119e-02 +3.9842e-01 +5.0745e-02 +1.8814e-01 +2.3965e-01 +1.6743e-02 -1.3187e-01 -1.9295e-01
836 0 +2.690524573e+01 +6.243524573e+01 +6.243524573e+01 -1.0552e-01 -1.8615e-01 -3.9682e-02 +4.4940e-01 +6.5724e-02 +2.1293e-01 +3.0141e-01 +4.4826e-02 -1.6595e-01 -2.1611e-01
945 0 +2.629348881e+01 +6.182348881e+01 +6.182348881e+01 -8.7476e-02 -2.4811e-01 -1.1006e-01 +5.1406e-01 +7.1740e-02 +2.2998e-01 +3.5127e-01 +7.7348e-02 -1.9229e-01 -2.1984e-01
% f evaluations | g evaluations | best noise-free fitness - Fopt (-6.216000000000e+01) + sum g_i+ | measured fitness | best measured fitness or single-digit g-values | x1 | x2...
1 0 +8.536017860e+01 +2.320017860e+01 +2.320017860e+01 +0.0000e+00 +0.0000e+00 +0.0000e+00 +0.0000e+00 +0.0000e+00 +0.0000e+00 +0.0000e+00 +0.0000e+00 +0.0000e+00 +0.0000e+00
4 0 +8.429461154e+01 +2.213461154e+01 +2.213461154e+01 +0.0000e+00 +1.0000e-01 +0.0000e+00 +0.0000e+00 +0.0000e+00 +0.0000e+00 +0.0000e+00 +0.0000e+00 +0.0000e+00 +0.0000e+00
6 0 +7.940994642e+01 +1.724994642e+01 +1.724994642e+01 +0.0000e+00 +0.0000e+00 +0.0000e+00 +1.0000e-01 +0.0000e+00 +0.0000e+00 +0.0000e+00 +0.0000e+00 +0.0000e+00 +0.0000e+00
9 0 +7.746346584e+01 +1.530346584e+01 +1.530346584e+01 +0.0000e+00 +0.0000e+00 +0.0000e+00 +0.0000e+00 +0.0000e+00 +0.0000e+00 +1.0000e-01 +0.0000e+00 +0.0000e+00 +0.0000e+00
13 0 +5.965800978e+01 -2.501990219e+00 -2.501990219e+00 -5.1098e-03 +3.7592e-03 -3.5629e-02 +2.0992e-02 +1.5876e-02 +4.9219e-03 +1.2786e-01 +1.7132e-02 -4.3912e-02 -1.9350e-02
% f evaluations | g evaluations | best noise-free fitness - Fopt (-1.472700000000e+02) + sum g_i+ | measured fitness | best measured fitness or single-digit g-values | x1 | x2...
1 0 +3.931379540e+01 -1.079562046e+02 -1.079562046e+02 +0.0000e+00 +0.0000e+00 +0.0000e+00 +0.0000e+00 +0.0000e+00 +0.0000e+00 +0.0000e+00 +0.0000e+00 +0.0000e+00 +0.0000e+00
3 0 +3.458249931e+01 -1.126875007e+02 -1.126875007e+02 +1.0000e-01 +0.0000e+00 +0.0000e+00 +0.0000e+00 +0.0000e+00 +0.0000e+00 +0.0000e+00 +0.0000e+00 +0.0000e+00 +0.0000e+00
% f evaluations | g evaluations | best noise-free fitness - Fopt (1.408000000000e+01) + sum g_i+ | measured fitness | best measured fitness or single-digit g-values | x1 | x2...
1 0 +7.929151253e+01 +9.337151253e+01 +9.337151253e+01 +0.0000e+00 +0.0000e+00 +0.0000e+00 +0.0000e+00 +0.0000e+00 +0.0000e+00 +0.0000e+00 +0.0000e+00 +0.0000e+00 +0.0000e+00
3 0 +7.724934300e+01 +9.132934300e+01 +9.132934300e+01 +1.0000e-01 +0.0000e+00 +0.0000e+00 +0.0000e+00 +0.0000e+00 +0.0000e+00 +0.0000e+00 +0.0000e+00 +0.0000e+00 +0.0000e+00
8 0 +7.155495775e+01 +8.563495775e+01 +8.563495775e+01 +0.0000e+00 +0.0000e+00 +0.0000e+00 +0.0000e+00 +0.0000e+00 +1.0000e-01 +0.0000e+00 +0.0000e+00 +0.0000e+00 +0.0000e+00
13 0 +5.060589844e+01 +6.468589844e+01 +6.468589844e+01 +5.8397e-03 -3.7570e-02 -5.1448e-02 -3.2273e-03 -4.9390e-02 +1.2212e-01 +1.0321e-02 -5.0988e-02 -1.5341e-02 +5.1696e-03
25 0 +5.007566377e+01 +6.415566377e+01 +6.415566377e+01 -2.2041e-03 -5.0717e-02 -4.4279e-02 -1.4145e-02 -3.2336e-02 +1.2562e-01 +1.6537e-02 -4.7820e-02 -1.7073e-02 -5.6631e-03
36 0 +4.895599704e+01 +6.303599704e+01 +6.303599704e+01 -6.9096e-03 -4.6767e-02 -5.1847e-02 -2.0362e-02 -3.1364e-02 +1.3601e-01 +1.8978e-02 -4.3858e-02 -4.4908e-02 -9.6294e-03
67 0 +4.750125622e+01 +6.158125622e+01 +6.158125622e+01 -2.0621e-02 -1.9034e-02 -5.9287e-02 -7.3699e-03 -3.3168e-02 +1.4505e-01 +2.5500e-02 -5.5678e-02 -6.0471e-02 -1.1448e-03
71 0 +4.663418843e+01 +6.071418843e+01 +6.071418843e+01 -2.6012e-02 -9.7920e-03 -5.3876e-02 +6.5309e-03 -2.0420e-02 +1.5068e-01 +4.3426e-02 -5.0806e-02 -6.6888e-02 +4.5986e-03
110 0 +4.569657521e+01 +5.977657521e+01 +5.977657521e+01 -3.2413e-02 +3.2840e-04 -5.8002e-02 +1.1298e-02 -1.7482e-02 +1.5957e-01 +5.1213e-02 -5.8994e-02 -7.5078e-02 +8.8640e-03
117 0 +4.322729861e+01 +5.730729861e+01 +5.730729861e+01 -4.8331e-02 +7.3610e-02 -5.8444e-02 +3.2267e-02 -2.3397e-02 +1.7787e-01 +6.6621e-02 -8.6335e-02 -9.3474e-02 +3.0272e-02
119 0 +4.247795066e+01 +5.655795066e+01 +5.655795066e+01 -5.7853e-02 +8.1666e-02 -4.1489e-02 +6.2302e-02 -3.4680e-02 +1.8009e-01 +6.9405e-02 -7.8508e-02 -1.4111e-01 +5.1832e-02
136 0 +4.165914315e+01 +5.573914315e+01 +5.573914315e+01 -5.0612e-02 +9.5526e-02 -4.7153e-02 +7.2661e-02 -4.7614e-02 +1.6698e-01 +7.5997e-02 -9.2253e-02 -1.4894e-01 +4.4557e-02
152 0 +4.072546538e+01 +5.480546538e+01 +5.480546538e+01 -7.3233e-02 +1.2409e-01 -5.8965e-02 +7.0449e-02 -3.6685e-02 +1.6789e-01 +8.3503e-02 -8.7636e-02 -1.5310e-01 +6.0726e-02
202 0 +3.975761421e+01 +5.383761421e+01 +5.383761421e+01 -7.7339e-02 +1.5831e-01 -7.3397e-02 +7.2568e-02 -2.9314e-02 +1.7583e-01 +1.0298e-01 -1.0388e-01 -1.7237e-01 +7.0944e-02
278 0 +3.886564627e+01 +5.294564627e+01 +5.294564627e+01 -6.6578e-02 +2.0190e-01 -6.4422e-02 +6.6247e-02 -3.1584e-02 +1.9051e-01 +1.3700e-01 -1.2395e-01 -1.8571e-01 +8.2402e-02
470 0 +3.801660779e+01 +5.209660779e+01 +5.209660779e+01 -3.3670e-02 +2.6144e-01 -5.7077e-02 +4.2468e-02 -4.1772e-02 +2.0931e-01 +1.8431e-01 -1.5088e-01 -1.9971e-01 +8.8013e-02
649 0 +3.713192263e+01 +5.121192263e+01 +5.121192263e+01 +7.4258e-03 +3.1103e-01 -3.4872e-02 +1.1046e-03 -7.7484e-02 +2.2746e-01 +2.3844e-01 -1.8711e-01 -2.0837e-01 +6.0464e-02
879 0 +3.630734921e+01 +5.038734921e+01 +5.038734921e+01 +3.9509e-02 +3.5298e-01 -9.0164e-03 -3.5246e-02 -1.1498e-01 +2.5959e-01 +2.8633e-01 -2.0601e-01 -2.0135e-01 +4.0066e-02
% f evaluations | g evaluations | best noise-free fitness - Fopt (7.671000000000e+01) + sum g_i+ | measured fitness | best measured fitness or single-digit g-values | x1 | x2...
1 0 +4.687163296e+01 +1.235816330e+02 +1.235816330e+02 +0.0000e+00 +0.0000e+00 +0.0000e+00 +0.0000e+00 +0.0000e+00 +0.0000e+00 +0.0000e+00 +0.0000e+00 +0.0000e+00 +0.0000e+00
3 0 +4.393636583e+01 +1.206463658e+02 +1.206463658e+02 +1.0000e-01 +0.0000e+00 +0.0000e+00 +0.0000e+00 +0.0000e+00 +0.0000e+00 +0.0000e+00 +0.0000e+00 +0.0000e+00 +0.0000e+00
4 0 +4.143455523e+01 +1.181445552e+02 +1.181445552e+02 +0.0000e+00 +1.0000e-01 +0.0000e+00 +0.0000e+00 +0.0000e+00 +0.0000e+00 +0.0000e+00 +0.0000e+00 +0.0000e+00 +0.0000e+00
16 0 +4.036224900e+01 +1.170722490e+02 +1.170722490e+02 +3.1245e-02 +1.6059e-01 -3.6622e-02 +1.4765e-02 -1.7736e-02 -3.6817e-02 +1.5133e-02 -5.7845e-03 -4.5980e-02 -1.4452e-02
18 0 +3.980676109e+01 +1.165167611e+02 +1.165167611e+02 +2.5502e-02 +1.5822e-01 -4.0369e-02 +7.1244e-03 -2.2471e-02 -3.1171e-02 +7.5346e-03 -1.5792e-02 -5.3744e-02 -3.2933e-02
29 0 +3.888915243e+01 +1.155991524e+02 +1.155991524e+02 +2.6570e-02 +1.3795e-01 -2.4333e-02 +1.8552e-02 -2.7289e-02 -2.8656e-02 +1.6158e-02 -6.0375e-03 -6.9283e-02 -4.2955e-02
46 0 +3.801285733e+01 +1.147228573e+02 +1.147228573e+02 +2.3231e-02 +1.2708e-01 -1.6573e-02 -1.2491e-03 -2.5078e-02 -2.8350e-02 +1.9321e-02 -1.2493e-02 -7.2321e-02 -5.3450e-02
47 0 +3.705964697e+01 +1.137696470e+02 +1.137696470e+02 +2.4780e-03 +9.1831e-02 -8.4122e-04 -3.7157e-02 -3.1344e-02 -3.0448e-02 +2.3062e-02 -3.7652e-02 -7.7115e-02 -6.6585e-02
48 0 +3.595000440e+01 +1.126600044e+02 +1.126600044e+02 +7.4979e-03 +1.0325e-01 -1.3666e-03 -7.1384e-02 -2.4687e-03 -5.8927e-02 +1.2320e-02 -4.0149e-02 -4.7583e-02 -7.7986e-02
56 0 +3.543539256e+01 +1.121453926e+02 +1.121453926e+02 -1.6869e-03 +1.0627e-01 -7.4748e-03 -6.9121e-02 +3.0166e-03 -6.0524e-02 +1.9047e-02 -4.1784e-02 -5.0142e-02 -8.4986e-02
73 0 +3.463596151e+01 +1.113459615e+02 +1.113459615e+02 -9.3643e-03 +1.0244e-01 -8.1031e-03 -7.2589e-02 -1.0032e-03 -6.2374e-02 +2.1423e-02 -5.6937e-02 -4.8649e-02 -9.6891e-02
88 0 +3.364415702e+01 +1.103541570e+02 +1.103541570e+02 -6.8304e-03 +9.6195e-02 -8.6877e-03 -8.2861e-02 -1.4198e-03 -5.9517e-02 +2.0943e-02 -7.5824e-02 -5.1474e-02 -1.1249e-01
93 0 +3.270704700e+01 +1.094170470e+02 +1.094170470e+02 -7.7448e-03 +9.6528e-02 -7.3949e-03 -8.4561e-02 -6.2366e-03 -5.7151e-02 +3.6013e-02 -9.3713e-02 -5.6174e-02 -1.2092e-01
104 0 +3.235342389e+01 +1.090634239e+02 +1.090634239e+02 -2.6321e-03 +9.7118e-02 -9.6804e-03 -8.8896e-02 -3.8953e-03 -5.5186e-02 +3.9496e-02 -9.4579e-02 -6.0072e-02 -1.2670e-01
107 0 +3.149961471e+01 +1.082096147e+02 +1.082096147e+02 +1.3649e-03 +9.0266e-02 -2.2303e-02 -9.8532e-02 +5.1390e-03 -5.4922e-02 +4.0243e-02 -1.1803e-01 -6.8500e-02 -1.3340e-01
114 0 +3.080400725e+01 +1.075140073e+02 +1.075140073e+02 +1.6716e-03 +9.0015e-02 -2.4308e-02 -1.0410e-01 +2.1635e-03 -4.6729e-02 +4.2429e-02 -1.2254e-01 -6.7333e-02 -1.4799e-01
126 0 +3.010651097e+01 +1.068165110e+02 +1.068165110e+02 +3.6092e-03 +8.7339e-02 -2.5582e-02 -1.2188e-01 +6.7132e-04 -5.0185e-02 +4.8320e-02 -1.3356e-01 -6.9459e-02 -1.5886e-01
128 0 +2.949105421e+01 +1.062010542e+02 +1.062010542e+02 +1.0665e-02 +8.0298e-02 -3.5618e-02 -1.2658e-01 -6.4829e-04 -4.8724e-02 +6.1549e-02 -1.5105e-01 -6.8244e-02 -1.6041e-01
157 0 +2.882969306e+01 +1.055396931e+02 +1.055396931e+02 -1.4524e-03 +7.9262e-02 -3.9440e-02 -1.3651e-01 +9.3739e-03 -4.8359e-02 +7.3768e-02 -1.6401e-01 -6.9428e-02 -1.7134e-01
176 0 +2.817811036e+01 +1.048881104e+02 +1.048881104e+02 -1.7972e-03 +7.6633e-02 -5.1968e-02 -1.4988e-01 +1.8082e-02 -4.9605e-02 +8.1406e-02 -1.8129e-01 -8.4998e-02 -1.9045e-01
258 0 +2.748885365e+01 +1.041988537e+02 +1.041988537e+02 -1.4635e-02 +8.1925e-02 -7.3049e-02 -1.7154e-01 +4.0462e-02 -7.3837e-02 +9.7702e-02 -1.8850e-01 -1.0431e-01 -2.1503e-01
388 0 +2.691435959e+01 +1.036243596e+02 +1.036243596e+02 -3.4181e-02 +7.1334e-02 -8.9536e-02 -1.9270e-01 +8.0481e-02 -1.0718e-01 +1.1073e-01 -1.7053e-01 -1.2998e-01 -2.4759e-01
% f evaluations | g evaluations | best noise-free fitness - Fopt (1.325900000000e+02) + sum g_i+ | measured fitness | best measured fitness or single-digit g-values | x1 | x2...
1 0 +7.276520982e+01 +2.053552098e+02 +2.053552098e+02 +0.0000e+00 +0.0000e+00 +0.0000e+00 +0.0000e+00 +0.0000e+00 +0.0000e+00 +0.0000e+00 +0.0000e+00 +0.0000e+00 +0.0000e+00
3 0 +6.848783893e+01 +2.010778389e+02 +2.010778389e+02 +1.0000e-01 +0.0000e+00 +0.0000e+00 +0.0000e+00 +0.0000e+00 +0.0000e+00 +0.0000e+00 +0.0000e+00 +0.0000e+00 +0.0000e+00
5 0 +6.536875320e+01 +1.979587532e+02 +1.979587532e+02 +0.0000e+00 +0.0000e+00 +1.0000e-01 +0.0000e+00 +0.0000e+00 +0.0000e+00 +0.0000e+00 +0.0000e+00 +0.0000e+00 +0.0000e+00
13 0 +4.925499116e+01 +1.818449912e+02 +1.818449912e+02 +2.8381e-02 -3.2283e-02 +4.9077e-02 +3.8447e-02 +2.4853e-02 +5.5404e-03 +1.3003e-03 -3.2418e-03 -2.6406e-02 +1.5392e-01
14 0 +4.452675039e+01 +1.771167504e+02 +1.771167504e+02 +1.4108e-01 -1.6048e-01 +2.4396e-01 +1.9112e-01 +1.2354e-01 +2.7541e-02 +6.4637e-03 -1.6115e-02 -1.3126e-01 +3.7339e-01
15 0 +4.253745955e+01 +1.751274596e+02 +1.751274596e+02 +9.0482e-02 -2.5219e-01 +2.0739e-01 +1.4734e-01 +7.0550e-02 -3.8540e-02 -6.2491e-02 -8.8148e-02 -2.1900e-01 +4.0435e-01
21 0 +4.142628107e+01 +1.740162811e+02 +1.740162811e+02 +8.7511e-02 -2.5346e-01 +2.0541e-01 +1.4486e-01 +7.5687e-02 -3.1669e-02 -8.2192e-02 -7.1357e-02 -2.2020e-01 +4.0718e-01
24 0 +4.054765891e+01 +1.731376589e+02 +1.731376589e+02 +8.4173e-02 -2.5586e-01 +1.9838e-01 +1.5531e-01 +8.1004e-02 -2.9326e-02 -8.7206e-02 -7.1070e-02 -2.2289e-01 +4.0553e-01
25 0 +3.809012899e+01 +1.706801290e+02 +1.706801290e+02 +6.6058e-02 -2.6024e-01 +1.9134e-01 +1.6340e-01 +9.8330e-02 -2.0803e-02 -1.0762e-01 -6.9379e-02 -2.2938e-01 +3.8811e-01
26 0 +3.491740578e+01 +1.675074058e+02 +1.675074058e+02 +4.3854e-02 -3.1339e-01 +2.4740e-01 +2.2799e-01 +1.8302e-01 +1.2702e-02 -1.7008e-01 -6.8028e-02 -2.8195e-01 +3.9048e-01
29 0 +3.450211891e+01 +1.670921189e+02 +1.670921189e+02 +7.4177e-03 -3.0430e-01 +2.3618e-01 +2.2432e-01 +1.9310e-01 +7.8712e-02 -1.5732e-01 -5.5099e-02 -2.7476e-01 +3.9367e-01
31 0 +3.256555220e+01 +1.651555522e+02 +1.651555522e+02 -7.9258e-03 -3.1567e-01 +2.5081e-01 +1.9753e-01 +1.9851e-01 +7.5649e-02 -1.6798e-01 -5.2335e-02 -2.6827e-01 +3.6081e-01
38 0 +3.215552243e+01 +1.647455224e+02 +1.647455224e+02 -1.6056e-02 -3.1117e-01 +2.5234e-01 +1.9852e-01 +1.9437e-01 +7.0990e-02 -1.5679e-01 -4.4567e-02 -2.7972e-01 +3.4600e-01
50 0 +3.161279899e+01 +1.642027990e+02 +1.642027990e+02 -3.4895e-02 -3.0450e-01 +2.4648e-01 +1.8228e-01 +1.8718e-01 +7.4273e-02 -1.6458e-01 -3.1419e-02 -2.9403e-01 +3.3776e-01
79 0 +3.087101025e+01 +1.634610102e+02 +1.634610102e+02 -6.8601e-02 -2.9484e-01 +2.5527e-01 +1.5384e-01 +1.8775e-01 +8.8463e-02 -1.7538e-01 -7.5487e-03 -3.3890e-01 +3.2478e-01
151 0 +3.019291471e+01 +1.627829147e+02 +1.627829147e+02 -8.9434e-02 -2.6078e-01 +2.5634e-01 +1.1198e-01 +1.8452e-01 +1.0218e-01 -1.9166e-01 +1.5685e-02 -4.0053e-01 +3.1309e-01
292 0 +2.950825819e+01 +1.620982582e+02 +1.620982582e+02 -1.2905e-01 -1.6187e-01 +2.3754e-01 +1.0400e-01 +1.6191e-01 +1.4429e-01 -2.2429e-01 +3.9114e-02 -4.6732e-01 +3.0531e-01
407 0 +2.872120507e+01 +1.613112051e+02 +1.613112051e+02 -1.8231e-01 -1.4283e-03 +2.2612e-01 +1.6981e-01 +1.1313e-01 +1.6822e-01 -2.5014e-01 +7.2147e-02 -4.7517e-01 +2.9859e-01
614 0 +2.817658787e+01 +1.607665879e+02 +1.607665879e+02 -2.0313e-01 +9.6073e-02 +2.2335e-01 +2.0767e-01 +8.4358e-02 +2.3038e-01 -2.7722e-01 +6.1153e-02 -4.7390e-01 +3.1719e-01
% f evaluations | g evaluations | best noise-free fitness - Fopt (-7.547000000000e+01) + sum g_i+ | measured fitness | best measured fitness or single-digit g-values | x1 | x2...
1 0 +5.021087663e+01 -2.525912337e+01 -2.525912337e+01 +0.0000e+00 +0.0000e+00 +0.0000e+00 +0.0000e+00 +0.0000e+00 +0.0000e+00 +0.0000e+00 +0.0000e+00 +0.0000e+00 +0.0000e+00
5 0 +4.983326798e+01 -2.563673202e+01 -2.563673202e+01 +0.0000e+00 +0.0000e+00 +1.0000e-01 +0.0000e+00 +0.0000e+00 +0.0000e+00 +0.0000e+00 +0.0000e+00 +0.0000e+00 +0.0000e+00
9 0 +4.740770761e+01 -2.806229239e+01 -2.806229239e+01 +0.0000e+00 +0.0000e+00 +0.0000e+00 +0.0000e+00 +0.0000e+00 +0.0000e+00 +1.0000e-01 +0.0000e+00 +0.0000e+00 +0.0000e+00
% f evaluations | g evaluations | best noise-free fitness - Fopt (6.949000000000e+01) + sum g_i+ | measured fitness | best measured fitness or single-digit g-values | x1 | x2...
1 0 +7.783217180e+01 +1.473221718e+02 +1.473221718e+02 +0.0000e+00 +0.0000e+00 +0.0000e+00 +0.0000e+00 +0.0000e+00 +0.0000e+00 +0.0000e+00 +0.0000e+00 +0.0000e+00 +0.0000e+00
4 0 +4.569219064e+01 +1.151821906e+02 +1.151821906e+02 +0.0000e+00 +1.0000e-01 +0.0000e+00 +0.0000e+00 +0.0000e+00 +0.0000e+00 +0.0000e+00 +0.0000e+00 +0.0000e+00 +0.0000e+00
7 0 +4.318125995e+01 +1.126712599e+02 +1.126712599e+02 +0.0000e+00 +0.0000e+00 +0.0000e+00 +0.0000e+00 +1.0000e-01 +0.0000e+00 +0.0000e+00 +0.0000e+00 +0.0000e+00 +0.0000e+00
8 0 +4.209789600e+01 +1.115878960e+02 +1.115878960e+02 +0.0000e+00 +0.0000e+00 +0.0000e+00 +0.0000e+00 +0.0000e+00 +1.0000e-01 +0.0000e+00 +0.0000e+00 +0.0000e+00 +0.0000e+00
16 0 +4.073057802e+01 +1.102205780e+02 +1.102205780e+02 -5.0985e-03 -2.6809e-02 -1.4686e-03 -1.3862e-03 -6.9955e-04 +1.0668e-01 -1.7853e-03 +5.5476e-03 -1.9947e-03 -2.0755e-03
21 0 +3.871485774e+01 +1.082048577e+02 +1.082048577e+02 -5.4060e-03 -2.6025e-02 -1.1361e-02 -1.3862e-03 +1.4551e-04 +1.0668e-01 -9.4695e-03 +2.7669e-03 +4.4143e-03 -1.1712e-02
22 0 +3.542483544e+01 +1.049148354e+02 +1.049148354e+02 -6.6718e-03 -2.3737e-02 -1.2248e-02 -2.5851e-03 +4.4173e-03 +1.1246e-01 -1.2967e-02 +7.0289e-03 +2.0878e-03 -1.3572e-02
23 0 +3.384291609e+01 +1.033329161e+02 +1.033329161e+02 -7.4119e-03 -2.2916e-02 -1.3745e-02 -1.0289e-02 +7.3514e-03 +1.1268e-01 -1.6409e-02 +1.0227e-02 +3.6754e-05 -1.5070e-02
35 0 +3.275631901e+01 +1.022463190e+02 +1.022463190e+02 -9.7939e-03 -2.6047e-02 -1.5491e-02 -9.7416e-03 +1.2575e-02 +1.1594e-01 -2.1386e-02 +1.7624e-02 -5.6641e-03 -1.5413e-02
36 0 +3.100043979e+01 +1.004904398e+02 +1.004904398e+02 -7.7744e-03 -3.3728e-02 -1.3719e-02 -1.3759e-02 +1.6055e-02 +1.1617e-01 -2.2283e-02 +2.6005e-02 -1.3185e-02 -9.5920e-03
37 0 +3.017006665e+01 +9.966006665e+01 +9.966006665e+01 -1.8096e-03 -6.0464e-02 -4.3695e-03 -3.8377e-02 +3.2512e-02 +1.1497e-01 -3.2568e-02 +5.6996e-02 -4.2718e-02 +1.1419e-02
40 0 +2.909815398e+01 +9.858815398e+01 +9.858815398e+01 +5.2328e-03 -7.5303e-02 +1.9227e-03 -4.7569e-02 +2.2423e-02 +1.0763e-01 -1.3637e-02 +5.0713e-02 -4.3553e-02 +2.7135e-03
51 0 +2.868931487e+01 +9.817931487e+01 +9.817931487e+01 +5.8839e-03 -7.4280e-02 +7.8826e-03 -4.6366e-02 +3.0625e-02 +1.0536e-01 -1.2639e-02 +4.9084e-02 -4.2692e-02 +2.5352e-03
53 0 +2.807936538e+01 +9.756936538e+01 +9.756936538e+01 +5.1415e-03 -7.1722e-02 +8.0276e-03 -4.6997e-02 +3.2533e-02 +1.0614e-01 -1.5710e-02 +5.0427e-02 -4.1532e-02 +1.7321e-03
65 0 +2.753409897e+01 +9.702409897e+01 +9.702409897e+01 +5.0553e-03 -6.7150e-02 +9.8583e-03 -4.7511e-02 +3.4640e-02 +1.0341e-01 -1.9577e-02 +5.1564e-02 -3.6775e-02 +1.6688e-03
284 0 +2.691449898e+01 +9.640449898e+01 +9.640449898e+01 +8.3745e-03 -5.1966e-02 +2.6197e-02 -4.5844e-02 +1.7143e-02 +1.3299e-01 -1.6233e-02 +5.3787e-02 -3.1600e-02 +2.8511e-02
% f evaluations | g evaluations | best noise-free fitness - Fopt (-5.612400000000e+02) + sum g_i+ | measured fitness | best measured fitness or single-digit g-values | x1 | x2...
1 0 +6.488887013e+01 -4.963511299e+02 -4.963511299e+02 +0.0000e+00 +0.0000e+00 +0.0000e+00 +0.0000e+00 +0.0000e+00 +0.0000e+00 +0.0000e+00 +0.0000e+00 +0.0000e+00 +0.0000e+00
3 0 +5.866872674e+01 -5.025712733e+02 -5.025712733e+02 +1.0000e-01 +0.0000e+00 +0.0000e+00 +0.0000e+00 +0.0000e+00 +0.0000e+00 +0.0000e+00 +0.0000e+00 +0.0000e+00 +0.0000e+00
% f evaluations | g evaluations | best noise-free fitness - Fopt (1.000000000000e+03) + sum g_i+ | measured fitness | best measured fitness or single-digit g-values | x1 | x2...
1 0 +1.978248687e+02 +1.197824869e+03 +1.197824869e+03 +0.0000e+00 +0.0000e+00 +0.0000e+00 +0.0000e+00 +0.0000e+00 +0.0000e+00 +0.0000e+00 +0.0000e+00 +0.0000e+00 +0.0000e+00
4 0 +1.925091126e+02 +1.192509113e+03 +1.192509113e+03 +0.0000e+00 +1.0000e-01 +0.0000e+00 +0.0000e+00 +0.0000e+00 +0.0000e+00 +0.0000e+00 +0.0000e+00 +0.0000e+00 +0.0000e+00
5 0 +1.790474781e+02 +1.179047478e+03 +1.179047478e+03 +0.0000e+00 +0.0000e+00 +1.0000e-01 +0.0000e+00 +0.0000e+00 +0.0000e+00 +0.0000e+00 +0.0000e+00 +0.0000e+00 +0.0000e+00
10 0 +1.686831119e+02 +1.168683112e+03 +1.168683112e+03 +0.0000e+00 +0.0000e+00 +0.0000e+00 +0.0000e+00 +0.0000e+00 +0.0000e+00 +0.0000e+00 +1.0000e-01 +0.0000e+00 +0.0000e+00
20 0 +1.647642301e+02 +1.164764230e+03 +1.164764230e+03 +1.0413e-02 +3.3137e-04 +1.9390e-03 -2.1948e-03 +2.8596e-03 +4.3170e-03 +2.5505e-04 +1.0766e-01 +2.4135e-03 +2.7988e-02
22 0 +1.614776362e+02 +1.161477636e+03 +1.161477636e+03 +2.1076e-02 +1.9938e-03 -4.8789e-03 +4.6005e-03 +6.3463e-03 +4.4640e-03 -8.3546e-03 +1.0693e-01 +1.7090e-03 +3.3192e-02
35 0 +1.583025120e+02 +1.158302512e+03 +1.158302512e+03 +2.9124e-02 +4.8642e-03 +4.7944e-03 +9.0326e-03 +1.2950e-02 +4.9630e-03 -2.6312e-02 +1.0964e-01 -8.9670e-04 +3.6153e-02
48 0 +1.548432747e+02 +1.154843275e+03 +1.154843275e+03 +4.2978e-02 +8.4909e-03 +4.1024e-03 +1.0707e-02 +1.9116e-02 -9.8109e-04 -3.3237e-02 +1.1492e-01 -2.7649e-03 +3.6465e-02
52 0 +1.468329612e+02 +1.146832961e+03 +1.146832961e+03 +7.5529e-02 +1.8405e-02 +6.5541e-03 +2.2409e-02 +2.8504e-02 -1.3196e-02 -6.1252e-02 +1.0890e-01 -3.4731e-03 +4.0681e-02
56 0 +1.439534399e+02 +1.143953440e+03 +1.143953440e+03 +8.6936e-02 +1.3687e-02 +3.1605e-02 +7.0072e-03 +6.5703e-02 -3.9654e-02 -7.5120e-02 +1.0736e-01 +2.9569e-02 +7.7647e-02
57 0 +1.387459746e+02 +1.138745975e+03 +1.138745975e+03 +1.0775e-01 +1.6690e-02 +2.1955e-02 +2.0909e-02 +6.7403e-02 -5.0294e-02 -8.0504e-02 +1.1488e-01 +2.6420e-02 +8.6805e-02
63 0 +1.376564793e+02 +1.137656479e+03 +1.137656479e+03 +1.2067e-01 +1.5345e-02 +3.4633e-02 +1.5533e-02 +6.7069e-02 -4.5097e-02 -7.1812e-02 +1.1803e-01 +1.9337e-02 +8.5595e-02
74 0 +1.347343444e+02 +1.134734344e+03 +1.134734344e+03 +1.3799e-01 +1.7198e-02 +2.7983e-02 +6.8256e-03 +8.0177e-02 -5.4873e-02 -7.4573e-02 +1.2261e-01 +3.2152e-02 +8.9351e-02
87 0 +1.316355478e+02 +1.131635548e+03 +1.131635548e+03 +1.5235e-01 +2.0244e-02 +2.1746e-02 +1.0800e-02 +8.8671e-02 -7.1993e-02 -8.2844e-02 +1.2344e-01 +3.2310e-02 +8.8188e-02
110 0 +1.271919575e+02 +1.127191958e+03 +1.127191958e+03 +1.7533e-01 +2.2684e-02 +1.0026e-02 +9.6286e-03 +9.0291e-02 -8.9893e-02 -1.0074e-01 +1.2641e-01 +3.6731e-02 +9.2723e-02
111 0 +1.215931786e+02 +1.121593179e+03 +1.121593179e+03 +2.1779e-01 +9.8327e-03 +4.2942e-03 -8.6666e-03 +9.0158e-02 -1.1223e-01 -1.3329e-01 +1.3708e-01 +4.4568e-02 +8.7633e-02
114 0 +1.196701117e+02 +1.119670112e+03 +1.119670112e+03 +2.1776e-01 +2.1077e-02 -6.1676e-03 -8.4441e-03 +7.5418e-02 -1.2148e-01 -1.4868e-01 +1.2103e-01 +3.1940e-02 +8.9163e-02
129 0 +1.167314744e+02 +1.116731474e+03 +1.116731474e+03 +2.4712e-01 +2.9975e-02 -1.1947e-02 -1.2179e-02 +8.0844e-02 -1.4072e-01 -1.5061e-01 +1.1913e-01 +2.6477e-02 +8.8849e-02
149 0 +1.146404029e+02 +1.114640403e+03 +1.114640403e+03 +2.6593e-01 +1.8087e-02 -1.6455e-02 -1.9993e-02 +7.7692e-02 -1.4825e-01 -1.6896e-01 +1.2667e-01 +3.0630e-02 +8.2737e-02
168 0 +1.120376344e+02 +1.112037634e+03 +1.112037634e+03 +2.8482e-01 +2.0633e-02 -1.9259e-02 -2.5965e-02 +8.4073e-02 -1.5272e-01 -1.8046e-01 +1.2325e-01 +4.0821e-02 +7.9912e-02
187 0 +1.090728007e+02 +1.109072801e+03 +1.109072801e+03 +3.2571e-01 +2.2904e-02 -2.8113e-02 -3.0641e-02 +9.2674e-02 -1.6715e-01 -1.9609e-01 +1.2778e-01 +3.1962e-02 +7.8968e-02
202 0 +1.070751843e+02 +1.107075184e+03 +1.107075184e+03 +3.4785e-01 +2.5978e-02 -3.7655e-02 -4.2541e-02 +8.8589e-02 -1.6765e-01 -2.0088e-01 +1.2359e-01 +3.1678e-02 +6.5238e-02
240 0 +1.040155069e+02 +1.104015507e+03 +1.104015507e+03 +3.8768e-01 +1.9271e-02 -5.6338e-02 -4.7529e-02 +9.4880e-02 -1.8387e-01 -2.1762e-01 +1.3242e-01 +4.6033e-02 +4.6709e-02
265 0 +1.022595652e+02 +1.102259565e+03 +1.102259565e+03 +4.0848e-01 +1.5351e-02 -6.8793e-02 -6.0592e-02 +9.0157e-02 -1.9035e-01 -2.2543e-01 +1.3936e-01 +5.1449e-02 +5.5703e-02
281 0 +9.989678939e+01 +1.099896789e+03 +1.099896789e+03 +4.5666e-01 +1.5009e-02 -1.1047e-01 -5.1729e-02 +7.2005e-02 -2.0485e-01 -2.4230e-01 +1.5208e-01 +6.1254e-02 +1.8069e-02
349 0 +9.768105316e+01 +1.097681053e+03 +1.097681053e+03 +4.7182e-01 +1.5067e-02 -1.3343e-01 -5.4419e-02 +8.1093e-02 -1.9620e-01 -2.6065e-01 +1.6233e-01 +6.4417e-02 +9.7501e-03
514 0 +9.544264899e+01 +1.095442649e+03 +1.095442649e+03 +5.1342e-01 +5.1276e-03 -1.6623e-01 -5.4287e-02 +8.2960e-02 -1.8615e-01 -2.7357e-01 +1.8716e-01 +7.8880e-02 -3.7623e-03
574 0 +9.322886641e+01 +1.093228866e+03 +1.093228866e+03 +5.6881e-01 +1.9018e-03 -2.1272e-01 -5.5572e-02 +5.8936e-02 -1.6412e-01 -2.8066e-01 +2.2684e-01 +1.0589e-01 -2.9755e-02
715 0 +9.113906778e+01 +1.091139068e+03 +1.091139068e+03 +6.0889e-01 -3.1631e-03 -2.3506e-01 -1.5576e-02 +3.8094e-02 -1.0023e-01 -2.9774e-01 +2.8198e-01 +1.3707e-01 -6.9835e-02
