% f evaluations | g evaluations | best noise-free fitness - Fopt (-5.494000000000e+01) + sum g_i+ | measured fitness | best measured fitness or single-digit g-values | x1 | x2...
1 0 +3.012777594e+06 +3.012722654e+06 +3.012722654e+06 +0.0000e+00 +0.0000e+00
5 0 +2.580371069e+06 +2.580316129e+06 +2.580316129e+06 -1.9564e-02 -9.8067e-02
6 0 +1.972144862e+06 +1.972089922e+06 +1.972089922e+06 -6.2598e-02 -4.9575e-01
7 0 +1.149229485e+06 +1.149174545e+06 +1.149174545e+06 +1.2784e-01 -8.4750e-01
8 0 +3.552522623e+05 +3.551973223e+05 +3.551973223e+05 +1.3321e-01 -1.3415e+00
9 0 +1.420550146e+05 +1.420000746e+05 +1.420000746e+05 +8.0104e-02 -1.4938e+00
10 0 +1.154263401e+05 +1.153714001e+05 +1.153714001e+05 +5.0796e-02 -1.5503e+00
11 0 +8.729474910e+04 +8.723980910e+04 +8.723980910e+04 +2.2632e-02 -1.5921e+00
12 0 +5.862208148e+04 +5.856714148e+04 +5.856714148e+04 -1.3629e-01 -1.6045e+00
13 0 +1.701780792e+04 +1.696286792e+04 +1.696286792e+04 -1.2768e-01 -1.7153e+00
14 0 +1.036804149e+04 +1.031310149e+04 +1.031310149e+04 -1.4246e-01 -1.7533e+00
15 0 +7.830787722e+03 +7.775847722e+03 +7.775847722e+03 -1.2777e-01 -1.7650e+00
16 0 +3.938717126e+03 +3.883777126e+03 +3.883777126e+03 -1.2491e-01 -1.7852e+00
17 0 +2.879493454e+03 +2.824553454e+03 +2.824553454e+03 -1.2174e-01 -1.8056e+00
19 0 +2.070185849e+03 +2.015245849e+03 +2.015245849e+03 -1.2411e-01 -1.8100e+00
20 0 +8.414604429e+02 +7.865204429e+02 +7.865204429e+02 -1.3704e-01 -1.8242e+00
21 0 +3.099829626e+02 +2.550429626e+02 +2.550429626e+02 -1.4276e-01 -1.8323e+00
22 0 +2.285291376e+02 +1.735891376e+02 +1.735891376e+02 -1.4465e-01 -1.8352e+00
23 0 +1.700270451e+02 +1.150870451e+02 +1.150870451e+02 -1.4594e-01 -1.8373e+00
24 0 +1.270206612e+02 +7.208066117e+01 +7.208066117e+01 -1.4679e-01 -1.8387e+00
26 0 +9.088561413e+01 +3.594561413e+01 +3.594561413e+01 -1.4724e-01 -1.8406e+00
27 0 +6.215792204e+01 +7.217922038e+00 +7.217922038e+00 -1.4775e-01 -1.8422e+00
28 0 +5.516122286e+01 +2.212228620e-01 +2.212228620e-01 -1.4787e-01 -1.8425e+00
29 0 +5.471439937e+01 -2.256006256e-01 -2.256006256e-01 -1.4773e-01 -1.8425e+00
59 0 +4.542430747e+01 -9.515692534e+00 -9.515692534e+00 +7.1888e-01 -2.0311e+00
60 0 +3.285261916e+01 -2.208738084e+01 -2.208738084e+01 +7.1765e-01 -2.0324e+00
% f evaluations | g evaluations | best noise-free fitness - Fopt (5.913000000000e+01) + sum g_i+ | measured fitness | best measured fitness or single-digit g-values | x1 | x2...
1 0 +8.442491678e+02 +9.033791678e+02 +9.033791678e+02 +0.0000e+00 +0.0000e+00
6 0 +4.953585231e+02 +5.544885231e+02 +5.544885231e+02 -8.2156e-04 +8.3753e-03
7 0 +2.461440056e+02 +3.052740056e+02 +3.052740056e+02 +4.3854e-03 +1.1808e-02
8 0 +1.027109487e+02 +1.618409487e+02 +1.618409487e+02 +6.9703e-03 +1.7683e-02
9 0 +5.034559085e+01 +1.094755909e+02 +1.094755909e+02 +7.0228e-03 +2.1562e-02
10 0 +2.796083734e+01 +8.709083734e+01 +8.709083734e+01 +9.7802e-03 +2.2594e-02
11 0 +1.099636892e+01 +7.012636892e+01 +7.012636892e+01 +1.0438e-02 +2.5463e-02
13 0 +1.071948668e+01 +6.984948668e+01 +6.984948668e+01 +9.8716e-03 +2.6287e-02
14 0 +1.040300911e+01 +6.953300911e+01 +6.953300911e+01 +9.2829e-03 +2.7096e-02
15 0 +9.158045664e+00 +6.828804566e+01 +6.828804566e+01 +6.9343e-03 +3.0333e-02
23 0 +9.094309587e+00 +6.822430959e+01 +6.822430959e+01 +7.4204e-03 +3.0167e-02
193 0 +8.885881521e+00 +6.801588152e+01 +6.801588152e+01 -2.5911e-02 +6.0905e-02
% f evaluations | g evaluations | best noise-free fitness - Fopt (-4.915300000000e+02) + sum g_i+ | measured fitness | best measured fitness or single-digit g-values | x1 | x2...
1 0 +3.132814721e+05 +3.127899421e+05 +3.127899421e+05 +0.0000e+00 +0.0000e+00
5 0 +2.422394570e+05 +2.417479270e+05 +2.417479270e+05 -5.9451e-02 -8.0409e-02
6 0 +3.729570225e+04 +3.680417225e+04 +3.680417225e+04 -2.3896e-01 -3.3295e-01
7 0 +2.007928731e+04 +1.958775731e+04 +1.958775731e+04 -2.6846e-01 -3.7611e-01
8 0 +1.058238489e+04 +1.009085489e+04 +1.009085489e+04 -2.8477e-01 -4.0051e-01
9 0 +1.022815418e+04 +9.736624176e+03 +9.736624176e+03 -2.8975e-01 -3.9832e-01
10 0 +7.773238169e+03 +7.281708169e+03 +7.281708169e+03 -2.9553e-01 -4.0648e-01
11 0 +4.646328001e+03 +4.154798001e+03 +4.154798001e+03 -2.9983e-01 -4.2691e-01
12 0 +3.195808568e+03 +2.704278568e+03 +2.704278568e+03 -3.1572e-01 -4.3577e-01
13 0 +2.171745041e+03 +1.680215041e+03 +1.680215041e+03 -3.1652e-01 -4.5357e-01
14 0 +6.931939304e+02 +2.016639304e+02 +2.016639304e+02 -3.2974e-01 -4.6552e-01
15 0 +5.602656388e+02 +6.873563878e+01 +6.873563878e+01 -3.3154e-01 -4.6719e-01
16 0 +5.325668108e+02 +4.103681076e+01 +4.103681076e+01 -3.3147e-01 -4.6797e-01
17 0 +4.984870667e+02 +6.957066682e+00 +6.957066682e+00 -3.3200e-01 -4.6851e-01
48 0 +4.891025380e+02 -2.427462016e+00 -2.427462016e+00 -2.2130e+00 +9.1700e-01
49 0 +4.766226106e+02 -1.490738940e+01 -1.490738940e+01 -2.2132e+00 +9.1736e-01
50 0 +4.647344155e+02 -2.679558446e+01 -2.679558446e+01 -2.2126e+00 +9.1718e-01
78 0 +4.492881495e+02 -4.224185049e+01 -4.224185049e+01 -2.5616e+00 +1.1849e+00
79 0 +2.846408558e+02 -2.068891442e+02 -2.068891442e+02 -2.5610e+00 +1.1891e+00
% f evaluations | g evaluations | best noise-free fitness - Fopt (-1.702000000000e+02) + sum g_i+ | measured fitness | best measured fitness or single-digit g-values | x1 | x2...
1 0 +7.988631075e+06 +7.988460875e+06 +7.988460875e+06 +0.0000e+00 +0.0000e+00
5 0 +7.663212111e+06 +7.663041911e+06 +7.663041911e+06 -6.1731e-02 -7.8672e-02
6 0 +5.933676211e+06 +5.933506011e+06 +5.933506011e+06 -3.0778e-01 -3.9404e-01
7 0 +5.610072581e+05 +5.608370581e+05 +5.608370581e+05 -1.2408e+00 -1.5376e+00
8 0 +4.861489668e+05 +4.859787668e+05 +4.859787668e+05 -1.3346e+00 -1.6543e+00
9 0 +3.171641727e+05 +3.169939727e+05 +3.169939727e+05 -1.4202e+00 -1.7623e+00
10 0 +1.753160847e+05 +1.751458847e+05 +1.751458847e+05 -1.4780e+00 -1.8359e+00
12 0 +1.112412369e+05 +1.110710369e+05 +1.110710369e+05 -1.6673e+00 -1.8337e+00
13 0 +5.126104644e+04 +5.109084644e+04 +5.109084644e+04 -1.7295e+00 -1.9119e+00
14 0 +1.738991384e+04 +1.721971384e+04 +1.721971384e+04 -1.7848e+00 -1.9816e+00
15 0 +1.250778785e+04 +1.233758785e+04 +1.233758785e+04 -1.8055e+00 -2.0076e+00
16 0 +1.187561610e+04 +1.170541610e+04 +1.170541610e+04 -1.8197e+00 -2.0002e+00
17 0 +7.265719320e+03 +7.095519320e+03 +7.095519320e+03 -1.8307e+00 -2.0119e+00
18 0 +3.653723593e+03 +3.483523593e+03 +3.483523593e+03 -1.8648e+00 -2.0161e+00
19 0 +1.538388577e+03 +1.368188577e+03 +1.368188577e+03 -1.8840e+00 -2.0268e+00
20 0 +9.264697059e+02 +7.562697059e+02 +7.562697059e+02 -1.8911e+00 -2.0326e+00
21 0 +8.157740958e+02 +6.455740958e+02 +6.455740958e+02 -1.8947e+00 -2.0362e+00
23 0 +6.719419031e+02 +5.017419031e+02 +5.017419031e+02 -1.8962e+00 -2.0382e+00
24 0 +2.386373792e+02 +6.843737917e+01 +6.843737917e+01 -1.8977e+00 -2.0481e+00
25 0 +2.077206416e+02 +3.752064156e+01 +3.752064156e+01 -1.8979e+00 -2.0497e+00
26 0 +1.865679871e+02 +1.636798712e+01 +1.636798712e+01 -1.8980e+00 -2.0506e+00
27 0 +1.564351139e+02 -1.376488609e+01 -1.376488609e+01 -1.9000e+00 -2.0504e+00
28 0 +1.248211129e+02 -4.537888710e+01 -4.537888710e+01 -1.9001e+00 -2.0519e+00
% f evaluations | g evaluations | best noise-free fitness - Fopt (-4.697500000000e+02) + sum g_i+ | measured fitness | best measured fitness or single-digit g-values | x1 | x2...
1 0 +8.560436696e+06 +8.559966946e+06 +8.559966946e+06 +0.0000e+00 +0.0000e+00
3 0 +8.529833616e+06 +8.529363866e+06 +8.529363866e+06 +1.0000e-01 +0.0000e+00
5 0 +8.167044517e+06 +8.166574767e+06 +8.166574767e+06 +1.0729e-01 -9.9734e-02
6 0 +6.752283097e+06 +6.751813347e+06 +6.751813347e+06 +8.5796e-02 -4.9916e-01
7 0 +6.428609553e+05 +6.423912053e+05 +6.423912053e+05 +4.6929e-01 -2.0525e+00
8 0 +4.984759335e+05 +4.980061835e+05 +4.980061835e+05 +5.2597e-01 -2.2100e+00
9 0 +3.900357660e+05 +3.895660160e+05 +3.895660160e+05 +5.4014e-01 -2.3483e+00
10 0 +2.048991003e+05 +2.044293503e+05 +2.044293503e+05 +5.2961e-01 -2.4579e+00
11 0 +1.517760816e+05 +1.513063316e+05 +1.513063316e+05 +5.1824e-01 -2.5139e+00
12 0 +1.298978357e+05 +1.294280857e+05 +1.294280857e+05 +6.7505e-01 -2.5457e+00
13 0 +5.382515879e+04 +5.335540879e+04 +5.335540879e+04 +6.6760e-01 -2.6834e+00
14 0 +1.710101076e+04 +1.663126076e+04 +1.663126076e+04 +6.7230e-01 -2.7794e+00
15 0 +1.201965386e+04 +1.154990386e+04 +1.154990386e+04 +6.7523e-01 -2.8136e+00
16 0 +1.127911868e+04 +1.080936868e+04 +1.080936868e+04 +6.9093e-01 -2.8154e+00
17 0 +6.269563761e+03 +5.799813761e+03 +5.799813761e+03 +6.9435e-01 -2.8322e+00
18 0 +3.710998127e+03 +3.241248127e+03 +3.241248127e+03 +7.1538e-01 -2.8489e+00
19 0 +2.375638241e+03 +1.905888241e+03 +1.905888241e+03 +7.2533e-01 -2.8660e+00
21 0 +1.578636382e+03 +1.108886382e+03 +1.108886382e+03 +7.2459e-01 -2.8709e+00
22 0 +9.356675128e+02 +4.659175128e+02 +4.659175128e+02 +7.2159e-01 -2.8797e+00
23 0 +8.515477254e+02 +3.817977254e+02 +3.817977254e+02 +7.2054e-01 -2.8844e+00
24 0 +6.004736462e+02 +1.307236462e+02 +1.307236462e+02 +7.2003e-01 -2.8890e+00
25 0 +4.799653935e+02 +1.021539346e+01 +1.021539346e+01 +7.1991e-01 -2.8907e+00
26 0 +3.613975503e+02 -1.083524497e+02 -1.083524497e+02 +7.2377e-01 -2.8924e+00
90 0 +2.225991823e+02 -2.471508177e+02 -2.471508177e+02 -1.9535e+00 -3.1089e+00
% f evaluations | g evaluations | best noise-free fitness - Fopt (-5.704700000000e+02) + sum g_i+ | measured fitness | best measured fitness or single-digit g-values | x1 | x2...
1 0 +1.030696526e+07 +1.030639479e+07 +1.030639479e+07 +0.0000e+00 +0.0000e+00
5 0 +9.711843693e+06 +9.711273223e+06 +9.711273223e+06 -8.1231e-02 -5.8323e-02
6 0 +8.009260540e+06 +8.008690070e+06 +8.008690070e+06 -4.0844e-01 -2.8840e-01
7 0 +1.767553596e+06 +1.766983126e+06 +1.766983126e+06 -1.7610e+00 -1.1431e+00
8 0 +5.271823775e+05 +5.266119075e+05 +5.266119075e+05 -2.1288e+00 -1.3564e+00
9 0 +4.763522228e+05 +4.757817528e+05 +4.757817528e+05 -2.2448e+00 -1.4216e+00
10 0 +3.043204777e+05 +3.037500077e+05 +3.037500077e+05 -2.3552e+00 -1.4818e+00
11 0 +1.802033322e+05 +1.796328622e+05 +1.796328622e+05 -2.4280e+00 -1.5207e+00
13 0 +9.348556228e+04 +9.291509228e+04 +9.291509228e+04 -2.5528e+00 -1.6040e+00
14 0 +1.997023857e+04 +1.939976857e+04 +1.939976857e+04 -2.6710e+00 -1.6963e+00
15 0 +1.358106645e+04 +1.301059645e+04 +1.301059645e+04 -2.6994e+00 -1.7188e+00
16 0 +1.314081962e+04 +1.257034962e+04 +1.257034962e+04 -2.6923e+00 -1.7338e+00
17 0 +9.120405228e+03 +8.549935228e+03 +8.549935228e+03 -2.7061e+00 -1.7430e+00
18 0 +2.836162515e+03 +2.265692515e+03 +2.265692515e+03 -2.7310e+00 -1.7816e+00
19 0 +1.068268714e+03 +4.977987143e+02 +4.977987143e+02 -2.7417e+00 -1.7886e+00
20 0 +9.160799041e+02 +3.456099041e+02 +3.456099041e+02 -2.7517e+00 -1.7826e+00
21 0 +8.835146114e+02 +3.130446114e+02 +3.130446114e+02 -2.7530e+00 -1.7844e+00
22 0 +8.196808750e+02 +2.492108750e+02 +2.492108750e+02 -2.7554e+00 -1.7850e+00
23 0 +2.721485075e+02 -2.983214925e+02 -2.983214925e+02 -2.7647e+00 -1.7888e+00
% f evaluations | g evaluations | best noise-free fitness - Fopt (-1.385000000000e+01) + sum g_i+ | measured fitness | best measured fitness or single-digit g-values | x1 | x2...
1 0 +5.567732926e+05 +5.567594426e+05 +5.567594426e+05 +0.0000e+00 +0.0000e+00
3 0 +5.000149055e+05 +5.000010555e+05 +5.000010555e+05 +1.0000e-01 +0.0000e+00
5 0 +4.529841979e+05 +4.529703479e+05 +4.529703479e+05 +1.9177e-01 -3.9724e-02
6 0 +5.614289164e+04 +5.612904164e+04 +5.612904164e+04 +5.4939e-01 -2.1892e-01
7 0 +2.933288405e+04 +2.931903405e+04 +2.931903405e+04 +6.1263e-01 -2.3802e-01
8 0 +1.690261338e+04 +1.688876338e+04 +1.688876338e+04 +6.4735e-01 -2.4916e-01
10 0 +1.523068068e+04 +1.521683068e+04 +1.521683068e+04 +6.5600e-01 -2.5801e-01
11 0 +1.407782962e+04 +1.406397962e+04 +1.406397962e+04 +6.6578e-01 -2.6010e-01
12 0 +4.783978444e+03 +4.770128444e+03 +4.770128444e+03 +7.0483e-01 -2.6875e-01
13 0 +3.211068012e+03 +3.197218012e+03 +3.197218012e+03 +7.2806e-01 -2.7351e-01
14 0 +9.295396670e+02 +9.156896670e+02 +9.156896670e+02 +7.4725e-01 -2.7761e-01
15 0 +7.774816868e+02 +7.636316868e+02 +7.636316868e+02 +7.5305e-01 -2.7887e-01
16 0 +4.234567257e+02 +4.096067257e+02 +4.096067257e+02 +7.5812e-01 -2.7997e-01
18 0 +9.500134471e+01 +8.115134471e+01 +8.115134471e+01 +7.6932e-01 -2.8236e-01
19 0 +4.380900875e+01 +2.995900875e+01 +2.995900875e+01 +7.7209e-01 -2.8290e-01
20 0 +3.461247366e+01 +2.076247366e+01 +2.076247366e+01 +7.7320e-01 -2.8312e-01
21 0 +3.364277622e+01 +1.979277622e+01 +1.979277622e+01 +7.7362e-01 -2.8240e-01
22 0 +2.547435736e+01 +1.162435736e+01 +1.162435736e+01 +7.7454e-01 -2.8277e-01
23 0 +1.429810974e+01 +4.481097395e-01 +4.481097395e-01 +7.7587e-01 -2.8328e-01
26 0 +1.403315589e+01 +1.831558930e-01 +1.831558930e-01 +7.7612e-01 -2.8318e-01
27 0 +1.361438934e+01 -2.356106577e-01 -2.356106577e-01 +7.7625e-01 -2.8321e-01
47 0 +1.080107142e+01 -3.048928577e+00 -3.048928577e+00 +1.4355e+00 +2.9078e+00
% f evaluations | g evaluations | best noise-free fitness - Fopt (1.222300000000e+02) + sum g_i+ | measured fitness | best measured fitness or single-digit g-values | x1 | x2...
1 0 +1.064502799e+06 +1.064625029e+06 +1.064625029e+06 +0.0000e+00 +0.0000e+00
5 0 +7.958000632e+05 +7.959222932e+05 +7.959222932e+05 -9.0221e-02 -4.3129e-02
6 0 +3.550564643e+05 +3.551786943e+05 +3.551786943e+05 -3.4324e-01 -1.5453e-01
7 0 +2.316977481e+05 +2.318199781e+05 +2.318199781e+05 -5.0486e-01 -1.9935e-01
8 0 +1.351307845e+05 +1.352530145e+05 +1.352530145e+05 -6.3390e-01 -2.1980e-01
9 0 +1.134967866e+05 +1.136190166e+05 +1.136190166e+05 -6.3984e-01 -2.6937e-01
10 0 +7.845627013e+04 +7.857850013e+04 +7.857850013e+04 -6.8430e-01 -2.9207e-01
11 0 +3.394934324e+04 +3.407157324e+04 +3.407157324e+04 -7.7948e-01 -3.3209e-01
12 0 +2.159408931e+04 +2.171631931e+04 +2.171631931e+04 -8.2361e-01 -3.2705e-01
13 0 +1.070494640e+04 +1.082717640e+04 +1.082717640e+04 -8.4549e-01 -3.5781e-01
14 0 +9.278286590e+03 +9.400516590e+03 +9.400516590e+03 -8.4551e-01 -3.6986e-01
15 0 +5.705008051e+03 +5.827238051e+03 +5.827238051e+03 -8.6297e-01 -3.7387e-01
16 0 +3.023670170e+03 +3.145900170e+03 +3.145900170e+03 -8.8573e-01 -3.8899e-01
17 0 +1.578181416e+03 +1.700411416e+03 +1.700411416e+03 -8.9884e-01 -4.0459e-01
18 0 +7.249983738e+02 +8.472283738e+02 +8.472283738e+02 -9.0502e-01 -4.1545e-01
19 0 +4.659621479e+02 +5.881921479e+02 +5.881921479e+02 -9.0770e-01 -4.2141e-01
20 0 +3.433180775e+02 +4.655480775e+02 +4.655480775e+02 -9.0931e-01 -4.2579e-01
21 0 +2.755486838e+02 +3.977786838e+02 +3.977786838e+02 -9.1193e-01 -4.2525e-01
22 0 +1.906855523e+02 +3.129155523e+02 +3.129155523e+02 -9.1424e-01 -4.2660e-01
23 0 +2.160165985e+01 +1.438316599e+02 +1.438316599e+02 -9.2222e-01 -4.3163e-01
24 0 +3.500757030e-01 +1.225800757e+02 +1.225800757e+02 -9.2513e-01 -4.3610e-01
32 0 +2.647591523e-01 +1.224947592e+02 +1.224947592e+02 -9.2504e-01 -4.3606e-01
33 0 +2.159286711e-01 +1.224459287e+02 +1.224459287e+02 -9.2468e-01 -4.3589e-01
35 0 +1.998399777e-01 +1.224298400e+02 +1.224298400e+02 -9.2484e-01 -4.3578e-01
37 0 +1.994070430e-01 +1.224294070e+02 +1.224294070e+02 -9.2487e-01 -4.3574e-01
% f evaluations | g evaluations | best noise-free fitness - Fopt (-4.114000000000e+02) + sum g_i+ | measured fitness | best measured fitness or single-digit g-values | x1 | x2...
1 0 +2.289957697e+04 +2.248817697e+04 +2.248817697e+04 +0.0000e+00 +0.0000e+00
5 0 +4.932491839e+03 +4.521091839e+03 +4.521091839e+03 -2.5232e-02 -6.0176e-02
6 0 +3.520030712e+03 +3.108630712e+03 +3.108630712e+03 -3.0256e-02 -7.3719e-02
7 0 +3.115444897e+03 +2.704044897e+03 +2.704044897e+03 -4.3000e-02 -7.4457e-02
8 0 +2.446430858e+03 +2.035030858e+03 +2.035030858e+03 -4.5677e-02 -8.4093e-02
9 0 +9.190693703e+02 +5.076693703e+02 +5.076693703e+02 -4.5542e-02 -1.0355e-01
10 0 +5.467783463e+02 +1.353783463e+02 +1.353783463e+02 -4.7665e-02 -1.0921e-01
11 0 +4.730054109e+02 +6.160541093e+01 +6.160541093e+01 -4.8411e-02 -1.1069e-01
12 0 +4.611685795e+02 +4.976857950e+01 +4.976857950e+01 -4.8042e-02 -1.1118e-01
13 0 +4.180198429e+02 +6.619842911e+00 +6.619842911e+00 -4.8543e-02 -1.1218e-01
14 0 +4.129859245e+02 +1.585924474e+00 +1.585924474e+00 -4.8639e-02 -1.1229e-01
45 0 +3.999651365e+02 -1.143486350e+01 -1.143486350e+01 +5.0145e-01 -3.5801e-01
46 0 +3.386784746e+02 -7.272152540e+01 -7.272152540e+01 +5.0154e-01 -3.6003e-01
162 0 +2.842415352e+02 -1.271584648e+02 -1.271584648e+02 -1.4958e+00 +4.9144e-01
% f evaluations | g evaluations | best noise-free fitness - Fopt (1.000000000000e+03) + sum g_i+ | measured fitness | best measured fitness or single-digit g-values | x1 | x2...
1 0 +2.280602090e+06 +2.281602090e+06 +2.281602090e+06 +0.0000e+00 +0.0000e+00
3 0 +1.963863910e+06 +1.964863910e+06 +1.964863910e+06 +1.0000e-01 +0.0000e+00
5 0 +1.612369848e+06 +1.613369848e+06 +1.613369848e+06 +1.9200e-01 -3.9192e-02
6 0 +5.315819781e+05 +5.325819781e+05 +5.325819781e+05 +5.6066e-01 -1.9440e-01
7 0 +3.249337706e+05 +3.259337706e+05 +3.259337706e+05 +7.2020e-01 -2.7558e-01
8 0 +2.349536971e+05 +2.359536971e+05 +2.359536971e+05 +8.2787e-01 -3.4164e-01
9 0 +2.315499437e+05 +2.325499437e+05 +2.325499437e+05 +8.4159e-01 -3.2248e-01
10 0 +2.225036290e+05 +2.235036290e+05 +2.235036290e+05 +8.5217e-01 -3.3006e-01
11 0 +2.052686230e+05 +2.062686230e+05 +2.062686230e+05 +8.7372e-01 -3.3960e-01
12 0 +1.303128530e+05 +1.313128530e+05 +1.313128530e+05 +9.5976e-01 -3.7808e-01
13 0 +3.550874785e+04 +3.650874785e+04 +3.650874785e+04 +1.1134e+00 -4.4932e-01
14 0 +1.691158345e+04 +1.791158345e+04 +1.791158345e+04 +1.1649e+00 -4.7100e-01
15 0 +8.164126843e+03 +9.164126843e+03 +9.164126843e+03 +1.1924e+00 -4.8200e-01
16 0 +5.266562774e+03 +6.266562774e+03 +6.266562774e+03 +1.2071e+00 -4.8771e-01
17 0 +3.998544369e+03 +4.998544369e+03 +4.998544369e+03 +1.2175e+00 -4.9165e-01
18 0 +3.293410804e+03 +4.293410804e+03 +4.293410804e+03 +1.2260e+00 -4.9481e-01
19 0 +2.774237582e+03 +3.774237582e+03 +3.774237582e+03 +1.2334e+00 -4.9753e-01
20 0 +2.262895691e+03 +3.262895691e+03 +3.262895691e+03 +1.2400e+00 -4.9994e-01
22 0 +2.178306005e+03 +3.178306005e+03 +3.178306005e+03 +1.2408e+00 -5.0083e-01
23 0 +1.830499750e+03 +2.830499750e+03 +2.830499750e+03 +1.2444e+00 -5.0244e-01
24 0 +5.627920573e+02 +1.562792057e+03 +1.562792057e+03 +1.2591e+00 -5.0880e-01
25 0 +2.769411519e+01 +1.027694115e+03 +1.027694115e+03 +1.2768e+00 -5.1658e-01
27 0 +2.633121944e+01 +1.026331219e+03 +1.026331219e+03 +1.2786e+00 -5.1295e-01
29 0 +1.084257330e+01 +1.010842573e+03 +1.010842573e+03 +1.2800e+00 -5.1364e-01
32 0 +4.000805837e+00 +1.004000806e+03 +1.004000806e+03 +1.2818e+00 -5.1445e-01
34 0 +3.483167082e+00 +1.003483167e+03 +1.003483167e+03 +1.2827e+00 -5.1401e-01
149 0 +3.467325422e+00 +1.003467325e+03 +1.003467325e+03 +1.2826e+00 -5.1464e-01
% f evaluations | g evaluations | best noise-free fitness - Fopt (6.730000000000e+00) + sum g_i+ | measured fitness | best measured fitness or single-digit g-values | x1 | x2...
1 0 +3.781135406e+06 +3.781142136e+06 +3.781142136e+06 +0.0000e+00 +0.0000e+00
4 0 +3.322346710e+06 +3.322353440e+06 +3.322353440e+06 +0.0000e+00 +1.0000e-01
5 0 +2.815548404e+06 +2.815555134e+06 +2.815555134e+06 -6.8232e-02 +1.7311e-01
6 0 +2.007644697e+06 +2.007651427e+06 +2.007651427e+06 -3.6430e-01 +4.4208e-01
7 0 +1.432823860e+06 +1.432830590e+06 +1.432830590e+06 -7.6178e-01 +4.8691e-01
8 0 +5.036971024e+05 +5.037038324e+05 +5.037038324e+05 -8.9470e-01 +8.6418e-01
9 0 +3.348689548e+05 +3.348756848e+05 +3.348756848e+05 -1.0359e+00 +9.9300e-01
10 0 +1.744997475e+05 +1.745064775e+05 +1.745064775e+05 -1.1546e+00 +1.0280e+00
11 0 +1.445184275e+05 +1.445251575e+05 +1.445251575e+05 -1.2131e+00 +1.0312e+00
12 0 +1.179221113e+05 +1.179288413e+05 +1.179288413e+05 -1.2266e+00 +1.0996e+00
13 0 +1.981693945e+04 +1.982366945e+04 +1.982366945e+04 -1.4034e+00 +1.2029e+00
14 0 +1.290720294e+04 +1.291393294e+04 +1.291393294e+04 -1.4344e+00 +1.2293e+00
16 0 +1.192007053e+04 +1.192680053e+04 +1.192680053e+04 -1.4376e+00 +1.2331e+00
17 0 +6.185048730e+03 +6.191778730e+03 +6.191778730e+03 -1.4508e+00 +1.2481e+00
18 0 +3.609057412e+03 +3.615787412e+03 +3.615787412e+03 -1.4661e+00 +1.2653e+00
19 0 +1.437598511e+03 +1.444328511e+03 +1.444328511e+03 -1.4784e+00 +1.2794e+00
20 0 +9.192547140e+02 +9.259847140e+02 +9.259847140e+02 -1.4839e+00 +1.2857e+00
21 0 +7.647282390e+02 +7.714582390e+02 +7.714582390e+02 -1.4876e+00 +1.2901e+00
23 0 +6.336875960e+02 +6.404175960e+02 +6.404175960e+02 -1.4890e+00 +1.2917e+00
24 0 +2.794250457e+02 +2.861550457e+02 +2.861550457e+02 -1.4968e+00 +1.2932e+00
25 0 +1.557420199e+02 +1.624720199e+02 +1.624720199e+02 -1.5030e+00 +1.2946e+00
26 0 +7.462816787e+01 +8.135816787e+01 +8.135816787e+01 -1.5072e+00 +1.2963e+00
27 0 +3.416839042e+01 +4.089839042e+01 +4.089839042e+01 -1.5093e+00 +1.2975e+00
28 0 +2.739228005e+01 +3.412228005e+01 +3.412228005e+01 -1.5104e+00 +1.2981e+00
29 0 +1.635315443e+01 +2.308315443e+01 +2.308315443e+01 -1.5114e+00 +1.2988e+00
30 0 +9.503807522e+00 +1.623380752e+01 +1.623380752e+01 -1.5120e+00 +1.2992e+00
32 0 +4.052078898e+00 +1.078207890e+01 +1.078207890e+01 -1.5130e+00 +1.3003e+00
33 0 +2.466106317e+00 +9.196106317e+00 +9.196106317e+00 -1.5139e+00 +1.3008e+00
34 0 +2.244087924e+00 +8.974087924e+00 +8.974087924e+00 -1.5137e+00 +1.3018e+00
36 0 +2.226054989e+00 +8.956054989e+00 +8.956054989e+00 -1.5132e+00 +1.3019e+00
% f evaluations | g evaluations | best noise-free fitness - Fopt (2.632300000000e+02) + sum g_i+ | measured fitness | best measured fitness or single-digit g-values | x1 | x2...
1 0 +1.000212101e+06 +1.000475331e+06 +1.000475331e+06 +0.0000e+00 +0.0000e+00
3 0 +8.250899969e+05 +8.253532269e+05 +8.253532269e+05 +1.0000e-01 +0.0000e+00
5 0 +5.955073367e+05 +5.957705667e+05 +5.957705667e+05 +1.4521e-01 -8.9197e-02
6 0 +5.099313727e+05 +5.101946027e+05 +5.101946027e+05 +2.1724e-01 -1.5856e-01
7 0 +4.968351913e+05 +4.970984213e+05 +4.970984213e+05 +1.6248e-01 -2.4223e-01
8 0 +4.421010435e+05 +4.423642735e+05 +4.423642735e+05 +2.3679e-01 -3.0915e-01
9 0 +2.804774109e+05 +2.807406409e+05 +2.807406409e+05 +3.0500e-01 -3.8227e-01
10 0 +7.625252120e+04 +7.651575120e+04 +7.651575120e+04 +5.0266e-01 -5.4889e-01
11 0 +3.807801721e+04 +3.834124721e+04 +3.834124721e+04 +5.6516e-01 -6.0399e-01
12 0 +2.067509025e+04 +2.093832025e+04 +2.093832025e+04 +5.9873e-01 -6.3432e-01
13 0 +1.961418474e+04 +1.987741474e+04 +1.987741474e+04 +5.9437e-01 -6.4082e-01
14 0 +1.707886627e+04 +1.734209627e+04 +1.734209627e+04 +6.0025e-01 -6.4891e-01
15 0 +1.538929289e+04 +1.565252289e+04 +1.565252289e+04 +6.0441e-01 -6.5801e-01
16 0 +1.424422129e+04 +1.450745129e+04 +1.450745129e+04 +6.0744e-01 -6.6754e-01
17 0 +1.370995366e+04 +1.397318366e+04 +1.397318366e+04 +6.1742e-01 -6.6690e-01
18 0 +1.201103556e+04 +1.227426556e+04 +1.227426556e+04 +6.2252e-01 -6.7550e-01
19 0 +3.745045731e+03 +4.008275731e+03 +4.008275731e+03 +6.5279e-01 -7.0165e-01
20 0 +2.847897301e+03 +3.111127301e+03 +3.111127301e+03 +6.7228e-01 -7.0808e-01
21 0 +1.724833704e+03 +1.988063704e+03 +1.988063704e+03 +6.7056e-01 -7.1689e-01
22 0 +8.873692938e+02 +1.150599294e+03 +1.150599294e+03 +6.7102e-01 -7.3239e-01
23 0 +2.513523005e+02 +5.145823005e+02 +5.145823005e+02 +6.7414e-01 -7.4575e-01
24 0 +9.404548104e+01 +3.572754810e+02 +3.572754810e+02 +6.7651e-01 -7.5252e-01
25 0 +3.175820242e+01 +2.949882024e+02 +2.949882024e+02 +6.7874e-01 -7.5754e-01
27 0 +2.575589994e+01 +2.889858999e+02 +2.889858999e+02 +6.7960e-01 -7.5916e-01
31 0 +2.545173596e+01 +2.886817360e+02 +2.886817360e+02 +6.7973e-01 -7.5937e-01
178 0 +2.510765655e+01 +2.883376565e+02 +2.883376565e+02 +6.7578e-01 -7.6237e-01
% f evaluations | g evaluations | best noise-free fitness - Fopt (1.803000000000e+02) + sum g_i+ | measured fitness | best measured fitness or single-digit g-values | x1 | x2...
1 0 +2.869701416e+06 +2.869881716e+06 +2.869881716e+06 +0.0000e+00 +0.0000e+00
4 0 +2.608406331e+06 +2.608586631e+06 +2.608586631e+06 +0.0000e+00 +1.0000e-01
5 0 +2.279508766e+06 +2.279689066e+06 +2.279689066e+06 -5.1443e-02 +1.8575e-01
6 0 +9.477264909e+05 +9.479067909e+05 +9.479067909e+05 -2.4990e-01 +5.3305e-01
7 0 +4.011550902e+05 +4.013353902e+05 +4.013353902e+05 -3.8878e-01 +7.8741e-01
8 0 +2.796282818e+05 +2.798085818e+05 +2.798085818e+05 -4.6711e-01 +9.0539e-01
9 0 +2.036356543e+05 +2.038159543e+05 +2.038159543e+05 -5.3289e-01 +9.9150e-01
10 0 +1.374129846e+05 +1.375932846e+05 +1.375932846e+05 -5.8735e-01 +1.0556e+00
11 0 +1.236089747e+05 +1.237892747e+05 +1.237892747e+05 -4.9525e-01 +1.1338e+00
12 0 +3.906070175e+04 +3.924100175e+04 +3.924100175e+04 -5.7489e-01 +1.2609e+00
13 0 +1.605117500e+04 +1.623147500e+04 +1.623147500e+04 -6.0822e-01 +1.3219e+00
14 0 +6.942375356e+03 +7.122675356e+03 +7.122675356e+03 -6.2315e-01 +1.3514e+00
15 0 +4.599176523e+03 +4.779476523e+03 +4.779476523e+03 -6.2990e-01 +1.3652e+00
16 0 +4.562001055e+03 +4.742301055e+03 +4.742301055e+03 -6.2563e-01 +1.3683e+00
17 0 +3.625758668e+03 +3.806058668e+03 +3.806058668e+03 -6.3109e-01 +1.3766e+00
18 0 +2.939000546e+03 +3.119300546e+03 +3.119300546e+03 -6.3630e-01 +1.3852e+00
19 0 +2.772418274e+02 +4.575418274e+02 +4.575418274e+02 -6.5593e-01 +1.4182e+00
20 0 +9.594015157e+01 +2.762401516e+02 +2.762401516e+02 -6.5907e-01 +1.4236e+00
21 0 +4.860966501e+01 +2.289096650e+02 +2.289096650e+02 -6.6106e-01 +1.4271e+00
23 0 +3.564018545e+01 +2.159401854e+02 +2.159401854e+02 -6.6184e-01 +1.4283e+00
24 0 +1.818567488e+01 +1.984856749e+02 +1.984856749e+02 -6.6385e-01 +1.4340e+00
27 0 +1.582787303e+01 +1.961278730e+02 +1.961278730e+02 -6.6323e-01 +1.4332e+00
29 0 +1.541534885e+01 +1.957153488e+02 +1.957153488e+02 -6.6185e-01 +1.4328e+00
% f evaluations | g evaluations | best noise-free fitness - Fopt (6.456000000000e+01) + sum g_i+ | measured fitness | best measured fitness or single-digit g-values | x1 | x2...
1 0 +1.300936700e+07 +1.300943156e+07 +1.300943156e+07 +0.0000e+00 +0.0000e+00
3 0 +1.255719954e+07 +1.255726410e+07 +1.255726410e+07 +1.0000e-01 +0.0000e+00
5 0 +1.178780919e+07 +1.178787375e+07 +1.178787375e+07 +1.5751e-01 -8.1810e-02
6 0 +8.932684025e+06 +8.932748585e+06 +8.932748585e+06 +3.8385e-01 -4.1161e-01
7 0 +3.692593544e+06 +3.692658104e+06 +3.692658104e+06 +9.8589e-01 -1.4519e+00
8 0 +3.408574940e+06 +3.408639500e+06 +3.408639500e+06 +1.2427e+00 -1.3973e+00
9 0 +1.432593235e+06 +1.432657795e+06 +1.432657795e+06 +1.4949e+00 -1.9758e+00
10 0 +1.077806199e+06 +1.077870759e+06 +1.077870759e+06 +1.6829e+00 -1.9781e+00
11 0 +5.643148554e+05 +5.643794154e+05 +5.643794154e+05 +1.7674e+00 -2.1844e+00
12 0 +5.065094786e+05 +5.065740386e+05 +5.065740386e+05 +1.7447e+00 -2.2447e+00
13 0 +3.822788222e+05 +3.823433822e+05 +3.823433822e+05 +1.8365e+00 -2.3014e+00
14 0 +1.641589060e+05 +1.642234660e+05 +1.642234660e+05 +1.9674e+00 -2.5544e+00
15 0 +6.190157808e+04 +6.196613808e+04 +6.196613808e+04 +1.9886e+00 -2.7143e+00
16 0 +3.800322587e+04 +3.806778587e+04 +3.806778587e+04 +2.0423e+00 -2.7505e+00
17 0 +3.224925231e+04 +3.231381231e+04 +3.231381231e+04 +2.0699e+00 -2.7529e+00
18 0 +2.367754169e+04 +2.374210169e+04 +2.374210169e+04 +2.0771e+00 -2.7797e+00
19 0 +1.421202394e+04 +1.427658394e+04 +1.427658394e+04 +2.0927e+00 -2.8026e+00
20 0 +4.573297638e+03 +4.637857638e+03 +4.637857638e+03 +2.1162e+00 -2.8383e+00
21 0 +3.209300847e+03 +3.273860847e+03 +3.273860847e+03 +2.1265e+00 -2.8505e+00
22 0 +2.392237547e+03 +2.456797547e+03 +2.456797547e+03 +2.1353e+00 -2.8590e+00
23 0 +2.214197571e+03 +2.278757571e+03 +2.278757571e+03 +2.1266e+00 -2.8679e+00
24 0 +8.998705259e+02 +9.644305259e+02 +9.644305259e+02 +2.1349e+00 -2.8804e+00
25 0 +2.942661227e+02 +3.588261227e+02 +3.588261227e+02 +2.1393e+00 -2.8926e+00
26 0 +1.308936659e+02 +1.954536659e+02 +1.954536659e+02 +2.1421e+00 -2.8970e+00
27 0 +6.500219169e+01 +1.295621917e+02 +1.295621917e+02 +2.1439e+00 -2.8993e+00
28 0 +5.705062147e+01 +1.216106215e+02 +1.216106215e+02 +2.1430e+00 -2.9006e+00
29 0 +4.089089315e+01 +1.054508931e+02 +1.054508931e+02 +2.1441e+00 -2.9017e+00
30 0 +2.951443214e+01 +9.407443214e+01 +9.407443214e+01 +2.1448e+00 -2.9031e+00
31 0 +1.450339753e+01 +7.906339753e+01 +7.906339753e+01 +2.1454e+00 -2.9046e+00
32 0 +6.846226816e+00 +7.140622682e+01 +7.140622682e+01 +2.1478e+00 -2.9104e+00
35 0 +4.205876855e-01 +6.498058769e+01 +6.498058769e+01 +2.1469e+00 -2.9074e+00
39 0 +2.765899922e-01 +6.483658999e+01 +6.483658999e+01 +2.1472e+00 -2.9078e+00
43 0 +2.691478329e-01 +6.482914783e+01 +6.482914783e+01 +2.1472e+00 -2.9078e+00
159 0 +2.630057034e-01 +6.482300570e+01 +6.482300570e+01 +2.1469e+00 -2.9079e+00
% f evaluations | g evaluations | best noise-free fitness - Fopt (-2.171400000000e+02) + sum g_i+ | measured fitness | best measured fitness or single-digit g-values | x1 | x2...
1 0 +5.624587862e+04 +5.602873862e+04 +5.602873862e+04 +0.0000e+00 +0.0000e+00
3 0 +1.789882364e+04 +1.768168364e+04 +1.768168364e+04 +1.0000e-01 +0.0000e+00
5 0 +1.017871552e+04 +9.961575520e+03 +9.961575520e+03 +1.4370e-01 +1.0252e-02
6 0 +3.632376259e+03 +3.415236259e+03 +3.415236259e+03 +1.8424e-01 -9.0437e-03
7 0 +2.999008963e+03 +2.781868963e+03 +2.781868963e+03 +1.9645e-01 -2.0041e-02
8 0 +1.362105500e+03 +1.144965500e+03 +1.144965500e+03 +2.0561e-01 -1.2717e-02
9 0 +9.395582719e+02 +7.224182719e+02 +7.224182719e+02 +2.1263e-01 -1.1660e-02
10 0 +8.919791189e+02 +6.748391189e+02 +6.748391189e+02 +2.1784e-01 -2.1715e-02
11 0 +6.126393288e+02 +3.954993288e+02 +3.954993288e+02 +2.2323e-01 -1.9169e-02
12 0 +2.343623529e+02 +1.722235290e+01 +1.722235290e+01 +2.3104e-01 -1.5976e-02
13 0 +2.277529649e+02 +1.061296492e+01 +1.061296492e+01 +2.3164e-01 -1.7352e-02
14 0 +1.920447841e+02 -2.509521589e+01 -2.509521589e+01 +2.3297e-01 -1.6775e-02
139 0 +1.749933957e+02 -4.214660427e+01 -4.214660427e+01 +4.3358e-01 -9.5206e-01
163 0 +1.109184644e+02 -1.062215356e+02 -1.062215356e+02 -3.5227e-01 +2.7370e+00
165 0 +3.327851773e+01 -1.838614823e+02 -1.838614823e+02 -3.4872e-01 +2.7416e+00
