% f evaluations | g evaluations | best noise-free fitness - Fopt (-5.465000000000e+02) + sum g_i+ | measured fitness | best measured fitness or single-digit g-values | x1 | x2...
1 0 +1.033747614e+04 +9.790976136e+03 +9.790976136e+03 +0.0000e+00 +0.0000e+00 +0.0000e+00 +0.0000e+00 +0.0000e+00 +0.0000e+00 +0.0000e+00 +0.0000e+00 +0.0000e+00 +0.0000e+00
4 0 +1.033738602e+04 +9.790886024e+03 +9.790886024e+03 +0.0000e+00 +1.0000e-01 +0.0000e+00 +0.0000e+00 +0.0000e+00 +0.0000e+00 +0.0000e+00 +0.0000e+00 +0.0000e+00 +0.0000e+00
10 0 +9.852746393e+03 +9.306246393e+03 +9.306246393e+03 +0.0000e+00 +0.0000e+00 +0.0000e+00 +0.0000e+00 +0.0000e+00 +0.0000e+00 +0.0000e+00 +1.0000e-01 +0.0000e+00 +0.0000e+00
12 0 +9.438621227e+03 +8.892121227e+03 +8.892121227e+03 +0.0000e+00 +0.0000e+00 +0.0000e+00 +0.0000e+00 +0.0000e+00 +0.0000e+00 +0.0000e+00 +0.0000e+00 +0.0000e+00 +1.0000e-01
13 0 +8.161287426e+03 +7.614787426e+03 +7.614787426e+03 -7.2672e-07 +6.5276e-06 -9.4442e-06 -1.4307e-05 +9.7771e-04 -8.6745e-03 -2.1232e-02 +3.5113e-02 -6.3250e-02 +1.6511e-01
14 0 +3.994714664e+03 +3.448214664e+03 +3.448214664e+03 -3.7200e-06 +3.3414e-05 -4.8344e-05 -7.3237e-05 +5.0048e-03 -4.4403e-02 -1.0868e-01 +1.7974e-01 -3.2377e-01 +4.1466e-01
15 0 +1.951299729e+03 +1.404799729e+03 +1.404799729e+03 -6.1944e-06 +5.5640e-05 -8.0501e-05 -1.2195e-04 +8.3338e-03 -7.3939e-02 -1.8097e-01 +2.9929e-01 -5.3913e-01 +5.4980e-01
16 0 +1.343418499e+03 +7.969184995e+02 +7.969184995e+02 -7.3854e-06 +6.6337e-05 -9.5978e-05 -1.4540e-04 +9.9361e-03 -8.8155e-02 -2.1577e-01 +3.5684e-01 -6.4279e-01 +5.8452e-01
17 0 +1.078660228e+03 +5.321602278e+02 +5.321602278e+02 -8.0978e-06 +7.2737e-05 -1.0524e-04 -1.5943e-04 +1.0895e-02 -9.6660e-02 -2.3658e-01 +3.9126e-01 -7.0480e-01 +5.9561e-01
18 0 +1.042896250e+03 +4.963962501e+02 +4.963962501e+02 -8.0978e-06 +7.2737e-05 -1.0524e-04 -1.5943e-04 +1.0895e-02 -9.6660e-02 -3.3724e-01 +3.9126e-01 -6.7101e-01 +5.9561e-01
20 0 +9.240435851e+02 +3.775435851e+02 +3.775435851e+02 -8.3452e-06 +7.4959e-05 -1.0845e-04 -1.6430e-04 +1.1227e-02 -9.6313e-02 -3.3744e-01 +4.0322e-01 -6.6901e-01 +6.2842e-01
23 0 +9.097824582e+02 +3.632824582e+02 +3.632824582e+02 +4.9779e-04 +5.8152e-04 +3.9717e-04 -8.6972e-03 +1.1792e-02 -9.7112e-02 -3.3958e-01 +3.9247e-01 -6.7493e-01 +6.3424e-01
28 0 +8.594678184e+02 +3.129678184e+02 +3.129678184e+02 +2.4427e-03 -1.3967e-03 +2.3421e-03 -8.7372e-03 +1.0032e-02 -9.7809e-02 -3.4260e-01 +3.9747e-01 -6.8066e-01 +6.4393e-01
29 0 +7.108773793e+02 +1.643773793e+02 +1.643773793e+02 +2.3738e-03 -1.5034e-03 +2.2646e-03 -8.8674e-03 +1.0605e-02 -9.9767e-02 -3.5168e-01 +4.1250e-01 -6.9708e-01 +6.7583e-01
30 0 +5.686497450e+02 +2.214974496e+01 +2.214974496e+01 +2.2958e-03 -1.7595e-03 +2.1773e-03 -9.0141e-03 +1.1071e-02 -1.0147e-01 -3.6070e-01 +4.2744e-01 -7.1189e-01 +7.1251e-01
31 0 +5.506001116e+02 +4.100111563e+00 +4.100111563e+00 +2.2843e-03 -1.8228e-03 +2.1645e-03 -9.0357e-03 +1.1106e-02 -1.0162e-01 -3.6180e-01 +4.2926e-01 -7.1337e-01 +7.1805e-01
32 0 +5.473023612e+02 +8.023612281e-01 +8.023612281e-01 +2.2821e-03 -1.8355e-03 +2.1621e-03 -9.0397e-03 +1.1111e-02 -1.0165e-01 -3.6200e-01 +4.2959e-01 -7.1363e-01 +7.1909e-01
% f evaluations | g evaluations | best noise-free fitness - Fopt (1.000000000000e+03) + sum g_i+ | measured fitness | best measured fitness or single-digit g-values | x1 | x2...
1 0 +1.033747614e+04 +1.133747614e+04 +1.133747614e+04 +0.0000e+00 +0.0000e+00 +0.0000e+00 +0.0000e+00 +0.0000e+00 +0.0000e+00 +0.0000e+00 +0.0000e+00 +0.0000e+00 +0.0000e+00
4 0 +1.033738602e+04 +1.133738602e+04 +1.133738602e+04 +0.0000e+00 +1.0000e-01 +0.0000e+00 +0.0000e+00 +0.0000e+00 +0.0000e+00 +0.0000e+00 +0.0000e+00 +0.0000e+00 +0.0000e+00
10 0 +9.852746393e+03 +1.085274639e+04 +1.085274639e+04 +0.0000e+00 +0.0000e+00 +0.0000e+00 +0.0000e+00 +0.0000e+00 +0.0000e+00 +0.0000e+00 +1.0000e-01 +0.0000e+00 +0.0000e+00
13 0 +8.539942540e+03 +9.539942540e+03 +9.539942540e+03 -7.0059e-07 +6.2929e-06 +6.7728e-06 -1.3793e-05 -1.0567e-03 +6.1720e-03 -2.0468e-02 +1.3385e-01 -6.0976e-02 -6.8395e-02
14 0 +4.247216051e+03 +5.247216051e+03 +5.247216051e+03 -3.5581e-06 +3.1960e-05 +3.4397e-05 -7.0050e-05 -5.3667e-03 +3.1346e-02 -1.0395e-01 +2.4656e-01 -3.0968e-01 -3.4736e-01
15 0 +2.433515173e+03 +3.433515173e+03 +3.433515173e+03 +7.2093e-02 +7.2149e-02 +7.2153e-02 +7.1987e-02 +6.3567e-02 +1.2193e-01 -9.3151e-02 +4.6113e-01 -4.2019e-01 -4.8008e-01
16 0 +1.218751251e+03 +2.218751251e+03 +2.218751251e+03 +6.8616e-02 +6.8690e-02 +6.8695e-02 +6.8477e-02 +5.7419e-02 +1.3406e-01 -1.4839e-01 +4.2437e-01 -5.7789e-01 -6.5655e-01
17 0 +9.681192160e+02 +1.968119216e+03 +1.968119216e+03 +4.9689e-02 +4.9769e-02 +4.9774e-02 +4.9539e-02 +3.7589e-02 +1.2041e-01 -1.8482e-01 +4.9077e-01 -6.4896e-01 -6.3533e-01
18 0 +8.198171886e+02 +1.819817189e+03 +1.819817189e+03 +3.8346e-02 +3.8429e-02 +3.8435e-02 +3.8189e-02 +2.5753e-02 +1.1196e-01 -2.0573e-01 +5.2670e-01 -6.1500e-01 -6.8836e-01
22 0 +8.114780286e+02 +1.811478029e+03 +1.811478029e+03 +4.5080e-02 +2.2891e-02 +2.2897e-02 +4.4934e-02 +3.3484e-02 +9.7248e-02 -1.7993e-01 +5.3292e-01 -6.2319e-01 -6.9781e-01
25 0 +7.908598188e+02 +1.790859819e+03 +1.790859819e+03 +4.8554e-02 +3.6525e-02 +3.6531e-02 +4.8405e-02 +3.6815e-02 +8.2790e-02 -1.7945e-01 +5.4105e-01 -6.2726e-01 -7.0293e-01
26 0 +7.550145765e+02 +1.755014576e+03 +1.755014576e+03 +4.8476e-02 +3.6385e-02 +3.6392e-02 +4.8322e-02 +3.6604e-02 +8.4593e-02 -1.8268e-01 +5.4255e-01 -6.3318e-01 -7.0992e-01
27 0 +7.199638857e+02 +1.719963886e+03 +1.719963886e+03 +4.8197e-02 +3.6019e-02 +3.6026e-02 +4.8037e-02 +3.6194e-02 +8.5854e-02 -1.8626e-01 +5.4683e-01 -6.3839e-01 -7.1621e-01
28 0 +5.893780055e+02 +1.589378006e+03 +1.589378006e+03 +4.9044e-02 +3.6506e-02 +3.6518e-02 +4.8856e-02 +3.6544e-02 +9.2778e-02 -1.9819e-01 +5.5625e-01 -6.5549e-01 -7.4825e-01
29 0 +2.380101016e+02 +1.238010102e+03 +1.238010102e+03 +3.8189e-02 +2.4310e-02 +2.4340e-02 +3.7900e-02 +2.3712e-02 +1.0349e-01 -2.5919e-01 +6.5208e-01 -7.4056e-01 -8.1639e-01
30 0 +6.998249822e+01 +1.069982498e+03 +1.069982498e+03 +5.0781e-02 +3.5479e-02 +3.5527e-02 +5.0391e-02 +3.4709e-02 +1.3557e-01 -2.9003e-01 +6.5656e-01 -7.7773e-01 -9.6313e-01
34 0 +6.715660460e+01 +1.067156605e+03 +1.067156605e+03 +4.7904e-02 +3.1909e-02 +3.2757e-02 +4.7514e-02 +5.9875e-02 +1.3260e-01 -2.9959e-01 +6.5538e-01 -7.7621e-01 -9.6128e-01
36 0 +6.584465212e+01 +1.065844652e+03 +1.065844652e+03 +5.6930e-02 +3.0744e-02 +3.1369e-02 +4.6747e-02 +5.8972e-02 +1.3139e-01 -3.0295e-01 +6.5491e-01 -7.7561e-01 -9.6056e-01
38 0 +6.453903717e+01 +1.064539037e+03 +1.064539037e+03 +5.5758e-02 +2.9613e-02 +3.0237e-02 +5.5775e-02 +5.8060e-02 +1.3032e-01 -3.0633e-01 +6.5443e-01 -7.7500e-01 -9.5982e-01
39 0 +5.731954154e+01 +1.057319542e+03 +1.057319542e+03 +5.4126e-02 +2.9178e-02 +2.9754e-02 +5.4010e-02 +5.6127e-02 +1.3518e-01 -3.1346e-01 +6.5746e-01 -7.7737e-01 -9.6070e-01
40 0 +5.190012473e+01 +1.051900125e+03 +1.051900125e+03 +5.5000e-02 +2.9771e-02 +3.0221e-02 +5.4830e-02 +5.6631e-02 +1.4018e-01 -3.1829e-01 +6.5570e-01 -7.7907e-01 -9.6729e-01
41 0 +4.529225900e+01 +1.045292259e+03 +1.045292259e+03 +5.4840e-02 +2.9231e-02 +2.9479e-02 +5.4587e-02 +5.5938e-02 +1.4580e-01 -3.2585e-01 +6.5650e-01 -7.8208e-01 -9.6782e-01
42 0 +2.449912929e+01 +1.024499129e+03 +1.024499129e+03 +5.3328e-02 +2.6231e-02 +2.5664e-02 +5.2745e-02 +5.2314e-02 +1.6704e-01 -3.5611e-01 +6.6174e-01 -7.9437e-01 -9.6438e-01
43 0 +1.365054024e+01 +1.013650540e+03 +1.013650540e+03 +5.8492e-02 +2.7949e-02 +2.6632e-02 +5.7756e-02 +5.5626e-02 +1.8793e-01 -3.7670e-01 +6.5260e-01 -8.0247e-01 -9.8727e-01
44 0 +8.802664778e+00 +1.008802665e+03 +1.008802665e+03 +5.6155e-02 +2.2169e-02 +2.0315e-02 +8.8930e-02 +5.3133e-02 +1.9010e-01 -3.9684e-01 +6.5042e-01 -8.0535e-01 -9.7632e-01
45 0 +7.412334984e+00 +1.007412335e+03 +1.007412335e+03 +8.0820e-02 +1.7876e-02 +3.8013e-02 +8.0798e-02 +5.0560e-02 +1.9173e-01 -4.1295e-01 +6.4012e-01 -7.9882e-01 -9.6305e-01
47 0 +7.053842787e+00 +1.007053843e+03 +1.007053843e+03 +7.0226e-02 +2.0621e-02 +4.0782e-02 +7.6658e-02 +5.1991e-02 +1.9285e-01 -4.2597e-01 +6.4305e-01 -7.9036e-01 -9.6463e-01
49 0 +6.158473642e+00 +1.006158474e+03 +1.006158474e+03 +7.3019e-02 +2.3082e-02 +3.5154e-02 +7.4415e-02 +5.4675e-02 +1.9356e-01 -4.3057e-01 +6.4470e-01 -7.9447e-01 -9.6362e-01
51 0 +5.430193364e+00 +1.005430193e+03 +1.005430193e+03 +7.2932e-02 +2.6763e-02 +3.5582e-02 +7.4538e-02 +4.7215e-02 +1.9811e-01 -4.3178e-01 +6.4599e-01 -7.9701e-01 -9.6304e-01
52 0 +4.926479349e+00 +1.004926479e+03 +1.004926479e+03 +7.0776e-02 +1.9622e-02 +3.7351e-02 +7.2236e-02 +4.7471e-02 +2.0065e-01 -4.3229e-01 +6.4918e-01 -8.0108e-01 -9.6151e-01
53 0 +3.969112751e+00 +1.003969113e+03 +1.003969113e+03 +7.2623e-02 +1.8780e-02 +3.8735e-02 +7.5187e-02 +4.7463e-02 +2.0297e-01 -4.3776e-01 +6.4884e-01 -8.0575e-01 -9.6681e-01
55 0 +3.721116289e+00 +1.003721116e+03 +1.003721116e+03 +7.5688e-02 +2.0699e-02 +4.0958e-02 +7.1089e-02 +4.4447e-02 +2.0197e-01 -4.4479e-01 +6.5444e-01 -8.1423e-01 -9.6902e-01
56 0 +3.613693632e+00 +1.003613694e+03 +1.003613694e+03 +7.7995e-02 +1.8161e-02 +3.6875e-02 +7.0552e-02 +4.3479e-02 +2.0945e-01 -4.4821e-01 +6.5383e-01 -8.1376e-01 -9.7048e-01
68 0 +3.544921406e+00 +1.003544921e+03 +1.003544921e+03 +7.6643e-02 +1.9615e-02 +3.8835e-02 +7.0790e-02 +4.7741e-02 +2.1165e-01 -4.4693e-01 +6.4797e-01 -8.1308e-01 -9.7095e-01
99 0 +3.465559526e+00 +1.003465560e+03 +1.003465560e+03 +7.6993e-02 +2.1611e-02 +3.8467e-02 +6.8116e-02 +5.1417e-02 +2.1212e-01 -4.4090e-01 +6.4313e-01 -8.1417e-01 -9.7044e-01
% f evaluations | g evaluations | best noise-free fitness - Fopt (2.083800000000e+02) + sum g_i+ | measured fitness | best measured fitness or single-digit g-values | x1 | x2...
1 0 +1.033747614e+04 +1.054585614e+04 +1.054585614e+04 +0.0000e+00 +0.0000e+00 +0.0000e+00 +0.0000e+00 +0.0000e+00 +0.0000e+00 +0.0000e+00 +0.0000e+00 +0.0000e+00 +0.0000e+00
4 0 +1.033738602e+04 +1.054576602e+04 +1.054576602e+04 +0.0000e+00 +1.0000e-01 +0.0000e+00 +0.0000e+00 +0.0000e+00 +0.0000e+00 +0.0000e+00 +0.0000e+00 +0.0000e+00 +0.0000e+00
9 0 +1.008410157e+04 +1.029248157e+04 +1.029248157e+04 +0.0000e+00 +0.0000e+00 +0.0000e+00 +0.0000e+00 +0.0000e+00 +0.0000e+00 +1.0000e-01 +0.0000e+00 +0.0000e+00 +0.0000e+00
10 0 +9.852746393e+03 +1.006112639e+04 +1.006112639e+04 +0.0000e+00 +0.0000e+00 +0.0000e+00 +0.0000e+00 +0.0000e+00 +0.0000e+00 +0.0000e+00 +1.0000e-01 +0.0000e+00 +0.0000e+00
12 0 +9.438621227e+03 +9.647001227e+03 +9.647001227e+03 +0.0000e+00 +0.0000e+00 +0.0000e+00 +0.0000e+00 +0.0000e+00 +0.0000e+00 +0.0000e+00 +0.0000e+00 +0.0000e+00 +1.0000e-01
13 0 +8.161905346e+03 +8.370285346e+03 +8.370285346e+03 -7.3217e-07 +6.5765e-06 -9.5150e-06 +1.1331e-05 +9.8504e-04 +6.4502e-03 +1.8491e-02 +3.5376e-02 -6.3724e-02 +1.6560e-01
14 0 +4.001599154e+03 +4.209979154e+03 +4.209979154e+03 -3.7407e-06 +3.3599e-05 -4.8612e-05 +5.7892e-05 +5.0326e-03 +3.2954e-02 +9.4474e-02 +1.8074e-01 -3.2557e-01 +4.1822e-01
15 0 +1.606358991e+03 +1.814738991e+03 +1.814738991e+03 -6.7907e-06 +6.0996e-05 -8.8251e-05 +1.0510e-04 +9.1361e-03 +5.9825e-02 +1.7151e-01 +3.2811e-01 -5.9103e-01 +5.8890e-01
16 0 +9.495157566e+02 +1.157895757e+03 +1.157895757e+03 -8.3966e-06 +7.5421e-05 -1.0912e-04 +1.2995e-04 +1.1297e-02 +7.3972e-02 +2.1206e-01 +4.0570e-01 -7.3080e-01 +6.2943e-01
17 0 +6.980777711e+02 +9.064577711e+02 +9.064577711e+02 -9.4779e-06 +8.5132e-05 -1.2317e-04 +1.4668e-04 +1.2751e-02 +8.3497e-02 +2.3937e-01 +4.5794e-01 -8.2491e-01 +6.3690e-01
18 0 +5.251589628e+02 +7.335389628e+02 +7.335389628e+02 -9.9246e-06 +8.9146e-05 -1.2898e-04 +1.5360e-04 +1.3352e-02 +8.7434e-02 +2.5066e-01 +4.7953e-01 -8.1654e-01 +6.9484e-01
21 0 +5.228423003e+02 +7.312223003e+02 +7.312223003e+02 -1.2146e-01 -8.8318e-03 -1.2095e-01 -8.7670e-03 +4.5221e-03 +7.9110e-02 +2.4345e-01 +4.7389e-01 -8.2396e-01 +7.0209e-01
23 0 +5.089274229e+02 +7.173074229e+02 +7.173074229e+02 -1.2146e-01 -1.7065e-02 -1.2095e-01 -6.7001e-04 +1.2674e-02 +8.7570e-02 +2.5259e-01 +4.5528e-01 -8.3122e-01 +7.0885e-01
27 0 +4.819500419e+02 +6.903300419e+02 +6.903300419e+02 -1.2147e-01 -1.7175e-02 -1.2095e-01 -7.2093e-04 +1.2885e-02 +8.9392e-02 +2.5655e-01 +4.5984e-01 -8.3482e-01 +7.1572e-01
28 0 +3.833041325e+02 +5.916841325e+02 +5.916841325e+02 -1.2147e-01 -1.7691e-02 -1.2096e-01 -9.6080e-04 +1.3663e-02 +9.6136e-02 +2.7107e-01 +4.7364e-01 -8.3820e-01 +7.4950e-01
29 0 +1.520317207e+02 +3.604117207e+02 +3.604117207e+02 -1.2147e-01 -1.9813e-02 -1.2100e-01 -1.9539e-03 +1.6102e-02 +1.1741e-01 +3.1616e-01 +5.0318e-01 -8.0319e-01 +8.9443e-01
30 0 +5.423060117e+01 +2.626106012e+02 +2.626106012e+02 -1.2148e-01 -2.1046e-02 -1.2103e-01 -2.5230e-03 +1.8468e-02 +1.3730e-01 +3.6046e-01 +5.5425e-01 -8.7525e-01 +9.3813e-01
31 0 +5.166608735e+01 +2.600460874e+02 +2.600460874e+02 -1.2148e-01 -1.7700e-02 -1.2103e-01 -1.5868e-02 +2.1974e-02 +1.3547e-01 +3.7491e-01 +5.4687e-01 -8.7447e-01 +9.3797e-01
33 0 +4.519913007e+01 +2.535791301e+02 +2.535791301e+02 -1.2148e-01 -1.8569e-02 -1.2103e-01 -1.4479e-02 +2.1977e-02 +1.3923e-01 +3.8091e-01 +5.5030e-01 -8.7200e-01 +9.5792e-01
34 0 +4.387750927e+01 +2.522575093e+02 +2.522575093e+02 -1.2148e-01 -2.2869e-02 -1.2103e-01 -1.4857e-02 +2.2654e-02 +1.3952e-01 +3.8212e-01 +5.5176e-01 -8.7076e-01 +9.5697e-01
37 0 +4.123644176e+01 +2.496164418e+02 +2.496164418e+02 -1.3148e-01 -2.1086e-02 -1.2103e-01 -1.6560e-02 +1.6476e-02 +1.4586e-01 +3.8330e-01 +5.5377e-01 -8.6829e-01 +9.5496e-01
38 0 +3.783296659e+01 +2.462129666e+02 +2.462129666e+02 -1.3148e-01 -1.6854e-02 -1.2103e-01 -1.6902e-02 +1.9549e-02 +1.4359e-01 +3.8457e-01 +5.6096e-01 -8.6472e-01 +9.5377e-01
40 0 +3.236012950e+01 +2.407401295e+02 +2.407401295e+02 -1.3148e-01 -1.7000e-02 -1.2103e-01 -1.6887e-02 +1.9992e-02 +1.4665e-01 +3.9018e-01 +5.6748e-01 -8.6879e-01 +9.5402e-01
41 0 +2.700268315e+01 +2.353826831e+02 +2.353826831e+02 -1.3149e-01 -1.7185e-02 -1.2103e-01 -1.6897e-02 +2.0613e-02 +1.5020e-01 +3.9653e-01 +5.7406e-01 -8.6735e-01 +9.5510e-01
42 0 +1.157960548e+01 +2.199596055e+02 +2.199596055e+02 -1.3151e-01 -1.7923e-02 -1.2102e-01 -1.6962e-02 +2.3158e-02 +1.6417e-01 +4.2141e-01 +5.9902e-01 -8.5592e-01 +9.6009e-01
43 0 +7.048864302e+00 +2.154288643e+02 +2.154288643e+02 -1.4696e-01 +8.0940e-03 -1.2101e-01 -1.4826e-02 +2.0725e-02 +1.7272e-01 +4.3334e-01 +6.1211e-01 -8.7104e-01 +9.6775e-01
44 0 +6.756684473e+00 +2.151366845e+02 +2.151366845e+02 -1.4485e-01 -9.5960e-04 -1.2100e-01 -3.6912e-02 +4.9645e-03 +1.6143e-01 +4.3391e-01 +6.3534e-01 -8.7833e-01 +9.7529e-01
48 0 +6.073103289e+00 +2.144531033e+02 +2.144531033e+02 -1.4560e-01 +3.7580e-04 -1.2101e-01 -3.6880e-02 +5.1321e-03 +1.6412e-01 +4.3821e-01 +6.3911e-01 -8.7102e-01 +9.7735e-01
49 0 +5.192398583e+00 +2.135723986e+02 +2.135723986e+02 -1.4374e-01 -2.6938e-03 -1.2100e-01 -3.9314e-02 +7.0882e-03 +1.7196e-01 +4.4055e-01 +6.3942e-01 -8.7421e-01 +9.7789e-01
50 0 +5.019550021e+00 +2.133995500e+02 +2.133995500e+02 -1.4874e-01 -3.6850e-03 -1.2100e-01 -4.0779e-02 +4.3382e-03 +1.7412e-01 +4.3991e-01 +6.4011e-01 -8.7311e-01 +9.7030e-01
51 0 +4.969543177e+00 +2.133495432e+02 +2.133495432e+02 -1.4388e-01 -1.7814e-03 -1.2100e-01 -3.9527e-02 +6.7338e-03 +1.7291e-01 +4.4420e-01 +6.4392e-01 -8.7464e-01 +9.6494e-01
53 0 +4.502781119e+00 +2.128827811e+02 +2.128827811e+02 -1.4623e-01 +1.7879e-03 -1.2102e-01 -4.1130e-02 +6.5707e-03 +1.8016e-01 +4.4752e-01 +6.4716e-01 -8.7603e-01 +9.6673e-01
54 0 +4.209624367e+00 +2.125896244e+02 +2.125896244e+02 -1.4382e-01 -2.5050e-03 -1.2103e-01 -4.3828e-02 +7.6291e-03 +1.8681e-01 +4.4930e-01 +6.4895e-01 -8.7194e-01 +9.6653e-01
55 0 +4.123355111e+00 +2.125033551e+02 +2.125033551e+02 -1.4020e-01 -1.7205e-03 -1.2692e-01 -4.5409e-02 +4.0554e-03 +1.9052e-01 +4.4624e-01 +6.4910e-01 -8.7546e-01 +9.6559e-01
59 0 +4.066170240e+00 +2.124461702e+02 +2.124461702e+02 -1.3904e-01 -8.0577e-05 -1.2337e-01 -4.7712e-02 +2.9214e-03 +1.9328e-01 +4.4650e-01 +6.4827e-01 -8.7610e-01 +9.6486e-01
70 0 +3.980550321e+00 +2.123605503e+02 +2.123605503e+02 -1.3900e-01 -2.6397e-04 -1.2294e-01 -4.7546e-02 +5.1508e-03 +1.9782e-01 +4.4498e-01 +6.4868e-01 -8.7425e-01 +9.6217e-01
77 0 +3.880044043e+00 +2.122600440e+02 +2.122600440e+02 -1.3902e-01 +4.3353e-04 -1.2230e-01 -4.6744e-02 +4.6034e-03 +2.0103e-01 +4.4173e-01 +6.4516e-01 -8.6910e-01 +9.5840e-01
90 0 +3.790756773e+00 +2.121707568e+02 +2.121707568e+02 -1.3932e-01 +2.9844e-03 -1.2131e-01 -4.6269e-02 +1.6960e-03 +1.9974e-01 +4.4148e-01 +6.3915e-01 -8.6425e-01 +9.5799e-01
% f evaluations | g evaluations | best noise-free fitness - Fopt (-1.449600000000e+02) + sum g_i+ | measured fitness | best measured fitness or single-digit g-values | x1 | x2...
1 0 +1.033747614e+04 +1.019251614e+04 +1.019251614e+04 +0.0000e+00 +0.0000e+00 +0.0000e+00 +0.0000e+00 +0.0000e+00 +0.0000e+00 +0.0000e+00 +0.0000e+00 +0.0000e+00 +0.0000e+00
5 0 +1.033737915e+04 +1.019241915e+04 +1.019241915e+04 +0.0000e+00 +0.0000e+00 +1.0000e-01 +0.0000e+00 +0.0000e+00 +0.0000e+00 +0.0000e+00 +0.0000e+00 +0.0000e+00 +0.0000e+00
10 0 +9.852746393e+03 +9.707786393e+03 +9.707786393e+03 +0.0000e+00 +0.0000e+00 +0.0000e+00 +0.0000e+00 +0.0000e+00 +0.0000e+00 +0.0000e+00 +1.0000e-01 +0.0000e+00 +0.0000e+00
12 0 +9.438621227e+03 +9.293661227e+03 +9.293661227e+03 +0.0000e+00 +0.0000e+00 +0.0000e+00 +0.0000e+00 +0.0000e+00 +0.0000e+00 +0.0000e+00 +0.0000e+00 +0.0000e+00 +1.0000e-01
13 0 +8.161442610e+03 +8.016482610e+03 +8.016482610e+03 -7.2796e-07 -2.2568e-06 +7.0374e-06 -1.4332e-05 -1.0980e-03 +6.4131e-03 -2.1268e-02 +3.5173e-02 -6.3358e-02 +1.6522e-01
14 0 +3.996488972e+03 +3.851528972e+03 +3.851528972e+03 -3.7247e-06 -1.1547e-05 +3.6008e-05 -7.3330e-05 -5.6180e-03 +3.2814e-02 -1.0882e-01 +1.7997e-01 -3.2418e-01 +4.1547e-01
15 0 +1.763707637e+03 +1.618747637e+03 +1.618747637e+03 -6.4948e-06 -2.0135e-05 +6.2786e-05 -1.2787e-04 -9.7960e-03 +5.7217e-02 -1.8975e-01 +3.1381e-01 -5.6527e-01 +5.6760e-01
16 0 +1.124539675e+03 +9.795796746e+02 +9.795796746e+02 -7.8924e-06 -2.4468e-05 +7.6297e-05 -1.5538e-04 -1.1904e-02 +6.9530e-02 -2.3058e-01 +3.8133e-01 -6.8691e-01 +6.0463e-01
17 0 +8.588025691e+02 +7.138425691e+02 +7.138425691e+02 -8.7841e-06 -2.7232e-05 +8.4918e-05 -1.7294e-04 -1.3249e-02 +7.7385e-02 -2.5663e-01 +4.2442e-01 -7.6452e-01 +6.1386e-01
18 0 +8.157940270e+02 +6.708340270e+02 +6.708340270e+02 -8.7841e-06 -2.7232e-05 +8.4918e-05 -1.7294e-04 -1.3249e-02 +7.7385e-02 -3.6367e-01 +4.2442e-01 -7.2859e-01 +6.1386e-01
19 0 +8.106159385e+02 +6.656559385e+02 +6.656559385e+02 -8.7841e-06 -2.7232e-05 +8.4918e-05 -1.7294e-04 -1.2454e-01 +7.7385e-02 -3.6309e-01 +4.2442e-01 -7.2686e-01 +6.1386e-01
21 0 +6.661881696e+02 +5.212281696e+02 +5.212281696e+02 -9.1224e-06 -2.8281e-05 +8.8189e-05 -1.1192e-01 -1.2465e-01 +8.0366e-02 -3.6336e-01 +4.4077e-01 -7.2365e-01 +6.5811e-01
22 0 +6.591414947e+02 +5.141814947e+02 +5.141814947e+02 -5.8417e-03 -5.8609e-03 -5.7440e-03 -1.1192e-01 -1.2472e-01 +7.4827e-02 -3.6459e-01 +4.3655e-01 -7.2690e-01 +6.6135e-01
27 0 +6.312009496e+02 +4.862409496e+02 +4.862409496e+02 +3.0072e-03 -8.9282e-03 +3.1032e-03 -1.1193e-01 -1.2497e-01 +7.3051e-02 -3.6930e-01 +4.3269e-01 -7.4040e-01 +6.6527e-01
28 0 +5.984545652e+02 +4.534945652e+02 +4.534945652e+02 +2.9739e-03 -8.9804e-03 +3.0763e-03 -1.1193e-01 -1.2518e-01 +7.4137e-02 -3.7174e-01 +4.3654e-01 -7.4432e-01 +6.7318e-01
29 0 +5.115715240e+02 +3.666115240e+02 +3.666115240e+02 +2.8750e-03 -9.1351e-03 +2.9963e-03 -1.1195e-01 -1.2579e-01 +7.7204e-02 -3.5115e-01 +4.4800e-01 -7.6540e-01 +6.9748e-01
30 0 +4.011475235e+02 +2.561875235e+02 +2.561875235e+02 +2.7391e-03 -9.3477e-03 +2.8862e-03 -1.1198e-01 -1.2658e-01 +8.1342e-02 -3.6329e-01 +4.6258e-01 -7.7843e-01 +7.2992e-01
31 0 +2.502020058e+02 +1.052420058e+02 +1.052420058e+02 +2.4448e-03 -9.8078e-03 +2.6447e-03 -1.1203e-01 -1.2789e-01 +8.6404e-02 -3.4975e-01 +4.8058e-01 -7.9278e-01 +8.0479e-01
32 0 +2.004434306e+02 +5.548343058e+01 +5.548343058e+01 +2.3344e-03 -9.9805e-03 +2.5552e-03 -1.1772e-01 -1.2873e-01 +8.9456e-02 -3.5949e-01 +4.9221e-01 -8.1590e-01 +8.1782e-01
33 0 +1.849031703e+02 +3.994317034e+01 +3.994317034e+01 +2.2554e-03 -1.0104e-02 +2.4899e-03 -1.2110e-01 -1.2913e-01 +9.0009e-02 -3.4943e-01 +4.9475e-01 -8.2498e-01 +8.3075e-01
36 0 +1.755177822e+02 +3.055778224e+01 +3.055778224e+01 +2.2217e-03 -1.0157e-02 +2.4625e-03 -1.2396e-01 -1.3931e-01 +9.0723e-02 -3.5083e-01 +4.9769e-01 -8.3371e-01 +8.3225e-01
39 0 +1.729053041e+02 +2.794530408e+01 +2.794530408e+01 +3.8621e-03 -1.2912e-02 +4.1034e-03 -1.2268e-01 -1.3938e-01 +8.8914e-02 -3.5135e-01 +4.9949e-01 -8.3405e-01 +8.3343e-01
44 0 +1.688244779e+02 +2.386447795e+01 +2.386447795e+01 +3.5855e-03 -1.2491e-02 +5.7675e-03 -1.2280e-01 -1.3945e-01 +9.0293e-02 -3.5244e-01 +5.0054e-01 -8.3430e-01 +8.3530e-01
45 0 +1.627126358e+02 +1.775263579e+01 +1.775263579e+01 +3.5877e-03 -1.2496e-02 +5.7830e-03 -1.2276e-01 -1.3983e-01 +9.1132e-02 -3.5412e-01 +5.0261e-01 -8.3515e-01 +8.3802e-01
46 0 +1.460870086e+02 +1.127008628e+00 +1.127008628e+00 +3.5969e-03 -1.2507e-02 +5.8302e-03 -1.2230e-01 -1.4183e-01 +9.3509e-02 -3.5898e-01 +5.0837e-01 -8.3666e-01 +8.4593e-01
% f evaluations | g evaluations | best noise-free fitness - Fopt (-6.300000000000e+00) + sum g_i+ | measured fitness | best measured fitness or single-digit g-values | x1 | x2...
1 0 +1.033747614e+04 +1.033117614e+04 +1.033117614e+04 +0.0000e+00 +0.0000e+00 +0.0000e+00 +0.0000e+00 +0.0000e+00 +0.0000e+00 +0.0000e+00 +0.0000e+00 +0.0000e+00 +0.0000e+00
3 0 +1.033746203e+04 +1.033116203e+04 +1.033116203e+04 +1.0000e-01 +0.0000e+00 +0.0000e+00 +0.0000e+00 +0.0000e+00 +0.0000e+00 +0.0000e+00 +0.0000e+00 +0.0000e+00 +0.0000e+00
9 0 +1.008410157e+04 +1.007780157e+04 +1.007780157e+04 +0.0000e+00 +0.0000e+00 +0.0000e+00 +0.0000e+00 +0.0000e+00 +0.0000e+00 +1.0000e-01 +0.0000e+00 +0.0000e+00 +0.0000e+00
11 0 +9.530770868e+03 +9.524470868e+03 +9.524470868e+03 +0.0000e+00 +0.0000e+00 +0.0000e+00 +0.0000e+00 +0.0000e+00 +0.0000e+00 +0.0000e+00 +0.0000e+00 +1.0000e-01 +0.0000e+00
13 0 +8.161128778e+03 +8.154828778e+03 +8.154828778e+03 +1.0443e-06 -2.3017e-06 +7.1774e-06 +1.1490e-05 -1.1198e-03 -8.8622e-03 +1.8751e-02 -3.9743e-02 +5.9701e-02 +1.6652e-01
14 0 +3.989540686e+03 +3.983240686e+03 +3.983240686e+03 +5.3131e-06 -1.1711e-05 +3.6518e-05 +5.8461e-05 -5.6976e-03 -4.5090e-02 +9.5404e-02 -2.0221e-01 +3.0375e-01 +4.2505e-01
15 0 +1.650278462e+03 +1.643978462e+03 +1.643978462e+03 +9.4215e-06 -2.0767e-05 +6.4756e-05 +1.0367e-04 -1.0103e-02 -7.9956e-02 +1.6918e-01 -3.5857e-01 +5.3863e-01 +5.9733e-01
16 0 +9.846968288e+02 +9.783968288e+02 +9.783968288e+02 +1.1496e-05 -2.5340e-05 +7.9016e-05 +1.2650e-04 -1.2328e-02 -9.7563e-02 +2.0643e-01 -4.3753e-01 +6.5724e-01 +6.4387e-01
17 0 +7.071710467e+02 +7.008710467e+02 +7.008710467e+02 +1.2817e-05 -2.8252e-05 +8.8096e-05 +1.4103e-04 -1.3745e-02 -1.0877e-01 +2.3015e-01 -4.8781e-01 +7.3277e-01 +6.5927e-01
20 0 +6.453053338e+02 +6.390053338e+02 +6.390053338e+02 +1.3068e-05 -2.8804e-05 +8.9817e-05 +1.4379e-04 -1.3107e-02 -2.1587e-01 +2.3465e-01 -4.4271e-01 +7.4709e-01 +6.8342e-01
21 0 +6.170773258e+02 +6.107773258e+02 +6.107773258e+02 -9.7466e-03 -9.7889e-03 -9.6690e-03 -9.6145e-03 -1.3285e-02 -2.1761e-01 +2.2739e-01 -4.5035e-01 +7.4530e-01 +6.9495e-01
22 0 +6.119770254e+02 +6.056770254e+02 +6.056770254e+02 -5.2459e-03 -2.4729e-02 -5.1683e-03 -5.1138e-03 -1.3302e-02 -2.1774e-01 +2.3189e-01 -4.5095e-01 +7.4328e-01 +6.9584e-01
23 0 +5.787102060e+02 +5.724102060e+02 +5.724102060e+02 -2.2674e-03 -1.8985e-02 -2.1892e-03 -2.1342e-03 -1.3483e-02 -2.1944e-01 +2.3686e-01 -4.5846e-01 +7.3705e-01 +7.0711e-01
27 0 +5.581837708e+02 +5.518837708e+02 +5.518837708e+02 +2.5114e-03 -1.8994e-02 +2.5988e-04 +3.1447e-04 -1.3665e-02 -2.2099e-01 +2.3077e-01 -4.6537e-01 +7.4730e-01 +7.0903e-01
28 0 +5.281524839e+02 +5.218524839e+02 +5.218524839e+02 +2.4647e-03 -1.9079e-02 +1.9354e-04 +2.5054e-04 -1.3649e-02 -2.2190e-01 +2.3407e-01 -4.6899e-01 +7.5153e-01 +7.1660e-01
29 0 +4.171799212e+02 +4.108799212e+02 +4.108799212e+02 +2.2732e-03 -1.9426e-02 -7.8773e-05 -1.2028e-05 -1.3554e-02 -2.2539e-01 +2.4712e-01 -4.8290e-01 +7.6746e-01 +7.4774e-01
30 0 +1.463920996e+02 +1.400920996e+02 +1.400920996e+02 +1.5605e-03 -2.0718e-02 -1.0937e-03 -9.9171e-04 -1.2929e-02 -2.3623e-01 +2.9025e-01 -5.2491e-01 +8.1211e-01 +8.6474e-01
31 0 +1.033676721e+02 +9.706767210e+01 +9.706767210e+01 +1.2521e-03 -2.1275e-02 -1.5350e-03 -1.4194e-03 -1.2244e-02 -2.3763e-01 +3.0073e-01 -5.2834e-01 +8.0930e-01 +9.1699e-01
32 0 +1.019841966e+02 +9.568419661e+01 +9.568419661e+01 +9.0861e-03 -2.2394e-02 -4.8813e-03 -4.7648e-03 -1.2229e-02 -2.3789e-01 +2.9869e-01 -5.2937e-01 +8.1364e-01 +9.1849e-01
36 0 +9.214352049e+01 +8.584352049e+01 +8.584352049e+01 +6.3454e-03 -2.3323e-02 +1.6193e-03 -6.1372e-03 -2.8304e-03 -2.4017e-01 +2.9767e-01 -5.4021e-01 +8.1931e-01 +9.2093e-01
37 0 +8.871740157e+01 +8.241740157e+01 +8.241740157e+01 +5.2079e-03 -3.1134e-02 +6.7235e-04 -3.9018e-03 -2.7281e-03 -2.4005e-01 +3.0204e-01 -5.3972e-01 +8.2283e-01 +9.2127e-01
39 0 +8.294976630e+01 +7.664976630e+01 +7.664976630e+01 +9.7641e-03 -2.4717e-02 +5.0816e-03 +1.8187e-03 -2.5624e-03 -2.3989e-01 +3.0983e-01 -5.3903e-01 +8.2834e-01 +9.2199e-01
42 0 +7.970999147e+01 +7.340999147e+01 +7.340999147e+01 +9.8244e-03 -2.4807e-02 +5.0950e-03 +1.6812e-03 -2.5157e-03 -2.4015e-01 +3.1162e-01 -5.4054e-01 +8.2821e-01 +9.2525e-01
43 0 +7.062712369e+01 +6.432712369e+01 +6.432712369e+01 +9.9295e-03 -2.5234e-02 +6.0594e-03 +1.2550e-03 -2.5316e-03 -2.3995e-01 +3.1717e-01 -5.4710e-01 +8.3122e-01 +9.2921e-01
44 0 +4.462792055e+01 +3.832792055e+01 +3.832792055e+01 +9.2723e-03 -2.7747e-02 +1.4655e-02 -1.6632e-03 -2.8068e-03 -2.3180e-01 +3.3621e-01 -5.6993e-01 +8.4729e-01 +9.4660e-01
45 0 +3.420225685e+01 +2.790225685e+01 +2.790225685e+01 +1.0888e-02 -2.7153e-02 +9.6546e-03 -2.7897e-04 -2.7001e-03 -2.4129e-01 +3.4650e-01 -5.8383e-01 +8.4840e-01 +9.4098e-01
46 0 +2.531102348e+01 +1.901102348e+01 +1.901102348e+01 +1.0420e-02 -2.8802e-02 +1.6162e-02 -1.7506e-03 -3.2257e-03 -2.3495e-01 +3.5697e-01 -6.0096e-01 +8.6511e-01 +9.3519e-01
47 0 +2.162979353e+01 +1.532979353e+01 +1.532979353e+01 +1.1319e-02 -3.1454e-02 +1.4861e-02 +5.0877e-03 -3.2436e-03 -2.3626e-01 +3.5707e-01 -6.0995e-01 +8.6556e-01 +9.4307e-01
48 0 +2.011955157e+01 +1.381955157e+01 +1.381955157e+01 +1.2130e-02 -3.0973e-02 +1.2848e-02 +4.8257e-03 +2.2839e-03 -2.3444e-01 +3.6098e-01 -6.1070e-01 +8.6501e-01 +9.4420e-01
49 0 +1.776511139e+01 +1.146511139e+01 +1.146511139e+01 +1.1781e-02 -3.1005e-02 +1.5220e-02 +2.5748e-03 +3.4125e-03 -2.4070e-01 +3.6553e-01 -6.1114e-01 +8.6835e-01 +9.4827e-01
52 0 +1.672496234e+01 +1.042496234e+01 +1.042496234e+01 +1.2483e-02 -3.1740e-02 +1.3305e-02 +2.6415e-03 +4.1485e-04 -2.3977e-01 +3.6918e-01 -6.1091e-01 +8.6844e-01 +9.4927e-01
53 0 +1.656396693e+01 +1.026396693e+01 +1.026396693e+01 +1.3447e-02 -3.2273e-02 +1.4383e-02 +2.6130e-03 +4.0469e-04 -2.3975e-01 +3.6961e-01 -6.1114e-01 +8.6758e-01 +9.4911e-01
55 0 +1.600511031e+01 +9.705110309e+00 +9.705110309e+00 +1.2985e-02 -3.3065e-02 +1.3966e-02 +1.7209e-03 +4.6116e-04 -2.4008e-01 +3.7037e-01 -6.1264e-01 +8.6728e-01 +9.4921e-01
56 0 +1.550641916e+01 +9.206419165e+00 +9.206419165e+00 +1.2960e-02 -3.3168e-02 +1.4205e-02 +1.7870e-03 +5.4346e-04 -2.3995e-01 +3.7139e-01 -6.1351e-01 +8.6763e-01 +9.4977e-01
57 0 +1.363364239e+01 +7.333642391e+00 +7.333642391e+00 +1.3153e-02 -3.3256e-02 +1.3480e-02 +2.5019e-03 +9.9695e-04 -2.4171e-01 +3.7547e-01 -6.1638e-01 +8.6653e-01 +9.5230e-01
58 0 +1.088458571e+01 +4.584585712e+00 +4.584585712e+00 +1.2700e-02 -3.4151e-02 +1.7688e-02 +2.7168e-03 +1.7282e-03 -2.3752e-01 +3.8370e-01 -6.2170e-01 +8.7010e-01 +9.6128e-01
59 0 +8.498912297e+00 +2.198912297e+00 +2.198912297e+00 +1.2619e-02 -3.3147e-02 +1.7448e-02 +3.0528e-04 +2.3993e-03 -2.3989e-01 +3.9252e-01 -6.2549e-01 +8.7050e-01 +9.5937e-01
60 0 +7.870752985e+00 +1.570752985e+00 +1.570752985e+00 +1.2814e-02 -3.2671e-02 +1.6654e-02 +2.3265e-04 +2.8230e-03 -2.4166e-01 +3.9566e-01 -6.2577e-01 +8.6833e-01 +9.6202e-01
61 0 +7.583727488e+00 +1.283727488e+00 +1.283727488e+00 +1.2666e-02 -3.2946e-02 +1.7053e-02 +6.7165e-04 +1.3211e-03 -2.4278e-01 +3.9617e-01 -6.2736e-01 +8.6866e-01 +9.6224e-01
63 0 +7.306262977e+00 +1.006262977e+00 +1.006262977e+00 +1.2879e-02 -3.3871e-02 +1.6217e-02 +1.6254e-03 +1.8846e-03 -2.4227e-01 +3.9717e-01 -6.2856e-01 +8.6849e-01 +9.6196e-01
66 0 +7.227754745e+00 +9.277547445e-01 +9.277547445e-01 +1.2706e-02 -3.4540e-02 +1.6695e-02 +1.0112e-03 +1.7917e-03 -2.4206e-01 +3.9748e-01 -6.2888e-01 +8.6788e-01 +9.6187e-01
68 0 +7.055954596e+00 +7.559545960e-01 +7.559545960e-01 +1.2693e-02 -3.4438e-02 +1.6820e-02 +9.3252e-04 +1.8600e-03 -2.4208e-01 +3.9832e-01 -6.2934e-01 +8.6808e-01 +9.6192e-01
69 0 +6.633928219e+00 +3.339282186e-01 +3.339282186e-01 +1.2747e-02 -3.4256e-02 +1.6270e-02 +7.1311e-04 +1.8342e-03 -2.4328e-01 +4.0027e-01 -6.3040e-01 +8.6751e-01 +9.6071e-01
70 0 +6.500636696e+00 +2.006366960e-01 +2.006366960e-01 +1.2781e-02 -3.4041e-02 +1.6165e-02 +5.1290e-04 +2.0826e-03 -2.4338e-01 +4.0087e-01 -6.3100e-01 +8.6798e-01 +9.6097e-01
71 0 +6.331475638e+00 +3.147563773e-02 +3.147563773e-02 +1.2781e-02 -3.4114e-02 +1.6188e-02 +6.2969e-04 +2.0300e-03 -2.4355e-01 +4.0174e-01 -6.3157e-01 +8.6781e-01 +9.6104e-01
73 0 +6.303425958e+00 +3.425958303e-03 +3.425958303e-03 +1.2823e-02 -3.4172e-02 +1.6053e-02 +8.9274e-04 +1.9759e-03 -2.4387e-01 +4.0202e-01 -6.3136e-01 +8.6699e-01 +9.6177e-01
% f evaluations | g evaluations | best noise-free fitness - Fopt (5.617800000000e+02) + sum g_i+ | measured fitness | best measured fitness or single-digit g-values | x1 | x2...
1 0 +1.033747614e+04 +1.089925614e+04 +1.089925614e+04 +0.0000e+00 +0.0000e+00 +0.0000e+00 +0.0000e+00 +0.0000e+00 +0.0000e+00 +0.0000e+00 +0.0000e+00 +0.0000e+00 +0.0000e+00
3 0 +1.033746203e+04 +1.089924203e+04 +1.089924203e+04 +1.0000e-01 +0.0000e+00 +0.0000e+00 +0.0000e+00 +0.0000e+00 +0.0000e+00 +0.0000e+00 +0.0000e+00 +0.0000e+00 +0.0000e+00
12 0 +9.438621227e+03 +1.000040123e+04 +1.000040123e+04 +0.0000e+00 +0.0000e+00 +0.0000e+00 +0.0000e+00 +0.0000e+00 +0.0000e+00 +0.0000e+00 +0.0000e+00 +0.0000e+00 +1.0000e-01
13 0 +8.160270011e+03 +8.722050011e+03 +8.722050011e+03 +1.0081e-06 -2.2220e-06 +6.9289e-06 -1.4111e-05 +9.6429e-04 -8.5554e-03 -2.0940e-02 -3.8367e-02 -6.2382e-02 +1.6422e-01
14 0 +3.989992362e+03 +4.551772362e+03 +4.551772362e+03 +5.1784e-06 -1.1414e-05 +3.5592e-05 -7.2484e-05 +4.9533e-03 -4.3947e-02 -1.0756e-01 -1.9708e-01 -3.2044e-01 +4.0803e-01
15 0 +1.485092180e+03 +2.046872180e+03 +2.046872180e+03 +9.6956e-06 -2.1371e-05 +6.6640e-05 -1.3571e-04 +9.2742e-03 -8.2282e-02 -2.0139e-01 -3.6900e-01 -5.9997e-01 +5.7456e-01
16 0 +1.337220842e+03 +1.899000842e+03 +1.899000842e+03 +2.0985e-02 +2.0953e-02 +2.1044e-02 +2.0834e-02 +3.0619e-02 -6.4590e-02 -1.8845e-01 -3.6274e-01 -6.0292e-01 +6.2810e-01
17 0 +7.019520295e+02 +1.263732030e+03 +1.263732030e+03 +2.9275e-02 +2.9235e-02 +2.9349e-02 +2.9087e-02 +4.1289e-02 -7.7435e-02 -2.3189e-01 -4.4923e-01 -7.4873e-01 +6.7641e-01
18 0 +5.666454925e+02 +1.128425492e+03 +1.128425492e+03 +1.9121e-02 +1.9079e-02 +1.9197e-02 +1.8926e-02 +3.1562e-02 -9.1388e-02 -2.5134e-01 -4.7642e-01 -7.2844e-01 +7.1858e-01
19 0 +5.463557915e+02 +1.108135792e+03 +1.108135792e+03 +2.6252e-02 +2.6210e-02 +2.6328e-02 +2.6057e-02 +3.8693e-02 -8.4257e-02 -3.5364e-01 -4.1891e-01 -7.3006e-01 +7.2012e-01
21 0 +5.201664265e+02 +1.081946427e+03 +1.081946427e+03 +1.6289e-02 +1.6246e-02 +1.6366e-02 +1.6090e-02 +2.8926e-02 -8.4103e-02 -3.4547e-01 -3.9872e-01 -7.4776e-01 +7.3828e-01
26 0 +5.124793813e+02 +1.074259381e+03 +1.074259381e+03 +2.0492e-02 +2.3549e-02 +2.0567e-02 +2.3402e-02 +2.1189e-02 -8.1473e-02 -3.4345e-01 -3.9744e-01 -7.4730e-01 +7.4516e-01
27 0 +4.839740647e+02 +1.045754065e+03 +1.045754065e+03 +2.0514e-02 +2.3569e-02 +2.0592e-02 +2.3418e-02 +2.1632e-02 -8.2425e-02 -3.4666e-01 -4.0248e-01 -7.5257e-01 +7.5110e-01
28 0 +3.790414219e+02 +9.408214219e+02 +9.408214219e+02 +1.9131e-02 +2.2176e-02 +1.9220e-02 +2.2005e-02 +2.1216e-02 -8.6818e-02 -3.5984e-01 -4.2103e-01 -7.6645e-01 +7.8047e-01
29 0 +1.033650591e+02 +6.651450591e+02 +6.651450591e+02 +1.1137e-02 +1.4141e-02 +1.1273e-02 +1.3888e-02 +1.5764e-02 -1.0507e-01 -4.1215e-01 -4.9090e-01 -8.0830e-01 +9.0540e-01
30 0 +3.592477980e+01 +5.977047798e+02 +5.977047798e+02 -2.1238e-02 -1.8317e-02 -2.1015e-02 -1.8720e-02 -2.3401e-02 -1.3895e-01 -4.9004e-01 -5.6460e-01 -7.6248e-01 +1.1600e+00
31 0 +1.716134796e+01 +5.789413480e+02 +5.789413480e+02 -3.6475e-02 -3.3559e-02 -3.6247e-02 -3.3970e-02 -3.8678e-02 -1.5565e-01 -5.1066e-01 -5.8790e-01 -7.8457e-01 +1.1401e+00
33 0 +9.873829967e+00 +5.716538300e+02 +5.716538300e+02 -2.7349e-02 -2.4444e-02 -2.7109e-02 -2.4878e-02 -2.8464e-02 -1.5022e-01 -5.1117e-01 -6.0161e-01 -8.3348e-01 +1.1558e+00
35 0 +8.170465429e+00 +5.699504654e+02 +5.699504654e+02 -2.0283e-02 -1.7379e-02 -2.0041e-02 -1.7814e-02 -2.1354e-02 -1.5374e-01 -5.2012e-01 -6.2051e-01 -8.2369e-01 +1.1506e+00
39 0 +8.113409366e+00 +5.698934094e+02 +5.698934094e+02 -2.6364e-02 -1.1558e-02 -1.2343e-02 -2.6139e-02 -2.0600e-02 -1.5383e-01 -5.2015e-01 -6.2058e-01 -8.2372e-01 +1.1506e+00
41 0 +7.149400301e+00 +5.689294003e+02 +5.689294003e+02 -2.8869e-02 -1.4140e-02 -1.5030e-02 -2.8752e-02 -2.2451e-02 -1.6152e-01 -5.2351e-01 -6.2768e-01 -8.2632e-01 +1.1576e+00
42 0 +6.392154042e+00 +5.681721540e+02 +5.681721540e+02 -2.6552e-02 -1.1865e-02 -1.2668e-02 -2.6514e-02 -1.8695e-02 -1.6690e-01 -5.1932e-01 -6.2934e-01 -8.2864e-01 +1.1608e+00
43 0 +5.960274486e+00 +5.677402745e+02 +5.677402745e+02 -2.5021e-02 -1.0363e-02 -1.1105e-02 -2.5040e-02 -1.6156e-02 -1.7082e-01 -5.2631e-01 -6.2639e-01 -8.3194e-01 +1.1615e+00
44 0 +5.194959173e+00 +5.669749592e+02 +5.669749592e+02 -2.5272e-02 -1.0661e-02 -1.1305e-02 -2.5379e-02 -1.4938e-02 -1.7949e-01 -5.2616e-01 -6.2606e-01 -8.2734e-01 +1.1602e+00
45 0 +4.725336289e+00 +5.665053363e+02 +5.665053363e+02 -2.4720e-02 -1.0207e-02 -1.0649e-02 -2.5010e-02 -1.1206e-02 -1.8750e-01 -5.2694e-01 -6.3050e-01 -8.2802e-01 +1.1603e+00
46 0 +4.467835169e+00 +5.662478352e+02 +5.662478352e+02 -2.6501e-02 -1.2036e-02 -1.2378e-02 -2.6882e-02 -1.1413e-02 -1.9336e-01 -5.2394e-01 -6.2553e-01 -8.3185e-01 +1.1624e+00
47 0 +4.329169163e+00 +5.661091692e+02 +5.661091692e+02 -2.5856e-02 -1.1430e-02 -1.1624e-02 -2.6322e-02 -9.3164e-03 -1.9590e-01 -5.2492e-01 -6.2409e-01 -8.2709e-01 +1.1702e+00
49 0 +4.253545891e+00 +5.660335459e+02 +5.660335459e+02 -3.1159e-02 -1.1743e-02 -4.0495e-05 -2.2649e-02 -8.9476e-03 -1.9944e-01 -5.2331e-01 -6.2170e-01 -8.2615e-01 +1.1681e+00
59 0 +4.166366557e+00 +5.659463666e+02 +5.659463666e+02 -2.3199e-02 -1.0721e-02 +3.1546e-03 -2.8581e-02 -1.1207e-02 -2.0346e-01 -5.1958e-01 -6.1734e-01 -8.2236e-01 +1.1694e+00
82 0 +4.073677275e+00 +5.658536773e+02 +5.658536773e+02 -2.0759e-02 -1.3388e-02 +3.1232e-03 -2.8665e-02 -1.7667e-02 -2.0459e-01 -5.1694e-01 -6.1963e-01 -8.2054e-01 +1.1778e+00
96 0 +3.953611794e+00 +5.657336118e+02 +5.657336118e+02 -2.1247e-02 -1.3426e-02 +6.1815e-03 -3.3404e-02 -2.6781e-02 -2.0473e-01 -5.1237e-01 -6.2101e-01 -8.2067e-01 +1.1897e+00
% f evaluations | g evaluations | best noise-free fitness - Fopt (-6.708000000000e+01) + sum g_i+ | measured fitness | best measured fitness or single-digit g-values | x1 | x2...
1 0 +1.033747614e+04 +1.027039614e+04 +1.027039614e+04 +0.0000e+00 +0.0000e+00 +0.0000e+00 +0.0000e+00 +0.0000e+00 +0.0000e+00 +0.0000e+00 +0.0000e+00 +0.0000e+00 +0.0000e+00
3 0 +1.033746203e+04 +1.027038203e+04 +1.027038203e+04 +1.0000e-01 +0.0000e+00 +0.0000e+00 +0.0000e+00 +0.0000e+00 +0.0000e+00 +0.0000e+00 +0.0000e+00 +0.0000e+00 +0.0000e+00
10 0 +9.852746393e+03 +9.785666393e+03 +9.785666393e+03 +0.0000e+00 +0.0000e+00 +0.0000e+00 +0.0000e+00 +0.0000e+00 +0.0000e+00 +0.0000e+00 +1.0000e-01 +0.0000e+00 +0.0000e+00
13 0 +8.539942541e+03 +8.472862541e+03 +8.472862541e+03 +9.8540e-07 +6.2929e-06 -9.1047e-06 +1.0843e-05 -1.0567e-03 +6.1720e-03 -2.0468e-02 +1.3385e-01 -6.0976e-02 -6.8395e-02
14 0 +4.247216057e+03 +4.180136057e+03 +4.180136057e+03 +5.0046e-06 +3.1960e-05 -4.6240e-05 +5.5066e-05 -5.3667e-03 +3.1346e-02 -1.0395e-01 +2.4656e-01 -3.0968e-01 -3.4736e-01
15 0 +2.753511916e+03 +2.686431916e+03 +2.686431916e+03 +5.7444e-02 +5.7483e-02 +5.7368e-02 +5.7517e-02 +4.9549e-02 +1.0351e-01 -9.5343e-02 +4.1749e-01 -3.9770e-01 -4.5308e-01
16 0 +1.676197468e+03 +1.609117468e+03 +1.609117468e+03 +5.5593e-02 +5.5643e-02 +5.5497e-02 +5.5687e-02 +4.5564e-02 +1.1411e-01 -1.3850e-01 +3.9127e-01 -5.2261e-01 -5.9296e-01
17 0 +1.421892094e+03 +1.354812094e+03 +1.354812094e+03 +4.1503e-02 +4.1558e-02 +4.1401e-02 +4.1604e-02 +3.0734e-02 +1.0434e-01 -1.6692e-01 +4.4189e-01 -5.7938e-01 -5.8020e-01
18 0 +1.277702103e+03 +1.210622103e+03 +1.210622103e+03 +3.3112e-02 +3.3169e-02 +3.3006e-02 +3.3217e-02 +2.1941e-02 +9.8293e-02 -1.8309e-01 +4.6913e-01 -5.5640e-01 -6.2105e-01
25 0 +1.214716571e+03 +1.147636571e+03 +1.147636571e+03 +3.1643e-02 +3.1699e-02 +3.8820e-02 +2.2240e-02 +2.8298e-02 +8.9171e-02 -1.6636e-01 +4.7772e-01 -5.6865e-01 -6.3528e-01
26 0 +1.173384681e+03 +1.106304681e+03 +1.106304681e+03 +3.0491e-02 +3.0548e-02 +3.7673e-02 +2.1063e-02 +2.7012e-02 +8.9154e-02 -1.7001e-01 +4.7769e-01 -5.7454e-01 -6.4199e-01
27 0 +9.991793803e+02 +9.320993803e+02 +9.320993803e+02 +2.9880e-02 +2.9942e-02 +3.7086e-02 +2.0326e-02 +2.5778e-02 +9.3906e-02 -1.8220e-01 +4.9499e-01 -5.9632e-01 -6.6752e-01
28 0 +4.661256746e+02 +3.990456746e+02 +3.990456746e+02 +2.8416e-02 +2.8494e-02 +2.4329e-02 -2.3514e-02 +1.0603e-02 +1.0413e-01 -2.3793e-01 +5.5082e-01 -6.8130e-01 -7.6617e-01
29 0 +3.934796186e+02 +3.263996186e+02 +3.263996186e+02 +3.3327e-02 +3.3410e-02 +3.3199e-02 -4.2098e-03 +1.8959e-02 +1.1631e-01 -2.3839e-01 +5.8857e-01 -6.9073e-01 -7.7866e-01
30 0 +3.043488354e+02 +2.372688354e+02 +2.372688354e+02 +4.2546e-02 +4.2630e-02 +2.7924e-02 -4.8592e-02 +1.3047e-02 +1.2026e-01 -2.5442e-01 +6.2641e-01 -7.0620e-01 -7.9728e-01
31 0 +2.241366535e+02 +1.570566535e+02 +1.570566535e+02 +2.6993e-02 +2.7085e-02 +2.0248e-02 -3.9538e-02 +4.7470e-03 +1.1332e-01 -2.7301e-01 +6.3678e-01 -7.2980e-01 -8.2428e-01
32 0 +1.996081930e+02 +1.325281930e+02 +1.325281930e+02 +3.1670e-02 +3.1764e-02 +2.3448e-02 -3.9912e-02 +7.7743e-03 +1.1873e-01 -2.7284e-01 +6.3177e-01 -7.3107e-01 -8.4248e-01
33 0 +1.923572074e+02 +1.252772074e+02 +1.252772074e+02 +3.3752e-02 +3.3846e-02 +2.4898e-02 -3.9990e-02 +9.1463e-03 +1.2114e-01 -2.7276e-01 +6.2992e-01 -7.4277e-01 -8.4054e-01
36 0 +1.901154454e+02 +1.230354454e+02 +1.230354454e+02 +3.1663e-02 +3.1741e-02 +4.3735e-02 -4.2089e-02 +7.7063e-03 +1.1900e-01 -2.8113e-01 +6.2886e-01 -7.4141e-01 -8.3901e-01
38 0 +1.842301671e+02 +1.171501671e+02 +1.171501671e+02 +2.5019e-02 +4.1955e-02 +3.9863e-02 -3.9302e-02 +3.6644e-03 +1.2985e-01 -2.9228e-01 +6.2679e-01 -7.3877e-01 -8.3601e-01
39 0 +1.605279430e+02 +9.344794298e+01 +9.344794298e+01 +2.5417e-02 +4.2192e-02 +4.0268e-02 -3.8635e-02 +3.6374e-03 +1.3320e-01 -2.9804e-01 +6.3373e-01 -7.4496e-01 -8.4567e-01
40 0 +1.101987712e+02 +4.311877116e+01 +4.311877116e+01 +2.2911e-02 +3.9248e-02 +3.4185e-02 -5.4123e-02 -3.4607e-03 +1.3441e-01 -3.1780e-01 +6.3038e-01 -7.6274e-01 -8.7192e-01
41 0 +9.274106480e+01 +2.566106480e+01 +2.566106480e+01 +2.4536e-02 +4.0705e-02 +3.6251e-02 -5.1143e-02 -1.8426e-03 +1.3466e-01 -3.2141e-01 +6.4103e-01 -7.6972e-01 -8.8275e-01
42 0 +8.335574480e+01 +1.627574480e+01 +1.627574480e+01 +2.2391e-02 +3.8437e-02 +3.6198e-02 -4.5420e-02 -2.1659e-03 +1.3717e-01 -3.2538e-01 +6.3791e-01 -7.7401e-01 -8.8939e-01
43 0 +7.363680323e+01 +6.556803234e+00 +6.556803234e+00 +2.4319e-02 +4.0209e-02 +3.6696e-02 -4.7743e-02 -1.9940e-03 +1.4231e-01 -3.2950e-01 +6.3859e-01 -7.7749e-01 -8.9566e-01
45 0 +7.004534352e+01 +2.965343518e+00 +2.965343518e+00 +2.9496e-02 +4.5320e-02 +3.8401e-02 -5.4150e-02 -4.1502e-04 +1.4710e-01 -3.2951e-01 +6.3938e-01 -7.7667e-01 -8.9943e-01
47 0 +6.899614107e+01 +1.916141070e+00 +1.916141070e+00 +2.8952e-02 +4.6185e-02 +3.8543e-02 -5.4209e-02 -7.7383e-04 +1.4672e-01 -3.3019e-01 +6.3944e-01 -7.7705e-01 -9.0041e-01
52 0 +6.723328567e+01 +1.532856720e-01 +1.532856720e-01 +2.9982e-02 +4.5561e-02 +3.8231e-02 -5.3919e-02 -7.3835e-04 +1.4645e-01 -3.3205e-01 +6.3994e-01 -7.7648e-01 -9.0205e-01
% f evaluations | g evaluations | best noise-free fitness - Fopt (5.027000000000e+01) + sum g_i+ | measured fitness | best measured fitness or single-digit g-values | x1 | x2...
1 0 +1.033747614e+04 +1.038774614e+04 +1.038774614e+04 +0.0000e+00 +0.0000e+00 +0.0000e+00 +0.0000e+00 +0.0000e+00 +0.0000e+00 +0.0000e+00 +0.0000e+00 +0.0000e+00 +0.0000e+00
3 0 +1.033746203e+04 +1.038773203e+04 +1.038773203e+04 +1.0000e-01 +0.0000e+00 +0.0000e+00 +0.0000e+00 +0.0000e+00 +0.0000e+00 +0.0000e+00 +0.0000e+00 +0.0000e+00 +0.0000e+00
10 0 +9.852746393e+03 +9.903016393e+03 +9.903016393e+03 +0.0000e+00 +0.0000e+00 +0.0000e+00 +0.0000e+00 +0.0000e+00 +0.0000e+00 +0.0000e+00 +1.0000e-01 +0.0000e+00 +0.0000e+00
13 0 +8.539769466e+03 +8.590039466e+03 +8.590039466e+03 +9.8384e-07 +6.2830e-06 +6.7621e-06 +1.0825e-05 +9.4108e-04 -8.3494e-03 -2.0436e-02 +1.3380e-01 -6.0880e-02 -6.8287e-02
14 0 +4.245637243e+03 +4.295907243e+03 +4.295907243e+03 +4.9977e-06 +3.1916e-05 +3.4350e-05 +5.4991e-05 +4.7804e-03 -4.2413e-02 -1.0381e-01 +2.4590e-01 -3.0926e-01 -3.4688e-01
15 0 +2.612446093e+03 +2.662716093e+03 +2.662716093e+03 +5.8855e-02 +5.8896e-02 +5.8899e-02 +5.8931e-02 +6.6165e-02 -6.0815e-03 -1.0007e-01 +4.3303e-01 -4.1458e-01 -4.7218e-01
16 0 +1.615741693e+03 +1.666011693e+03 +1.666011693e+03 +5.5597e-02 +5.5648e-02 +5.5653e-02 +5.5692e-02 +6.4709e-02 -2.5340e-02 -1.4249e-01 +4.0149e-01 -5.3450e-01 -6.0629e-01
17 0 +1.379344872e+03 +1.429614872e+03 +1.429614872e+03 +4.1300e-02 +4.1355e-02 +4.1360e-02 +4.1402e-02 +5.1022e-02 -4.5055e-02 -1.7005e-01 +4.4859e-01 -5.8830e-01 -5.8980e-01
18 0 +1.235796100e+03 +1.286066100e+03 +1.286066100e+03 +3.2306e-02 +3.2363e-02 +3.2368e-02 +3.2412e-02 +4.2379e-02 -5.7163e-02 -1.8666e-01 +4.7540e-01 -5.6370e-01 -6.2946e-01
20 0 +1.225849289e+03 +1.276119289e+03 +1.276119289e+03 +2.6249e-02 +2.6306e-02 +2.6311e-02 +2.6355e-02 +3.6398e-02 -4.7397e-02 -1.6790e-01 +4.7987e-01 -5.6957e-01 -6.3617e-01
25 0 +1.197461712e+03 +1.247731712e+03 +1.247731712e+03 +3.8984e-02 +3.9037e-02 +2.7335e-02 +2.7378e-02 +2.6862e-02 -4.5148e-02 -1.6715e-01 +4.8732e-01 -5.7272e-01 -6.4019e-01
26 0 +1.152444739e+03 +1.202714739e+03 +1.202714739e+03 +3.8906e-02 +3.8961e-02 +2.7256e-02 +2.7301e-02 +2.7401e-02 -4.6432e-02 -1.7032e-01 +4.8938e-01 -5.7868e-01 -6.4714e-01
27 0 +9.806817220e+02 +1.030951722e+03 +1.030951722e+03 +3.7996e-02 +3.8057e-02 +2.6340e-02 +2.6393e-02 +2.7218e-02 -5.2169e-02 -1.8373e-01 +5.0564e-01 -6.0032e-01 -6.7265e-01
28 0 +4.431738618e+02 +4.934438618e+02 +4.934438618e+02 +3.3590e-02 +3.3676e-02 +2.1908e-02 +2.1990e-02 +2.3355e-02 -7.5662e-02 -2.3777e-01 +5.8075e-01 -6.8291e-01 -7.7049e-01
29 0 +2.068122343e+02 +2.570822343e+02 +2.570822343e+02 +2.7724e-02 +2.7831e-02 +1.6015e-02 +1.6123e-02 +1.0080e-02 -9.5256e-02 -2.7993e-01 +6.7078e-01 -7.3246e-01 -8.3065e-01
30 0 +1.864701692e+02 +2.367401692e+02 +2.367401692e+02 +2.2493e-02 +2.2600e-02 +1.0781e-02 +1.0891e-02 +3.8020e-03 -1.0116e-01 -2.8696e-01 +6.5966e-01 -7.3957e-01 -8.3828e-01
31 0 +1.259260691e+02 +1.761960691e+02 +1.761960691e+02 +1.1840e-02 +1.1959e-02 +1.1150e-04 +2.3503e-04 -1.7035e-02 -1.1726e-01 -3.1251e-01 +7.0572e-01 -7.5692e-01 -8.5953e-01
32 0 +9.678948778e+01 +1.470594878e+02 +1.470594878e+02 +1.6902e-02 +1.7024e-02 +5.1679e-03 +5.2962e-03 -1.1987e-02 -1.1480e-01 -3.1432e-01 +7.0518e-01 -7.6049e-01 -8.9019e-01
33 0 +9.083193341e+01 +1.411019334e+02 +1.411019334e+02 +1.9254e-02 +1.9377e-02 +7.5175e-03 +7.6480e-03 -9.6347e-03 -1.1366e-01 -3.1516e-01 +7.0550e-01 -7.7980e-01 -8.8848e-01
37 0 +8.832451798e+01 +1.385945180e+02 +1.385945180e+02 +1.7343e-02 +3.8669e-02 +1.9017e-03 +5.5214e-03 -1.0471e-02 -1.1745e-01 -3.1955e-01 +7.0461e-01 -7.7866e-01 -8.8719e-01
38 0 +8.653306712e+01 +1.368030671e+02 +1.368030671e+02 +1.6346e-02 +3.7670e-02 +2.5067e-05 +7.8241e-03 -6.6288e-03 -1.1913e-01 -3.2157e-01 +7.0471e-01 -7.7845e-01 -8.8708e-01
40 0 +7.596337317e+01 +1.262333732e+02 +1.262333732e+02 +1.5605e-02 +3.6932e-02 +1.6250e-03 -9.3429e-04 -1.8522e-03 -1.2313e-01 -3.2698e-01 +7.0542e-01 -7.8177e-01 -8.9421e-01
41 0 +4.882618709e+01 +9.909618709e+01 +9.909618709e+01 +2.0058e-02 +4.1399e-02 +6.7965e-03 +3.5845e-03 +3.1262e-03 -1.3280e-01 -3.4259e-01 +7.2641e-01 -7.9038e-01 -9.1944e-01
42 0 +2.877179236e+01 +7.904179236e+01 +7.904179236e+01 +2.2646e-02 +4.4000e-02 +1.0189e-02 +6.2478e-03 +9.6818e-03 -1.4425e-01 -3.5769e-01 +7.1183e-01 -8.0178e-01 -9.4814e-01
43 0 +1.615833453e+01 +6.642833453e+01 +6.642833453e+01 +1.4893e-02 +3.6259e-02 +3.1369e-03 -1.4412e-03 +5.9482e-04 -1.6430e-01 -3.8123e-01 +7.2138e-01 -8.1645e-01 -9.5317e-01
44 0 +9.980899475e+00 +6.025089947e+01 +6.025089947e+01 +2.1264e-02 +4.2644e-02 +1.4836e-02 -1.0905e-02 +2.4139e-02 -1.7501e-01 -3.9558e-01 +7.3284e-01 -8.2634e-01 -9.6690e-01
47 0 +9.463526464e+00 +5.973352646e+01 +5.973352646e+01 +2.8667e-02 +4.4700e-02 +2.0251e-02 -1.8502e-02 +1.3630e-02 -1.7872e-01 -3.9684e-01 +7.3355e-01 -8.1884e-01 -9.7412e-01
48 0 +8.523255048e+00 +5.879325505e+01 +5.879325505e+01 +2.6485e-02 +4.9480e-02 +2.3734e-02 -1.5883e-02 +1.2394e-02 -1.7704e-01 -4.0282e-01 +7.3245e-01 -8.1689e-01 -9.7124e-01
49 0 +7.844104067e+00 +5.811410407e+01 +5.811410407e+01 +3.1087e-02 +5.2247e-02 +1.9670e-02 -1.0085e-02 +1.1915e-02 -1.8065e-01 -4.0497e-01 +7.3346e-01 -8.1725e-01 -9.7267e-01
51 0 +7.723599470e+00 +5.799359947e+01 +5.799359947e+01 +2.8961e-02 +4.8955e-02 +2.3591e-02 -5.2303e-03 +9.7739e-03 -1.7985e-01 -4.0672e-01 +7.3547e-01 -8.1972e-01 -9.7789e-01
52 0 +7.419467631e+00 +5.768946763e+01 +5.768946763e+01 +2.8746e-02 +4.8742e-02 +2.3460e-02 -5.4366e-03 +1.0652e-02 -1.8116e-01 -4.0781e-01 +7.2628e-01 -8.2125e-01 -9.8096e-01
53 0 +6.039114513e+00 +5.630911451e+01 +5.630911451e+01 +2.7662e-02 +4.7522e-02 +2.2772e-02 -7.4073e-03 +1.0584e-02 -1.8649e-01 -4.1563e-01 +7.2705e-01 -8.2260e-01 -9.7998e-01
54 0 +5.133257282e+00 +5.540325728e+01 +5.540325728e+01 +2.9504e-02 +4.9132e-02 +2.5164e-02 -7.0940e-03 +1.4904e-02 -1.8989e-01 -4.2298e-01 +7.2727e-01 -8.2107e-01 -9.8123e-01
55 0 +4.486550875e+00 +5.475655087e+01 +5.475655087e+01 +2.8694e-02 +4.8056e-02 +2.3555e-02 -5.1125e-03 +1.1821e-02 -1.9349e-01 -4.3052e-01 +7.2559e-01 -8.1855e-01 -9.7943e-01
56 0 +4.306718012e+00 +5.457671801e+01 +5.457671801e+01 +3.0410e-02 +5.2285e-02 +2.4006e-02 -6.8212e-03 +9.7078e-03 -1.9426e-01 -4.3599e-01 +7.2580e-01 -8.2495e-01 -9.7924e-01
57 0 +4.262219055e+00 +5.453221905e+01 +5.453221905e+01 +3.4144e-02 +4.8492e-02 +2.2558e-02 -1.0384e-02 +9.1612e-03 -2.0011e-01 -4.3758e-01 +7.2704e-01 -8.2444e-01 -9.8348e-01
68 0 +4.162656353e+00 +5.443265635e+01 +5.443265635e+01 +3.8676e-02 +4.4257e-02 +2.4943e-02 -5.7566e-03 +1.4086e-02 -2.0197e-01 -4.4302e-01 +7.1696e-01 -8.2517e-01 -9.7960e-01
70 0 +3.981033955e+00 +5.425103395e+01 +5.425103395e+01 +4.1259e-02 +4.5525e-02 +2.7817e-02 -2.3939e-03 +1.2571e-02 -1.9570e-01 -4.3829e-01 +7.0442e-01 -8.1616e-01 -9.7284e-01
86 0 +3.888973286e+00 +5.415897329e+01 +5.415897329e+01 +4.3091e-02 +4.5841e-02 +2.8417e-02 -1.3703e-03 +1.1521e-02 -1.9809e-01 -4.4242e-01 +7.0112e-01 -8.1469e-01 -9.7226e-01
% f evaluations | g evaluations | best noise-free fitness - Fopt (-8.081200000000e+02) + sum g_i+ | measured fitness | best measured fitness or single-digit g-values | x1 | x2...
1 0 +1.033747614e+04 +9.529356136e+03 +9.529356136e+03 +0.0000e+00 +0.0000e+00 +0.0000e+00 +0.0000e+00 +0.0000e+00 +0.0000e+00 +0.0000e+00 +0.0000e+00 +0.0000e+00 +0.0000e+00
3 0 +1.033746203e+04 +9.529342025e+03 +9.529342025e+03 +1.0000e-01 +0.0000e+00 +0.0000e+00 +0.0000e+00 +0.0000e+00 +0.0000e+00 +0.0000e+00 +0.0000e+00 +0.0000e+00 +0.0000e+00
9 0 +1.008410157e+04 +9.275981570e+03 +9.275981570e+03 +0.0000e+00 +0.0000e+00 +0.0000e+00 +0.0000e+00 +0.0000e+00 +0.0000e+00 +1.0000e-01 +0.0000e+00 +0.0000e+00 +0.0000e+00
13 0 +8.753546656e+03 +7.945426656e+03 +7.945426656e+03 +9.7633e-07 -2.1520e-06 -9.0210e-06 -1.3666e-05 -1.0470e-03 -8.2857e-03 +1.1753e-01 -3.7158e-02 -6.0415e-02 -6.7766e-02
14 0 +4.417883131e+03 +3.609763131e+03 +3.609763131e+03 +2.1703e-02 +2.1686e-02 +2.1650e-02 +2.1625e-02 +1.6152e-02 -2.2187e-02 +2.1455e-01 -1.7511e-01 -2.9829e-01 -3.3722e-01
15 0 +2.502409294e+03 +1.694289294e+03 +1.694289294e+03 +7.7394e-02 +7.7367e-02 +7.7308e-02 +7.7268e-02 +6.8373e-02 +6.0617e-03 +3.2830e-01 -2.4247e-01 -4.4268e-01 -5.0595e-01
16 0 +1.951570607e+03 +1.143450607e+03 +1.143450607e+03 +6.0106e-02 +6.0076e-02 +6.0010e-02 +5.9965e-02 +5.0034e-02 -1.9542e-02 +3.2860e-01 -2.9704e-01 -5.2059e-01 -5.2889e-01
17 0 +1.496914634e+03 +6.887946337e+02 +6.887946337e+02 +8.2129e-02 +8.2094e-02 +8.2018e-02 +8.1967e-02 +7.0564e-02 -9.3187e-03 +3.7559e-01 -3.2793e-01 -5.8460e-01 -5.6817e-01
19 0 +1.346335455e+03 +5.382154551e+02 +5.382154551e+02 +8.2939e-02 +8.2904e-02 +8.2825e-02 +8.2773e-02 +7.1002e-02 -1.1450e-02 +3.8262e-01 -4.1369e-01 -5.3038e-01 -6.0763e-01
26 0 +1.293033919e+03 +4.849139194e+02 +4.849139194e+02 +7.0132e-02 +8.4239e-02 +8.4269e-02 +8.4217e-02 +7.2629e-02 -7.8226e-03 +3.8403e-01 -4.1858e-01 -5.3796e-01 -6.1478e-01
27 0 +1.109012800e+03 +3.008927995e+02 +3.008927995e+02 +7.2725e-02 +8.6832e-02 +8.6883e-02 +8.6827e-02 +7.4050e-02 -1.1020e-02 +3.9259e-01 -4.3115e-01 -5.5919e-01 -6.4442e-01
28 0 +8.879738063e+02 +7.985380632e+01 +7.985380632e+01 +8.0860e-02 +9.4967e-02 +9.5820e-02 +9.5759e-02 +8.1262e-02 -1.0198e-02 +4.1058e-01 -4.4206e-01 -5.8125e-01 -6.9224e-01
30 0 +8.263200793e+02 +1.820007929e+01 +1.820007929e+01 +7.8196e-02 +9.2303e-02 +9.3130e-02 +9.3067e-02 +7.7787e-02 -1.0336e-02 +4.1381e-01 -4.4890e-01 -5.9109e-01 -7.0210e-01
36 0 +8.103832038e+02 +2.263203799e+00 +2.263203799e+00 +7.8483e-02 +9.2591e-02 +1.0218e-01 +8.4732e-02 +7.7944e-02 -1.0792e-02 +4.1478e-01 -4.5015e-01 -5.9349e-01 -7.0512e-01
% f evaluations | g evaluations | best noise-free fitness - Fopt (3.865000000000e+01) + sum g_i+ | measured fitness | best measured fitness or single-digit g-values | x1 | x2...
1 0 +1.033747614e+04 +1.037612614e+04 +1.037612614e+04 +0.0000e+00 +0.0000e+00 +0.0000e+00 +0.0000e+00 +0.0000e+00 +0.0000e+00 +0.0000e+00 +0.0000e+00 +0.0000e+00 +0.0000e+00
3 0 +1.033746203e+04 +1.037611203e+04 +1.037611203e+04 +1.0000e-01 +0.0000e+00 +0.0000e+00 +0.0000e+00 +0.0000e+00 +0.0000e+00 +0.0000e+00 +0.0000e+00 +0.0000e+00 +0.0000e+00
9 0 +1.008410157e+04 +1.012275157e+04 +1.012275157e+04 +0.0000e+00 +0.0000e+00 +0.0000e+00 +0.0000e+00 +0.0000e+00 +0.0000e+00 +1.0000e-01 +0.0000e+00 +0.0000e+00 +0.0000e+00
10 0 +9.852746393e+03 +9.891396393e+03 +9.891396393e+03 +0.0000e+00 +0.0000e+00 +0.0000e+00 +0.0000e+00 +0.0000e+00 +0.0000e+00 +0.0000e+00 +1.0000e-01 +0.0000e+00 +0.0000e+00
11 0 +9.530770868e+03 +9.569420868e+03 +9.569420868e+03 +0.0000e+00 +0.0000e+00 +0.0000e+00 +0.0000e+00 +0.0000e+00 +0.0000e+00 +0.0000e+00 +0.0000e+00 +1.0000e-01 +0.0000e+00
13 0 +8.161549860e+03 +8.200199860e+03 +8.200199860e+03 +1.0599e-06 -2.3362e-06 -9.7930e-06 +1.1662e-05 -1.1366e-03 -8.9948e-03 +1.9032e-02 +3.6409e-02 +6.0594e-02 +1.6752e-01
14 0 +4.010720324e+03 +4.049370324e+03 +4.049370324e+03 -9.7741e-03 -9.7916e-03 -9.8301e-03 -9.7194e-03 -1.5646e-02 -5.6204e-02 +8.8447e-02 +1.7814e-01 +3.0296e-01 +4.3868e-01
15 0 +1.746733391e+03 +1.785383391e+03 +1.785383391e+03 -5.7325e-02 -5.7356e-02 -5.7426e-02 -5.7226e-02 -6.7912e-02 -1.4105e-01 +1.1979e-01 +2.8152e-01 +5.0659e-01 +6.7101e-01
16 0 +1.291855885e+03 +1.330505885e+03 +1.330505885e+03 -1.0097e-01 -1.0100e-01 -1.0109e-01 -1.0085e-01 -1.1359e-01 -2.0080e-01 +1.1024e-01 +3.0311e-01 +5.7152e-01 +7.4833e-01
17 0 +9.472105223e+02 +9.858605223e+02 +9.858605223e+02 -8.7053e-02 -8.7094e-02 -8.7183e-02 -8.6927e-02 -1.0065e-01 -1.9456e-01 +1.4037e-01 +3.4804e-01 +6.3705e-01 +7.6601e-01
18 0 +8.575885258e+02 +8.962385258e+02 +8.962385258e+02 -8.2624e-02 -8.2666e-02 -8.2758e-02 -8.2494e-02 -9.6610e-02 -1.9321e-01 +1.5133e-01 +3.6496e-01 +6.1822e-01 +8.0703e-01
25 0 +8.505375067e+02 +8.891875067e+02 +8.891875067e+02 -7.9294e-02 -7.9335e-02 -8.3502e-02 -9.1374e-02 -9.0132e-02 -1.8167e-01 +1.5297e-01 +3.4829e-01 +6.2888e-01 +8.1982e-01
27 0 +8.021020017e+02 +8.407520017e+02 +8.407520017e+02 -8.2567e-02 -8.2611e-02 -8.6768e-02 -9.4104e-02 -9.3504e-02 -1.8654e-01 +1.5582e-01 +3.5467e-01 +6.3760e-01 +8.2755e-01
28 0 +6.661346697e+02 +7.047846697e+02 +7.047846697e+02 -8.2750e-02 -8.2805e-02 -8.6909e-02 -9.4342e-02 -9.3490e-02 -1.8887e-01 +1.7272e-01 +3.7778e-01 +6.5761e-01 +8.4690e-01
29 0 +2.606109980e+02 +2.992609980e+02 +2.992609980e+02 -8.4787e-02 -8.4890e-02 -8.8769e-02 -9.7395e-02 -9.4570e-02 -1.9892e-01 +2.4043e-01 +4.6966e-01 +7.3369e-01 +9.2853e-01
30 0 +1.216370253e+02 +1.602870253e+02 +1.602870253e+02 -9.0405e-02 -9.0547e-02 -9.4240e-02 -1.0630e-01 -9.9005e-02 -2.0781e-01 +2.8449e-01 +5.2707e-01 +7.6966e-01 +9.9509e-01
31 0 +7.600557776e+01 +1.146555778e+02 +1.146555778e+02 -9.6565e-02 -9.6733e-02 -1.0029e-01 -1.1614e-01 -1.0411e-01 -2.1450e-01 +3.0967e-01 +5.5826e-01 +7.8093e-01 +1.0424e+00
32 0 +6.867772431e+01 +1.073277243e+02 +1.073277243e+02 -9.1497e-02 -9.1667e-02 -9.5217e-02 -1.1140e-01 -9.8880e-02 -2.0888e-01 +3.1590e-01 +5.6378e-01 +7.8330e-01 +1.0412e+00
33 0 +6.068553435e+01 +9.933553435e+01 +9.933553435e+01 -9.3297e-02 -9.3470e-02 -9.7004e-02 -1.1336e-01 -1.0057e-01 -2.1088e-01 +3.1829e-01 +5.6719e-01 +8.0011e-01 +1.0353e+00
41 0 +5.944848163e+01 +9.809848163e+01 +9.809848163e+01 -8.7514e-02 -1.0182e-01 -9.7282e-02 -1.1182e-01 -1.0080e-01 -2.1115e-01 +3.1926e-01 +5.6833e-01 +8.0027e-01 +1.0372e+00
42 0 +5.747449409e+01 +9.612449409e+01 +9.612449409e+01 -8.7480e-02 -1.0179e-01 -9.7264e-02 -1.1179e-01 -1.0076e-01 -2.1145e-01 +3.2096e-01 +5.6990e-01 +8.0095e-01 +1.0371e+00
43 0 +5.003539966e+01 +8.868539966e+01 +8.868539966e+01 -8.7968e-02 -1.0229e-01 -9.7827e-02 -1.1223e-01 -1.0129e-01 -2.1350e-01 +3.2752e-01 +5.7608e-01 +8.0374e-01 +1.0367e+00
44 0 +2.693307164e+01 +6.558307164e+01 +6.558307164e+01 -9.2071e-02 -1.0645e-01 -1.0224e-01 -1.1591e-01 -1.0561e-01 -2.2445e-01 +3.5244e-01 +5.9980e-01 +8.1494e-01 +1.0356e+00
45 0 +1.734550134e+01 +5.599550134e+01 +5.599550134e+01 -9.1273e-02 -1.0561e-01 -9.3338e-02 -8.9610e-02 -9.6664e-02 -2.1783e-01 +3.6994e-01 +6.1361e-01 +8.2211e-01 +1.0187e+00
46 0 +5.426410661e+00 +4.407641066e+01 +4.407641066e+01 -1.1457e-01 -1.2896e-01 -1.0998e-01 -8.7735e-02 -1.1374e-01 -2.5015e-01 +4.0730e-01 +6.4912e-01 +8.4371e-01 +1.0048e+00
47 0 +4.820988804e+00 +4.347098880e+01 +4.347098880e+01 -9.7210e-02 -1.2209e-01 -1.0702e-01 -1.0224e-01 -1.1077e-01 -2.4931e-01 +4.1834e-01 +6.5829e-01 +8.4841e-01 +9.9645e-01
49 0 +4.722332336e+00 +4.337233234e+01 +4.337233234e+01 -9.6473e-02 -1.2005e-01 -1.0340e-01 -9.8392e-02 -1.0749e-01 -2.5056e-01 +4.2551e-01 +6.7010e-01 +8.3977e-01 +1.0120e+00
53 0 +4.676144496e+00 +4.332614450e+01 +4.332614450e+01 -8.7997e-02 -1.2277e-01 -1.1157e-01 -9.2855e-02 -1.0378e-01 -2.5547e-01 +4.3147e-01 +6.6211e-01 +8.4124e-01 +1.0155e+00
62 0 +4.418818831e+00 +4.306881883e+01 +4.306881883e+01 -8.6736e-02 -1.2276e-01 -1.1380e-01 -8.9543e-02 -9.9635e-02 -2.4981e-01 +4.2604e-01 +6.4819e-01 +8.3053e-01 +1.0075e+00
68 0 +4.364881645e+00 +4.301488165e+01 +4.301488165e+01 -8.7011e-02 -1.2053e-01 -1.1660e-01 -9.2498e-02 -1.0292e-01 -2.5140e-01 +4.3126e-01 +6.4597e-01 +8.2904e-01 +1.0033e+00
84 0 +4.245583009e+00 +4.289558301e+01 +4.289558301e+01 -8.9032e-02 -1.2426e-01 -1.1941e-01 -9.6403e-02 -1.0545e-01 -2.4861e-01 +4.2937e-01 +6.4124e-01 +8.1737e-01 +1.0044e+00
% f evaluations | g evaluations | best noise-free fitness - Fopt (2.000700000000e+02) + sum g_i+ | measured fitness | best measured fitness or single-digit g-values | x1 | x2...
1 0 +1.033747614e+04 +1.053754614e+04 +1.053754614e+04 +0.0000e+00 +0.0000e+00 +0.0000e+00 +0.0000e+00 +0.0000e+00 +0.0000e+00 +0.0000e+00 +0.0000e+00 +0.0000e+00 +0.0000e+00
7 0 +1.032397891e+04 +1.052404891e+04 +1.052404891e+04 +0.0000e+00 +0.0000e+00 +0.0000e+00 +0.0000e+00 +1.0000e-01 +0.0000e+00 +0.0000e+00 +0.0000e+00 +0.0000e+00 +0.0000e+00
10 0 +9.852746393e+03 +1.005281639e+04 +1.005281639e+04 +0.0000e+00 +0.0000e+00 +0.0000e+00 +0.0000e+00 +0.0000e+00 +0.0000e+00 +0.0000e+00 +1.0000e-01 +0.0000e+00 +0.0000e+00
12 0 +9.438621227e+03 +9.638691227e+03 +9.638691227e+03 +0.0000e+00 +0.0000e+00 +0.0000e+00 +0.0000e+00 +0.0000e+00 +0.0000e+00 +0.0000e+00 +0.0000e+00 +0.0000e+00 +1.0000e-01
13 0 +8.161287427e+03 +8.361357427e+03 +8.361357427e+03 -7.2672e-07 -2.2530e-06 -9.4442e-06 -1.4307e-05 +9.7771e-04 -8.6745e-03 -2.1232e-02 +3.5113e-02 -6.3250e-02 +1.6511e-01
14 0 +3.994714673e+03 +4.194784673e+03 +4.194784673e+03 -3.7200e-06 -1.1533e-05 -4.8344e-05 -7.3237e-05 +5.0048e-03 -4.4403e-02 -1.0868e-01 +1.7974e-01 -3.2377e-01 +4.1466e-01
15 0 +1.610617730e+03 +1.810687730e+03 +1.810687730e+03 -6.7301e-06 -2.0865e-05 -8.7463e-05 -1.3250e-04 +9.0546e-03 -8.0334e-02 -1.9662e-01 +3.2518e-01 -5.8576e-01 +5.7906e-01
16 0 +9.572105886e+02 +1.157280589e+03 +1.157280589e+03 -8.3054e-06 -2.5748e-05 -1.0793e-04 -1.6351e-04 +1.1174e-02 -9.9137e-02 -2.4265e-01 +4.0129e-01 -7.2286e-01 +6.1600e-01
17 0 +7.074113173e+02 +9.074813173e+02 +9.074813173e+02 -9.3608e-06 -2.9020e-05 -1.2165e-04 -1.8429e-04 +1.2594e-02 -1.1174e-01 -2.7348e-01 +4.5229e-01 -8.1472e-01 +6.2099e-01
18 0 +5.269930447e+02 +7.270630447e+02 +7.270630447e+02 -9.8113e-06 -3.0417e-05 -1.2750e-04 -1.9316e-04 +1.3200e-02 -1.1711e-01 -2.8664e-01 +4.7405e-01 -8.0655e-01 +6.7871e-01
19 0 +5.239782564e+02 +7.240482564e+02 +7.240482564e+02 -9.8113e-06 -3.0417e-05 -1.2750e-04 -1.9316e-04 +1.3200e-02 -1.1711e-01 -3.9142e-01 +4.1070e-01 -8.0655e-01 +6.7871e-01
21 0 +5.050119842e+02 +7.050819842e+02 +7.050819842e+02 -9.9231e-06 -3.0764e-05 -1.2896e-04 -1.9536e-04 +1.3350e-02 -1.1294e-01 -3.8167e-01 +3.9452e-01 -8.2163e-01 +6.9304e-01
27 0 +4.764757823e+02 +6.765457823e+02 +6.765457823e+02 -6.1620e-03 -5.2023e-05 -1.4787e-04 -2.5193e-02 +7.4203e-03 -1.1366e-01 -3.8473e-01 +3.9944e-01 -8.2578e-01 +7.0064e-01
28 0 +3.769483492e+02 +5.770183492e+02 +5.770183492e+02 -6.1948e-03 -6.4532e-05 -1.6817e-04 -2.5220e-02 +8.1682e-03 -1.1504e-01 -3.9391e-01 +4.1396e-01 -8.3090e-01 +7.3637e-01
29 0 +1.652367171e+02 +3.653067171e+02 +3.653067171e+02 -7.4018e-03 -1.1289e-04 -2.4154e-04 -2.5316e-02 +9.3474e-03 -1.1297e-01 -4.1213e-01 +4.4147e-01 -7.9581e-01 +8.8892e-01
30 0 +6.258510321e+01 +2.626551032e+02 +2.626551032e+02 -7.2295e-03 -1.4551e-04 -2.9734e-04 -2.5391e-02 +1.1947e-02 -1.2076e-01 -4.4578e-01 +4.9548e-01 -8.7190e-01 +9.4050e-01
33 0 +6.161737111e+01 +2.616873711e+02 +2.616873711e+02 -3.1915e-02 +6.7692e-03 -2.9541e-03 -2.5379e-02 +1.0281e-02 -1.2268e-01 -4.4597e-01 +4.9569e-01 -8.7267e-01 +9.4407e-01
35 0 +5.979168857e+01 +2.598616886e+02 +2.598616886e+02 -3.0803e-02 +6.3902e-03 -2.7844e-03 -2.5390e-02 +1.0339e-02 -1.2322e-01 -4.4590e-01 +4.9741e-01 -8.7268e-01 +9.5384e-01
36 0 +5.371755086e+01 +2.537875509e+02 +2.537875509e+02 -3.0925e-02 +6.4156e-03 -2.7911e-03 -2.5391e-02 +1.0321e-02 -1.2497e-01 -4.5011e-01 +5.0471e-01 -8.6773e-01 +9.5271e-01
37 0 +5.369847562e+01 +2.537684756e+02 +2.537684756e+02 -3.0917e-02 +6.4696e-03 -2.8222e-03 -3.5391e-02 +1.0390e-02 -1.2497e-01 -4.5011e-01 +5.0471e-01 -8.6772e-01 +9.5271e-01
40 0 +4.731972479e+01 +2.473897248e+02 +2.473897248e+02 -2.9951e-02 +1.0208e-02 -4.2484e-03 -3.5351e-02 +1.5623e-02 -1.2777e-01 -4.5317e-01 +5.1272e-01 -8.7214e-01 +9.5286e-01
41 0 +4.106438858e+01 +2.411343886e+02 +2.411343886e+02 -3.0055e-02 +1.0253e-02 -4.2027e-03 -3.5378e-02 +1.6300e-02 -1.3144e-01 -4.5568e-01 +5.2157e-01 -8.7133e-01 +9.5373e-01
42 0 +2.137282383e+01 +2.214428238e+02 +2.214428238e+02 -3.0586e-02 +1.0511e-02 -4.0384e-03 -3.5486e-02 +1.9045e-02 -1.4630e-01 -4.6498e-01 +5.5646e-01 -8.6411e-01 +9.5770e-01
43 0 +4.614507703e+00 +2.046845077e+02 +2.046845077e+02 -2.9547e-02 +1.0983e-02 -3.3957e-03 -1.0906e-01 +3.1030e-02 -1.9237e-01 -4.8574e-01 +6.5765e-01 -9.4760e-01 +9.7430e-01
50 0 +4.486099575e+00 +2.045560996e+02 +2.045560996e+02 -4.0835e-02 +8.6040e-03 -1.7032e-02 -1.0715e-01 +2.9731e-02 -1.9677e-01 -4.8736e-01 +6.6041e-01 -9.4869e-01 +9.5320e-01
54 0 +4.411279647e+00 +2.044812796e+02 +2.044812796e+02 -4.1303e-02 +5.4899e-03 -1.6024e-02 -1.1039e-01 +2.5058e-02 -1.9951e-01 -4.8380e-01 +6.5599e-01 -9.4590e-01 +9.5014e-01
56 0 +4.347728388e+00 +2.044177284e+02 +2.044177284e+02 -4.1359e-02 +5.1003e-03 -1.6779e-02 -1.1082e-01 +2.4075e-02 -1.9760e-01 -4.8143e-01 +6.5375e-01 -9.4501e-01 +9.4731e-01
57 0 +4.205206214e+00 +2.042752062e+02 +2.042752062e+02 -4.1760e-02 +3.9804e-03 -1.9732e-02 -1.1246e-01 +2.0628e-02 -1.8969e-01 -4.7052e-01 +6.4578e-01 -9.4166e-01 +9.3639e-01
60 0 +4.140637324e+00 +2.042106373e+02 +2.042106373e+02 -4.1416e-02 +8.8963e-03 -1.9915e-02 -1.1067e-01 +2.5539e-02 -1.9613e-01 -4.6455e-01 +6.4328e-01 -9.4246e-01 +9.3582e-01
72 0 +4.072665112e+00 +2.041426651e+02 +2.041426651e+02 -4.0805e-02 +8.5409e-03 -1.9743e-02 -1.1417e-01 +2.5032e-02 -1.9409e-01 -4.5883e-01 +6.4351e-01 -9.4411e-01 +9.3868e-01
99 0 +3.974589273e+00 +2.040445893e+02 +2.040445893e+02 -4.1282e-02 +5.9928e-03 -2.0802e-02 -1.1476e-01 +2.2061e-02 -1.9562e-01 -4.4903e-01 +6.3634e-01 -9.4471e-01 +9.3857e-01
% f evaluations | g evaluations | best noise-free fitness - Fopt (-3.889000000000e+01) + sum g_i+ | measured fitness | best measured fitness or single-digit g-values | x1 | x2...
1 0 +1.033747614e+04 +1.029858614e+04 +1.029858614e+04 +0.0000e+00 +0.0000e+00 +0.0000e+00 +0.0000e+00 +0.0000e+00 +0.0000e+00 +0.0000e+00 +0.0000e+00 +0.0000e+00 +0.0000e+00
5 0 +1.033737915e+04 +1.029848915e+04 +1.029848915e+04 +0.0000e+00 +0.0000e+00 +1.0000e-01 +0.0000e+00 +0.0000e+00 +0.0000e+00 +0.0000e+00 +0.0000e+00 +0.0000e+00 +0.0000e+00
11 0 +9.530770868e+03 +9.491880868e+03 +9.491880868e+03 +0.0000e+00 +0.0000e+00 +0.0000e+00 +0.0000e+00 +0.0000e+00 +0.0000e+00 +0.0000e+00 +0.0000e+00 +1.0000e-01 +0.0000e+00
13 0 +8.160914209e+03 +8.122024209e+03 +8.122024209e+03 -7.3938e-07 -2.2922e-06 +7.1478e-06 -1.4556e-05 -1.1152e-03 +6.5137e-03 -2.1601e-02 -3.9579e-02 +5.9454e-02 +1.6625e-01
14 0 +3.986882060e+03 +3.947992060e+03 +3.947992060e+03 -3.7662e-06 -1.1676e-05 +3.6409e-05 -7.4147e-05 -5.6805e-03 +3.3179e-02 -1.1003e-01 -2.0160e-01 +3.0284e-01 +4.2307e-01
15 0 +1.667632506e+03 +1.628742506e+03 +1.628742506e+03 -6.6476e-06 -2.0609e-05 +6.4264e-05 -1.3087e-04 -1.0027e-02 +5.8564e-02 -1.9421e-01 -3.5584e-01 +5.3454e-01 +5.9090e-01
16 0 +1.006378942e+03 +9.674889423e+02 +9.674889423e+02 -8.0956e-06 -2.5098e-05 +7.8263e-05 -1.5938e-04 -1.2211e-02 +7.1320e-02 -2.3652e-01 -4.3336e-01 +6.5098e-01 +6.3546e-01
17 0 +7.299043352e+02 +6.910143352e+02 +6.910143352e+02 -9.0134e-06 -2.7943e-05 +8.7135e-05 -1.7745e-04 -1.3595e-02 +7.9406e-02 -2.6333e-01 -4.8248e-01 +7.2477e-01 +6.4978e-01
18 0 +7.128025442e+02 +6.739125442e+02 +6.739125442e+02 -9.0134e-06 -2.7943e-05 +8.7135e-05 -1.7745e-04 -1.3595e-02 +7.9406e-02 -3.6413e-01 -4.2747e-01 +7.2477e-01 +6.4978e-01
20 0 +6.415120135e+02 +6.026220135e+02 +6.026220135e+02 -9.2138e-06 -2.8565e-05 +8.9072e-05 -1.8140e-04 -1.2640e-01 +8.1171e-02 -3.5417e-01 -4.0859e-01 +7.4089e-01 +6.7682e-01
21 0 +6.196894063e+02 +5.807994063e+02 +5.807994063e+02 -8.0299e-03 -8.0494e-03 -7.9309e-03 -8.2033e-03 -1.2657e-01 +7.3753e-02 -3.5704e-01 -4.1363e-01 +7.3837e-01 +6.8447e-01
22 0 +6.164362986e+02 +5.775462986e+02 +5.775462986e+02 -3.5527e-03 -3.5722e-03 -3.4537e-03 -2.4068e-02 -1.2659e-01 +7.8231e-02 -3.5736e-01 -4.1423e-01 +7.3719e-01 +6.8535e-01
23 0 +5.817138991e+02 +5.428238991e+02 +5.428238991e+02 -4.9467e-04 -5.1434e-04 -3.9476e-04 -1.9042e-02 -1.2684e-01 +8.2028e-02 -3.6182e-01 -4.2214e-01 +7.3070e-01 +6.9728e-01
27 0 +5.497573412e+02 +5.108673412e+02 +5.108673412e+02 +2.6274e-03 +2.6077e-03 -3.5847e-03 -1.9110e-02 -1.2707e-01 +8.0064e-02 -3.6462e-01 -4.2638e-01 +7.3629e-01 +7.0458e-01
28 0 +4.341035155e+02 +3.952135155e+02 +3.952135155e+02 +2.4456e-03 +2.4232e-03 -3.8710e-03 -1.9409e-02 -1.2793e-01 +8.4388e-02 -3.7404e-01 -4.3972e-01 +7.5288e-01 +7.3681e-01
29 0 +1.615519968e+02 +1.226619968e+02 +1.226619968e+02 +1.8034e-03 +1.7715e-03 -5.3990e-03 -2.0462e-02 -1.3071e-01 +9.7820e-02 -4.0209e-01 -4.7728e-01 +7.9711e-01 +8.5189e-01
30 0 +1.229385756e+02 +8.404857558e+01 +8.404857558e+01 +1.5613e-03 +1.5263e-03 -6.6689e-03 -2.0854e-02 -1.3140e-01 +1.0041e-01 -4.0566e-01 -4.7860e-01 +7.9449e-01 +8.9694e-01
33 0 +1.146075292e+02 +7.571752919e+01 +7.571752919e+01 +2.6415e-03 +5.6068e-03 -9.1862e-03 -2.8661e-02 -1.3155e-01 +9.8960e-02 -4.0589e-01 -4.8083e-01 +8.0406e-01 +8.9982e-01
34 0 +1.041019012e+02 +6.521190123e+01 +6.521190123e+01 +2.4451e-03 +5.0542e-03 -9.0170e-03 -2.7250e-02 -1.3423e-01 +9.9865e-02 -4.1058e-01 -4.8888e-01 +8.0515e-01 +9.0108e-01
35 0 +1.018037171e+02 +6.291371708e+01 +6.291371708e+01 +5.2349e-03 +7.6998e-03 -6.0792e-03 -2.3809e-02 -1.3523e-01 +1.0309e-01 -4.1045e-01 -4.8843e-01 +8.0837e-01 +9.0200e-01
37 0 +9.764905220e+01 +5.875905220e+01 +5.875905220e+01 +2.4603e-03 +3.7156e-03 -7.4724e-03 -1.9687e-02 -1.3076e-01 +1.0234e-01 -4.1135e-01 -4.8963e-01 +8.1399e-01 +9.0375e-01
40 0 +9.503132711e+01 +5.614132711e+01 +5.614132711e+01 +3.4150e-03 +3.2608e-03 -8.9809e-03 -1.9778e-02 -1.3087e-01 +1.0380e-01 -4.1198e-01 -4.9102e-01 +8.1457e-01 +9.0501e-01
41 0 +8.589343815e+01 +4.700343815e+01 +4.700343815e+01 +3.5147e-03 +3.4899e-03 -8.9980e-03 -2.0138e-02 -1.3133e-01 +1.0547e-01 -4.1481e-01 -4.9746e-01 +8.1825e-01 +9.0751e-01
42 0 +6.346536410e+01 +2.457536410e+01 +2.457536410e+01 +4.1571e-03 +4.2972e-03 -8.7572e-03 -2.1287e-02 -1.3278e-01 +1.1122e-01 -4.2503e-01 -5.2266e-01 +8.3621e-01 +8.9967e-01
43 0 +5.406444084e+01 +1.517444084e+01 +1.517444084e+01 +5.8379e-03 +3.6832e-03 -3.4709e-03 -2.1769e-02 -1.3339e-01 +1.0715e-01 -4.2860e-01 -5.3007e-01 +8.3954e-01 +9.0878e-01
44 0 +4.735694411e+01 +8.466944114e+00 +8.466944114e+00 +7.0695e-03 +6.0320e-03 -3.9018e-03 -2.0502e-02 -1.3333e-01 +1.1324e-01 -4.2993e-01 -5.3382e-01 +8.4487e-01 +9.1502e-01
45 0 +4.654372149e+01 +7.653721487e+00 +7.653721487e+00 +6.6064e-03 +4.4886e-03 -3.1207e-03 -2.0477e-02 -1.3342e-01 +1.1451e-01 -4.3030e-01 -5.3465e-01 +8.4418e-01 +9.1529e-01
47 0 +4.495540946e+01 +6.065409462e+00 +6.065409462e+00 +5.7052e-03 +4.1901e-03 -4.8085e-03 -2.1172e-02 -1.3316e-01 +1.1432e-01 -4.2893e-01 -5.3758e-01 +8.4407e-01 +9.1661e-01
48 0 +4.355732506e+01 +4.667325056e+00 +4.667325056e+00 +5.1694e-03 +4.1860e-03 -6.0350e-03 -2.1154e-02 -1.3321e-01 +1.1433e-01 -4.3154e-01 -5.3844e-01 +8.4389e-01 +9.1749e-01
49 0 +4.162365501e+01 +2.733655012e+00 +2.733655012e+00 +5.1854e-03 +3.8888e-03 -5.6823e-03 -2.0843e-02 -1.3305e-01 +1.1469e-01 -4.3268e-01 -5.4090e-01 +8.4521e-01 +9.1829e-01
53 0 +4.054532371e+01 +1.655323714e+00 +1.655323714e+00 +6.1470e-03 +3.9651e-03 -5.7254e-03 -2.1316e-02 -1.3404e-01 +1.1513e-01 -4.3317e-01 -5.4205e-01 +8.4503e-01 +9.1914e-01
54 0 +3.905259391e+01 +1.625939052e-01 +1.625939052e-01 +6.0876e-03 +4.0317e-03 -5.9782e-03 -2.1258e-02 -1.3413e-01 +1.1613e-01 -4.3392e-01 -5.4363e-01 +8.4539e-01 +9.2020e-01
58 0 +3.889379043e+01 +3.790428737e-03 +3.790428737e-03 +5.4252e-03 +3.0897e-03 -6.3029e-03 -2.1674e-02 -1.3408e-01 +1.1571e-01 -4.3341e-01 -5.4465e-01 +8.4443e-01 +9.2005e-01
% f evaluations | g evaluations | best noise-free fitness - Fopt (3.419000000000e+01) + sum g_i+ | measured fitness | best measured fitness or single-digit g-values | x1 | x2...
1 0 +1.033747614e+04 +1.037166614e+04 +1.037166614e+04 +0.0000e+00 +0.0000e+00 +0.0000e+00 +0.0000e+00 +0.0000e+00 +0.0000e+00 +0.0000e+00 +0.0000e+00 +0.0000e+00 +0.0000e+00
4 0 +1.033738602e+04 +1.037157602e+04 +1.037157602e+04 +0.0000e+00 +1.0000e-01 +0.0000e+00 +0.0000e+00 +0.0000e+00 +0.0000e+00 +0.0000e+00 +0.0000e+00 +0.0000e+00 +0.0000e+00
11 0 +9.530770868e+03 +9.564960868e+03 +9.564960868e+03 +0.0000e+00 +0.0000e+00 +0.0000e+00 +0.0000e+00 +0.0000e+00 +0.0000e+00 +0.0000e+00 +0.0000e+00 +1.0000e-01 +0.0000e+00
13 0 +8.246697890e+03 +8.280887890e+03 +8.280887890e+03 -7.1076e-07 +6.3842e-06 +6.8711e-06 +1.1000e-05 +9.5624e-04 +6.2616e-03 -2.0765e-02 -3.8047e-02 +1.5715e-01 -6.9388e-02
14 0 +4.056488321e+03 +4.090678321e+03 +4.090678321e+03 -3.6468e-06 +3.2757e-05 +3.5255e-05 +5.6439e-05 +4.9064e-03 +3.2128e-02 -1.0654e-01 -1.9521e-01 +3.6952e-01 -3.5602e-01
15 0 +1.783842728e+03 +1.818032728e+03 +1.818032728e+03 -6.4086e-06 +5.7563e-05 +6.1953e-05 +9.9181e-05 +8.6220e-03 +5.6458e-02 -1.8723e-01 -3.4305e-01 +4.7415e-01 -6.2563e-01
16 0 +1.600504026e+03 +1.634694026e+03 +1.634694026e+03 +2.0207e-02 +2.0274e-02 +2.0279e-02 +2.0318e-02 +2.9235e-02 +7.9285e-02 -1.7568e-01 -3.3871e-01 +5.2481e-01 -6.3438e-01
17 0 +1.006040398e+03 +1.040230398e+03 +1.040230398e+03 +2.7205e-02 +2.7286e-02 +2.7291e-02 +2.7338e-02 +3.8065e-02 +9.8272e-02 -2.0844e-01 -4.0456e-01 +5.4193e-01 -7.6022e-01
18 0 +8.290536948e+02 +8.632436948e+02 +8.632436948e+02 +1.7192e-02 +1.7277e-02 +1.7283e-02 +1.7332e-02 +2.8573e-02 +9.1666e-02 -2.2975e-01 -4.3527e-01 +5.8716e-01 -7.5455e-01
21 0 +7.878314916e+02 +8.220214916e+02 +8.220214916e+02 -8.0941e-02 +3.2964e-02 +3.2969e-02 +3.3019e-02 +4.4427e-02 +1.0846e-01 -3.1211e-01 -3.5408e-01 +6.0579e-01 -7.7814e-01
26 0 +7.757134465e+02 +8.099034465e+02 +8.099034465e+02 -7.7902e-02 +4.0540e-02 +4.0545e-02 +3.7254e-02 +4.8370e-02 +1.0105e-01 -3.1038e-01 -3.5340e-01 +6.1306e-01 -7.7897e-01
27 0 +7.396555194e+02 +7.738455194e+02 +7.738455194e+02 -7.7791e-02 +4.0675e-02 +4.0681e-02 +3.7377e-02 +4.8654e-02 +1.0243e-01 -3.1331e-01 -3.5847e-01 +6.1810e-01 -7.8515e-01
28 0 +6.036665530e+02 +6.378565530e+02 +6.378565530e+02 -7.8469e-02 +4.0110e-02 +4.0121e-02 +3.6756e-02 +4.8655e-02 +1.0598e-01 -3.2530e-01 -3.7801e-01 +6.4409e-01 -8.0477e-01
29 0 +2.092222288e+02 +2.434122288e+02 +2.434122288e+02 -8.2957e-02 +3.6103e-02 +3.6131e-02 +3.2507e-02 +4.6829e-02 +1.1675e-01 -3.7312e-01 -4.5398e-01 +7.5606e-01 -8.7417e-01
30 0 +1.185939590e+02 +1.527839590e+02 +1.527839590e+02 -8.9304e-02 +3.0038e-02 +3.0075e-02 +2.6295e-02 +4.1582e-02 +1.1350e-01 -3.9474e-01 -4.8361e-01 +8.2690e-01 -8.8407e-01
31 0 +1.099655730e+02 +1.441555730e+02 +1.441555730e+02 -9.2762e-02 +2.6593e-02 +2.6631e-02 +2.2844e-02 +3.8212e-02 +1.1047e-01 -3.9972e-01 -4.8963e-01 +8.2200e-01 -8.9040e-01
32 0 +8.599007816e+01 +1.201800782e+02 +1.201800782e+02 -8.6955e-02 +3.2477e-02 +3.2518e-02 +2.8690e-02 +4.4461e-02 +1.1895e-01 -4.0119e-01 -4.9590e-01 +8.2742e-01 -9.1761e-01
33 0 +8.307116517e+01 +1.172611652e+02 +1.172611652e+02 -8.8029e-02 +3.3936e-02 +3.3976e-02 +3.0147e-02 +4.5917e-02 +1.2040e-01 -4.0301e-01 -4.9952e-01 +8.2643e-01 -9.1561e-01
41 0 +7.888026944e+01 +1.130702694e+02 +1.130702694e+02 -8.6408e-02 +2.2171e-02 +4.3423e-02 +2.0282e-02 +5.7280e-02 +1.1938e-01 -4.0420e-01 -5.0300e-01 +8.2895e-01 -9.1622e-01
42 0 +6.963849112e+01 +1.038284911e+02 +1.038284911e+02 -8.5630e-02 +2.2912e-02 +4.4166e-02 +2.1058e-02 +5.8503e-02 +1.2282e-01 -4.0739e-01 -5.0980e-01 +8.3224e-01 -9.2035e-01
43 0 +4.421736679e+01 +7.840736679e+01 +7.840736679e+01 -7.8580e-02 +2.9797e-02 +5.1060e-02 +2.8190e-02 +6.7368e-02 +1.4028e-01 -4.1537e-01 -5.3171e-01 +8.5071e-01 -9.3202e-01
44 0 +2.422189763e+01 +5.841189763e+01 +5.841189763e+01 -8.1502e-02 +2.6739e-02 +4.8007e-02 +2.5248e-02 +6.5742e-02 +1.4556e-01 -4.3029e-01 -5.5792e-01 +8.3925e-01 -9.5421e-01
45 0 +2.184001370e+01 +5.603001370e+01 +5.603001370e+01 -8.3069e-02 +1.4786e-02 +4.7841e-02 +2.3924e-02 +6.5243e-02 +1.3708e-01 -4.4299e-01 -5.6119e-01 +8.6242e-01 -9.7417e-01
47 0 +1.597813277e+01 +5.016813277e+01 +5.016813277e+01 -7.8265e-02 +1.2117e-02 +4.2712e-02 +2.5262e-02 +6.6764e-02 +1.3708e-01 -4.4687e-01 -5.7711e-01 +8.6527e-01 -9.6625e-01
48 0 +1.109473123e+01 +4.528473123e+01 +4.528473123e+01 -7.8086e-02 +1.6094e-02 +4.6490e-02 +2.1154e-02 +7.5554e-02 +1.4732e-01 -4.5187e-01 -5.8838e-01 +8.6552e-01 -9.7059e-01
49 0 +1.012378094e+01 +4.431378094e+01 +4.431378094e+01 -8.0710e-02 +7.7432e-03 +4.9208e-02 +2.8076e-02 +7.3576e-02 +1.5480e-01 -4.5282e-01 -5.8946e-01 +8.6450e-01 -9.6991e-01
51 0 +9.721197147e+00 +4.391119715e+01 +4.391119715e+01 -8.1487e-02 +8.0658e-03 +4.4939e-02 +2.7472e-02 +7.1447e-02 +1.5779e-01 -4.4622e-01 -5.9268e-01 +8.6644e-01 -9.7301e-01
53 0 +9.184296954e+00 +4.337429695e+01 +4.337429695e+01 -8.0102e-02 +9.8718e-03 +4.9209e-02 +2.8446e-02 +6.7746e-02 +1.5699e-01 -4.4592e-01 -5.9599e-01 +8.6660e-01 -9.7377e-01
54 0 +9.076515420e+00 +4.326651542e+01 +4.326651542e+01 -8.0661e-02 +9.3125e-03 +4.8649e-02 +2.7881e-02 +6.7178e-02 +1.5643e-01 -4.4649e-01 -5.9658e-01 +8.6489e-01 -9.7463e-01
55 0 +8.545562212e+00 +4.273556221e+01 +4.273556221e+01 -8.0748e-02 +9.1146e-03 +4.8493e-02 +2.7710e-02 +6.7478e-02 +1.5702e-01 -4.4735e-01 -5.9877e-01 +8.6522e-01 -9.7432e-01
56 0 +8.352303879e+00 +4.254230388e+01 +4.254230388e+01 -7.9246e-02 +8.7118e-03 +4.8386e-02 +2.8612e-02 +6.8545e-02 +1.5690e-01 -4.4726e-01 -5.9981e-01 +8.6477e-01 -9.7507e-01
57 0 +7.983495129e+00 +4.217349513e+01 +4.217349513e+01 -7.9653e-02 +8.6105e-03 +4.8828e-02 +2.8431e-02 +6.8924e-02 +1.5769e-01 -4.4826e-01 -6.0122e-01 +8.6542e-01 -9.7636e-01
58 0 +7.570958218e+00 +4.176095822e+01 +4.176095822e+01 -7.9821e-02 +9.2554e-03 +4.9141e-02 +2.8377e-02 +6.9382e-02 +1.5908e-01 -4.4850e-01 -6.0287e-01 +8.6456e-01 -9.7607e-01
59 0 +7.126086345e+00 +4.131608634e+01 +4.131608634e+01 -7.9911e-02 +9.1182e-03 +4.9011e-02 +2.8636e-02 +6.9350e-02 +1.5974e-01 -4.4922e-01 -6.0514e-01 +8.6461e-01 -9.7589e-01
60 0 +5.808418670e+00 +3.999841867e+01 +3.999841867e+01 -8.0102e-02 +7.4174e-03 +4.7869e-02 +3.0025e-02 +6.8468e-02 +1.6091e-01 -4.5247e-01 -6.1399e-01 +8.6620e-01 -9.7547e-01
61 0 +5.459356337e+00 +3.964935634e+01 +3.964935634e+01 -7.8525e-02 +1.3467e-02 +4.6456e-02 +2.5272e-02 +7.1028e-02 +1.5872e-01 -4.5369e-01 -6.1877e-01 +8.6673e-01 -9.7614e-01
63 0 +5.069778520e+00 +3.925977852e+01 +3.925977852e+01 -7.8922e-02 +1.3537e-02 +4.6888e-02 +2.5529e-02 +7.0642e-02 +1.6106e-01 -4.5486e-01 -6.2180e-01 +8.6439e-01 -9.7786e-01
64 0 +4.880517463e+00 +3.907051746e+01 +3.907051746e+01 -7.7907e-02 +1.5894e-02 +4.8449e-02 +2.7890e-02 +7.0463e-02 +1.6319e-01 -4.5501e-01 -6.2290e-01 +8.6650e-01 -9.7749e-01
66 0 +4.773422445e+00 +3.896342244e+01 +3.896342244e+01 -7.7800e-02 +1.4803e-02 +4.9516e-02 +2.6625e-02 +7.0793e-02 +1.6407e-01 -4.5275e-01 -6.2441e-01 +8.6726e-01 -9.7745e-01
71 0 +4.616521701e+00 +3.880652170e+01 +3.880652170e+01 -7.7424e-02 +1.4325e-02 +4.8404e-02 +2.7108e-02 +7.1580e-02 +1.6505e-01 -4.5318e-01 -6.2620e-01 +8.6732e-01 -9.7683e-01
72 0 +4.443106651e+00 +3.863310665e+01 +3.863310665e+01 -7.7896e-02 +1.2592e-02 +4.9043e-02 +2.8703e-02 +7.1119e-02 +1.6793e-01 -4.5331e-01 -6.2704e-01 +8.6654e-01 -9.7667e-01
73 0 +4.283395613e+00 +3.847339561e+01 +3.847339561e+01 -7.6083e-02 +1.2443e-02 +4.8795e-02 +2.7711e-02 +7.0912e-02 +1.7084e-01 -4.5408e-01 -6.2832e-01 +8.6697e-01 -9.7582e-01
74 0 +4.124151260e+00 +3.831415126e+01 +3.831415126e+01 -7.6725e-02 +1.2871e-02 +4.9107e-02 +2.8318e-02 +7.2113e-02 +1.7300e-01 -4.5411e-01 -6.3123e-01 +8.6685e-01 -9.7525e-01
76 0 +4.050153297e+00 +3.824015330e+01 +3.824015330e+01 -7.3806e-02 +1.0492e-02 +4.9347e-02 +3.1070e-02 +7.2930e-02 +1.7417e-01 -4.5362e-01 -6.3390e-01 +8.6817e-01 -9.7406e-01
85 0 +3.977064920e+00 +3.816706492e+01 +3.816706492e+01 -7.4530e-02 +1.0012e-02 +4.7724e-02 +3.0740e-02 +7.3656e-02 +1.7715e-01 -4.5264e-01 -6.3627e-01 +8.6705e-01 -9.7382e-01
95 0 +3.881854754e+00 +3.807185475e+01 +3.807185475e+01 -7.3735e-02 +1.2341e-02 +4.7629e-02 +3.0921e-02 +7.5164e-02 +1.8218e-01 -4.4924e-01 -6.3757e-01 +8.6244e-01 -9.7160e-01
% f evaluations | g evaluations | best noise-free fitness - Fopt (-3.040000000000e+00) + sum g_i+ | measured fitness | best measured fitness or single-digit g-values | x1 | x2...
1 0 +1.033747614e+04 +1.033443614e+04 +1.033443614e+04 +0.0000e+00 +0.0000e+00 +0.0000e+00 +0.0000e+00 +0.0000e+00 +0.0000e+00 +0.0000e+00 +0.0000e+00 +0.0000e+00 +0.0000e+00
3 0 +1.033746203e+04 +1.033442203e+04 +1.033442203e+04 +1.0000e-01 +0.0000e+00 +0.0000e+00 +0.0000e+00 +0.0000e+00 +0.0000e+00 +0.0000e+00 +0.0000e+00 +0.0000e+00 +0.0000e+00
9 0 +1.008410157e+04 +1.008106157e+04 +1.008106157e+04 +0.0000e+00 +0.0000e+00 +0.0000e+00 +0.0000e+00 +0.0000e+00 +0.0000e+00 +1.0000e-01 +0.0000e+00 +0.0000e+00 +0.0000e+00
12 0 +9.438621227e+03 +9.435581227e+03 +9.435581227e+03 +0.0000e+00 +0.0000e+00 +0.0000e+00 +0.0000e+00 +0.0000e+00 +0.0000e+00 +0.0000e+00 +0.0000e+00 +0.0000e+00 +1.0000e-01
13 0 +8.160988808e+03 +8.157948808e+03 +8.157948808e+03 +1.0154e-06 -2.2382e-06 +6.9793e-06 -1.4213e-05 -1.0889e-03 +6.3602e-03 +1.8234e-02 -3.8646e-02 -6.2836e-02 +1.6468e-01
14 0 +3.996543675e+03 +3.993503675e+03 +3.993503675e+03 +5.2068e-06 -1.1477e-05 +3.5788e-05 -7.2882e-05 -5.5836e-03 +3.2613e-02 +9.3496e-02 -1.9816e-01 -3.2220e-01 +4.1148e-01
15 0 +1.721460039e+03 +1.718420039e+03 +1.718420039e+03 +9.2088e-06 -2.0298e-05 +6.3294e-05 -1.2890e-04 -9.8752e-03 +5.7679e-02 +1.6536e-01 -3.5047e-01 -5.6984e-01 +5.6290e-01
16 0 +1.086789905e+03 +1.083749905e+03 +1.083749905e+03 +1.1272e-05 -2.4845e-05 +7.7474e-05 -1.5778e-04 -1.2088e-02 +7.0602e-02 +2.0240e-01 -4.2899e-01 -6.9751e-01 +5.9632e-01
17 0 +1.039709403e+03 +1.036669403e+03 +1.036669403e+03 +3.8872e-02 +3.8836e-02 +3.8939e-02 +3.8703e-02 +2.6774e-02 +1.0946e-01 +2.4126e-01 -3.9013e-01 -7.0442e-01 +6.0572e-01
18 0 +8.324620241e+02 +8.294220241e+02 +8.294220241e+02 +3.9108e-02 +3.9070e-02 +3.9178e-02 +3.8930e-02 +2.6354e-02 +1.1352e-01 +2.5246e-01 -4.1314e-01 -6.9226e-01 +6.6628e-01
19 0 +8.220453242e+02 +8.190053242e+02 +8.190053242e+02 +5.2760e-02 +5.2722e-02 +5.2830e-02 +5.2582e-02 -7.5339e-02 +1.2718e-01 +2.6612e-01 -3.9475e-01 -6.9560e-01 +6.6958e-01
21 0 +7.873172752e+02 +7.842772752e+02 +7.842772752e+02 +6.2897e-02 +6.2859e-02 +6.2968e-02 -4.8165e-02 -7.3581e-02 +1.3838e-01 +2.7931e-01 -3.5717e-01 -7.1470e-01 +6.8890e-01
26 0 +7.579310499e+02 +7.548910499e+02 +7.548910499e+02 +6.9463e-02 +6.9426e-02 +7.0045e-02 -4.8131e-02 -7.3773e-02 +1.3081e-01 +2.7214e-01 -3.6467e-01 -7.2631e-01 +6.9171e-01
27 0 +7.227174870e+02 +7.196774870e+02 +7.196774870e+02 +6.9693e-02 +6.9655e-02 +7.0233e-02 -4.7927e-02 -7.3790e-02 +1.3188e-01 +2.7535e-01 -3.6916e-01 -7.3042e-01 +6.9888e-01
28 0 +5.926215432e+02 +5.895815432e+02 +5.895815432e+02 +7.2108e-02 +7.2067e-02 +7.2465e-02 -4.5626e-02 -7.2388e-02 +1.3758e-01 +2.8926e-01 -3.8495e-01 -7.5045e-01 +7.2532e-01
29 0 +2.276678525e+02 +2.246278525e+02 +2.246278525e+02 +8.6743e-02 +8.6693e-02 +8.6322e-02 -3.1472e-02 -6.1824e-02 +1.6483e-01 +3.4765e-01 -4.3943e-01 -8.4151e-01 +8.2154e-01
30 0 +2.095625154e+02 +2.065225154e+02 +2.065225154e+02 +8.4595e-02 +8.4543e-02 +9.0503e-02 -3.3647e-02 -6.4214e-02 +1.6745e-01 +3.3757e-01 -4.4604e-01 -8.3463e-01 +8.4014e-01
31 0 +1.446393503e+02 +1.415993503e+02 +1.415993503e+02 +9.6882e-02 +9.6826e-02 +1.1204e-01 -2.1620e-02 -5.3743e-02 +1.9023e-01 +3.4823e-01 -4.5668e-01 -8.7875e-01 +8.8156e-01
32 0 +1.345245665e+02 +1.314845665e+02 +1.314845665e+02 +9.6880e-02 +9.6824e-02 +1.1640e-01 -2.1645e-02 -5.3896e-02 +1.7752e-01 +3.5812e-01 -4.5831e-01 -8.7711e-01 +8.8884e-01
33 0 +1.317148932e+02 +1.286748932e+02 +1.286748932e+02 +1.0169e-01 +1.0164e-01 +1.0833e-01 -2.1709e-02 -5.4023e-02 +1.7633e-01 +3.5827e-01 -4.5938e-01 -8.7679e-01 +8.9243e-01
35 0 +1.251435610e+02 +1.221035610e+02 +1.221035610e+02 +9.8554e-02 +9.8499e-02 +1.0535e-01 -2.4274e-02 -5.6175e-02 +1.7497e-01 +3.5854e-01 -4.6497e-01 -8.8184e-01 +8.9369e-01
38 0 +1.168636721e+02 +1.138236721e+02 +1.138236721e+02 +1.0109e-01 +9.7615e-02 +1.0619e-01 -2.3489e-02 -5.6118e-02 +1.7864e-01 +3.6281e-01 -4.7184e-01 -8.7839e-01 +8.9280e-01
39 0 +1.147215335e+02 +1.116815335e+02 +1.116815335e+02 +9.5534e-02 +1.0051e-01 +1.0480e-01 -2.3271e-02 -5.5909e-02 +1.8099e-01 +3.6574e-01 -4.7155e-01 -8.7722e-01 +8.9428e-01
40 0 +1.038839848e+02 +1.008439848e+02 +1.008439848e+02 +9.5727e-02 +1.0067e-01 +1.0597e-01 -2.3186e-02 -5.5847e-02 +1.8228e-01 +3.6873e-01 -4.7869e-01 -8.7825e-01 +9.0029e-01
41 0 +7.078705984e+01 +6.774705984e+01 +6.774705984e+01 +9.9840e-02 +1.0464e-01 +1.0592e-01 -1.9475e-02 -5.2154e-02 +1.8531e-01 +3.9564e-01 -5.0064e-01 -8.9549e-01 +9.0548e-01
42 0 +4.076087556e+01 +3.772087556e+01 +3.772087556e+01 +9.7516e-02 +1.0214e-01 +1.0342e-01 -2.2237e-02 -5.4646e-02 +1.8411e-01 +4.1175e-01 -5.3286e-01 -8.9136e-01 +9.2136e-01
43 0 +3.702974051e+01 +3.398974051e+01 +3.398974051e+01 +9.6735e-02 +1.0131e-01 +9.6562e-02 -2.3112e-02 -5.5218e-02 +1.7926e-01 +4.2475e-01 -5.3948e-01 -8.9169e-01 +9.1180e-01
44 0 +2.802324290e+01 +2.498324290e+01 +2.498324290e+01 +9.7641e-02 +1.0212e-01 +9.1970e-02 -2.2436e-02 -5.4450e-02 +1.9508e-01 +4.2680e-01 -5.5490e-01 -8.9958e-01 +9.1386e-01
45 0 +2.667737818e+01 +2.363737818e+01 +2.363737818e+01 +1.0076e-01 +1.0523e-01 +9.0106e-02 -2.1510e-02 -4.8667e-02 +1.9485e-01 +4.2860e-01 -5.5603e-01 -8.9758e-01 +9.1639e-01
46 0 +2.464515481e+01 +2.160515481e+01 +2.160515481e+01 +9.3608e-02 +1.0893e-01 +8.8917e-02 -2.1536e-02 -4.8583e-02 +1.9493e-01 +4.3279e-01 -5.5608e-01 -9.0029e-01 +9.2139e-01
47 0 +2.274927970e+01 +1.970927970e+01 +1.970927970e+01 +9.1875e-02 +1.0611e-01 +9.5751e-02 -2.0743e-02 -4.4667e-02 +1.9595e-01 +4.3646e-01 -5.5953e-01 -9.0033e-01 +9.2145e-01
48 0 +2.110106001e+01 +1.806106001e+01 +1.806106001e+01 +9.5727e-02 +1.0882e-01 +9.8298e-02 -1.8253e-02 -4.9871e-02 +1.9749e-01 +4.4146e-01 -5.6108e-01 -8.9932e-01 +9.2414e-01
49 0 +2.070381916e+01 +1.766381916e+01 +1.766381916e+01 +9.3539e-02 +1.0741e-01 +9.6513e-02 -5.8036e-03 -4.9981e-02 +1.9495e-01 +4.3888e-01 -5.6313e-01 -8.9948e-01 +9.2379e-01
50 0 +1.980970904e+01 +1.676970904e+01 +1.676970904e+01 +9.3833e-02 +1.1027e-01 +9.7960e-02 -6.4342e-03 -5.0115e-02 +1.9267e-01 +4.3753e-01 -5.6607e-01 -9.0130e-01 +9.2330e-01
51 0 +1.932631203e+01 +1.628631203e+01 +1.628631203e+01 +9.7512e-02 +1.0635e-01 +9.7235e-02 -6.3829e-03 -4.9452e-02 +1.8981e-01 +4.3894e-01 -5.6459e-01 -9.0824e-01 +9.2639e-01
52 0 +1.579933838e+01 +1.275933838e+01 +1.275933838e+01 +9.6966e-02 +1.0430e-01 +9.5520e-02 -7.5974e-03 -5.0074e-02 +1.8879e-01 +4.4050e-01 -5.7251e-01 -9.0698e-01 +9.3116e-01
53 0 +1.270990721e+01 +9.669907208e+00 +9.669907208e+00 +9.6781e-02 +1.0541e-01 +9.4597e-02 -7.0439e-03 -4.8977e-02 +1.9053e-01 +4.4453e-01 -5.8056e-01 -9.0950e-01 +9.3361e-01
54 0 +8.600963896e+00 +5.560963896e+00 +5.560963896e+00 +9.6839e-02 +1.1060e-01 +9.3837e-02 -4.2595e-03 -4.5311e-02 +1.9638e-01 +4.5401e-01 -5.9448e-01 -9.1776e-01 +9.3539e-01
55 0 +8.171685486e+00 +5.131685486e+00 +5.131685486e+00 +9.6929e-02 +1.1101e-01 +9.5566e-02 -3.9740e-03 -4.4951e-02 +1.9826e-01 +4.5174e-01 -5.9599e-01 -9.1815e-01 +9.3968e-01
56 0 +6.888917629e+00 +3.848917629e+00 +3.848917629e+00 +9.6065e-02 +1.1127e-01 +9.6571e-02 -4.1513e-03 -4.4595e-02 +1.9323e-01 +4.5619e-01 -6.0152e-01 -9.1651e-01 +9.4411e-01
57 0 +6.685230927e+00 +3.645230927e+00 +3.645230927e+00 +9.4688e-02 +1.1007e-01 +9.7215e-02 -4.5217e-03 -4.6899e-02 +1.9353e-01 +4.5625e-01 -6.0286e-01 -9.1758e-01 +9.4387e-01
58 0 +6.378511116e+00 +3.338511116e+00 +3.338511116e+00 +9.6947e-02 +1.0893e-01 +9.7463e-02 -4.5019e-03 -4.6845e-02 +1.9377e-01 +4.5584e-01 -6.0504e-01 -9.1699e-01 +9.4318e-01
59 0 +6.227043192e+00 +3.187043192e+00 +3.187043192e+00 +9.7577e-02 +1.0997e-01 +9.4870e-02 -4.7746e-03 -4.8168e-02 +1.9368e-01 +4.5549e-01 -6.0615e-01 -9.1725e-01 +9.4410e-01
61 0 +6.137812973e+00 +3.097812973e+00 +3.097812973e+00 +9.6917e-02 +1.0904e-01 +9.4113e-02 -4.6472e-03 -4.7360e-02 +1.9395e-01 +4.5549e-01 -6.0678e-01 -9.1722e-01 +9.4433e-01
65 0 +5.922560703e+00 +2.882560703e+00 +2.882560703e+00 +9.7134e-02 +1.0935e-01 +9.4361e-02 -4.5532e-03 -4.7041e-02 +1.9426e-01 +4.5627e-01 -6.0826e-01 -9.1806e-01 +9.4465e-01
66 0 +5.528809280e+00 +2.488809280e+00 +2.488809280e+00 +9.7041e-02 +1.0909e-01 +9.3701e-02 -4.7658e-03 -4.7235e-02 +1.9290e-01 +4.5822e-01 -6.1109e-01 -9.1774e-01 +9.4336e-01
67 0 +5.116243589e+00 +2.076243589e+00 +2.076243589e+00 +9.7157e-02 +1.0891e-01 +9.3655e-02 -4.8501e-03 -4.7362e-02 +1.9327e-01 +4.5859e-01 -6.1504e-01 -9.1789e-01 +9.4333e-01
68 0 +4.776689490e+00 +1.736689490e+00 +1.736689490e+00 +9.8793e-02 +1.0600e-01 +8.9090e-02 -5.7109e-03 -4.8459e-02 +1.9437e-01 +4.6136e-01 -6.2327e-01 -9.2077e-01 +9.3551e-01
69 0 +4.431118057e+00 +1.391118057e+00 +1.391118057e+00 +1.0042e-01 +1.0330e-01 +8.9554e-02 -6.9811e-03 -4.8600e-02 +1.9096e-01 +4.6268e-01 -6.2611e-01 -9.2218e-01 +9.3905e-01
70 0 +4.320006125e+00 +1.280006125e+00 +1.280006125e+00 +1.0216e-01 +1.0532e-01 +8.8745e-02 -6.3908e-03 -4.5204e-02 +1.9012e-01 +4.6382e-01 -6.2889e-01 -9.2017e-01 +9.3999e-01
71 0 +4.246867597e+00 +1.206867597e+00 +1.206867597e+00 +9.8178e-02 +1.0668e-01 +8.8822e-02 -6.5167e-03 -4.6204e-02 +1.8948e-01 +4.6580e-01 -6.3180e-01 -9.2092e-01 +9.4150e-01
101 0 +4.167247328e+00 +1.127247328e+00 +1.127247328e+00 +9.8456e-02 +1.0679e-01 +8.8167e-02 -1.0375e-02 -4.2184e-02 +1.8915e-01 +4.5980e-01 -6.3298e-01 -9.1428e-01 +9.4450e-01
% f evaluations | g evaluations | best noise-free fitness - Fopt (1.983000000000e+01) + sum g_i+ | measured fitness | best measured fitness or single-digit g-values | x1 | x2...
1 0 +1.033747614e+04 +1.035730614e+04 +1.035730614e+04 +0.0000e+00 +0.0000e+00 +0.0000e+00 +0.0000e+00 +0.0000e+00 +0.0000e+00 +0.0000e+00 +0.0000e+00 +0.0000e+00 +0.0000e+00
3 0 +1.033746203e+04 +1.035729203e+04 +1.035729203e+04 +1.0000e-01 +0.0000e+00 +0.0000e+00 +0.0000e+00 +0.0000e+00 +0.0000e+00 +0.0000e+00 +0.0000e+00 +0.0000e+00 +0.0000e+00
9 0 +1.008410157e+04 +1.010393157e+04 +1.010393157e+04 +0.0000e+00 +0.0000e+00 +0.0000e+00 +0.0000e+00 +0.0000e+00 +0.0000e+00 +1.0000e-01 +0.0000e+00 +0.0000e+00 +0.0000e+00
11 0 +9.530770868e+03 +9.550600868e+03 +9.550600868e+03 +0.0000e+00 +0.0000e+00 +0.0000e+00 +0.0000e+00 +0.0000e+00 +0.0000e+00 +0.0000e+00 +0.0000e+00 +1.0000e-01 +0.0000e+00
13 0 +8.161129491e+03 +8.180959491e+03 +8.180959491e+03 +1.0443e-06 +6.6689e-06 -9.6487e-06 +1.1490e-05 +9.9888e-04 -8.8623e-03 +1.8751e-02 -3.9743e-02 +5.9701e-02 +1.6652e-01
14 0 +3.989551617e+03 +4.009381617e+03 +4.009381617e+03 +5.3131e-06 +3.3931e-05 -4.9091e-05 +5.8462e-05 +5.0822e-03 -4.5090e-02 +9.5404e-02 -2.0221e-01 +3.0375e-01 +4.2505e-01
15 0 +1.638442810e+03 +1.658272810e+03 +1.658272810e+03 +9.4486e-06 +6.0340e-05 -8.7301e-05 +1.0397e-04 +9.0379e-03 -8.0186e-02 +1.6966e-01 -3.5960e-01 +5.4018e-01 +5.9848e-01
16 0 +9.712597060e+02 +9.910897060e+02 +9.910897060e+02 +1.1544e-05 +7.3719e-05 -1.0666e-04 +1.2702e-04 +1.1042e-02 -9.7965e-02 +2.0728e-01 -4.3933e-01 +6.5995e-01 +6.4519e-01
17 0 +6.942150156e+02 +7.140450156e+02 +7.140450156e+02 +1.2883e-05 +8.2275e-05 -1.1904e-04 +1.4176e-04 +1.2323e-02 -1.0934e-01 +2.3134e-01 -4.9032e-01 +7.3654e-01 +6.6049e-01
19 0 +5.590998594e+02 +5.789298594e+02 +5.789298594e+02 +1.3406e-05 +8.5615e-05 -1.2387e-04 +1.4751e-04 +1.2824e-02 -1.1377e-01 +2.4073e-01 -4.9002e-01 +7.3648e-01 +7.1087e-01
28 0 +5.282546942e+02 +5.480846942e+02 +5.480846942e+02 +1.0710e-04 +1.7821e-04 -2.9709e-05 -2.1833e-03 +1.0456e-02 -1.1124e-01 +2.3105e-01 -4.9678e-01 +7.4528e-01 +7.2191e-01
29 0 +4.183437957e+02 +4.381737957e+02 +4.381737957e+02 +4.7754e-04 +5.5345e-04 +3.2518e-04 -2.0081e-03 +1.1407e-02 -1.1565e-01 +2.4542e-01 -5.0979e-01 +7.5822e-01 +7.5410e-01
30 0 +1.345748348e+02 +1.544048348e+02 +1.544048348e+02 +1.9990e-03 +2.0928e-03 +1.7863e-03 -1.2922e-03 +1.4992e-02 -1.3088e-01 +2.9730e-01 -5.5030e-01 +7.9200e-01 +8.8781e-01
31 0 +1.117082417e+02 +1.315382417e+02 +1.315382417e+02 +2.5674e-03 +2.6651e-03 +2.3373e-03 -1.0303e-03 +1.5839e-02 -1.3220e-01 +3.0585e-01 -5.4580e-01 +7.7517e-01 +9.4006e-01
32 0 +1.066818055e+02 +1.265118055e+02 +1.265118055e+02 +4.1851e-04 +5.9709e-04 +1.1304e-04 -1.1322e-02 +5.7961e-03 -1.2758e-01 +3.0003e-01 -5.5347e-01 +7.8488e-01 +9.4678e-01
34 0 +8.496955026e+01 +1.047995503e+02 +1.047995503e+02 +1.2474e-03 +1.3929e-03 +9.6550e-04 -6.9839e-03 +1.0513e-02 -1.3401e-01 +3.1105e-01 -5.6365e-01 +7.9638e-01 +9.5247e-01
43 0 +8.043971715e+01 +1.002697171e+02 +1.002697171e+02 +1.4309e-03 +1.5700e-03 +1.1476e-03 -7.7763e-03 +1.3424e-02 -1.3600e-01 +3.1465e-01 -5.6553e-01 +7.9657e-01 +9.5366e-01
44 0 +6.591489048e+01 +8.574489048e+01 +8.574489048e+01 +1.0952e-03 +1.2469e-03 +7.7691e-04 -8.9986e-03 +1.2835e-02 -1.4070e-01 +3.2399e-01 -5.7558e-01 +8.0279e-01 +9.5586e-01
45 0 +3.710088549e+01 +5.693088549e+01 +5.693088549e+01 +1.2505e-03 +1.4143e-03 +8.3867e-04 +7.7281e-03 +9.8545e-03 -1.5767e-01 +3.4903e-01 -5.9935e-01 +8.0456e-01 +1.0009e+00
46 0 +1.925153450e+01 +3.908153450e+01 +3.908153450e+01 +3.1187e-03 +3.2070e-03 +2.7269e-03 +2.6068e-02 +1.8963e-02 -1.7471e-01 +3.7177e-01 -6.1660e-01 +8.1501e-01 +9.8681e-01
47 0 +1.390863890e+01 +3.373863890e+01 +3.373863890e+01 +4.7665e-03 +4.7903e-03 +4.4235e-03 +1.1678e-02 +2.9881e-02 -1.8185e-01 +3.8526e-01 -6.1854e-01 +8.2551e-01 +9.9302e-01
48 0 +1.332180262e+01 +3.315180262e+01 +3.315180262e+01 +3.5924e-03 +3.6580e-03 +3.2007e-03 +1.0658e-02 +2.3545e-02 -1.8197e-01 +3.8302e-01 -6.2767e-01 +8.3566e-01 +9.9347e-01
50 0 +1.060624355e+01 +3.043624355e+01 +3.043624355e+01 +2.3919e-03 +2.5131e-03 +1.9263e-03 +7.5939e-03 +1.9503e-02 -1.8134e-01 +3.9159e-01 -6.3364e-01 +8.2947e-01 +9.9203e-01
53 0 +9.888805234e+00 +2.971880523e+01 +2.971880523e+01 -1.0951e-03 -8.4810e-04 -3.9747e-03 +1.0321e-02 +2.1013e-02 -1.8066e-01 +3.9554e-01 -6.3253e-01 +8.3134e-01 +9.9333e-01
55 0 +9.332322068e+00 +2.916232207e+01 +2.916232207e+01 -1.9790e-03 +2.1690e-03 -3.8924e-03 +1.1873e-02 +2.0668e-02 -1.8211e-01 +3.9725e-01 -6.3352e-01 +8.3116e-01 +9.9539e-01
56 0 +8.713731984e+00 +2.854373198e+01 +2.854373198e+01 -1.8723e-03 +2.6189e-03 -3.7731e-03 +1.2143e-02 +2.1206e-02 -1.8312e-01 +3.9954e-01 -6.3443e-01 +8.3177e-01 +9.9360e-01
57 0 +8.049933588e+00 +2.787993359e+01 +2.787993359e+01 -1.8906e-03 +2.5891e-03 -3.7776e-03 +1.1258e-02 +2.1149e-02 -1.8381e-01 +4.0246e-01 -6.3552e-01 +8.3196e-01 +9.9408e-01
58 0 +6.017541629e+00 +2.584754163e+01 +2.584754163e+01 -2.3688e-03 +2.0759e-03 -4.2100e-03 +1.4588e-02 +1.7910e-02 -1.8610e-01 +4.1296e-01 -6.4152e-01 +8.3012e-01 +9.9239e-01
59 0 +5.418003510e+00 +2.524800351e+01 +2.524800351e+01 -7.6207e-04 +3.6253e-03 -2.5343e-03 +1.6203e-02 +1.9495e-02 -1.8422e-01 +4.1975e-01 -6.4696e-01 +8.3936e-01 +9.9401e-01
60 0 +4.537173383e+00 +2.436717338e+01 +2.436717338e+01 +9.9302e-04 +5.3013e-03 -6.8723e-04 +1.7404e-02 +2.5964e-02 -1.8473e-01 +4.2920e-01 -6.4307e-01 +8.3460e-01 +9.9439e-01
61 0 +4.061623422e+00 +2.389162342e+01 +2.389162342e+01 -3.7129e-04 +3.8716e-03 -1.9740e-03 +1.5961e-02 +2.6119e-02 -1.9674e-01 +4.3414e-01 -6.4389e-01 +8.3631e-01 +9.9457e-01
62 0 +3.934488663e+00 +2.376448866e+01 +2.376448866e+01 -9.8129e-03 +8.4523e-03 -2.3418e-03 +1.1128e-02 +2.5464e-02 -1.9463e-01 +4.3916e-01 -6.4546e-01 +8.3551e-01 +9.9092e-01
64 0 +3.849033279e+00 +2.367903328e+01 +2.367903328e+01 -1.0162e-02 +9.6174e-03 -1.6220e-03 +1.7081e-02 +2.1792e-02 -1.9532e-01 +4.4184e-01 -6.4308e-01 +8.3621e-01 +9.8746e-01
74 0 +3.759023915e+00 +2.358902392e+01 +2.358902392e+01 -8.8495e-03 +1.0040e-02 -5.4724e-03 +1.8158e-02 +2.2195e-02 -1.9496e-01 +4.4383e-01 -6.4018e-01 +8.3251e-01 +9.8318e-01
75 0 +3.666485043e+00 +2.349648504e+01 +2.349648504e+01 -7.0988e-03 +1.1745e-02 -6.5548e-03 +2.3013e-02 +2.0888e-02 -1.9358e-01 +4.4707e-01 -6.3263e-01 +8.2463e-01 +9.7359e-01
76 0 +3.553055677e+00 +2.338305568e+01 +2.338305568e+01 -1.3504e-02 +1.2941e-02 -9.0872e-03 +2.0503e-02 +2.8024e-02 -1.9313e-01 +4.4681e-01 -6.3926e-01 +8.1527e-01 +9.6934e-01
80 0 +3.547136812e+00 +2.337713681e+01 +2.337713681e+01 -1.3474e-02 +1.2903e-02 -1.2080e-02 +2.0730e-02 +2.7943e-02 -1.9291e-01 +4.4682e-01 -6.3916e-01 +8.1583e-01 +9.6943e-01
